date    open  close      volume
                                    
2013-01-02  42.170  41.88   6287700.0
2013-01-03  41.940  42.03   4114300.0
2013-01-04  42.140  42.86   4601500.0
2013-01-07  42.600  42.55   2567600.0
2013-01-08  42.470  42.21   2787500.0
2013-01-09  43.000  43.35   4104400.0
2013-01-10  43.640  43.67   3949100.0
2013-01-11  43.660  43.43   2321000.0
2013-01-14  43.430  43.54   2309800.0
2013-01-15  43.070  43.24   3411200.0
2013-01-16  43.150  43.05   2159900.0
2013-01-17  43.640  43.87   4749200.0
2013-01-18  44.050  44.15   2385600.0
2013-01-22  43.960  44.64   2263400.0
2013-01-23  44.540  44.30   2676000.0
2013-01-24  44.560  44.66   3112000.0
2013-01-25  44.730  45.29   3167300.0
2013-01-28  45.190  45.18   2371300.0
2013-01-29  44.960  44.64   2951300.0
2013-01-30  44.580  44.40   2942700.0
2013-01-31  44.350  44.78   3383300.0
2013-02-01  45.080  45.29   2827800.0
2013-02-04  44.800  44.26   3471000.0
2013-02-05  44.560  45.00   2160500.0
2013-02-06  44.720  45.09   2756400.0
2013-02-07  44.900  45.01   3142400.0
2013-02-08  45.070  45.08   1824800.0
2013-02-11  45.170  44.60   2915500.0
2013-02-12  44.810  44.62   2373800.0
2013-02-13  44.810  44.75   2052400.0
2013-02-14  44.720  44.58   3845700.0
2013-02-15  43.480  42.25  14656600.0
2013-02-19  42.210  43.01   4116200.0
2013-02-20  42.840  42.24   3870000.0
2013-02-21  42.140  41.63   3415200.0
2013-02-22  41.830  41.80   3354900.0
2013-02-25  42.090  41.29   3622500.0
2013-02-26  40.620  40.97   6185900.0
2013-02-27  40.990  41.73   3564200.0
2013-02-28  41.780  41.48   3459200.0
2013-03-01  41.180  41.93   3089400.0
2013-03-04  41.750  42.03   2435100.0
2013-03-05  42.350  42.66   3289000.0
2013-03-06  43.000  43.24   2997000.0
2013-03-07  43.300  43.25   2414200.0
2013-03-08  43.500  43.03   3256300.0
2013-03-11  42.990  42.81   5472700.0
2013-03-12  42.800  42.62   3767700.0
2013-03-13  42.560  43.00   2241100.0
2013-03-14  43.030  43.32   2839900.0
2013-03-15  43.100  43.01   2579600.0
2013-03-18  42.460  42.55   1847600.0
2013-03-19  42.680  42.00   6246500.0
2013-03-20  42.250  42.70   3240400.0
2013-03-21  42.450  41.65   4409100.0
2013-03-22  41.790  41.25   5447400.0
2013-03-25  41.490  41.13   2797600.0
2013-03-26  41.400  41.82   2511800.0
2013-03-27  41.400  42.09   3369900.0
2013-03-28  42.080  41.97   2148000.0
2013-04-01  41.830  40.93   2540900.0
2013-04-02  41.120  40.66   2354400.0
2013-04-03  40.630  40.52   5279000.0
2013-04-04  40.540  41.41   3918700.0
2013-04-05  40.730  41.54   4958900.0
2013-04-08  41.440  41.66   2395300.0
2013-04-09  41.730  41.65   1659500.0
2013-04-10  41.730  42.26   2169300.0
2013-04-11  42.350  43.86   5626400.0
2013-04-12  43.540  44.75   6083000.0
2013-04-15  44.500  43.04   7749600.0
2013-04-16  43.460  43.39   4505200.0
2013-04-17  43.080  42.19   4493000.0
2013-04-18  41.770  41.83   3976900.0
2013-04-19  41.890  42.00   3074100.0
2013-04-22  42.030  41.85   2340500.0
2013-04-23  42.210  42.61   3522500.0
2013-04-24  42.720  42.85   3020600.0
2013-04-25  43.050  42.73   2119900.0
2013-04-26  42.440  41.30   5281400.0
2013-04-29  41.640  41.46   2540900.0
2013-04-30  41.200  41.44   3451400.0
2013-05-01  41.420  41.31   2726300.0
2013-05-02  41.490  41.48   3437700.0
2013-05-03  41.930  41.55   4740100.0
2013-05-06  41.440  42.00   2819400.0
2013-05-07  42.180  42.40   3524100.0
2013-05-08  42.400  42.94   2119800.0
2013-05-09  42.970  43.16   3158700.0
2013-05-10  43.120  43.63   4662100.0
2013-05-13  43.430  43.04   4257400.0
2013-05-14  42.980  43.97   6082700.0
2013-05-15  44.900  45.68  10289000.0
2013-05-16  45.430  44.99   4891000.0
2013-05-17  45.020  45.56   3247900.0
2013-05-20  45.480  46.34   5698400.0
2013-05-21  46.300  46.75   4020700.0
2013-05-22  46.720  46.24   5421400.0
2013-05-23  45.700  45.74   3777500.0
2013-05-24  45.360  45.59   2225400.0
2013-05-28  46.090  46.43   4793900.0
2013-05-29  45.980  46.05   3621200.0
2013-05-30  46.210  46.05   3090900.0
2013-05-31  45.910  45.45   4608400.0
2013-06-03  45.650  45.51   3689700.0
2013-06-04  46.175  45.42   3364200.0
2013-06-05  45.320  44.53   2495100.0
2013-06-06  44.500  45.01   3780100.0
2013-06-07  45.160  45.15   2781500.0
2013-06-10  45.350  44.73   2730800.0
2013-06-11  44.220  44.40   3914400.0
2013-06-12  44.780  43.92   2730700.0
2013-06-13  43.870  44.49   2594700.0
2013-06-14  44.340  44.00   1677700.0
2013-06-17  44.380  44.38   2000200.0
2013-06-18  44.380  44.80   2521200.0
2013-06-19  44.740  43.52   5805900.0
2013-06-20  43.110  42.32   6307900.0
2013-06-21  42.600  42.98   3653600.0
2013-06-24  42.440  42.31   2871200.0
2013-06-25  42.010  42.48   2935700.0
2013-06-26  43.100  42.34   3693800.0
2013-06-27  42.560  43.08   3445100.0
2013-06-28  43.000  42.76   5556300.0
2013-07-01  43.050  43.59   4283600.0
2013-07-02  43.500  43.09   2986500.0
2013-07-03  42.820  43.17   1940600.0
2013-07-05  43.460  44.23   2097800.0
2013-07-08  44.380  44.36   2570100.0
2013-07-09  44.600  44.60   3476200.0
2013-07-10  44.640  45.31   3277600.0
2013-07-11  45.690  45.72   2131500.0
2013-07-12  45.780  45.75   1978700.0
2013-07-15  45.700  46.11   2432800.0
2013-07-16  46.090  45.91   2026800.0
2013-07-17  45.950  45.61   1195500.0
2013-07-18  45.660  45.90   1998200.0
2013-07-19  45.830  46.20   1179400.0
2013-07-22  46.230  46.80   1834800.0
2013-07-23  46.310  46.47   2932200.0
2013-07-24  46.670  46.76   1831500.0
2013-07-25  46.620  46.66   1420300.0
2013-07-26  46.310  45.60   3692300.0
2013-07-29  45.590  45.34   1962100.0
2013-07-30  45.550  44.85   2791900.0
2013-07-31  45.040  44.73   2807400.0
2013-08-01  45.510  46.04   2737500.0
2013-08-02  46.060  46.38   2399200.0
2013-08-05  46.260  45.94   1875400.0
2013-08-06  45.930  46.08   2280900.0
2013-08-07  45.880  46.28   1702100.0
2013-08-08  46.500  45.85   1702400.0
2013-08-09  45.850  46.22   1958400.0
2013-08-12  45.890  46.45   1247200.0
2013-08-13  46.450  46.92   2078200.0
2013-08-14  46.770  46.51   1987500.0
2013-08-15  47.590  46.96   6708300.0
2013-08-16  46.810  46.79   3624700.0
2013-08-19  46.630  46.44   1727600.0
2013-08-20  46.430  47.03   2294300.0
2013-08-21  46.930  46.89   1949100.0
2013-08-22  46.890  47.97   3148000.0
2013-08-23  47.960  47.68   1701000.0
2013-08-26  47.640  47.60   2012200.0
2013-08-27  47.080  46.97   2133200.0
2013-08-28  46.880  46.74   1590400.0
2013-08-29  46.630  46.80   1900700.0
2013-08-30  46.890  46.64   1358600.0
2013-09-03  47.040  46.93   1565600.0
2013-09-04  46.930  47.87   2522000.0
2013-09-05  47.820  47.68   1313200.0
2013-09-06  47.710  47.43   1332900.0
2013-09-09  47.590  47.95   1668900.0
2013-09-10  48.040  48.55   1821300.0
2013-09-11  48.600  48.96   1783400.0
2013-09-12  48.900  48.62   1468500.0
2013-09-13  48.600  48.46   2141100.0
2013-09-16  49.060  48.74   1859900.0
2013-09-17  48.730  48.87   1578400.0
2013-09-18  48.770  49.32   2044200.0
2013-09-19  52.920  50.98  18146400.0
2013-09-20  51.035  52.15  10691900.0
2013-09-23  51.910  51.67   2716900.0
2013-09-24  51.610  51.60   2203800.0
2013-09-25  51.590  51.83   2865100.0
2013-09-26  51.960  52.09   2680300.0
2013-09-27  51.840  51.63   2110100.0
2013-09-30  51.020  51.25   2650000.0
2013-10-01  50.700  51.90   2997000.0
2013-10-02  51.590  51.57   2020800.0
2013-10-03  51.560  51.06   1878500.0
2013-10-04  51.170  51.78   1867900.0
2013-10-07  51.340  51.13   1382100.0
2013-10-08  51.180  50.13   2408600.0
2013-10-09  50.230  49.95   2430600.0
2013-10-10  50.290  50.99   2426300.0
2013-10-11  50.880  51.46   1500900.0
2013-10-14  51.200  51.36   2110500.0
2013-10-15  51.080  50.88   1961900.0
2013-10-16  51.220  51.56   2488000.0
2013-10-17  51.250  52.65   3548400.0
2013-10-18  52.930  52.99   2880900.0
2013-10-21  53.040  51.99   2556400.0
2013-10-22  52.100  51.02   4280500.0
2013-10-23  50.760  50.65   2348600.0
2013-10-24  50.670  51.12   1785900.0
2013-10-25  51.340  51.87   2398300.0
2013-10-28  51.790  51.49   1778700.0
2013-10-29  51.520  51.70   1194000.0
2013-10-30  51.760  51.15   1360000.0
2013-10-31  51.150  50.76   1895500.0
2013-11-01  50.920  51.10   1931000.0
2013-11-04  51.390  51.21   1409900.0
2013-11-05  51.180  51.21   1578100.0
2013-11-06  51.190  51.04   1428700.0
2013-11-07  51.080  50.05   3548800.0
2013-11-08  50.140  50.78   1860600.0
2013-11-11  50.630  51.30   1984500.0
2013-11-12  51.200  51.20   2357200.0
2013-11-13  50.890  51.20   2110100.0
2013-11-14  51.200  50.54   2834900.0
2013-11-15  54.030  54.93  11014300.0
2013-11-18  54.450  54.05   4131500.0
2013-11-19  53.670  53.82   2473000.0
2013-11-20  53.830  53.53   2321500.0
2013-11-21  53.800  54.10   2417600.0
2013-11-22  54.100  53.85   1910800.0
2013-11-25  54.110  53.11   1750200.0
2013-11-26  53.260  53.65   3196300.0
2013-11-27  53.780  53.81   1189800.0
2013-11-29  53.850  53.57    870400.0
2013-12-02  53.470  53.21   1459200.0
2013-12-03  52.920  52.93   2476900.0
2013-12-04  52.840  53.58   2415800.0
2013-12-05  53.350  53.50   1810400.0
2013-12-06  53.760  54.83   3053300.0
2013-12-09  54.800  55.06   2118500.0
2013-12-10  54.910  55.34   2326900.0
2013-12-11  55.350  54.84   2344600.0
2013-12-12  54.630  55.26   2714300.0
2013-12-13  55.360  55.16   2022600.0
2013-12-16  55.250  55.24   1685500.0
2013-12-17  55.960  56.37   3208000.0
2013-12-18  56.500  57.89   4136300.0
2013-12-19  57.570  57.38   1893200.0
2013-12-20  57.470  56.96   2954000.0
2013-12-23  57.450  57.54   1578500.0
2013-12-24  57.500  57.23    779700.0
2013-12-26  57.240  57.46    714400.0
2013-12-27  57.230  57.17    653100.0
2013-12-30  57.050  57.32   1128000.0
2013-12-31  57.450  57.19    941400.0
2014-01-02  57.100  56.21   1916200.0
2014-01-03  56.390  56.92   1866700.0
2014-01-06  57.400  56.64   1777300.0
2014-01-07  56.950  57.45   1463200.0
2014-01-08  57.330  58.39   2659500.0
2014-01-09  58.400  58.41   1757600.0
2014-01-10  58.510  58.93   1623200.0
2014-01-13  58.770  58.93   2946700.0
2014-01-14  59.160  59.88   2562200.0
2014-01-15  59.820  60.34   2335200.0
2014-01-16  60.240  60.50   1836000.0
2014-01-17  60.830  60.71   1699500.0
2014-01-21  60.690  60.85   3008500.0
2014-01-22  60.820  60.93   2769400.0
2014-01-23  60.480  59.47   3063500.0
2014-01-24  59.220  57.87   2656300.0
2014-01-27  57.900  58.30   4669000.0
2014-01-28  58.500  58.10   2536000.0
2014-01-29  57.670  57.65   2163000.0
2014-01-30  58.420  59.51   3743200.0
2014-01-31  58.610  58.15   3436500.0
2014-02-03  58.150  56.15   2929300.0
2014-02-04  56.320  57.81   2911900.0
2014-02-05  57.580  57.43   2283900.0
2014-02-06  57.510  58.29   1609500.0
2014-02-07  58.460  59.42   1966800.0
2014-02-10  59.270  59.01   1760500.0
2014-02-11  59.000  59.73   2135800.0
2014-02-12  60.000  59.89   2346800.0
2014-02-13  59.450  60.08   3092700.0
2014-02-14  57.150  55.25  17844700.0
2014-02-18  55.380  55.15   6553300.0
2014-02-19  55.010  55.94   4838800.0
2014-02-20  56.140  57.29   4629100.0
2014-02-21  57.250  56.34   2407200.0
2014-02-24  56.450  56.75   2392800.0
2014-02-25  56.800  56.89   3375100.0
2014-02-26  56.980  57.10   2400900.0
2014-02-27  57.020  56.36   3123800.0
2014-02-28  56.450  56.93   2859800.0
2014-03-03  56.120  56.71   2488400.0
2014-03-04  57.220  57.78   2841900.0
2014-03-05  57.710  57.80   3113500.0
2014-03-06  58.390  58.77   5178800.0
2014-03-07  59.060  58.42   3247200.0
2014-03-10  58.290  58.15   2563400.0
2014-03-11  58.230  56.86   3421700.0
2014-03-12  56.520  57.06   1652300.0
2014-03-13  57.160  55.85   2318800.0
2014-03-14  55.610  55.44   1745200.0
2014-03-17  55.680  55.80   1437500.0
2014-03-18  55.970  56.79   1294700.0
2014-03-19  56.720  56.63   1804400.0
2014-03-20  56.540  56.70   1808400.0
2014-03-21  57.180  56.09   2762900.0
2014-03-24  56.080  55.26   1985700.0
2014-03-25  55.500  55.16   1727300.0
2014-03-26  55.400  55.17   2560700.0
2014-03-27  55.600  54.69   2969800.0
2014-03-28  54.850  54.69   2006900.0
2014-03-31  54.970  55.92   2190800.0
2014-04-01  56.200  56.36   2090700.0
2014-04-02  56.420  56.67   1919500.0
2014-04-03  56.770  56.60   1603000.0
2014-04-04  57.100  55.57   2307700.0
2014-04-07  55.560  54.35   2584500.0
2014-04-08  54.210  54.66   1842500.0
2014-04-09  55.440  55.57   2017500.0
2014-04-10  55.570  54.05   1966400.0
2014-04-11  53.690  52.77   2592000.0
2014-04-14  53.190  52.65   2840600.0
2014-04-15  52.840  53.11   2172500.0
2014-04-16  53.550  53.68   1243500.0
2014-04-17  53.740  54.65   2062000.0
2014-04-21  54.610  54.69   1185900.0
2014-04-22  54.700  54.97   1475500.0
2014-04-23  54.850  55.01    894200.0
2014-04-24  55.230  55.28   1806400.0
2014-04-25  55.250  54.39   1580500.0
2014-04-28  54.850  53.73   3009000.0
2014-04-29  53.290  53.30   3353800.0
2014-04-30  53.430  54.04   1678600.0
2014-05-01  53.940  54.47   1472400.0
2014-05-02  54.500  54.54   2080900.0
2014-05-05  54.310  55.33   2087300.0
2014-05-06  55.080  55.01   2224200.0
2014-05-07  55.130  55.03   2219200.0
2014-05-08  55.030  55.30   2209100.0
2014-05-09  55.260  55.39   1287900.0
2014-05-12  55.580  56.41   2042100.0
2014-05-13  56.630  56.83   1465500.0
2014-05-14  56.780  55.85   2590900.0
2014-05-15  54.600  54.49   5740200.0
2014-05-16  54.390  55.03   2405800.0
2014-05-19  54.900  54.97   2742100.0
2014-05-20  54.870  54.31   1840100.0
2014-05-21  54.580  54.99   1102300.0
2014-05-22  55.000  55.54   1686100.0
2014-05-23  55.650  56.18   3510600.0
2014-05-27  56.310  56.28   1190600.0
2014-05-28  56.410  57.11   1801700.0
2014-05-29  57.180  56.96   1558700.0
2014-05-30  56.870  56.94   2547200.0
2014-06-02  56.960  56.89   1274800.0
2014-06-03  56.730  57.22   1842300.0
2014-06-04  57.020  57.45   1142900.0
2014-06-05  57.450  58.60   1833100.0
2014-06-06  58.580  59.01   1285800.0
2014-06-09  59.000  59.28   1188800.0
2014-06-10  59.160  58.89   1267800.0
2014-06-11  58.330  58.91   1410600.0
2014-06-12  58.900  58.40   1678000.0
2014-06-13  58.530  58.50   1054900.0
2014-06-16  58.570  58.32   1174400.0
2014-06-17  58.270  58.87   1328500.0
2014-06-18  58.860  59.27   1114700.0
2014-06-19  59.200  58.62   3149500.0
2014-06-20  57.840  58.77   2029400.0
2014-06-23  58.710  58.11   1435600.0
2014-06-24  58.030  57.65   1125800.0
2014-06-25  57.610  57.97   1060500.0
2014-06-26  57.990  57.82   1102400.0
2014-06-27  57.520  57.50   1519000.0
2014-06-30  57.500  57.44   1314400.0
2014-07-01  57.740  58.25   2010800.0
2014-07-02  58.130  58.05   1415000.0
2014-07-03  58.190  58.46    600700.0
2014-07-07  58.200  58.12    949200.0
2014-07-08  57.840  57.15   1615900.0
2014-07-09  57.050  56.90   1278500.0
2014-07-10  56.410  56.49   1189300.0
2014-07-11  56.330  56.60   1183300.0
2014-07-14  56.920  56.82   1487800.0
2014-07-15  56.700  56.66   2094500.0
2014-07-16  56.880  56.96   1868500.0
2014-07-17  56.470  55.15   4404100.0
2014-07-18  55.420  56.15   1706200.0
2014-07-21  55.860  56.71   1983900.0
2014-07-22  57.000  57.72   2411700.0
2014-07-23  58.110  57.47   1453600.0
2014-07-24  57.600  56.84   2534400.0
2014-07-25  56.520  56.53   1719600.0
2014-07-28  56.490  56.29   1510200.0
2014-07-29  56.290  56.03   2003100.0
2014-07-30  56.220  56.78   1371300.0
2014-07-31  56.220  56.09   2708100.0
2014-08-01  56.190  56.26   1601400.0
2014-08-04  56.190  56.26    957600.0
2014-08-05  55.900  55.24   1732900.0
2014-08-06  55.230  55.59   1568800.0
2014-08-07  55.980  55.05   1628500.0
2014-08-08  55.310  55.24   1766000.0
2014-08-11  55.440  55.20   1252700.0
2014-08-12  54.990  54.34   2642100.0
2014-08-13  54.480  54.78   1721300.0
2014-08-14  54.780  55.62   3478500.0
2014-08-15  58.950  57.58   5578800.0
2014-08-18  57.750  58.52   2761600.0
2014-08-19  58.520  58.56   1193000.0
2014-08-20  58.320  58.33   1846600.0
2014-08-21  58.360  57.99   1228400.0
2014-08-22  57.900  57.64   1439600.0
2014-08-25  57.880  57.74    967100.0
2014-08-26  57.750  57.85    885300.0
2014-08-27  58.000  57.38   1193000.0
2014-08-28  57.140  57.15   1395400.0
2014-08-29  57.330  57.16   1979900.0
2014-09-02  57.230  58.07   2015600.0
2014-09-03  58.210  58.06   1478000.0
2014-09-04  58.120  57.69    790600.0
2014-09-05  57.580  57.92    907300.0
2014-09-08  57.720  57.65   1345800.0
2014-09-09  57.690  57.45   1286100.0
2014-09-10  57.600  57.69   1477900.0
2014-09-11  57.520  57.59    995900.0
2014-09-12  57.610  58.60   2590400.0
2014-09-15  58.500  57.92   1621100.0
2014-09-16  57.820  57.91   1379800.0
2014-09-17  58.000  58.89   2709900.0
2014-09-18  59.200  58.40   2867000.0
2014-09-19  58.820  58.25   2174000.0
2014-09-22  58.130  57.55   1685977.0
2014-09-23  57.250  56.98   1632067.0
2014-09-24  56.880  57.96   1650302.0
2014-09-25  57.860  56.89   1629559.0
2014-09-26  56.790  56.50   2218441.0
2014-09-29  56.040  57.15   1626565.0
2014-09-30  57.210  56.98   2120557.0
2014-10-01  56.850  56.20   2481276.0
2014-10-02  56.130  55.83   1708052.0
2014-10-03  56.230  56.91   1577280.0
2014-10-06  57.060  56.57   1157370.0
2014-10-07  56.250  55.00   1515558.0
2014-10-08  55.060  56.46   2124682.0
2014-10-09  56.280  55.03   2526263.0
2014-10-10  54.910  53.64   5133638.0
2014-10-13  53.730  52.79   2527277.0
2014-10-14  53.040  51.79   3972861.0
2014-10-15  50.870  51.79   4723905.0
2014-10-16  50.780  51.71   5362096.0
2014-10-17  52.170  52.27   3810818.0
2014-10-20  52.070  52.35   4942206.0
2014-10-21  52.860  54.00   2231876.0
2014-10-22  53.770  53.05   2161086.0
2014-10-23  53.590  53.71   1754719.0
2014-10-24  53.700  54.05   1508194.0
2014-10-27  53.940  53.99   1105293.0
2014-10-28  54.120  54.66   1714329.0
2014-10-29  54.590  54.50   1484268.0
2014-10-30  53.910  54.32   2062828.0
2014-10-31  55.210  55.28   2087828.0
2014-11-03  39.900  40.84   4559796.0
2014-11-04  40.260  40.18   5765189.0
2014-11-05  40.610  40.13   2341387.0
2014-11-06  40.390  41.37   2968264.0
2014-11-07  41.390  40.93   2458734.0
2014-11-10  40.980  41.53   2583931.0
2014-11-11  41.520  41.66   2163823.0
2014-11-12  41.300  41.45   2504261.0
2014-11-13  41.550  41.45   1805461.0
2014-11-14  41.360  41.57   1331282.0
2014-11-17  41.570  41.24   2697114.0
2014-11-18  40.250  40.80   5891377.0
2014-11-19  40.820  40.80   4011947.0
2014-11-20  40.560  41.26   2303826.0
2014-11-21  41.750  42.25   5306170.0
2014-11-24  42.440  42.25   2122424.0
2014-11-25  42.330  42.71   2713879.0
2014-11-26  42.680  42.74   1752695.0
2014-11-28  42.740  42.74   1091780.0
2014-12-01  42.690  41.59   4411159.0
2014-12-02  41.600  41.98   2014436.0
2014-12-03  41.980  42.23   2250275.0
2014-12-04  42.150  42.27   1346823.0
2014-12-05  42.230  42.30   1019549.0
2014-12-08  42.230  41.51   1425753.0
2014-12-09  40.990  41.40   1798143.0
2014-12-10  41.360  40.34   2654911.0
2014-12-11  40.500  40.62   1640864.0
2014-12-12  40.200  39.72   2335465.0
2014-12-15  40.070  38.68   4510349.0
2014-12-16  38.300  38.47   3844794.0
2014-12-17  38.340  39.76   3508188.0
2014-12-18  40.480  40.70   3104066.0
2014-12-19  40.900  41.38   3736336.0
2014-12-22  41.380  41.88   1590221.0
2014-12-23  41.980  41.37   1872341.0
2014-12-24  41.420  41.13   1426901.0
2014-12-26  41.340  41.38    588034.0
2014-12-29  41.360  41.33    976423.0
2014-12-30  41.210  41.37   1323452.0
2014-12-31  41.390  40.94   1423993.0
2015-01-02  41.180  40.56   1530798.0
2015-01-05  40.320  39.80   2042240.0
2015-01-06  39.810  39.18   2084562.0
2015-01-07  39.520  39.70   3359660.0
2015-01-08  40.240  40.89   2116341.0
2015-01-09  41.000  40.59   1640597.0
2015-01-12  40.610  40.11   2771191.0
2015-01-13  40.470  39.55   2013474.0
2015-01-14  39.030  39.06   5134006.0
2015-01-15  39.330  38.01   2630296.0
2015-01-16  37.830  38.25   3003980.0
2015-01-20  38.430  37.93   5033505.0
2015-01-21  37.750  38.16   2721609.0
2015-01-22  38.510  39.65   4856573.0
2015-01-23  39.600  38.81   1519250.0
2015-01-26  38.790  39.15   1511214.0
2015-01-27  38.700  38.75   1703508.0
2015-01-28  39.010  38.00   2033523.0
2015-01-29  38.000  38.46   2329983.0
2015-01-30  38.010  37.77   3054313.0
2015-02-02  37.900  38.69   2508493.0
2015-02-03  39.040  39.62   2950375.0
2015-02-04  39.330  39.11   2567439.0
2015-02-05  39.220  39.53   1826367.0
2015-02-06  39.540  39.34   2697212.0
2015-02-09  39.230  39.04   3586102.0
2015-02-10  39.310  39.67   1408747.0
2015-02-11  39.640  39.33   3336825.0
2015-02-12  39.580  40.02   1317705.0
2015-02-13  39.970  40.15   2211931.0
2015-02-17  40.010  40.52   2874488.0
2015-02-18  41.120  41.54   9007218.0
2015-02-19  41.400  41.15   3737331.0
2015-02-20  41.090  41.95   2971880.0
2015-02-23  41.890  41.73   1967913.0
2015-02-24  41.620  42.06   1922102.0
2015-02-25  42.340  42.20   2343479.0
2015-02-26  42.230  42.36   1505418.0
2015-02-27  42.300  42.21   1676351.0
2015-03-02  42.340  42.70   1847082.0
2015-03-03  42.450  42.26   1635437.0
2015-03-04  41.950  42.00   1305992.0
2015-03-05  41.990  42.22   1376468.0
2015-03-06  41.950  41.53   1528564.0
2015-03-09  41.540  41.74   1492378.0
2015-03-10  41.220  40.63   1961299.0
2015-03-11  40.790  40.85   2064355.0
2015-03-12  40.990  41.10   2719895.0
2015-03-13  40.960  40.87   4704560.0
2015-03-16  41.160  41.81   2551437.0
2015-03-17  41.520  41.58   1504881.0
2015-03-18  41.450  42.12   1295556.0
2015-03-19  42.050  42.21   1085684.0
2015-03-20  42.390  42.21   2315472.0
2015-03-23  42.120  42.20   1835393.0
2015-03-24  42.130  41.09   3625952.0
2015-03-25  41.170  40.81   2776181.0
2015-03-26  40.680  40.70   1573740.0
2015-03-27  40.600  41.11   1932749.0
2015-03-30  41.520  41.72   2064181.0
2015-03-31  41.280  41.55   1659169.0
2015-04-01  41.460  41.39   2170331.0
2015-04-02  41.470  42.05   2135918.0
2015-04-06  41.680  41.93   2379808.0
2015-04-07  41.940  42.44   3072418.0
2015-04-08  42.430  42.26   2443178.0
2015-04-09  42.160  42.49   1332519.0
2015-04-10  42.800  43.55   3370597.0
2015-04-13  43.590  43.04   3708641.0
2015-04-14  42.960  43.07   1777705.0
2015-04-15  43.280  43.38   1445622.0
2015-04-16  43.140  43.13   1070232.0
2015-04-17  42.740  42.98   2333369.0
2015-04-20  43.330  43.19   1410574.0
2015-04-21  43.420  42.89   1719710.0
2015-04-22  42.720  42.71   2726140.0
2015-04-23  42.420  42.62   3973179.0
2015-04-24  42.710  42.49   2200155.0
2015-04-27  42.740  41.98   2298298.0
2015-04-28  41.870  42.18   1803453.0
2015-04-29  42.040  41.96   2160963.0
2015-04-30  41.830  41.37   1726312.0
2015-05-01  41.410  41.83   1880177.0
2015-05-04  41.880  41.94   1073820.0
2015-05-05  41.720  41.59   1254801.0
2015-05-06  41.860  41.59    934611.0
2015-05-07  41.590  41.80    999682.0
2015-05-08  42.230  42.50   1034717.0
2015-05-11  42.390  42.62    975490.0
2015-05-12  42.360  41.91   2617833.0
2015-05-13  42.050  41.81   1992774.0
2015-05-14  42.180  42.05   2883667.0
2015-05-15  42.140  42.04   2147413.0
2015-05-18  42.050  42.63   1965122.0
2015-05-19  41.570  42.37   5277345.0
2015-05-20  42.500  42.61   2652326.0
2015-05-21  42.570  42.32   2126157.0
2015-05-22  42.270  42.50   1484752.0
2015-05-26  42.480  42.06   1919645.0
2015-05-27  42.270  42.61   2507443.0
2015-05-28  42.450  41.75   3347403.0
2015-05-29  41.790  41.19   5022554.0
2015-06-01  41.430  40.92   2440065.0
2015-06-02  40.940  41.11   2947454.0
2015-06-03  41.310  41.10   2722286.0
2015-06-04  40.890  40.54   4091870.0
2015-06-05  40.540  40.31   1760467.0
2015-06-08  40.260  39.95   1353411.0
2015-06-09  39.930  40.12   1439015.0
2015-06-10  40.400  40.52   1789330.0
2015-06-11  40.570  40.53   1576987.0
2015-06-12  40.330  39.84   2769551.0
2015-06-15  39.630  39.52   2361878.0
2015-06-16  39.590  39.79   1422563.0
2015-06-17  39.760  39.60   1519421.0
2015-06-18  39.800  39.90   1865267.0
2015-06-19  39.800  39.49   2658779.0
2015-06-22  39.810  39.81   3909250.0
2015-06-23  39.890  39.60   2053553.0
2015-06-24  39.470  40.19   6127695.0
2015-06-25  39.800  40.05   5265772.0
2015-06-26  40.000  40.02   3350458.0
2015-06-29  39.600  38.74   2516360.0
2015-06-30  39.080  38.58   3037436.0
2015-07-01  38.890  39.26   4486572.0
2015-07-02  39.360  39.58   2160799.0
2015-07-06  39.110  39.36   2509428.0
2015-07-07  39.530  39.79   2927761.0
2015-07-08  39.480  38.75   3390976.0
2015-07-09  39.270  38.92   2237945.0
2015-07-10  39.290  39.40   2107093.0
2015-07-13  39.720  39.96   1579730.0
2015-07-14  40.050  40.49   2801301.0
2015-07-15  40.420  40.13   2247745.0
2015-07-16  40.360  40.34   1826485.0
2015-07-17  40.200  39.95   2412373.0
2015-07-20  40.060  40.06   1155252.0
2015-07-21  39.970  39.57   1160904.0
2015-07-22  39.290  40.33   2949376.0
2015-07-23  40.370  40.25   1708801.0
2015-07-24  40.110  39.31   1844946.0
2015-07-27  39.040  39.61   5261424.0
2015-07-28  40.000  40.45   2768225.0
2015-07-29  40.500  40.40   2014066.0
2015-07-30  40.260  40.97   2440415.0
2015-07-31  41.050  40.95   2247715.0
2015-08-03  40.920  41.00   2104591.0
2015-08-04  40.940  40.62   1448062.0
2015-08-05  40.940  40.72    941866.0
2015-08-06  40.950  40.12   1932226.0
2015-08-07  40.140  39.99   1513076.0
2015-08-10  40.240  40.47   1554542.0
2015-08-11  40.190  39.42   1575708.0
2015-08-12  39.050  38.89   3440282.0
2015-08-13  38.940  38.56   2848432.0
2015-08-14  38.620  38.65   2632739.0
2015-08-17  38.360  38.82   3302058.0
2015-08-18  39.110  39.02   6416891.0
2015-08-19  38.690  38.40   2730429.0
2015-08-20  38.010  37.51   2145028.0
2015-08-21  37.130  36.23   3828206.0
2015-08-24  33.870  34.68   4114990.0
2015-08-25  35.680  34.36   3802732.0
2015-08-26  35.360  35.62   3221877.0
2015-08-27  36.150  36.64   2406297.0
2015-08-28  36.440  36.51   1783861.0
2015-08-31  36.370  36.31   2554666.0
2015-09-01  35.370  34.75   2954093.0
2015-09-02  35.410  35.53   2119191.0
2015-09-03  35.610  35.75   2140822.0
2015-09-04  35.040  35.06   2819027.0
2015-09-08  35.820  36.21   1787408.0
2015-09-09  36.500  35.54   1885293.0
2015-09-10  35.610  35.86   1628726.0
2015-09-11  35.660  35.96   1443721.0
2015-09-14  35.920  35.55   2223319.0
2015-09-15  35.750  36.15   1752721.0
2015-09-16  36.150  36.52   2130117.0
2015-09-17  36.630  36.40   1819067.0
2015-09-18  35.860  35.74   3352296.0
2015-09-21  35.960  35.69   2640363.0
2015-09-22  35.190  35.05   2283337.0
2015-09-23  35.100  34.95   1962552.0
2015-09-24  34.560  34.55   2028940.0
2015-09-25  34.700  34.45   2730672.0
2015-09-28  34.130  33.37   2612153.0
2015-09-29  33.360  33.74   2252364.0
2015-09-30  34.080  34.33   2539760.0
2015-10-01  34.320  33.74   3011460.0
2015-10-02  33.180  34.67   3519448.0
2015-10-05  35.040  35.34   1675429.0
2015-10-06  35.130  34.90   1833679.0
2015-10-07  35.200  35.54   3089575.0
2015-10-08  35.390  36.01   2598314.0
2015-10-09  35.940  36.23   3232938.0
2015-10-12  36.080  35.99   1349866.0
2015-10-13  35.760  35.63   2383212.0
2015-10-14  35.640  35.05   1647407.0
2015-10-15  35.120  35.58   1432995.0
2015-10-16  35.690  35.78   1754319.0
2015-10-19  35.690  36.23   3685845.0
2015-10-20  36.110  36.32   2635777.0
2015-10-21  36.540  35.90   2886412.0
2015-10-22  36.030  36.09   3696278.0
2015-10-23  36.500  37.11   2732645.0
2015-10-26  36.980  36.83   1948411.0
2015-10-27  36.670  37.05   2557172.0
2015-10-28  37.060  37.52   1780126.0
2015-10-29  37.470  37.70   1352267.0
2015-10-30  37.720  37.76   2194619.0
2015-11-02  37.870  38.59   1810819.0
2015-11-03  38.310  38.27   1485779.0
2015-11-04  38.330  38.34   1569620.0
2015-11-05  38.270  38.30   1419963.0
2015-11-06  38.100  38.14   1964478.0
2015-11-09  38.040  37.92   3109588.0
2015-11-10  37.890  37.98   4339800.0
2015-11-11  38.160  37.66   1969168.0
2015-11-12  37.360  37.49   3096336.0
2015-11-13  37.390  36.77   3335092.0
2015-11-16  36.750  37.33   2489888.0
2015-11-17  36.500  38.38   7679493.0
2015-11-18  38.430  39.34   6589609.0
2015-11-19  39.160  38.50   7275136.0
2015-11-20  38.780  39.28   5447723.0
2015-11-23  39.290  40.03   6474141.0
2015-11-24  39.810  40.67   5669066.0
2015-11-25  40.590  41.34   3797067.0
2015-11-27  41.320  41.97   1935738.0
2015-11-30  41.970  41.82   3207714.0
2015-12-01  42.160  41.06   7989220.0
2015-12-02  41.070  40.42   4713210.0
2015-12-03  40.640  40.15   3314529.0
2015-12-04  40.230  41.10   2519309.0
2015-12-07  40.920  40.70   2004492.0
2015-12-08  40.610  41.17   4331832.0
2015-12-09  41.250  40.98   4133291.0
2015-12-10  40.960  41.25   3709236.0
2015-12-11  40.750  40.19   2634362.0
2015-12-14  40.220  40.25   2310338.0
2015-12-15  40.750  40.81   2195375.0
2015-12-16  41.010  41.43   2582642.0
2015-12-17  41.550  40.78   2218837.0
2015-12-18  40.560  40.10   3331879.0
2015-12-21  40.510  40.83   1735159.0
2015-12-22  41.010  41.22   1643172.0
2015-12-23  41.620  41.77   1510716.0
2015-12-24  41.790  42.14    874549.0
2015-12-28  42.020  41.78   1458242.0
2015-12-29  42.080  42.36   1757360.0
2015-12-30  42.360  42.17    834358.0
2015-12-31  41.900  41.81   1450968.0
2016-01-04  41.060  40.69   3287335.0
2016-01-05  40.730  40.55   2587246.0
2016-01-06  40.240  40.73   2103619.0
2016-01-07  40.140  39.00   3504314.0
2016-01-08  39.220  38.59   3736768.0
2016-01-11  38.710  37.94   2818611.0
2016-01-12  38.430  38.19   1989379.0
2016-01-13  38.350  36.86   4206638.0
2016-01-14  36.940  37.61   2893372.0
2016-01-15  36.670  37.11   2994386.0
2016-01-19  37.640  37.20   2506559.0
2016-01-20  36.680  37.26   2469088.0
2016-01-21  37.350  37.23   2298372.0
2016-01-22  37.910  37.98   1834467.0
2016-01-25  37.400  37.61   1831240.0
2016-01-26  37.890  37.51   1755032.0
2016-01-27  37.390  37.05   1479446.0
2016-01-28  37.270  36.11   3479452.0
2016-01-29  36.440  37.65   2959863.0
2016-02-01  37.370  37.69   2666567.0
2016-02-02  37.180  37.07   1742325.0
2016-02-03  37.270  37.19   2128426.0
2016-02-04  37.150  37.42   2833492.0
2016-02-05  37.260  36.04   4424609.0
2016-02-08  35.610  34.80   3888601.0
2016-02-09  34.210  35.37   3464464.0
2016-02-10  35.630  35.85   3169951.0
2016-02-11  35.120  35.33   3224004.0
2016-02-12  35.840  36.22   3923627.0
2016-02-16  36.720  37.08   2903649.0
2016-02-17  35.220  37.87   5382312.0
2016-02-18  37.730  37.19   2231481.0
2016-02-19  36.980  37.44   2339426.0
2016-02-22  37.880  38.03   1792962.0
2016-02-23  37.640  37.17   1282290.0
2016-02-24  36.650  37.48   1454952.0
2016-02-25  37.620  37.63   1453515.0
2016-02-26  37.750  37.59    944266.0
2016-02-29  37.590  37.35   2187405.0
2016-03-01  37.630  38.59   2760200.0
2016-03-02  38.490  39.04   3612508.0
2016-03-03  38.920  39.20    946823.0
2016-03-04  39.140  39.34   1124968.0
2016-03-07  39.040  39.43   1221574.0
2016-03-08  38.970  38.09   1796466.0
2016-03-09  38.310  38.13   1614633.0
2016-03-10  38.170  37.98   1614998.0
2016-03-11  38.430  39.23   1517348.0
2016-03-14  38.980  39.02    929638.0
2016-03-15  38.590  38.29   1059439.0
2016-03-16  38.090  38.98   1956125.0
2016-03-17  39.060  39.29   1895669.0
2016-03-18  39.330  40.19   2504361.0
2016-03-21  40.070  39.65   2172615.0
2016-03-22  39.560  39.88   1552312.0
2016-03-23  39.900  39.47   1554822.0
2016-03-24  39.160  39.43    993627.0
2016-03-28  39.540  39.52   1272724.0
2016-03-29  39.350  40.16   1091198.0
2016-03-30  40.360  40.12    783495.0
2016-03-31  40.010  39.85   3143468.0
2016-04-01  39.560  40.31   2857844.0
2016-04-04  40.320  40.01   2958061.0
2016-04-05  39.730  39.26   1900659.0
2016-04-06  39.290  40.24   1566612.0
2016-04-07  39.890  39.47   1373839.0
2016-04-08  39.690  39.54   1106293.0
2016-04-11  39.860  39.41   1049336.0
2016-04-12  39.470  39.75    992495.0
2016-04-13  39.520  40.69   2495340.0
2016-04-14  40.860  40.78   1347753.0
2016-04-15  40.770  40.91   1442264.0
2016-04-18  40.720  41.31   1536678.0
2016-04-19  41.180  41.40   1640774.0
2016-04-20  41.420  41.52   1243893.0
2016-04-21  41.500  41.93   1670389.0
2016-04-22  41.980  41.80   1396272.0
2016-04-25  41.710  41.63   1500449.0
2016-04-26  41.820  41.32   1868970.0
2016-04-27  41.350  41.58   1189462.0
2016-04-28  41.250  41.18   1549692.0
2016-04-29  40.920  40.92   2028329.0
2016-05-02  41.200  41.71   1285318.0
2016-05-03  41.320  41.24   1333991.0
2016-05-04  40.810  40.52   1602991.0
2016-05-05  40.640  40.96   1083956.0
2016-05-06  40.860  41.43   1403476.0
2016-05-09  41.510  41.33   1741539.0
2016-05-10  41.500  42.00   2094305.0
2016-05-11  42.190  42.46   3328961.0
2016-05-12  42.590  42.73   2504924.0
2016-05-13  42.550  42.62   2429415.0
2016-05-16  42.610  42.94   3979321.0
2016-05-17  44.960  44.41   7130371.0
2016-05-18  44.450  44.32   3476470.0
2016-05-19  44.070  44.56   3660160.0
2016-05-20  44.860  44.89   2567586.0
2016-05-23  44.890  44.57   1689745.0
2016-05-24  44.760  45.03   3236305.0
2016-05-25  45.120  45.42   2352424.0
2016-05-26  45.580  45.51   2569626.0
2016-05-27  45.550  45.82   1823120.0
2016-05-31  45.790  45.89   2256373.0
2016-06-01  45.750  45.95   1734386.0
2016-06-02  45.910  45.90   2209387.0
2016-06-03  45.730  45.72   2395816.0
2016-06-06  45.720  45.86   2359193.0
2016-06-07  45.810  45.75   1500872.0
2016-06-08  45.750  46.15   1552146.0
2016-06-09  45.980  46.09   1204415.0
2016-06-10  45.730  45.36   1261698.0
2016-06-13  45.320  44.92   1272833.0
2016-06-14  44.700  44.91   1624087.0
2016-06-15  45.110  44.94   2029194.0
2016-06-16  44.720  45.37   1784741.0
2016-06-17  45.420  45.36   3434813.0
2016-06-20  45.570  46.14   3161329.0
2016-06-21  46.210  46.16   2112964.0
2016-06-22  46.150  46.03   2412064.0
2016-06-23  46.500  46.68   1487938.0
2016-06-24  44.560  44.12   5263644.0
2016-06-27  43.630  42.26   4328364.0
2016-06-28  42.670  43.11   4300845.0
2016-06-29  43.550  43.76   2402578.0
2016-06-30  43.680  44.36   2181066.0
2016-07-01  44.360  44.60   1591476.0
2016-07-05  44.310  43.75   1813468.0
2016-07-06  43.650  44.47   2312133.0
2016-07-07  44.470  44.42   1861536.0
2016-07-08  44.860  45.48   1838137.0
2016-07-11  45.610  45.40   1094683.0
2016-07-12  45.770  46.53   2237748.0
2016-07-13  46.640  46.41   1852475.0
2016-07-14  46.860  46.80   1192500.0
2016-07-15  46.960  46.67   1202638.0
2016-07-18  46.600  46.80   1362884.0
2016-07-19  46.670  46.98   2583860.0
2016-07-20  46.960  47.01   2124914.0
2016-07-21  46.980  46.67   1226365.0
2016-07-22  46.720  46.58   1512440.0
2016-07-25  46.490  46.14   1720649.0
2016-07-26  46.210  46.95   1792674.0
2016-07-27  47.000  47.26   1572573.0
2016-07-28  47.190  47.51   1945517.0
2016-07-29  47.490  48.11   1881372.0
2016-08-01  48.110  47.87   1604639.0
2016-08-02  47.710  47.18   1595948.0
2016-08-03  47.100  47.09   1508868.0
2016-08-04  47.160  46.83   1700182.0
2016-08-05  47.100  47.49   1250805.0
2016-08-08  47.570  47.23   1311724.0
2016-08-09  47.110  47.45   1006170.0
2016-08-10  47.510  47.51    754137.0
2016-08-11  47.620  48.13   1377024.0
2016-08-12  47.970  48.14   1538976.0
2016-08-15  48.170  48.44   2323589.0
2016-08-16  48.270  48.28   3175994.0
2016-08-17  48.630  48.43   3151431.0
2016-08-18  46.880  46.72   4660295.0
2016-08-19  46.580  47.62   3340438.0
2016-08-22  47.630  47.58   1626833.0
2016-08-23  47.730  47.82   1645348.0
2016-08-24  47.740  46.70   2634707.0
2016-08-25  46.670  47.26   2160074.0
2016-08-26  47.410  47.32   1581245.0
2016-08-29  47.450  47.62   1332975.0
2016-08-30  47.660  47.14   2231203.0
2016-08-31  47.120  46.98   1676587.0
2016-09-01  47.030  46.99   1257886.0
2016-09-02  47.230  47.00   1424454.0
2016-09-06  46.900  46.95   1460928.0
2016-09-07  47.070  47.11   1542576.0
2016-09-08  47.070  47.02    884738.0
2016-09-09  46.510  44.88   2507018.0
2016-09-12  44.590  45.75   1835434.0
2016-09-13  45.360  44.90   3461832.0
2016-09-14  45.010  44.86   1604806.0
2016-09-15  44.860  45.44   1733971.0
2016-09-16  45.390  44.79   2592850.0
2016-09-19  44.900  44.95   1927900.0
2016-09-20  45.330  45.71   2333122.0
2016-09-21  45.980  46.04   1612736.0
2016-09-22  46.380  46.67   1307074.0
2016-09-23  46.430  46.61   1957032.0
2016-09-26  46.460  46.57   2639060.0
2016-09-27  46.530  46.70   1587143.0
2016-09-28  46.900  47.18   1502533.0
2016-09-29  47.050  46.41   1938218.0
2016-09-30  46.500  47.09   1754316.0
2016-10-03  46.820  47.14   1539625.0
2016-10-04  47.070  46.83   1763985.0
2016-10-05  47.040  47.15   1432268.0
2016-10-06  47.010  47.30   1772801.0
2016-10-07  47.330  47.38   1663127.0
2016-10-10  47.580  47.69   1544958.0
2016-10-11  47.190  45.69   2912537.0
2016-10-12  45.780  45.47   1736076.0
2016-10-13  44.840  45.16   1336023.0
2016-10-14  45.380  45.08    997137.0
2016-10-17  45.080  45.15   1160321.0
2016-10-18  45.700  45.44   1949108.0
2016-10-19  45.410  46.02   1769090.0
2016-10-20  46.000  46.05   1493608.0
2016-10-21  45.670  45.57   1011340.0
2016-10-24  45.880  45.85   1666388.0
2016-10-25  45.260  43.51   3949609.0
2016-10-26  43.420  43.37   2146178.0
2016-10-27  43.970  43.38   2393625.0
2016-10-28  43.380  43.22   1471348.0
2016-10-31  43.330  43.57   1556762.0
2016-11-01  43.730  43.49   2133116.0
2016-11-02  43.470  43.26   2240428.0
2016-11-03  43.330  43.66   2510054.0
2016-11-04  43.690  44.32   2220908.0
2016-11-07  44.990  45.71   1723957.0
2016-11-08  45.480  45.62   2136740.0
2016-11-09  45.410  45.94   3501243.0
2016-11-10  46.600  47.03   2558722.0
2016-11-11  46.770  46.37   2219255.0
2016-11-14  46.660  45.33   3443200.0
2016-11-15  45.330  45.40   4710170.0
2016-11-16  46.300  46.18   4026754.0
2016-11-17  46.160  45.94   2070609.0
2016-11-18  45.910  45.04   3148538.0
2016-11-21  45.220  44.97   2540067.0
2016-11-22  44.940  44.46   2831226.0
2016-11-23  44.180  44.65   1926275.0
2016-11-25  44.740  44.89    877140.0
2016-11-28  44.520  43.60   2241795.0
2016-11-29  43.600  44.48   1952118.0
2016-11-30  44.790  43.98   2238575.0
2016-12-01  44.080  43.21   2823273.0
2016-12-02  43.270  44.03   2153515.0
2016-12-05  44.210  44.53   2495020.0
2016-12-06  44.580  44.84   1136658.0
2016-12-07  44.560  44.99   1815238.0
2016-12-08  44.990  45.80   1848936.0
2016-12-09  45.910  46.30   1937622.0
2016-12-12  46.180  46.14   1851517.0
2016-12-13  46.310  46.39   1734678.0
2016-12-14  46.430  46.14   2044052.0
2016-12-15  46.080  46.56   1338905.0
2016-12-16  46.610  45.91   2103155.0
2016-12-19  45.890  45.43   1084164.0
2016-12-20  45.750  46.21   1552366.0
2016-12-21  46.210  46.04   1652288.0
2016-12-22  45.930  45.97    968296.0
2016-12-23  46.080  46.20    727682.0
2016-12-27  46.370  46.51   1535489.0
2016-12-28  46.510  45.72   1177275.0
2016-12-29  45.680  45.64    891398.0
2016-12-30  45.760  45.56   1216100.0
2017-01-03  45.930  46.49   1739726.0
2017-01-04  46.930  47.10   1821264.0
2017-01-05  47.050  46.54   1503763.0
2017-01-06  46.630  47.99   2883483.0
2017-01-09  48.010  48.14   2575328.0
2017-01-10  48.340  48.10   1560549.0
2017-01-11  48.030  49.25   5624332.0
2017-01-12  48.900  48.52   3276952.0
2017-01-13  48.600  48.69   1568923.0
2017-01-17  48.370  48.32   1939449.0
2017-01-18  48.670  48.25   1523508.0
2017-01-19  48.040  47.64   1346142.0
2017-01-20  47.830  47.62   1701695.0
2017-01-23  47.600  47.39   2013878.0
2017-01-24  47.770  47.35   2741915.0
2017-01-25  47.600  48.41   3073228.0
2017-01-26  48.420  48.17   1895562.0
2017-01-27  48.320  48.65   1527822.0
2017-01-30  48.480  47.67   2266487.0
2017-01-31  48.040  48.97   2552612.0
2017-02-01  48.930  49.26   2244604.0
2017-02-02  48.880  48.90   1352525.0
2017-02-03  49.090  49.38   1191855.0
2017-02-06  49.130  49.27    952095.0
2017-02-07  49.420  49.64   2170720.0
2017-02-08  49.370  49.93   2107079.0
2017-02-09  50.100  50.47   2557747.0
2017-02-10  50.510  50.36   2092479.0
2017-02-13  50.630  50.52   1568350.0
2017-02-14  50.240  50.39   3544448.0
2017-02-15  51.140  51.62   5724488.0
2017-02-16  51.680  50.84   2550439.0
2017-02-17  50.650  51.63   2195788.0
2017-02-21  51.660  51.35   2036993.0
2017-02-22  51.310  51.34   1632886.0
2017-02-23  51.440  51.47   1006867.0
2017-02-24  51.380  51.74   1612698.0
2017-02-27  51.740  51.66   1195138.0
2017-02-28  51.520  51.30   1417772.0
2017-03-01  51.620  52.04   2026600.0
2017-03-02  52.040  51.38   1706500.0
2017-03-03  51.380  51.98   1824423.0
2017-03-06  51.640  51.25   1884477.0
2017-03-07  51.060  51.21   2233561.0
2017-03-08  51.260  51.41   1517642.0
2017-03-09  51.420  51.43   1259407.0
2017-03-10  51.690  52.15   1860508.0
2017-03-13  52.140  52.45   1376191.0
2017-03-14  52.240  52.21   1203368.0
2017-03-15  53.310  54.10   4117983.0
2017-03-16  53.430  53.05   2676915.0
2017-03-17  53.060  53.31   1936902.0
2017-03-20  53.330  53.15   1221409.0
2017-03-21  53.280  52.66   1492698.0
2017-03-22  52.790  53.13   1257072.0
2017-03-23  53.040  53.18   1717929.0
2017-03-24  54.050  53.08   2015289.0
2017-03-27  52.600  53.24   1446568.0
2017-03-28  53.290  53.44   1312588.0
2017-03-29  53.260  53.12   1469882.0
2017-03-30  53.060  53.32   1627592.0
2017-03-31  53.070  52.87   1705625.0
2017-04-03  52.900  53.20   1550227.0
2017-04-04  53.200  52.62   2017094.0
2017-04-05  52.720  52.71   1778251.0
2017-04-06  52.700  53.15   1548170.0
2017-04-07  53.070  52.84   1243550.0
2017-04-10  52.900  52.72   1025248.0
2017-04-11  52.700  52.83   1520703.0
2017-04-12  52.850  52.55   1258152.0
2017-04-13  52.430  52.33    863990.0
2017-04-17  52.630  53.46   1569436.0
2017-04-18  53.020  53.03   1241164.0
2017-04-19  53.350  53.07   2096351.0
2017-04-20  53.330  53.13   1569985.0
2017-04-21  53.260  53.27   2189351.0
2017-04-24  53.930  54.44   2257682.0
2017-04-25  54.750  54.81   2041701.0
2017-04-26  55.000  54.83   1832703.0
2017-04-27  54.930  55.43   1529024.0
2017-04-28  55.310  55.05   3076576.0
2017-05-01  55.500  55.80   1897018.0
2017-05-02  55.850  55.93   1673735.0
2017-05-03  55.680  56.16   1702565.0
2017-05-04  56.200  56.70   2609703.0
2017-05-05  56.850  56.64   1567046.0
2017-05-08  56.650  56.32   2189980.0
2017-05-09  56.420  56.87   1559192.0
2017-05-10  56.850  56.27   1566289.0
2017-05-11  56.130  56.23   1335785.0
2017-05-12  56.160  56.16   1567000.0
2017-05-15  56.070  56.70   1472226.0
2017-05-16  58.380  56.83   1031699.0
2017-05-17  56.310  55.77   1829744.0
2017-05-18  55.900  55.85   1933884.0
2017-05-19  56.090  56.13   1652045.0
2017-05-22  56.520  56.08   4042307.0
2017-05-23  59.800  58.66   7509609.0
2017-05-24  58.500  59.23   4060146.0
2017-05-25  59.530  59.30   2772186.0
2017-05-26  59.230  59.51   1534396.0
2017-05-30  59.540  60.37   2573871.0
2017-05-31  59.450  60.34   2519987.0
2017-06-01  60.010  60.73   2097925.0
2017-06-02  60.800  60.81   1665457.0
2017-06-05  60.800  60.40   1473282.0
2017-06-06  60.140  60.10   1966245.0
2017-06-07  60.260  60.63   1617504.0
2017-06-08  60.620  60.15   3481613.0
2017-06-09  60.310  59.21   2352254.0
2017-06-12  59.140  58.99   2579648.0
2017-06-13  59.070  59.28   1527027.0
2017-06-14  59.540  59.38   1202777.0
2017-06-15  59.220  59.21   1091788.0
2017-06-16  59.370  59.51   2156298.0
2017-06-19  59.580  60.55   2379764.0
2017-06-20  60.550  60.33   1820286.0
2017-06-21  60.310  59.79   2247944.0
2017-06-22  59.940  60.61   3473243.0
2017-06-23  60.590  59.77   2839042.0
2017-06-26  59.790  59.24   1526060.0
2017-06-27  59.130  58.88   1060278.0
2017-06-28  59.270  59.40   1187637.0
2017-06-29  59.350  58.80   1356833.0
2017-06-30  59.000  59.31   1585171.0
2017-07-03  59.590  59.13   1489574.0
2017-07-05  59.190  59.77   1638049.0
2017-07-06  59.460  59.22   2247643.0
2017-07-07  59.530  59.63    924564.0
2017-07-10  59.480  59.86   1146033.0
2017-07-11  59.990  59.80   2975992.0
2017-07-12  60.330  60.73   1437930.0
2017-07-13  61.250  61.19   2059648.0
2017-07-14  61.280  61.52   1285461.0
2017-07-17  61.600  61.55   1332749.0
2017-07-18  61.430  61.21   1520053.0
2017-07-19  61.320  61.38   1509141.0
2017-07-20  61.450  60.98   1925629.0
2017-07-21  60.830  61.37   1275630.0
2017-07-24  61.380  61.50    973808.0
2017-07-25  61.570  60.54   1689148.0
2017-07-26  60.580  59.72   2403798.0
2017-07-27  59.820  59.91   1944962.0
2017-07-28  59.910  60.08   1227174.0
2017-07-31  60.320  59.79   1038744.0
2017-08-01  60.040  59.94   1323605.0
2017-08-02  60.000  60.20   1121493.0
2017-08-03  60.150  60.37    982876.0
2017-08-04  60.520  60.13    778762.0
2017-08-07  60.160  60.87    975735.0
2017-08-08  60.670  60.14   1162340.0
2017-08-09  60.070  59.68   1963842.0
2017-08-10  59.350  58.57   2468724.0
2017-08-11  58.700  59.33   1511552.0
2017-08-14  59.800  59.62   2402982.0
2017-08-15  59.700  59.38   2871767.0
2017-08-16  62.150  62.14   6883325.0
2017-08-17  62.000  60.86   3473425.0
2017-08-18  60.760  61.25   2353540.0
2017-08-21  61.090  61.74   1429027.0
2017-08-22  61.870  62.96   1466945.0
2017-08-23  62.720  62.77   1441633.0
2017-08-24  62.870  62.68   1580386.0
2017-08-25  63.060  62.90   1352768.0
2017-08-28  63.100  63.46   1285040.0
2017-08-29  63.040  63.49   1206617.0
2017-08-30  63.400  63.90   1072501.0
2017-08-31  64.000  64.72   1928530.0
2017-09-01  64.900  64.38   1224641.0
2017-09-05  64.020  64.29    910200.0
2017-09-06  64.560  64.71    967758.0
2017-09-07  64.850  65.14   1068264.0
2017-09-08  65.150  65.02   1587688.0
2017-09-11  65.500  66.11   1751606.0
2017-09-12  66.270  66.14   1081873.0
2017-09-13  65.910  65.44   2039348.0
2017-09-14  65.310  65.68   1481003.0
2017-09-15  65.680  65.96   2267001.0
2017-09-18  66.090  66.08   1561980.0
2017-09-19  66.250  66.17   1235835.0
2017-09-20  66.310  66.09   1151167.0
2017-09-21  65.880  65.92    848300.0
2017-09-22  65.850  65.78   1178327.0
2017-09-25  65.800  64.73   1747861.0
2017-09-26  64.650  64.11   1615245.0
2017-09-27  64.270  64.39   1159137.0
2017-09-28  64.250  63.98   1076812.0
2017-09-29  64.000  64.20   1669194.0
2017-10-02  64.290  64.87   1684995.0
2017-10-03  65.060  65.15   1216399.0
2017-10-04  65.150  65.83    743076.0
2017-10-05  65.850  65.70   1948939.0
2017-10-06  65.680  66.36   1252881.0
2017-10-09  66.490  66.56   1542275.0
2017-10-10  66.680  66.60   1142183.0
2017-10-11  66.680  66.62   1763994.0
2017-10-12  66.650  67.54   1435850.0
2017-10-13  67.630  66.99    943084.0
2017-10-16  67.200  66.91   1473375.0
2017-10-17  66.680  66.12   1708025.0
2017-10-18  66.380  66.44   1150451.0
2017-10-19  66.440  66.88   1359061.0
2017-10-20  67.190  67.25   1502810.0
2017-10-23  67.450  67.02   1266729.0
2017-10-24  67.310  67.32   1966591.0
2017-10-25  67.900  67.40   1590110.0
2017-10-26  67.530  67.71   1417947.0
2017-10-27  67.810  67.97   1440956.0
2017-10-30  67.800  67.49    846605.0
2017-10-31  67.740  68.03   1609938.0
2017-11-01  68.200  68.02   1357307.0
2017-11-02  68.080  68.13   1854678.0
2017-11-03  68.090  68.37   1070662.0
2017-11-06  68.270  68.22    991668.0
2017-11-07  68.320  68.25    946235.0
2017-11-09  67.920  67.47   1664971.0
2017-11-10  67.350  66.81   1704341.0
2017-11-13  66.450  67.13   1443239.0
2017-11-14  66.980  67.46   1682158.0
2017-11-15  67.290  67.31   1511323.0
2017-11-16  67.500  68.74   2268333.0
2017-11-17  68.530  68.79   1816997.0
2017-11-20  69.280  69.96   4014526.0
2017-11-21  70.050  69.91   5329997.0
2017-11-22  69.140  68.69   3041633.0
2017-11-24  68.840  69.36   1015411.0
2017-11-27  69.220  69.31   1439274.0
2017-11-28  69.560  70.59   2275971.0
2017-11-29  70.500  68.69   1903991.0
2017-11-30  68.970  69.24   1872494.0
2017-12-01  69.190  68.69   2516520.0
2017-12-04  68.940  66.24   2881946.0
2017-12-05  66.200  65.83   2337721.0
2017-12-06  65.880  65.89   1690061.0
2017-12-07  65.910  66.71   2256298.0
2017-12-08  66.940  67.38   2158692.0
2017-12-11  67.430  67.00   2392301.0
2017-12-12  67.000  67.06   2002844.0
2017-12-13  67.230  66.68   1526746.0
2017-12-14  66.930  66.51   1740712.0
2017-12-15  66.880  67.61   2745658.0
2017-12-18  68.240  67.66   2138491.0
2017-12-19  67.710  67.75   1446685.0
2017-12-20  68.040  67.40   1362997.0
2017-12-21  67.580  67.52   1495136.0
2017-12-22  67.460  67.35   1220344.0
2017-12-26  67.310  67.25    532739.0
2017-12-27  67.210  67.30   1029229.0
2017-12-28  67.440  67.45    589501.0
2017-12-29  67.500  66.97   1061239.0
2018-01-02  67.420  67.60   1047772.0
2018-01-03  67.620  69.32   1698861.0
2018-01-04  69.540  68.80   2230690.0
2018-01-05  68.730  69.90   1630448.0
2018-01-08  69.730  70.05   1613377.0
2018-01-09  70.680  71.77   2666108.0
2018-01-10  71.450  70.79   2387600.0
2018-01-11  70.920  70.80   1508985.0
2018-01-12  70.730  71.73   1448144.0
2018-01-16  72.020  71.23   1702685.0
2018-01-17  71.720  72.06   1781796.0
2018-01-18  72.200  72.19   1742864.0
2018-01-19  72.480  73.07   2150370.0
2018-01-22  73.170  73.48   1788904.0
2018-01-23  74.050  73.44   1181067.0
2018-01-24  73.660  73.58   1745307.0
2018-01-25  74.170  73.86   1619933.0
2018-01-26  74.300  74.82   1529734.0
2018-01-29  74.480  74.53   1292338.0
2018-01-30  73.990  72.99   1784489.0
2018-01-31  73.770  73.43   1949108.0
2018-02-01  73.180  72.83   1978455.0
2018-02-02  72.320  71.25   1947113.0
2018-02-05  70.860  68.22   2797258.0
2018-02-06  66.960  68.45   4011492.0
2018-02-07  68.190  68.06   1988104.0
2018-02-08  68.090  65.05   4025789.0
2018-02-09  66.400  66.98   4508293.0
2018-02-12  67.460  68.43   4166983.0
2018-02-13  67.970  68.34   1570583.0
2018-02-14  67.800  69.70   3609450.0
2018-02-15  74.940  72.02   4884299.0
2018-02-16  71.970  71.97   2621697.0
2018-02-20  71.500  71.08   2577134.0
2018-02-21  71.120  71.25   1989132.0
2018-02-22  71.720  70.68   2290240.0
2018-02-23  71.150  70.70   3878648.0
2018-02-26  71.000  70.58   5422043.0
2018-02-27  70.750  69.00   3277061.0
2018-02-28  69.420  68.59   2657196.0
2018-03-01  68.470  67.38   2401795.0
2018-03-02  66.820  67.51   2057260.0
2018-03-05  67.250  67.55   1890858.0
2018-03-06  67.780  68.11   2942050.0
2018-03-07  67.360  69.70   3125788.0
2018-03-08  69.720  69.85   2365939.0
2018-03-09  70.270  71.13   1869878.0
2018-03-12  71.200  70.71   1858146.0
2018-03-13  71.000  70.68   1573113.0
2018-03-14  71.070  69.92   1825085.0
2018-03-15  70.090  70.18   2490222.0
2018-03-16  69.920  69.90   3301577.0
2018-03-19  69.790  69.34   2501900.0
2018-03-20  69.770  69.85   2355102.0
2018-03-21  69.880  69.40   1558358.0
2018-03-22  68.700  67.47   1667733.0
2018-03-23  67.580  66.06   1803736.0
2018-03-26  67.200  68.20   1601171.0
2018-03-27  68.480  67.00   2018736.0