date    open   close    volume
                                   
2013-01-02  21.390  21.270  222667.0
2013-01-03  21.250  21.640  153200.0
2013-01-04  21.740  21.750   62800.0
2013-01-07  21.610  21.510   58667.0
2013-01-08  21.550  21.560   45867.0
2013-01-09  21.560  21.720   41467.0
2013-01-10  21.870  22.020   59822.0
2013-01-11  22.060  22.210   44089.0
2013-01-14  22.220  22.620  158222.0
2013-01-15  22.500  22.310   33422.0
2013-01-16  22.210  21.940   31867.0
2013-01-17  21.980  22.230   31289.0
2013-01-18  22.150  22.530   63689.0
2013-01-22  22.720  22.770   67289.0
2013-01-23  22.750  22.460   35422.0
2013-01-24  22.430  23.140   79422.0
2013-01-25  23.210  22.590   89022.0
2013-01-28  22.570  22.530   58667.0
2013-01-29  22.540  22.820   88267.0
2013-01-30  22.750  22.560   42622.0
2013-01-31  22.550  22.740   90622.0
2013-02-01  22.910  23.110   50000.0
2013-02-04  23.000  23.000   71067.0
2013-02-05  23.080  23.280   44622.0
2013-02-06  23.110  23.730  156622.0
2013-02-07  23.700  23.610   59289.0
2013-02-08  23.690  23.720   28800.0
2013-02-11  23.780  23.730   76800.0
2013-02-12  23.700  23.890   55822.0
2013-02-13  23.970  23.990   45022.0
2013-02-14  23.880  23.960   40000.0
2013-02-15  24.020  23.800   72222.0
2013-02-19  23.900  24.220  107822.0
2013-02-20  24.200  23.770  103689.0
2013-02-21  23.720  23.900   70000.0
2013-02-22  24.050  24.320   53467.0
2013-02-25  24.410  23.880  130000.0
2013-02-26  23.970  24.085  123867.0
2013-02-27  23.900  24.310   61067.0
2013-02-28  24.210  24.060   97822.0
2013-03-01  23.960  24.450   35689.0
2013-03-04  24.000  24.290   61067.0
2013-03-05  24.370  24.640   52667.0
2013-03-06  24.750  24.640   39067.0
2013-03-07  24.660  24.910   61822.0
2013-03-08  25.200  25.040   79467.0
2013-03-11  24.930  25.080   58622.0
2013-03-12  25.100  24.820   69467.0
2013-03-13  24.930  25.500   58622.0
2013-03-14  25.490  26.110  245867.0
2013-03-15  26.100  26.140  132622.0
2013-03-18  26.140  26.270  117689.0
2013-03-19  26.250  26.250   70667.0
2013-03-20  26.270  27.150  164667.0
2013-03-21  27.070  27.140  102889.0
2013-03-22  27.170  27.260   29422.0
2013-03-25  27.500  27.270   75200.0
2013-03-26  27.490  27.200   71067.0
2013-03-27  27.130  27.450   58622.0
2013-03-28  27.560  27.590  121867.0
2013-04-01  27.500  27.400   72400.0
2013-04-02  27.600  26.780   83867.0
2013-04-03  26.670  26.980  168222.0
2013-04-04  27.100  27.320   51867.0
2013-04-05  27.000  27.160   66489.0
2013-04-08  27.200  27.310   56267.0
2013-04-09  27.450  27.040   80000.0
2013-04-10  27.200  27.880   74400.0
2013-04-11  27.900  27.880   52089.0
2013-04-12  27.680  28.050   65289.0
2013-04-15  27.980  27.270  124267.0
2013-04-16  27.500  27.730   67022.0
2013-04-17  27.580  27.400   97867.0
2013-04-18  27.400  27.060   48400.0
2013-04-19  27.040  27.360   71067.0
2013-04-22  27.400  27.300   81867.0
2013-04-23  27.420  28.130   38800.0
2013-04-24  28.190  28.140   46089.0
2013-04-25  28.130  28.470   86400.0
2013-04-26  28.410  28.260   81822.0
2013-04-29  28.320  28.190   34089.0
2013-04-30  28.160  28.410   59289.0
2013-05-01  28.380  27.290   97867.0
2013-05-02  27.490  27.480   36000.0
2013-05-03  27.890  28.490   43822.0
2013-05-06  28.310  28.160   39067.0
2013-05-07  28.220  28.570   37289.0
2013-05-08  28.580  28.510   52622.0
2013-05-09  28.410  30.070  122889.0
2013-05-10  30.430  30.050   82400.0
2013-05-13  30.100  29.720   15200.0
2013-05-14  29.860  30.180   35200.0
2013-05-15  30.160  30.710   34889.0
2013-05-16  30.710  31.000   50622.0
2013-05-17  31.060  31.890   63867.0
2013-05-20  31.690  32.160   60222.0
2013-05-21  32.270  32.510   41689.0
2013-05-22  32.640  33.220   64000.0
2013-05-23  32.900  33.040  113289.0
2013-05-24  32.890  33.470   98800.0
2013-05-28  34.210  34.680  121200.0
2013-05-29  34.400  33.990   53689.0
2013-05-30  34.200  33.500   56800.0
2013-05-31  33.210  33.240   73689.0
2013-06-03  32.720  32.290  229822.0
2013-06-04  32.220  32.180  386489.0
2013-06-05  32.050  31.240   84267.0
2013-06-06  31.140  32.500   94400.0
2013-06-07  32.610  31.830   90222.0
2013-06-10  31.850  31.670   79600.0
2013-06-11  31.370  31.440   53822.0
2013-06-12  31.590  32.020   60222.0
2013-06-13  31.940  32.590   72800.0
2013-06-14  32.630  32.280   77200.0
2013-06-17  32.560  32.230   37200.0
2013-06-18  32.380  32.950   47289.0
2013-06-19  33.050  32.640   41067.0
2013-06-20  32.130  32.150  108267.0
2013-06-21  32.090  31.560  177289.0
2013-06-24  31.170  31.920   70889.0
2013-06-25  32.310  32.450   48000.0
2013-06-26  32.610  32.160   34400.0
2013-06-27  32.440  33.280   64667.0
2013-06-28  33.110  33.080  195022.0
2013-07-01  33.350  33.980   62267.0
2013-07-02  33.930  33.980   54267.0
2013-07-03  22.620  22.610   53867.0
2013-07-05  23.120  23.820   76800.0
2013-07-08  24.000  23.710  149133.0
2013-07-09  23.760  24.760  112733.0
2013-07-10  24.620  24.470  107200.0
2013-07-11  24.820  24.690  122933.0
2013-07-12  24.590  25.640   96333.0
2013-07-15  25.800  25.610  253533.0
2013-07-16  25.560  25.230  166200.0
2013-07-17  25.460  23.990  241000.0
2013-07-18  23.980  23.980  143000.0
2013-07-19  23.990  23.770   84733.0
2013-07-22  23.710  23.490  116333.0
2013-07-23  23.510  23.170   67200.0
2013-07-24  23.230  22.900   77933.0
2013-07-25  21.475  23.200  132133.0
2013-07-26  22.930  22.930   70600.0
2013-07-29  22.920  22.280   59733.0
2013-07-30  22.360  21.410  241933.0
2013-07-31  21.500  21.570  212533.0
2013-08-01  21.720  22.510  235800.0
2013-08-02  22.450  22.890  157200.0
2013-08-05  22.920  23.170   60200.0
2013-08-06  23.170  23.000  203200.0
2013-08-07  23.000  23.200   85600.0
2013-08-08  23.290  24.020  191600.0
2013-08-09  24.000  24.560  143133.0
2013-08-12  24.420  25.420  135400.0
2013-08-13  25.420  25.370   77333.0
2013-08-14  25.300  25.530   85200.0
2013-08-15  25.230  24.790   88133.0
2013-08-16  24.680  24.580  131200.0
2013-08-19  24.460  24.140   83400.0
2013-08-20  24.110  24.260   66000.0
2013-08-21  24.200  24.170   95133.0
2013-08-22  24.280  24.860   68200.0
2013-08-23  24.850  24.550   53600.0
2013-08-26  24.600  24.440   79733.0
2013-08-27  24.180  23.400   49733.0
2013-08-28  23.310  23.580   75933.0
2013-08-29  23.560  23.950   48800.0
2013-08-30  23.860  23.320   75600.0
2013-09-03  23.850  24.260  146400.0
2013-09-04  24.320  24.400  422733.0
2013-09-05  24.450  24.380   50800.0
2013-09-06  24.420  24.640   98733.0
2013-09-09  24.800  25.220   91600.0
2013-09-10  25.250  25.410  118600.0
2013-09-11  25.400  25.160   55400.0
2013-09-12  25.200  25.040   42133.0
2013-09-13  25.140  25.140   38600.0
2013-09-16  25.450  24.830   42200.0
2013-09-17  24.830  25.270   79000.0
2013-09-18  25.240  25.650   82933.0
2013-09-19  25.660  25.970   40000.0
2013-09-20  25.980  26.440  204200.0
2013-09-23  26.430  26.150   71800.0
2013-09-24  26.120  26.250   75200.0
2013-09-25  26.240  26.430   40533.0
2013-09-26  26.570  26.550   47533.0
2013-09-27  26.330  26.860   89000.0
2013-09-30  26.600  26.560  265333.0
2013-10-01  26.620  27.880  122000.0
2013-10-02  27.630  26.780   81200.0
2013-10-03  26.650  26.340   66533.0
2013-10-04  26.270  26.540   28800.0
2013-10-07  26.280  25.720   85400.0
2013-10-08  25.720  24.870  101800.0
2013-10-09  24.890  25.460   65000.0
2013-10-10  25.860  25.650   52533.0
2013-10-11  25.660  26.730   66733.0
2013-10-14  26.520  26.850   57133.0
2013-10-15  26.810  27.010   56133.0
2013-10-16  27.200  26.690   90333.0
2013-10-17  26.630  27.240  105400.0
2013-10-18  27.410  27.250   92133.0
2013-10-21  27.280  27.160   63533.0
2013-10-22  27.250  27.290  100200.0
2013-10-23  27.100  27.580   47800.0
2013-10-24  27.580  28.240   54200.0
2013-10-25  28.370  28.740   60800.0
2013-10-28  28.670  27.530   74400.0
2013-10-29  27.550  27.770   53800.0
2013-10-30  27.870  27.340   69000.0
2013-10-31  27.170  27.010   90600.0
2013-11-01  26.960  27.100  155333.0
2013-11-04  27.280  27.320   96333.0
2013-11-05  27.240  28.620   93533.0
2013-11-06  28.760  28.740   79800.0
2013-11-07  28.900  26.170  137733.0
2013-11-08  26.250  26.190  123600.0
2013-11-11  26.070  26.780  206600.0
2013-11-12  26.770  26.990  144400.0
2013-11-13  26.740  27.130   59933.0
2013-11-14  27.050  27.510   55800.0
2013-11-15  27.470  27.790  132733.0
2013-11-18  27.860  27.470   71600.0
2013-11-19  27.400  27.490   98533.0
2013-11-20  27.590  28.270   74800.0
2013-11-21  28.490  29.010   78733.0
2013-11-22  29.100  29.320   96333.0
2013-11-25  29.330  29.040  114200.0
2013-11-26  28.990  30.360  102000.0
2013-11-27  30.400  30.580   80533.0
2013-11-29  30.880  30.770   39000.0
2013-12-02  30.640  29.390  173200.0
2013-12-03  29.400  29.110  241333.0
2013-12-04  29.000  29.520   67800.0
2013-12-05  29.510  29.820   66133.0
2013-12-06  30.280  30.760   84133.0
2013-12-09  30.770  30.330  177933.0
2013-12-10  30.180  29.940   89933.0
2013-12-11  29.910  29.140  102733.0
2013-12-12  29.080  29.230   76400.0
2013-12-13  29.370  30.190  134733.0
2013-12-16  30.260  30.600   91800.0
2013-12-17  30.500  29.710  105000.0
2013-12-18  29.700  30.400   79333.0
2013-12-19  30.270  30.170   77400.0
2013-12-20  30.200  31.710  438533.0
2013-12-23  31.970  32.720  118333.0
2013-12-24  32.860  32.030   93933.0
2013-12-26  32.110  32.680  122933.0
2013-12-27  32.820  32.740   92600.0
2013-12-30  32.630  32.510  158533.0
2013-12-31  32.470  31.950  152000.0
2014-01-02  31.890  31.690  101533.0
2014-01-03  31.820  31.680   67733.0
2014-01-06  31.950  31.170  114000.0
2014-01-07  31.370  31.620  127000.0
2014-01-08  31.490  31.760  164800.0
2014-01-09  31.980  31.570  215200.0
2014-01-10  31.570  31.420  100533.0
2014-01-13  31.430  30.930  147400.0
2014-01-14  31.150  31.460  135600.0
2014-01-15  31.630  32.400   68733.0
2014-01-16  32.240  32.520   62200.0
2014-01-17  32.570  32.430   64933.0
2014-01-21  32.520  33.430  117600.0
2014-01-22  33.430  34.230   99333.0
2014-01-23  34.090  33.340  134600.0
2014-01-24  33.090  32.300  153600.0
2014-01-27  32.400  31.670   85933.0
2014-01-28  31.780  32.500  188000.0
2014-01-29  32.020  30.870  112200.0
2014-01-30  31.240  30.910  191733.0
2014-01-31  30.220  29.660  224733.0
2014-02-03  29.430  28.020  236200.0
2014-02-04  28.110  27.940  180533.0
2014-02-05  27.710  27.520  122000.0
2014-02-06  27.530  28.020  114200.0
2014-02-07  27.960  27.840  129933.0
2014-02-10  27.890  27.480  130600.0
2014-02-11  27.390  27.810  108600.0
2014-02-12  27.790  28.180   96333.0
2014-02-13  27.790  28.160   85600.0
2014-02-14  28.120  28.850  115133.0
2014-02-18  29.070  29.410  117000.0
2014-02-19  29.350  28.690   94600.0
2014-02-20  28.830  29.540  122733.0
2014-02-21  29.720  29.350  135333.0
2014-02-24  29.300  29.580   99800.0
2014-02-25  29.530  28.460  116133.0
2014-02-26  28.460  29.050   75600.0
2014-02-27  28.850  29.490   75133.0
2014-02-28  29.580  29.880  121333.0
2014-03-03  29.240  29.050  193800.0
2014-03-04  29.540  30.760  610733.0
2014-03-05  30.630  30.750   67000.0
2014-03-06  30.930  30.690   83800.0
2014-03-07  31.010  30.630   85800.0
2014-03-10  30.600  30.450   70733.0
2014-03-11  30.400  29.180  128200.0
2014-03-12  28.970  29.270   87200.0
2014-03-13  29.350  27.370  146400.0
2014-03-14  27.180  27.660  199200.0
2014-03-17  27.930  27.290  144733.0
2014-03-18  27.220  28.420  113200.0
2014-03-19  28.490  28.990  159333.0
2014-03-20  29.000  29.110  152000.0
2014-03-21  29.170  28.750  227933.0
2014-03-24  28.840  28.750  149800.0
2014-03-25  29.000  28.860  102333.0
2014-03-26  29.130  27.970  106133.0
2014-03-27  27.930  27.760   73200.0
2014-03-28  27.760  27.460   54600.0
2014-03-31  27.700  27.870  117200.0
2014-04-01  28.090  28.640  196000.0
2014-04-02  28.670  28.520   84533.0
2014-04-03  28.540  27.800   92533.0
2014-04-04  27.950  26.690  128800.0
2014-04-07  26.590  25.930  236133.0
2014-04-08  25.860  26.125   81733.0
2014-04-09  26.180  26.690   93800.0
2014-04-10  26.550  25.970  101533.0
2014-04-11  25.710  25.670  109533.0
2014-04-14  25.990  26.370  134800.0
2014-04-15  26.460  25.890   91933.0
2014-04-16  26.150  26.240   73933.0
2014-04-17  26.190  26.700   72133.0
2014-04-21  26.680  26.970   99000.0
2014-04-22  26.960  27.500   85200.0
2014-04-23  27.420  27.720  170600.0
2014-04-24  28.630  28.710  254133.0
2014-04-25  28.620  28.420  149533.0
2014-04-28  28.500  28.320  133533.0
2014-04-29  28.470  27.960   83800.0
2014-04-30  27.800  28.350  119533.0
2014-05-01  28.210  28.340  132000.0
2014-05-02  28.340  28.900  117133.0
2014-05-05  29.970  31.570  269000.0
2014-05-06  31.300  30.730  165333.0
2014-05-07  30.890  30.710  134733.0
2014-05-08  30.770  30.200  140933.0
2014-05-09  30.010  30.750  113600.0
2014-05-12  30.890  31.940  100933.0
2014-05-13  31.880  31.050  129333.0
2014-05-14  31.010  30.110  102600.0
2014-05-15  29.810  29.880  115600.0
2014-05-16  29.830  30.280  100733.0
2014-05-19  30.090  30.475   42733.0
2014-05-20  30.300  29.350  155933.0
2014-05-21  29.650  30.110  122133.0
2014-05-22  30.280  30.410   70600.0
2014-05-23  30.430  31.280   68133.0
2014-05-27  31.450  31.710  113533.0
2014-05-28  31.590  31.370   68400.0
2014-05-29  31.640  31.330   63000.0
2014-05-30  31.430  31.200  103600.0
2014-06-02  31.620  31.440  134400.0
2014-06-03  31.380  30.710  404800.0
2014-06-04  30.630  30.700  121133.0
2014-06-05  31.180  32.190  212400.0
2014-06-06  32.470  33.120  125800.0
2014-06-09  33.190  33.600  116533.0
2014-06-10  33.200  32.860   70200.0
2014-06-11  32.600  32.460   69933.0
2014-06-12  32.330  32.180   81800.0
2014-06-13  32.320  31.850   92400.0
2014-06-16  31.880  32.150   89533.0
2014-06-17  32.250  32.760  119600.0
2014-06-18  32.800  33.500  140000.0
2014-06-19  33.580  33.130   98200.0
2014-06-20  33.000  33.050  331800.0
2014-06-23  33.140  32.960   64933.0
2014-06-24  32.670  32.460  107333.0
2014-06-25  32.250  32.960   74733.0
2014-06-26  32.890  32.770   67333.0
2014-06-27  32.510  33.260  157000.0
2014-06-30  33.110  33.520  125800.0
2014-07-01  33.740  34.180  146533.0
2014-07-02  34.100  33.790   91533.0
2014-07-03  33.920  34.440   45933.0
2014-07-07  34.280  33.260   91133.0
2014-07-08  33.090  32.720  288600.0
2014-07-09  32.810  32.820   74733.0
2014-07-10  31.950  32.520  112333.0
2014-07-11  32.490  32.680   87933.0
2014-07-14  33.150  32.770   86333.0
2014-07-15  32.690  31.980   82533.0
2014-07-16  32.240  31.900   92333.0
2014-07-17  21.170  20.630  118133.0
2014-07-18  20.600  21.320  166500.0
2014-07-21  21.060  21.140  114900.0
2014-07-22  21.260  21.830  204100.0
2014-07-23  21.850  21.170   81000.0
2014-07-24  21.230  20.680   93000.0
2014-07-25  20.500  20.200  155300.0
2014-07-28  20.280  19.960  136500.0
2014-07-29  20.070  19.980   97400.0
2014-07-30  20.180  19.960  123600.0
2014-07-31  19.610  19.620  194400.0
2014-08-01  19.670  19.650  141000.0
2014-08-04  19.760  20.060  222200.0
2014-08-05  19.890  19.880  186000.0
2014-08-06  19.660  19.570  168800.0
2014-08-07  18.040  18.910  347100.0
2014-08-08  18.970  19.260  146300.0
2014-08-11  19.330  19.100  175000.0
2014-08-12  18.980  18.540  134000.0
2014-08-13  18.620  18.600  141300.0
2014-08-14  18.600  18.500   94800.0
2014-08-15  18.750  18.540  148700.0
2014-08-18  18.780  19.120  157100.0
2014-08-19  19.120  19.100  121800.0
2014-08-20  18.960  18.650   63700.0
2014-08-21  18.610  18.860  106900.0
2014-08-22  18.870  18.570   85200.0
2014-08-25  18.820  18.670  113300.0
2014-08-26  18.640  18.670  133600.0
2014-08-27  18.660  18.750   50300.0
2014-08-28  18.690  18.440   79100.0
2014-08-29  18.410  18.660   69400.0
2014-09-02  18.570  18.420  340800.0
2014-09-03  18.540  18.480  794600.0
2014-09-04  18.560  18.900  165100.0
2014-09-05  18.820  19.120  138000.0
2014-09-08  19.070  19.060  147100.0
2014-09-09  19.050  18.600  161600.0
2014-09-10  18.590  18.670   88100.0
2014-09-11  18.560  18.890  231500.0
2014-09-12  18.870  18.500  113600.0
2014-09-15  18.430  18.120  166800.0
2014-09-16  18.030  18.510  133300.0
2014-09-17  18.500  18.380  113600.0
2014-09-18  18.470  18.650  112600.0
2014-09-19  18.700  18.330  201300.0
2014-09-22  18.200  18.000  107500.0
2014-09-23  17.940  17.840  150700.0
2014-09-24  17.950  17.830   85190.0
2014-09-25  17.750  17.480  132052.0
2014-09-26  17.480  17.430   97311.0
2014-09-29  17.190  17.490   90999.0
2014-09-30  17.440  17.010  307732.0
2014-10-01  17.040  17.270  246881.0
2014-10-02  17.320  17.600  161291.0
2014-10-03  17.820  17.820  233417.0
2014-10-06  17.820  17.420  131744.0
2014-10-07  17.280  17.010  294104.0
2014-10-08  16.950  17.270  166724.0
2014-10-09  17.310  16.970  147392.0
2014-10-10  16.850  17.030  165082.0
2014-10-13  17.010  17.190  198920.0
2014-10-14  17.430  17.540  185592.0
2014-10-15  17.200  18.130  164658.0
2014-10-16  17.880  17.950  255345.0
2014-10-17  18.190  17.860  196285.0
2014-10-20  17.730  18.070  199903.0
2014-10-21  18.160  18.520  227702.0
2014-10-22  18.640  17.900  106601.0
2014-10-23  18.160  18.610  113737.0
2014-10-24  18.680  18.260  207789.0
2014-10-27  18.120  18.270   75768.0
2014-10-28  18.470  19.290  179160.0
2014-10-29  19.390  19.140  116930.0
2014-10-30  18.990  19.440  145836.0
2014-10-31  19.940  19.650  227376.0
2014-11-03  19.650  20.130  261658.0
2014-11-04  19.900  20.250  248672.0
2014-11-05  20.500  20.270  173730.0
2014-11-06  19.550  20.870  193531.0
2014-11-07  20.930  20.810  192281.0
2014-11-10  20.880  20.840  207451.0
2014-11-11  20.800  21.130  115040.0
2014-11-12  21.040  21.470  127128.0
2014-11-13  21.580  21.120  159510.0
2014-11-14  21.110  20.960  179336.0
2014-11-17  20.890  20.470  152918.0
2014-11-18  20.560  20.740  200330.0
2014-11-19  20.730  20.060  268687.0
2014-11-20  19.930  20.450  144517.0
2014-11-21  20.860  20.610  123544.0
2014-11-24  20.640  21.190  109846.0
2014-11-25  21.210  21.120  101236.0
2014-11-26  21.090  21.150  110428.0
2014-11-28  21.170  20.720  117483.0
2014-12-01  20.750  20.540  211194.0
2014-12-02  20.540  20.650  377999.0
2014-12-03  20.750  20.790  165495.0
2014-12-04  20.770  20.730  198115.0
2014-12-05  20.740  21.170  163204.0
2014-12-08  21.040  20.970  154603.0
2014-12-09  20.700  21.690  167395.0
2014-12-10  21.580  21.150  141946.0
2014-12-11  21.270  21.280  129820.0
2014-12-12  20.980  20.920  144540.0
2014-12-15  21.060  20.890  187225.0
2014-12-16  20.830  20.970  149293.0
2014-12-17  20.970  21.540  190493.0
2014-12-18  21.850  21.960  171409.0
2014-12-19  21.910  21.660  509744.0
2014-12-22  21.640  21.890  141112.0
2014-12-23  22.110  22.170   71193.0
2014-12-24  22.240  22.410   52619.0
2014-12-26  22.330  22.370   54826.0
2014-12-29  22.340  22.300   72963.0
2014-12-30  22.260  22.340   90857.0
2014-12-31  22.450  22.390  101724.0
2015-01-02  22.550  21.930   90723.0
2015-01-05  21.800  21.185  145848.0
2015-01-06  21.210  20.850  125906.0
2015-01-07  21.050  21.040  132649.0
2015-01-08  21.140  21.560  165512.0
2015-01-09  21.500  21.410  106019.0
2015-01-12  21.340  21.370  144534.0
2015-01-13  21.450  21.790  143390.0
2015-01-14  21.460  21.810   97048.0
2015-01-15  21.810  21.300   90917.0
2015-01-16  21.230  21.930  128168.0
2015-01-20  21.930  21.620  114126.0
2015-01-21  21.500  21.600   88343.0
2015-01-22  21.800  22.530  117664.0
2015-01-23  22.570  22.470   86288.0
2015-01-26  22.520  22.790   77604.0
2015-01-27  22.530  22.830   83893.0
2015-01-28  22.960  22.230  112747.0
2015-01-29  22.290  22.550  113446.0
2015-01-30  22.310  21.810  137831.0
2015-02-02  21.940  22.560   95268.0
2015-02-03  22.510  23.280  254039.0
2015-02-04  23.180  23.590  181628.0
2015-02-05  23.760  23.680  117595.0
2015-02-06  23.260  23.210  214199.0
2015-02-09  23.090  22.660  131968.0
2015-02-10  22.920  22.850   84432.0
2015-02-11  22.770  22.900   86913.0
2015-02-12  23.100  23.400   87536.0
2015-02-13  23.400  23.370   87180.0
2015-02-17  23.340  23.140   92812.0
2015-02-18  23.080  23.250  111774.0
2015-02-19  23.160  23.440   76539.0
2015-02-20  23.370  23.740   97789.0
2015-02-23  23.710  23.600  241219.0
2015-02-24  23.670  23.870  121863.0
2015-02-25  23.920  23.610   88325.0
2015-02-26  23.650  23.570  173136.0
2015-02-27  23.750  22.510  324506.0
2015-03-02  22.390  23.070  237636.0
2015-03-03  22.950  22.510  401162.0
2015-03-04  22.330  22.290  118915.0
2015-03-05  22.280  22.230   86101.0
2015-03-06  21.990  21.920   79286.0
2015-03-09  21.940  21.920   63111.0
2015-03-10  21.680  21.790   88489.0
2015-03-11  21.840  21.880  105784.0
2015-03-12  22.050  22.430  114610.0
2015-03-13  22.430  22.150  104955.0
2015-03-16  22.340  22.450   66255.0
2015-03-17  22.320  22.260  118734.0
2015-03-18  22.230  22.510   79207.0
2015-03-19  22.400  22.450   81972.0
2015-03-20  22.510  23.430  628706.0
2015-03-23  23.320  23.520   86375.0
2015-03-24  23.500  23.510  108698.0
2015-03-25  23.570  23.500  250443.0
2015-03-26  23.350  23.520   75017.0
2015-03-27  23.470  23.760  106818.0
2015-03-30  23.920  24.710  179374.0
2015-03-31  24.500  24.530  166097.0
2015-04-01  24.330  23.840  191676.0
2015-04-02  23.850  23.850  109405.0
2015-04-06  23.690  23.810   91232.0
2015-04-07  23.800  23.540  101029.0
2015-04-08  23.600  23.680  145723.0
2015-04-09  23.820  23.470   68979.0
2015-04-10  23.630  23.850   57538.0
2015-04-13  23.850  23.840  100362.0
2015-04-14  23.840  24.180   73569.0
2015-04-15  24.320  24.560  102927.0
2015-04-16  24.500  24.270  114793.0
2015-04-17  24.000  23.590   91007.0
2015-04-20  23.740  24.220  115618.0
2015-04-21  24.390  24.360   86613.0
2015-04-22  24.360  24.520   69376.0
2015-04-23  24.440  24.900  160802.0
2015-04-24  25.000  24.660  107117.0
2015-04-27  24.770  24.580  157093.0
2015-04-28  24.670  24.950   99126.0
2015-04-29  24.820  24.530   74664.0
2015-04-30  24.350  23.970  206543.0
2015-05-01  24.020  24.150   98655.0
2015-05-04  24.180  24.220   92892.0
2015-05-05  24.050  23.840   96323.0
2015-05-06  23.990  24.140  149740.0
2015-05-07  23.770  22.770  705985.0
2015-05-08  23.110  22.760  130652.0
2015-05-11  22.670  22.760  146194.0
2015-05-12  22.590  22.800  183366.0
2015-05-13  22.800  23.200  160553.0
2015-05-14  23.330  23.410  139819.0
2015-05-15  23.290  23.140   65944.0
2015-05-18  23.020  23.660  112871.0
2015-05-19  23.570  23.620   98085.0
2015-05-20  23.690  24.290  226752.0
2015-05-21  24.290  24.180  242966.0
2015-05-22  24.110  24.310  141738.0
2015-05-26  24.080  24.240  294475.0
2015-05-27  24.140  24.410  238183.0
2015-05-28  24.430  24.310  154752.0
2015-05-29  24.290  23.670  433988.0
2015-06-01  23.920  23.830  113568.0
2015-06-02  23.720  23.910  111268.0
2015-06-03  23.930  24.110  165434.0
2015-06-04  23.900  23.680   67456.0
2015-06-05  23.610  23.840   68114.0
2015-06-08  23.770  23.910  146408.0
2015-06-09  23.870  23.700   81245.0
2015-06-10  23.670  24.050  159240.0
2015-06-11  24.130  24.000   60532.0
2015-06-12  23.820  24.000   51406.0
2015-06-15  23.840  23.550  138564.0
2015-06-16  23.530  23.560  110628.0
2015-06-17  23.720  23.340  107580.0
2015-06-18  23.430  23.520  115883.0
2015-06-19  23.590  23.350  228686.0
2015-06-22  23.570  23.370  115375.0
2015-06-23  23.330  23.100  132115.0
2015-06-24  23.050  23.040  112267.0
2015-06-25  23.180  22.930  122173.0
2015-06-26  23.010  22.790  528904.0
2015-06-29  22.660  22.390  209275.0
2015-06-30  22.670  22.520  285852.0
2015-07-01  22.750  22.850  133086.0
2015-07-02  22.910  22.750  115621.0
2015-07-06  22.520  22.780  124070.0
2015-07-07  22.760  22.620  112213.0
2015-07-08  22.290  22.110  475129.0
2015-07-09  22.470  22.240  113490.0
2015-07-10  22.450  22.630   86033.0
2015-07-13  22.740  23.180  142607.0
2015-07-14  23.180  22.940   62822.0
2015-07-15  22.890  22.520   83961.0
2015-07-16  22.680  22.530  140645.0
2015-07-17  22.620  22.910  125915.0
2015-07-20  22.920  23.020   86100.0
2015-07-21  23.000  22.630  128843.0
2015-07-22  22.560  23.010   99309.0
2015-07-23  23.000  22.600  113769.0
2015-07-24  22.580  22.150  111170.0
2015-07-27  22.050  22.120  154744.0
2015-07-28  22.260  22.370  137055.0
2015-07-29  22.310  22.330  142330.0
2015-07-30  22.210  22.360  124860.0
2015-07-31  22.430  22.190  202081.0
2015-08-03  22.240  21.880  134003.0
2015-08-04  21.830  21.820  118231.0
2015-08-05  22.030  21.960  139667.0
2015-08-06  21.470  22.810  324235.0
2015-08-07  22.610  22.700  148676.0
2015-08-10  22.850  22.920  171633.0
2015-08-11  22.700  23.010  126862.0
2015-08-12  22.710  22.920   91561.0
2015-08-13  22.960  22.880  100159.0
2015-08-14  22.790  23.230   72087.0
2015-08-17  23.140  23.000  155825.0
2015-08-18  23.000  23.040  135679.0
2015-08-19  23.000  22.680  131757.0
2015-08-20  22.440  22.280  128580.0
2015-08-21  21.990  21.670  201161.0
2015-08-24  20.490  20.400  198493.0
2015-08-25  21.100  19.840  172967.0
2015-08-26  20.310  20.130  283108.0
2015-08-27  20.330  20.730  146331.0
2015-08-28  20.560  20.510  129458.0
2015-08-31  20.430  20.680  126794.0
2015-09-01  20.190  19.810  148692.0
2015-09-02  20.060  20.130  149807.0
2015-09-03  20.110  19.960  116105.0
2015-09-04  19.670  19.690  148061.0
2015-09-08  20.000  19.860  155464.0
2015-09-09  20.000  20.000  235724.0
2015-09-10  19.980  19.880   72150.0
2015-09-11  19.770  20.140  133737.0
2015-09-14  20.140  19.930  132215.0
2015-09-15  19.990  20.320  118216.0
2015-09-16  20.390  20.590   79240.0
2015-09-17  20.530  20.520   81699.0
2015-09-18  20.160  19.950  344900.0
2015-09-21  20.120  20.090  111005.0
2015-09-22  19.880  19.750  105736.0
2015-09-23  19.750  19.630  135945.0
2015-09-24  19.430  19.550  170952.0
2015-09-25  19.740  19.640  185315.0
2015-09-28  19.590  19.750  211197.0
2015-09-29  19.790  19.120  225288.0
2015-09-30  19.330  19.380   92952.0
2015-10-01  19.370  19.190  134172.0
2015-10-02  19.030  19.570  109757.0
2015-10-05  19.620  20.290   95684.0
2015-10-06  20.280  20.030  110008.0
2015-10-07  20.110  20.630   72934.0
2015-10-08  20.550  21.340  131103.0
2015-10-09  21.360  20.900  114122.0
2015-10-12  20.920  21.100   78326.0
2015-10-13  20.950  20.650   51324.0
2015-10-14  20.620  20.320   86493.0
2015-10-15  20.430  21.070   88835.0
2015-10-16  21.140  21.220  129134.0
2015-10-19  21.050  21.240   70135.0
2015-10-20  21.190  21.120   81147.0
2015-10-21  21.230  20.460  122689.0
2015-10-22  20.640  21.110  127767.0
2015-10-23  21.370  21.500   59867.0
2015-10-26  21.500  21.190   78888.0
2015-10-27  21.100  20.790   97047.0
2015-10-28  20.880  21.270  176765.0
2015-10-29  21.190  20.890  219149.0
2015-10-30  20.840  20.470  186972.0
2015-11-02  20.420  21.690  310613.0
2015-11-03  21.450  22.720  266654.0
2015-11-04  22.740  24.480  303132.0
2015-11-05  24.420  24.400  212033.0
2015-11-06  24.280  24.230  240661.0
2015-11-09  24.210  24.350  176925.0
2015-11-10  24.220  24.440  176164.0
2015-11-11  24.440  24.640  255188.0
2015-11-12  24.530  24.030  226501.0
2015-11-13  23.990  23.480  223241.0
2015-11-16  23.390  23.500  229668.0
2015-11-17  23.600  23.640  159319.0
2015-11-18  23.770  24.110  188430.0
2015-11-19  24.120  23.960  145401.0
2015-11-20  24.060  24.130  167262.0
2015-11-23  24.030  24.460  148963.0
2015-11-24  24.280  24.770  137357.0
2015-11-25  24.740  24.980  146191.0
2015-11-27  24.940  25.150  102477.0
2015-11-30  25.120  24.710  142866.0
2015-12-01  24.830  24.310  187280.0
2015-12-02  24.270  24.100  122705.0
2015-12-03  24.210  23.740  184699.0
2015-12-04  23.750  24.530  164683.0
2015-12-07  24.460  24.060  129532.0
2015-12-08  23.860  24.340  274571.0
2015-12-09  24.270  23.420  206857.0
2015-12-10  23.440  23.330  363471.0
2015-12-11  22.860  22.740  346853.0
2015-12-14  22.640  23.510  319711.0
2015-12-15  23.660  23.380  170120.0
2015-12-16  23.500  23.390  132174.0
2015-12-17  23.590  23.080  146134.0
2015-12-18  22.940  22.760  389282.0
2015-12-21  22.880  22.850  104147.0
2015-12-22  22.900  23.100  120171.0
2015-12-23  23.230  23.210  113961.0
2015-12-24  23.390  23.680  102027.0
2015-12-28  23.640  23.520  138725.0
2015-12-29  23.620  23.520  221384.0
2015-12-30  23.500  23.670  131511.0
2015-12-31  23.570  23.220  211134.0
2016-01-04  22.820  22.150  176505.0
2016-01-05  22.300  22.100  123790.0
2016-01-06  21.860  21.690   95706.0
2016-01-07  21.260  21.210  158283.0
2016-01-08  21.250  20.520  191386.0
2016-01-11  20.600  20.660  140954.0
2016-01-12  20.710  20.540  167981.0
2016-01-13  20.560  19.980  213851.0
2016-01-14  20.010  19.980  126836.0
2016-01-15  19.390  19.830  221261.0
2016-01-19  20.040  19.490  140571.0
2016-01-20  19.280  19.930  151430.0
2016-01-21  19.930  19.950  138962.0
2016-01-22  20.510  20.780  163139.0
2016-01-25  20.530  20.320  198275.0
2016-01-26  20.450  20.920  117312.0
2016-01-27  20.780  20.440  147075.0
2016-01-28  20.670  20.440   81074.0
2016-01-29  20.520  21.530  269069.0
2016-02-01  21.400  21.190  109523.0
2016-02-02  20.980  20.880   83230.0
2016-02-03  21.070  21.040   92714.0
2016-02-04  20.950  20.940   95765.0
2016-02-05  20.850  20.210  135339.0
2016-02-08  20.040  20.470  117985.0
2016-02-09  20.240  20.100  124460.0
2016-02-10  20.280  20.390  109701.0
2016-02-11  19.990  20.460   68077.0
2016-02-12  20.720  20.640   81399.0
2016-02-16  20.870  20.940   98238.0
2016-02-17  21.100  20.960  180202.0
2016-02-18  20.920  20.850  131742.0
2016-02-19  20.800  20.970  149658.0
2016-02-22  21.140  21.390  121205.0
2016-02-23  21.420  21.350   98106.0
2016-02-24  21.080  22.420  246251.0
2016-02-25  22.820  24.420  343269.0
2016-02-26  24.330  24.950  269692.0
2016-02-29  24.970  24.800  375833.0
2016-03-01  25.160  25.510  204060.0
2016-03-02  25.330  25.260  166156.0
2016-03-03  25.260  25.380  194195.0
2016-03-04  25.260  25.300  165907.0
2016-03-07  25.220  25.840  219172.0
2016-03-08  25.750  25.390  214647.0
2016-03-09  25.480  25.350  164919.0
2016-03-10  25.520  25.190  120914.0
2016-03-11  25.380  25.270  267143.0
2016-03-14  25.350  26.110  279028.0
2016-03-15  25.890  25.470  114722.0
2016-03-16  25.350  26.040   94019.0
2016-03-17  25.970  26.630  154136.0
2016-03-18  26.820  27.160  381137.0
2016-03-21  27.000  27.110  221340.0
2016-03-22  27.030  27.370  166430.0
2016-03-23  27.380  26.690  220972.0
2016-03-24  26.600  26.930   86551.0
2016-03-28  26.900  26.770  122412.0
2016-03-29  26.700  28.020  190329.0
2016-03-30  28.150  27.800  134513.0
2016-03-31  27.820  28.000  207180.0
2016-04-01  27.830  28.200  132052.0
2016-04-04  28.250  27.190  259046.0
2016-04-05  27.000  26.920  220635.0
2016-04-06  26.830  26.910  299894.0
2016-04-07  26.600  26.350  437156.0
2016-04-08  26.470  26.760  327037.0
2016-04-11  26.940  26.550  187120.0
2016-04-12  26.550  26.630  184113.0
2016-04-13  26.660  27.360  262486.0
2016-04-14  27.320  27.590  196257.0
2016-04-15  27.450  27.270  105100.0
2016-04-18  27.240  27.250  119634.0
2016-04-19  27.410  26.890  161609.0
2016-04-20  26.970  27.140  122346.0
2016-04-21  27.140  27.000  202848.0
2016-04-22  27.040  27.540  158338.0
2016-04-25  27.390  26.570  146840.0
2016-04-26  26.700  27.050  274640.0
2016-04-27  26.980  27.210  223322.0
2016-04-28  27.010  26.500  115007.0
2016-04-29  26.580  26.520  300613.0
2016-05-02  26.640  26.820  161944.0
2016-05-03  26.630  26.200  108017.0
2016-05-04  26.130  25.650  287748.0
2016-05-05  25.930  27.980  234472.0
2016-05-06  27.830  28.000  275766.0
2016-05-09  28.000  27.790  271706.0
2016-05-10  27.750  28.250  159106.0
2016-05-11  28.240  27.590  121241.0
2016-05-12  27.670  27.340  128152.0
2016-05-13  27.240  27.850  156465.0
2016-05-16  27.700  28.270  203491.0
2016-05-17  28.270  27.240  214444.0
2016-05-18  27.060  27.300  184168.0
2016-05-19  27.020  26.940  110662.0
2016-05-20  27.130  27.370  122844.0
2016-05-23  27.360  27.270   96162.0
2016-05-24  27.500  28.140  121301.0
2016-05-25  28.240  28.170  116122.0
2016-05-26  28.050  27.800  150168.0
2016-05-27  27.880  27.940  197126.0
2016-05-31  27.940  27.440  292141.0
2016-06-01  27.410  28.040  131716.0
2016-06-02  27.850  27.900  100803.0
2016-06-03  27.890  27.670   79154.0
2016-06-06  27.620  27.510  172257.0
2016-06-07  27.480  27.480   95271.0
2016-06-08  27.440  27.750  108915.0
2016-06-09  27.560  27.680   62591.0
2016-06-10  27.370  27.140   63478.0
2016-06-13  27.040  26.660   86171.0
2016-06-14  26.660  26.280  150186.0
2016-06-15  26.490  26.020  120735.0
2016-06-16  25.780  25.970  122026.0
2016-06-17  26.060  25.850  255110.0
2016-06-20  26.210  26.220  124757.0
2016-06-21  26.260  26.030   93306.0
2016-06-22  26.140  26.160  112206.0
2016-06-23  26.450  26.860  103656.0
2016-06-24  25.590  26.270  271784.0
2016-06-27  26.040  26.190  379927.0
2016-06-28  26.460  25.930  177402.0
2016-06-29  26.210  26.550  109842.0
2016-06-30  26.550  27.510  176499.0
2016-07-01  27.600  27.240  112559.0
2016-07-05  27.160  26.990  103424.0
2016-07-06  26.960  27.060   92491.0
2016-07-07  27.030  26.840  118150.0
2016-07-08  27.000  27.420  242709.0
2016-07-11  27.430  27.880  127442.0
2016-07-12  28.010  28.180  111316.0
2016-07-13  28.370  28.420  162210.0
2016-07-14  28.700  27.990   76277.0
2016-07-15  28.210  28.110  110925.0
2016-07-18  28.020  27.840  100836.0
2016-07-19  27.930  27.550  123115.0
2016-07-20  27.540  27.210  190027.0
2016-07-21  27.110  26.520  138779.0
2016-07-22  26.490  26.540   86057.0
2016-07-25  26.530  26.550   60017.0
2016-07-26  26.540  26.590   79499.0
2016-07-27  26.730  26.550  235245.0
2016-07-28  26.470  26.600   98982.0
2016-07-29  26.590  26.480  121006.0
2016-08-01  26.370  26.470  127854.0
2016-08-02  26.490  26.320  114730.0
2016-08-03  26.250  26.300   95576.0
2016-08-04  26.450  25.750  196997.0
2016-08-05  25.750  26.630  185071.0
2016-08-08  26.700  27.250  150385.0
2016-08-09  27.290  27.230  118769.0
2016-08-10  27.270  27.350  100773.0
2016-08-11  27.460  27.570   96056.0
2016-08-12  27.430  27.220   51177.0
2016-08-15  27.040  27.320   83312.0
2016-08-16  27.290  27.040   83195.0
2016-08-17  27.110  27.230   97523.0
2016-08-18  27.310  27.560   79833.0
2016-08-19  27.550  27.660  122591.0
2016-08-22  27.520  27.690   69822.0
2016-08-23  27.700  27.870   60025.0
2016-08-24  27.850  27.980   85879.0
2016-08-25  27.780  27.920   74480.0
2016-08-26  27.950  27.680   46083.0
2016-08-29  27.730  27.970   47380.0
2016-08-30  28.010  28.170   58241.0
2016-08-31  28.130  28.300  217082.0
2016-09-01  28.210  28.620  111529.0
2016-09-02  28.650  28.990  147768.0
2016-09-06  29.060  29.040   99938.0
2016-09-07  28.990  28.810   90242.0
2016-09-08  28.800  28.030   95245.0
2016-09-09  27.750  26.870  161023.0
2016-09-12  26.840  27.590  211764.0
2016-09-13  27.300  27.240  132003.0
2016-09-14  27.340  27.300   93336.0
2016-09-15  27.350  27.560   68369.0
2016-09-16  27.700  28.160  254813.0
2016-09-19  28.380  28.350  100502.0
2016-09-20  28.400  28.410  171222.0
2016-09-21  28.460  28.550  104709.0
2016-09-22  28.610  28.790  131340.0
2016-09-23  28.720  28.410  109257.0
2016-09-26  28.200  28.030   98208.0
2016-09-27  28.070  28.320   77715.0
2016-09-28  28.380  28.360   92952.0
2016-09-29  28.340  28.220   66147.0
2016-09-30  28.410  28.820  172489.0
2016-10-03  28.720  29.170  131088.0
2016-10-04  29.110  29.900  210859.0
2016-10-05  30.050  30.480  159024.0
2016-10-06  30.510  30.730  134383.0
2016-10-07  30.640  29.590  273711.0
2016-10-10  29.600  29.950   52244.0
2016-10-11  29.950  29.500  119125.0
2016-10-12  29.450  29.600   66471.0
2016-10-13  29.500  29.300   76815.0
2016-10-14  29.500  29.350   68668.0
2016-10-17  29.250  29.300   72027.0
2016-10-18  29.600  29.200  115161.0
2016-10-19  29.300  28.850  118815.0
2016-10-20  28.550  28.900   80477.0
2016-10-21  28.600  29.550  112764.0
2016-10-24  29.750  29.800  122053.0
2016-10-25  29.800  29.550  135049.0
2016-10-26  29.300  29.150  148399.0
2016-10-27  29.250  29.500  112960.0
2016-10-28  29.400  29.450   96555.0
2016-10-31  29.600  29.950  154445.0
2016-11-01  30.100  29.050  148300.0
2016-11-02  29.050  28.550  115429.0
2016-11-03  28.750  27.550  187533.0
2016-11-04  27.500  27.550  155491.0
2016-11-07  28.100  28.350  101192.0
2016-11-08  28.250  28.350   80665.0
2016-11-09  28.350  29.800  154847.0
2016-11-10  29.950  30.375  269077.0
2016-11-11  30.400  32.200  292958.0
2016-11-14  32.250  33.050  206347.0
2016-11-15  33.500  32.300  163134.0
2016-11-16  32.250  32.400  134968.0
2016-11-17  32.600  32.850  120494.0
2016-11-18  33.000  32.800  153997.0
2016-11-21  32.900  32.900  156879.0
2016-11-22  32.950  33.050  169905.0
2016-11-23  32.900  33.400  117253.0
2016-11-25  33.450  33.900   50705.0
2016-11-28  33.700  33.500  117302.0
2016-11-29  33.500  33.200  148567.0
2016-11-30  33.350  32.900  122296.0
2016-12-01  33.050  32.700  134842.0
2016-12-02  32.600  32.500   95401.0
2016-12-05  32.750  32.850  153576.0
2016-12-06  32.800  32.750  169375.0
2016-12-07  32.600  32.700  181666.0
2016-12-08  32.650  32.950  240995.0
2016-12-09  32.950  33.050  265376.0
2016-12-12  33.100  33.050  235541.0
2016-12-13  33.050  32.700  169073.0
2016-12-14  32.600  32.600  136736.0
2016-12-15  32.700  32.750  178553.0
2016-12-16  32.850  32.700  394445.0
2016-12-19  32.650  32.750  159303.0
2016-12-20  33.100  33.500  199453.0
2016-12-21  33.350  33.100   96845.0
2016-12-22  33.100  32.800  109946.0
2016-12-23  32.950  33.250   68484.0
2016-12-27  33.350  33.700   84626.0
2016-12-28  33.800  33.400   84168.0
2016-12-29  33.500  33.550   59860.0
2016-12-30  33.750  33.050   99935.0
2017-01-03  33.450  33.350  137664.0
2017-01-04  33.450  34.100  144981.0
2017-01-05  34.050  33.100  146562.0
2017-01-06  33.150  32.700   80146.0
2017-01-09  32.500  32.800  261311.0
2017-01-10  32.950  33.400  184427.0
2017-01-11  33.300  33.750  150610.0
2017-01-12  33.350  32.600  119268.0
2017-01-13  32.750  32.900  118797.0
2017-01-17  32.600  32.400  116168.0
2017-01-18  32.300  32.200  102675.0
2017-01-19  32.300  32.250  112656.0
2017-01-20  32.300  32.700  115400.0
2017-01-23  32.500  32.800  116561.0
2017-01-24  33.000  33.900  108230.0
2017-01-25  34.250  34.650  121665.0
2017-01-26  34.550  34.850  116939.0
2017-01-27  34.850  35.000  159492.0
2017-01-30  34.600  33.900  139716.0
2017-01-31  33.700  33.950  144005.0
2017-02-01  34.150  33.900   97587.0
2017-02-02  33.900  33.500  101707.0
2017-02-03  33.500  34.000   87673.0
2017-02-06  33.900  33.600  110125.0
2017-02-07  33.650  34.000   98410.0
2017-02-08  33.750  33.950   84320.0
2017-02-09  34.100  34.350  112383.0
2017-02-10  34.550  34.350  135968.0
2017-02-13  34.500  35.000  145982.0
2017-02-14  34.750  34.450   89743.0
2017-02-15  34.200  34.600  129436.0
2017-02-16  34.700  34.950  104854.0
2017-02-17  35.000  34.350  166861.0
2017-02-21  34.350  34.650  138806.0
2017-02-22  34.500  34.400  166959.0
2017-02-23  32.500  31.950  526769.0
2017-02-24  34.800  34.500  294113.0
2017-02-27  34.450  34.150  185554.0
2017-02-28  34.000  33.650  218710.0
2017-03-01  34.100  35.300  243340.0
2017-03-02  35.200  35.550  261176.0
2017-03-03  35.500  35.300  215005.0
2017-03-06  35.000  34.800  271436.0
2017-03-07  34.600  34.900  214209.0
2017-03-08  35.000  34.850  178069.0
2017-03-09  34.850  34.950  149968.0
2017-03-10  35.150  35.400  194982.0
2017-03-13  35.300  35.350  139591.0
2017-03-14  35.100  35.350  126648.0
2017-03-15  35.600  36.200  198797.0
2017-03-16  36.200  36.550  149253.0
2017-03-17  36.600  37.000  389448.0
2017-03-20  36.850  36.700  134498.0
2017-03-21  36.950  35.900  214510.0
2017-03-22  35.750  35.600  156636.0
2017-03-23  35.600  36.350  117924.0
2017-03-24  36.500  36.250  189627.0
2017-03-27  35.700  35.050  172194.0
2017-03-28  34.900  34.800  190005.0
2017-03-29  34.700  34.950  122874.0
2017-03-30  35.000  35.250  129707.0
2017-03-31  35.200  35.350  200103.0
2017-04-03  35.300  34.350  231423.0
2017-04-04  34.300  34.750  151266.0
2017-04-05  34.900  34.200  122166.0
2017-04-06  34.250  34.400  102179.0
2017-04-07  34.300  34.300  158514.0
2017-04-10  34.300  34.400   80772.0
2017-04-11  34.250  35.250   94858.0
2017-04-12  35.150  34.300  104838.0
2017-04-13  34.150  33.950   98522.0
2017-04-17  34.100  34.650   99430.0
2017-04-18  34.400  34.600  102285.0
2017-04-19  34.750  34.900  114167.0
2017-04-20  35.050  35.850  110599.0
2017-04-21  35.750  36.200  186332.0
2017-04-24  36.850  36.750   93402.0
2017-04-25  37.000  37.000  118054.0
2017-04-26  37.050  37.250  218232.0
2017-04-27  37.350  37.300  133277.0
2017-04-28  37.250  36.650  117103.0
2017-05-01  36.700  37.450  132351.0
2017-05-02  37.450  37.500  121690.0
2017-05-03  37.300  37.200   91843.0
2017-05-04  37.250  37.250  118261.0
2017-05-05  37.500  36.250  186348.0
2017-05-08  36.200  36.900  130265.0
2017-05-09  36.950  37.000  150088.0
2017-05-10  36.900  36.550   90458.0
2017-05-11  36.450  36.750   74463.0
2017-05-12  36.600  36.300   90962.0
2017-05-15  36.300  36.600   85039.0
2017-05-16  36.600  36.650  107911.0
2017-05-17  35.950  35.450  196295.0
2017-05-18  35.500  35.500  127711.0
2017-05-19  35.550  36.650  193155.0
2017-05-22  36.850  36.800   92713.0
2017-05-23  36.950  36.650  109743.0
2017-05-24  36.750  36.900  118827.0
2017-05-25  37.050  36.450   81702.0
2017-05-26  36.300  36.550   82540.0
2017-05-30  36.400  36.150   81472.0
2017-05-31  36.300  36.175  167147.0
2017-06-01  36.250  36.750   92593.0
2017-06-02  36.750  37.300  126660.0
2017-06-05  37.300  36.900   57856.0
2017-06-06  36.600  36.550  108476.0
2017-06-07  36.500  36.100   79706.0
2017-06-08  36.150  36.750   91388.0
2017-06-09  36.900  37.550  180304.0
2017-06-12  37.400  37.350  149220.0
2017-06-13  37.450  37.950  141909.0
2017-06-14  37.850  38.100  120471.0
2017-06-15  37.700  37.650   95975.0
2017-06-16  37.300  37.300  216532.0
2017-06-19  37.400  37.250  120078.0
2017-06-20  37.100  36.850   85025.0
2017-06-21  36.900  36.150  106378.0
2017-06-22  36.250  36.100   92890.0
2017-06-23  36.000  36.200  142694.0
2017-06-26  36.250  36.050   74801.0
2017-06-27  36.050  35.650  107099.0
2017-06-28  36.000  36.300  174879.0
2017-06-29  36.400  36.400  155148.0
2017-06-30  36.450  36.850  104415.0
2017-07-03  37.000  37.000   52991.0
2017-07-05  36.950  37.050   85025.0
2017-07-06  36.800  36.600   80136.0
2017-07-07  36.900  37.200   69376.0
2017-07-10  37.100  37.250   99653.0
2017-07-11  37.200  37.300  161431.0
2017-07-12  37.550  37.550   65505.0
2017-07-13  37.550  37.500   85280.0
2017-07-14  37.450  37.500   84577.0
2017-07-17  37.450  37.650   77555.0
2017-07-18  37.550  37.150   63458.0
2017-07-19  37.150  37.550   55334.0
2017-07-20  37.600  37.500   67047.0
2017-07-21  37.700  37.300  101553.0
2017-07-24  37.300  35.200  259463.0
2017-07-25  35.400  35.000  379434.0
2017-07-26  35.250  34.400  151928.0
2017-07-27  34.450  33.900  131427.0
2017-07-28  33.850  33.800  123503.0
2017-07-31  33.750  33.800  179446.0
2017-08-01  34.000  33.950  136218.0
2017-08-02  33.950  33.750   88928.0
2017-08-03  33.400  33.700  686344.0
2017-08-04  33.650  35.200  246896.0
2017-08-07  35.100  34.950  219238.0
2017-08-08  34.850  34.900  175934.0
2017-08-09  34.750  33.800  137512.0
2017-08-10  33.600  33.400  116540.0
2017-08-11  33.550  33.100  111000.0
2017-08-14  33.250  33.700   67146.0
2017-08-15  33.800  32.700   95943.0
2017-08-16  32.900  32.400  162997.0
2017-08-17  32.250  31.650  175650.0
2017-08-18  31.300  31.650  117614.0
2017-08-21  31.700  31.700  157322.0
2017-08-22  31.950  32.250   59781.0
2017-08-23  32.150  31.850   67118.0
2017-08-24  31.900  31.800   73391.0
2017-08-25  31.850  31.800   81249.0
2017-08-28  31.850  31.900  124527.0
2017-08-29  31.800  32.000  126986.0
2017-08-30  31.950  32.300  105116.0
2017-08-31  32.400  32.600   95872.0
2017-09-01  32.700  32.750   89657.0
2017-09-05  32.650  32.350  100123.0
2017-09-06  32.500  32.550   92616.0
2017-09-07  32.750  31.850  126841.0
2017-09-08  31.750  31.850  227982.0
2017-09-11  32.000  31.900  117567.0
2017-09-12  31.950  31.950  148071.0
2017-09-13  31.950  32.600  127310.0
2017-09-14  32.600  32.650   67733.0
2017-09-15  32.700  32.950  302273.0
2017-09-18  33.050  33.150   99234.0
2017-09-19  33.150  33.200  103320.0
2017-09-20  33.100  33.450  122564.0
2017-09-21  33.550  33.350  134845.0
2017-09-22  33.150  33.300  138290.0
2017-09-25  33.250  33.400   85654.0
2017-09-26  33.450  33.700   85654.0
2017-09-27  33.900  34.950  155878.0
2017-09-28  34.950  34.850  109809.0
2017-09-29  34.900  34.475  232355.0
2017-10-02  34.500  35.150  165902.0
2017-10-03  35.200  35.450  150703.0
2017-10-04  35.400  35.350   96916.0
2017-10-05  35.400  35.150  102239.0
2017-10-06  34.950  35.450  144496.0
2017-10-09  35.450  35.400  110631.0
2017-10-10  35.450  34.800  117957.0
2017-10-11  34.750  34.250  163962.0
2017-10-12  34.200  34.150  188987.0
2017-10-13  34.150  33.850  182050.0
2017-10-16  33.950  34.300  106162.0
2017-10-17  34.200  33.750   75550.0
2017-10-18  33.850  34.250   82777.0
2017-10-19  34.050  34.200   84409.0
2017-10-20  34.550  34.600  132741.0
2017-10-23  34.550  34.650  118063.0
2017-10-24  34.600  35.100  160403.0
2017-10-25  35.150  34.900  117486.0
2017-10-26  35.000  34.750   72371.0
2017-10-27  34.800  34.800   97253.0
2017-10-30  34.550  34.300  174864.0
2017-10-31  34.500  35.000  178922.0
2017-11-01  35.250  34.400  118120.0
2017-11-02  34.300  34.350  123423.0
2017-11-03  34.300  34.450  126927.0
2017-11-06  34.500  34.700  107151.0
2017-11-07  34.650  34.600  179571.0
2017-11-09  34.150  33.350  148479.0
2017-11-10  33.250  33.800  133499.0
2017-11-13  33.600  33.800   89713.0
2017-11-14  33.650  34.300  122478.0
2017-11-15  34.050  33.900  117204.0
2017-11-16  34.100  34.250  189182.0
2017-11-17  34.050  34.450  118655.0
2017-11-20  34.550  34.950  113718.0
2017-11-21  35.050  35.800  228505.0
2017-11-22  35.750  35.700   88627.0
2017-11-24  35.750  35.850   55450.0
2017-11-27  35.800  35.250   99655.0
2017-11-28  35.450  36.000  128417.0
2017-11-29  35.850  36.750  126604.0
2017-11-30  36.950  36.450  152458.0
2017-12-01  36.450  36.350  174681.0
2017-12-04  36.750  37.450  254048.0
2017-12-05  37.500  37.550  253320.0
2017-12-06  37.450  36.300  186069.0
2017-12-07  36.150  36.250  128327.0
2017-12-08  36.550  35.700  102022.0
2017-12-11  35.750  35.050  145541.0
2017-12-12  35.100  34.850  109218.0
2017-12-13  34.850  35.150  140021.0
2017-12-14  35.200  34.550  123888.0
2017-12-15  34.650  35.200  366282.0
2017-12-18  35.500  35.950  175119.0
2017-12-19  36.000  35.350   99028.0
2017-12-20  35.500  35.950  124864.0
2017-12-21  36.050  36.500  114369.0
2017-12-22  36.500  36.750  151677.0
2017-12-26  36.700  36.600  143262.0
2017-12-27  36.650  36.500  117215.0
2017-12-28  36.700  36.800  122519.0
2017-12-29  36.900  36.700  158938.0
2018-01-02  36.950  36.950  151043.0
2018-01-03  36.950  37.600  163085.0
2018-01-04  37.700  37.450  136762.0
2018-01-05  37.550  38.050  135709.0
2018-01-08  37.950  37.450  218944.0
2018-01-09  37.450  37.100  218866.0
2018-01-10  36.900  36.100  125145.0
2018-01-11  36.150  36.200  215986.0
2018-01-12  36.400  36.550  223672.0
2018-01-16  36.750  36.050  130480.0
2018-01-17  36.300  36.300  175727.0
2018-01-18  36.250  36.100  156372.0
2018-01-19  36.100  37.300  171457.0
2018-01-22  37.200  36.350  109250.0
2018-01-23  36.300  36.050  152102.0
2018-01-24  36.200  36.050  171577.0
2018-01-25  36.100  36.050  160863.0
2018-01-26  36.200  36.300  135246.0
2018-01-29  36.100  36.050  271383.0
2018-01-30  36.000  36.000  103987.0
2018-01-31  36.200  36.400  188537.0
2018-02-01  36.250  36.150  124122.0
2018-02-02  35.950  35.600  192394.0
2018-02-05  35.400  34.200  169888.0
2018-02-06  33.400  33.700  266352.0
2018-02-07  33.550  33.750  126138.0
2018-02-08  33.700  33.100  127707.0
2018-02-09  33.450  33.150  315963.0
2018-02-12  33.300  33.650  171227.0
2018-02-13  33.450  33.900  108234.0
2018-02-14  33.550  34.350  101321.0
2018-02-15  34.600  34.600   47895.0
2018-02-16  34.450  35.050   97405.0
2018-02-20  34.850  34.350   62871.0
2018-02-21  34.400  34.450  111540.0
2018-02-22  34.650  34.850   68658.0
2018-02-23  35.100  35.400   95753.0
2018-02-26  35.400  35.750   75271.0
2018-02-27  35.650  38.650  720862.0
2018-02-28  38.650  36.750  390614.0
2018-03-01  36.900  35.450  183260.0
2018-03-02  35.150  35.400  156614.0
2018-03-05  35.200  35.400  122614.0
2018-03-06  35.550  35.950  221379.0
2018-03-07  35.750  36.350  129608.0
2018-03-08  36.500  36.350  125763.0
2018-03-09  36.550  37.850  217768.0
2018-03-12  37.950  38.200  264870.0
2018-03-13  38.350  38.650  225144.0
2018-03-14  38.850  38.500  180682.0
2018-03-15  38.550  38.800  265826.0
2018-03-16  38.800  39.100  419862.0
2018-03-19  39.000  39.050  300498.0
2018-03-20  39.050  39.250  183069.0
2018-03-21  39.300  39.050  165466.0
2018-03-22  38.900  38.550  321267.0
2018-03-23  38.600  37.200  146251.0
2018-03-26  37.850  37.950  109067.0
2018-03-27  38.000  38.000  191052.0