date      open     close       volume
                                          
2013-01-02  553.8200  549.0300   20018500.0
2013-01-03  547.8800  542.0959   12605900.0
2013-01-04  536.9650  527.0000   21226200.0
2013-01-07  522.0000  523.9000   17291300.0
2013-01-08  529.2100  525.3100   16382400.0
2013-01-09  522.5000  517.1000   14557300.0
2013-01-10  528.5500  523.5100   21469500.0
2013-01-11  521.0000  520.3000   12518100.0
2013-01-14  502.6800  501.7500   26221700.0
2013-01-15  498.3000  485.9200   31313300.0
2013-01-16  494.6400  506.0900   24671600.0
2013-01-17  510.3100  502.6800   16202800.0
2013-01-18  498.5160  500.0000   16890100.0
2013-01-22  504.5600  504.7700   16483800.0
2013-01-23  508.8100  514.0050   30768200.0
2013-01-24  460.0000  450.5000   52173300.0
2013-01-25  451.6900  439.8800   43143800.0
2013-01-28  437.8250  449.8300   28054200.0
2013-01-29  458.5000  458.2700   20398500.0
2013-01-30  457.0000  456.8300   14898400.0
2013-01-31  456.9800  455.4900   11404800.0
2013-02-01  459.1100  453.6200   19267300.0
2013-02-04  453.9100  442.3160   17039900.0
2013-02-05  444.0500  457.8440   20476700.0
2013-02-06  456.4700  457.3500   21203800.0
2013-02-07  463.2500  468.2200   25163600.0
2013-02-08  474.0000  474.9800   22612800.0
2013-02-11  476.5000  479.9300   18481800.0
2013-02-12  479.5100  467.9000   21751900.0
2013-02-13  467.2100  467.0100   16971700.0
2013-02-14  464.5199  466.5900   12688400.0
2013-02-15  468.8500  460.1600   13990900.0
2013-02-19  461.1000  459.9900   15563700.0
2013-02-20  457.6900  448.8500   17010800.0
2013-02-21  446.0000  446.0600   15970800.0
2013-02-22  449.2500  450.8100   11809100.0
2013-02-25  453.8500  442.8000   13306400.0
2013-02-26  443.8200  448.9700   17910700.0
2013-02-27  448.4300  444.5700   20976800.0
2013-02-28  444.0500  441.4000   11518400.0
2013-03-01  438.0000  430.4700   19730300.0
2013-03-04  427.8000  420.0500   20812700.0
2013-03-05  421.4800  431.1440   22801200.0
2013-03-06  434.5100  425.6620   16437500.0
2013-03-07  424.5000  430.5820   16731200.0
2013-03-08  429.8000  431.7200   13981500.0
2013-03-11  429.7499  437.8700   16937000.0
2013-03-12  435.6000  428.4300   16639700.0
2013-03-13  428.4500  428.3500   14483900.0
2013-03-14  432.8300  432.5000   10852700.0
2013-03-15  437.9300  443.6600   22998600.0
2013-03-18  441.4500  455.7200   21649900.0
2013-03-19  459.5000  454.4900   18813400.0
2013-03-20  457.4200  452.0800   11023600.0
2013-03-21  450.2200  452.7300   13687700.0
2013-03-22  454.5800  461.9100   14110900.0
2013-03-25  464.6900  463.5800   17897700.0
2013-03-26  465.4400  461.1360   10510500.0
2013-03-27  456.4600  452.0800   11829900.0
2013-03-28  449.8200  442.6600   15815700.0
2013-04-01  441.9000  428.9100   13919000.0
2013-04-02  427.6000  429.7920   18911400.0
2013-04-03  431.3700  431.9900   12972000.0
2013-04-04  433.7600  427.7200   12801700.0
2013-04-05  424.5000  423.2000   13703400.0
2013-04-08  424.8500  426.2100   10743900.0
2013-04-09  426.3600  426.9800   10950500.0
2013-04-10  428.1000  435.6900   13426000.0
2013-04-11  433.7200  434.3300   11727300.0
2013-04-12  434.1500  429.8000    8521900.0
2013-04-15  427.0000  419.8500   11340000.0
2013-04-16  421.5700  426.2400   10920400.0
2013-04-17  420.2700  402.8000   33752000.0
2013-04-18  404.9900  392.0500   23796400.0
2013-04-19  387.9700  390.5300   21759800.0
2013-04-22  392.6400  398.6700   15354300.0
2013-04-23  403.9900  406.1300   23722800.0
2013-04-24  393.5400  405.4620   34630400.0
2013-04-25  411.2250  408.3800   13744200.0
2013-04-26  409.8100  417.2050   27289200.0
2013-04-29  420.4500  430.1200   22868800.0
2013-04-30  435.1000  442.7800   24697800.0
2013-05-01  444.4600  439.2900   18103900.0
2013-05-02  441.7800  445.5200   15065300.0
2013-05-03  451.3100  449.9800   12903600.0
2013-05-06  455.7100  460.7100   17737200.0
2013-05-07  464.9700  458.6580   17276900.0
2013-05-08  459.0400  463.8400   16878500.0
2013-05-09  459.8100  456.7700   14231700.0
2013-05-10  457.9700  452.9700   11959000.0
2013-05-13  451.5100  454.7400   11319600.0
2013-05-14  453.8500  443.8600   15968500.0
2013-05-15  439.1600  428.8500   26486200.0
2013-05-16  423.2400  434.5780   21543000.0
2013-05-17  439.0500  433.2600   15282300.0
2013-05-20  431.9100  442.9300   16127800.0
2013-05-21  438.1500  439.6600   16286500.0
2013-05-22  444.0500  441.3540   15822800.0
2013-05-23  435.9500  442.1400   12607900.0
2013-05-24  440.8500  445.1500    9863100.0
2013-05-28  449.9000  441.4390   13790900.0
2013-05-29  440.0000  444.9500   11806300.0
2013-05-30  445.6500  451.5800   12625700.0
2013-05-31  452.5000  449.7350   13725100.0
2013-06-03  450.7300  450.7200   13298300.0
2013-06-04  453.2200  449.3100   10454600.0
2013-06-05  445.6500  445.1100   10378200.0
2013-06-06  445.4700  438.4600   14890500.0
2013-06-07  436.5000  441.8110   14447700.0
2013-06-10  444.7300  438.8900   16076900.0
2013-06-11  435.7400  437.6000   10218300.0
2013-06-12  439.5000  432.1900    9472400.0
2013-06-13  432.5000  435.9650   10208300.0
2013-06-14  435.4000  430.0500    9709500.0
2013-06-17  431.4400  432.0000    9264800.0
2013-06-18  431.5600  431.7700    6965200.0
2013-06-19  431.4000  423.0000   11105000.0
2013-06-20  419.3000  416.8380   12761100.0
2013-06-21  418.4900  413.5000   17182800.0
2013-06-24  407.4000  402.5400   17169500.0
2013-06-25  405.7000  402.6300   11220100.0
2013-06-26  403.9000  398.0700   13133000.0
2013-06-27  399.2500  393.7800   12044500.0
2013-06-28  391.3600  396.5300   20661300.0
2013-07-01  402.6900  409.2200   13966200.0
2013-07-02  409.9600  418.4900   16780900.0
2013-07-03  420.8600  420.8000    8604600.0
2013-07-05  420.3900  417.4200    9786600.0
2013-07-08  420.1100  415.0500   10647800.0
2013-07-09  413.6000  422.3500   12592300.0
2013-07-10  419.6000  420.7300   10050200.0
2013-07-11  422.9500  427.2880   11653300.0
2013-07-12  427.6500  426.5100    9984400.0
2013-07-15  425.0100  427.4400    8639900.0
2013-07-16  426.5200  430.1950    7733500.0
2013-07-17  429.7000  430.3100    7106800.0
2013-07-18  433.3800  431.7580    7817100.0
2013-07-19  433.1000  424.9500    9597200.0
2013-07-22  429.4600  426.3100    7421300.0
2013-07-23  426.0000  418.9900   13192700.0
2013-07-24  438.9300  440.5100   21140600.0
2013-07-25  440.7000  438.5000    8196200.0
2013-07-26  435.3000  440.9900    7148300.0
2013-07-29  440.8000  447.7900    8859200.0
2013-07-30  449.9600  453.3200   11050800.0
2013-07-31  454.9900  452.5300   11534200.0
2013-08-01  455.7527  456.6760    7366100.0
2013-08-02  458.0100  462.5400    9813700.0
2013-08-05  464.6900  469.4500   11387700.0
2013-08-06  468.0200  465.2500   11959200.0
2013-08-07  463.8000  464.9800   10673500.0
2013-08-08  463.8550  461.0100    9134900.0
2013-08-09  458.6400  454.4500    9530900.0
2013-08-12  456.8600  467.3600   13015500.0
2013-08-13  470.9400  489.5700   31497900.0
2013-08-14  497.8800  498.5000   27013300.0
2013-08-15  496.4200  497.9100   17510500.0
2013-08-16  500.1500  502.3300   12939500.0
2013-08-19  504.3400  507.7400   18232800.0
2013-08-20  509.7100  501.0700   12810300.0
2013-08-21  503.5900  502.3600   11995700.0
2013-08-22  504.9800  502.9600    8721700.0
2013-08-23  503.2700  501.0200    7954700.0
2013-08-26  500.7500  502.9700   11820200.0
2013-08-27  498.0000  488.5900   15149600.0
2013-08-28  486.0000  490.8960   10986000.0
2013-08-29  491.6500  491.7000    8559200.0
2013-08-30  492.0000  487.2160    9724900.0
2013-09-03  493.1000  488.5800   11854600.0
2013-09-04  499.5600  498.6910   12322600.0
2013-09-05  500.2500  495.2700    8441700.0
2013-09-06  498.4400  498.2200   12840200.0
2013-09-09  505.0000  506.1700   12167400.0
2013-09-10  506.2000  494.6400   26542700.0
2013-09-11  467.0101  467.7100   32096300.0
2013-09-12  468.5000  472.6900   14430400.0
2013-09-13  469.3402  464.9000   10672700.0
2013-09-16  461.0000  450.1200   19418100.0
2013-09-17  447.9600  455.3200   14263600.0
2013-09-18  463.1800  464.6800   16316500.0
2013-09-19  470.7000  472.3000   14447900.0
2013-09-20  478.0000  467.4100   24975100.0
2013-09-23  496.1000  490.6400   27218100.0
2013-09-24  494.8800  489.1000   13012300.0
2013-09-25  489.2000  481.5300   11319900.0
2013-09-26  486.0000  486.2200    8472200.0
2013-09-27  483.7800  482.7500    8144300.0
2013-09-30  477.2500  476.7500    9291300.0
2013-10-01  478.4500  487.9600   12638700.0
2013-10-02  485.6300  489.5600   10328000.0
2013-10-03  490.5100  483.4100   11526900.0
2013-10-04  483.8600  483.0300    9245300.0
2013-10-07  486.5600  487.7500   11153300.0
2013-10-08  489.9400  480.9400   10389900.0
2013-10-09  484.6400  486.5880   10775900.0
2013-10-10  491.3200  489.6380    9950100.0
2013-10-11  486.9900  492.8120    9562100.0
2013-10-14  489.8300  496.0400    9353500.0
2013-10-15  497.5050  498.6800   11431200.0
2013-10-16  500.7900  501.1140    8967900.0
2013-10-17  499.9800  504.5000    9056900.0
2013-10-18  505.9900  508.8900   10376500.0
2013-10-21  511.7700  521.3620   14218100.0
2013-10-22  526.4050  519.8675   19073700.0
2013-10-23  519.0000  524.9600   11204400.0
2013-10-24  525.0000  531.9100   13741600.0
2013-10-25  531.3150  525.9580   12064000.0
2013-10-28  529.0400  529.8760   19658600.0
2013-10-29  536.2700  516.6780   22707400.0
2013-10-30  519.6100  524.8960   12648700.0
2013-10-31  525.0000  522.7020    9846300.0
2013-11-01  524.0200  520.0300    9817500.0
2013-11-04  521.1000  526.7500    8736700.0
2013-11-05  524.5800  525.4490    9471900.0
2013-11-06  524.1500  520.9200    7977700.0
2013-11-07  519.5800  512.4920    9379300.0
2013-11-08  514.5800  520.5600    9975600.0
2013-11-11  519.9900  519.0480    8123300.0
2013-11-12  517.6700  520.0100    7295600.0
2013-11-13  518.0000  520.6340    7043600.0
2013-11-14  522.8100  528.1600   10086400.0
2013-11-15  526.5800  524.9910   11354300.0
2013-11-18  524.9900  518.6290    8748000.0
2013-11-19  519.0300  519.5500    7462100.0
2013-11-20  519.2300  515.0000    6925600.0
2013-11-21  517.6000  521.1360    9358100.0
2013-11-22  519.5200  519.8000    7990200.0
2013-11-25  521.0200  523.7400    8189700.0
2013-11-26  524.1200  533.4000   14335100.0
2013-11-27  536.3098  545.9600   12980300.0
2013-11-29  549.4800  556.0700   11361700.0
2013-12-02  558.0000  551.2300   16876600.0
2013-12-03  558.3000  566.3220   16106000.0
2013-12-04  565.5000  565.0000   13493200.0
2013-12-05  572.6500  567.9010   15985000.0
2013-12-06  565.7900  560.0200   12298300.0
2013-12-09  560.9001  566.4300   11446200.0
2013-12-10  563.5800  565.5500    9938200.0
2013-12-11  567.0000  561.3600   12847100.0
2013-12-12  562.1415  560.5400    9367500.0
2013-12-13  562.8500  554.4300   11886500.0
2013-12-16  555.0200  557.5000   10092600.0
2013-12-17  555.8100  554.9900    8210800.0
2013-12-18  549.7000  550.7700   20209400.0
2013-12-19  549.5000  544.4600   11439600.0
2013-12-20  545.4300  549.0200   15586200.0
2013-12-23  568.0000  570.0900   17903800.0
2013-12-24  569.8900  567.6700    5984100.0
2013-12-26  568.1000  563.9000    7286000.0
2013-12-27  563.8200  560.0900    8067300.0
2013-12-30  557.4600  554.5200    9058200.0
2013-12-31  554.1700  561.0200    7967300.0
2014-01-02  555.6800  553.1300    8381600.0
2014-01-03  552.8600  540.9800   14016700.0
2014-01-06  537.4500  543.9300   14736100.0
2014-01-07  544.3200  540.0375   11328900.0
2014-01-08  538.8100  543.4600    9233200.0
2014-01-09  546.8000  536.5190    9969600.0
2014-01-10  539.8300  532.9400   10892000.0
2014-01-13  529.9100  535.7300   13517600.0
2014-01-14  538.2200  546.3900   11877200.0
2014-01-15  553.5200  557.3600   13987100.0
2014-01-16  554.9000  554.2500    8188500.0
2014-01-17  551.4800  540.6700   15240700.0
2014-01-21  540.9900  549.0700   11733100.0
2014-01-22  550.9147  551.5100   13570900.0
2014-01-23  549.9400  556.1800   14401400.0
2014-01-24  554.0000  546.0700   15334100.0
2014-01-27  550.0700  550.5000   19817100.0
2014-01-28  508.7600  506.5000   38054400.0
2014-01-29  503.9500  500.7500   17957500.0
2014-01-30  502.5400  499.7820   24232200.0
2014-01-31  495.1800  500.6000   16599900.0
2014-02-03  502.6100  501.5300   14338000.0
2014-02-04  505.8500  508.7900   13452900.0
2014-02-05  506.5600  512.5900   11726600.0
2014-02-06  510.0600  512.5100    9205900.0
2014-02-07  521.3800  519.6800   13224300.0
2014-02-10  518.6600  528.9900   12341400.0
2014-02-11  530.6100  535.9600   10080600.0
2014-02-12  536.9500  535.9200   11003600.0
2014-02-13  534.6600  544.4300   10978500.0
2014-02-14  542.4700  543.9900    9747300.0
2014-02-18  546.0000  545.9900    9294700.0
2014-02-19  544.7500  537.3700   11206000.0
2014-02-20  532.9900  531.1500   10923500.0
2014-02-21  532.7927  525.2500    9956600.0
2014-02-24  523.1500  527.5500   10318200.0
2014-02-25  529.3800  522.0600    8284000.0
2014-02-26  523.6100  517.3500    9864900.0
2014-02-27  517.1400  527.6700   10781500.0
2014-02-28  529.0800  526.2400   13284600.0
2014-03-03  523.4200  527.7600    8527900.0
2014-03-04  531.0000  531.2400    9255000.0
2014-03-05  530.9200  532.3600    7145100.0
2014-03-06  532.7900  530.7500    6624600.0
2014-03-07  531.0900  530.4400    7883200.0
2014-03-10  528.3600  530.9200    6378000.0
2014-03-11  535.4500  536.0900    9972300.0
2014-03-12  534.5100  536.6100    7118800.0
2014-03-13  537.4400  530.6500    9205100.0
2014-03-14  528.7900  524.6900    8471400.0
2014-03-17  527.7000  526.7400    7126600.0
2014-03-18  525.9000  531.4000    7487400.0
2014-03-19  532.2600  531.2600    8027000.0
2014-03-20  529.8900  528.7000    7442800.0
2014-03-21  531.9300  532.8700   13358800.0
2014-03-24  538.4200  539.1900   12703600.0
2014-03-25  541.5000  544.9900   10081900.0
2014-03-26  546.5200  539.7800   10706000.0
2014-03-27  540.0150  537.4600    7929700.0
2014-03-28  538.3200  536.8600    7163000.0
2014-03-31  539.2300  536.7400    6023900.0
2014-04-01  537.7600  541.6500    7170000.0
2014-04-02  542.3800  542.5500    6443600.0
2014-04-03  541.3900  538.7900    5798000.0
2014-04-04  539.8100  531.8200    9830400.0
2014-04-07  528.0200  523.4700   10351800.0
2014-04-08  525.1900  523.4400    8710300.0
2014-04-09  522.6400  530.3200    7363200.0
2014-04-10  530.6800  523.4800    8559000.0
2014-04-11  519.0000  519.6100    9704200.0
2014-04-14  521.9000  521.6800    7345500.0
2014-04-15  520.2700  517.9599    9517500.0
2014-04-16  518.0500  519.0100    7670200.0
2014-04-17  520.0000  524.9400   10154800.0
2014-04-21  525.3400  531.1700    6519600.0
2014-04-22  528.3100  531.6990    7234400.0
2014-04-23  529.0600  524.7500   14105000.0
2014-04-24  568.2100  567.7700   27139700.0
2014-04-25  564.5300  571.9400   13938400.0
2014-04-28  572.8000  594.0900   23910200.0
2014-04-29  593.7400  592.3300   12049200.0
2014-04-30  592.6400  590.0900   16308600.0
2014-05-01  592.0000  591.4800    8716000.0
2014-05-02  592.3400  592.5800    6839800.0
2014-05-05  590.1400  600.9600   10252400.0
2014-05-06  601.8000  594.4100   13377300.0
2014-05-07  595.2500  592.3300   10102300.0
2014-05-08  588.2500  587.9900    8224900.0
2014-05-09  584.5400  585.5425   10414200.0
2014-05-12  587.4900  592.8300    7614600.0
2014-05-13  592.0000  593.7600    5704900.0
2014-05-14  592.4300  593.8700    5943000.0
2014-05-15  594.7000  588.8200    8244500.0
2014-05-16  588.6300  597.5100    9866300.0
2014-05-19  597.8500  604.5900   11348400.0
2014-05-20  604.5100  604.7100    8387000.0
2014-05-21  603.8300  606.3100    7030700.0
2014-05-22  606.6000  607.2700    7170000.0
2014-05-23  607.2500  614.1300    8293200.0
2014-05-27  615.8800  625.6300   12459500.0
2014-05-28  626.0200  624.0100   11267200.0
2014-05-29  627.8500  635.3800   13445500.0
2014-05-30  637.9800  633.0000   20143600.0
2014-06-02  633.9600  628.6500   13191100.0
2014-06-03  628.4600  637.5400   10453900.0
2014-06-04  637.4400  644.8200   11981500.0
2014-06-05  646.2000  647.3500   10850200.0
2014-06-06  649.9000  645.5700   12497800.0
2014-06-09   92.7000   93.7000   75414997.0
2014-06-10   94.7300   94.2500   62777000.0
2014-06-11   94.1300   93.8600   45681000.0
2014-06-12   94.0400   92.2900   54749000.0
2014-06-13   92.2000   91.2800   54525000.0
2014-06-16   91.5100   92.2000   35561000.0
2014-06-17   92.3100   92.0800   29726000.0
2014-06-18   92.2700   92.1800   33514000.0
2014-06-19   92.2900   91.8600   35528000.0
2014-06-20   91.8500   90.9100  100898000.0
2014-06-23   91.3200   90.8300   43694000.0
2014-06-24   90.7500   90.2800   39036000.0
2014-06-25   90.2100   90.3600   36869000.0
2014-06-26   90.3700   90.9000   32629000.0
2014-06-27   90.8200   91.9800   64029000.0
2014-06-30   92.1000   92.9300   49589000.0
2014-07-01   93.5200   93.5200   38223000.0
2014-07-02   93.8650   93.4800   28465000.0
2014-07-03   93.6700   94.0300   22891800.0
2014-07-07   94.1400   95.9680   56468000.0
2014-07-08   96.2700   95.3500   65222000.0
2014-07-09   95.4400   95.3900   36436000.0
2014-07-10   93.7600   95.0350   39686000.0
2014-07-11   95.3600   95.2200   34018000.0
2014-07-14   95.8600   96.4500   42810000.0
2014-07-15   96.8000   95.3200   45477900.0
2014-07-16   96.9700   94.7800   53502000.0
2014-07-17   95.0300   93.0899   57298000.0
2014-07-18   93.6200   94.4300   49988000.0
2014-07-21   94.9900   93.9390   39079000.0
2014-07-22   94.6800   94.7200   55197000.0
2014-07-23   95.4200   97.1900   92918000.0
2014-07-24   97.0350   97.0300   45729000.0
2014-07-25   96.8500   97.6710   43469000.0
2014-07-28   97.8200   99.0200   55318000.0
2014-07-29   99.3300   98.3800   43143000.0
2014-07-30   98.4400   98.1500   33010000.0
2014-07-31   97.1600   95.6000   56843000.0
2014-08-01   94.9000   96.1300   48511000.0
2014-08-04   96.3700   95.5900   39958000.0
2014-08-05   95.3600   95.1200   55933000.0
2014-08-06   94.7500   94.9600   38558000.0
2014-08-07   94.9300   94.4800   46711000.0
2014-08-08   94.2600   94.7400   41865000.0
2014-08-11   95.2700   95.9900   36585000.0
2014-08-12   96.0400   95.9700   33795000.0
2014-08-13   96.1500   97.2400   31916000.0
2014-08-14   97.3300   97.5000   28116000.0
2014-08-15   97.9000   97.9800   48951000.0
2014-08-18   98.4900   99.1600   47572000.0
2014-08-19   99.4100  100.5300   69274700.0
2014-08-20  100.4400  100.5700   52612800.0
2014-08-21  100.5700  100.5800   33421900.0
2014-08-22  100.2900  101.3200   44102400.0
2014-08-25  101.7900  101.5400   40144700.0
2014-08-26  101.4200  100.8890   33119800.0
2014-08-27  101.0200  102.1300   46827400.0
2014-08-28  101.5900  102.2500   68389800.0
2014-08-29  102.8600  102.5000   44567000.0
2014-09-02  103.0600  103.3000   53491400.0
2014-09-03  103.1000   98.9400  125233100.0
2014-09-04   98.8500   98.1200   85594800.0
2014-09-05   98.8000   98.9700   58353200.0
2014-09-08   99.3000   98.3600   46277800.0
2014-09-09   99.0800   97.9900  189560600.0
2014-09-10   98.0100  101.0000  100741900.0
2014-09-11  100.4100  101.4300   62353100.0
2014-09-12  101.2100  101.6600   62626100.0
2014-09-15  102.8100  101.6300   61216500.0
2014-09-16   99.8000  100.8600   66818200.0
2014-09-17  101.2700  101.5800   60892400.0
2014-09-18  101.9300  101.7900   37023900.0
2014-09-19  102.2900  100.9600   70838500.0
2014-09-22  101.8000  101.0600   52722000.0
2014-09-23  100.6000  102.6400   63347200.0
2014-09-24  102.1600  101.7500   59725174.0
2014-09-25  100.5100   97.8700   99565849.0
2014-09-26   98.5300  100.7500   62370501.0
2014-09-29   98.6500  100.1100   49766312.0
2014-09-30  100.8100  100.7500   55264139.0
2014-10-01  100.5900   99.1800   51491286.0
2014-10-02   99.2700   99.9000   47757828.0
2014-10-03   99.4400   99.6200   43469585.0
2014-10-06   99.9500   99.6200   37051182.0
2014-10-07   99.4300   98.7500   42094183.0
2014-10-08   98.7600  100.8000   57404674.0
2014-10-09  101.5400  101.0200   77376525.0
2014-10-10  100.6900  100.7300   66331592.0
2014-10-13  101.3300   99.8100   53583368.0
2014-10-14  100.3900   98.7500   63688562.0
2014-10-15   97.9700   97.5400  100933600.0
2014-10-16   95.5500   96.2600   72154523.0
2014-10-17   97.5000   97.6700   68179688.0
2014-10-20   98.3150   99.7600   77517279.0
2014-10-21  103.0200  102.4700   94623904.0
2014-10-22  102.8400  102.9900   68263146.0
2014-10-23  104.0800  104.8300   71074674.0
2014-10-24  105.1800  105.2200   47053916.0
2014-10-27  104.8500  105.1100   34187701.0
2014-10-28  105.4000  106.7400   48060949.0
2014-10-29  106.6500  107.3400   52687879.0
2014-10-30  106.9590  106.9800   40654793.0
2014-10-31  108.0100  108.0000   44639285.0
2014-11-03  108.2200  109.4000   52282550.0
2014-11-04  109.3600  108.6000   41574365.0
2014-11-05  109.1000  108.8600   37435905.0
2014-11-06  108.6000  108.7000   34968457.0
2014-11-07  108.7500  109.0100   33691535.0
2014-11-10  109.0200  108.8300   27195547.0
2014-11-11  108.7000  109.7000   27442252.0
2014-11-12  109.3800  111.2500   46942431.0
2014-11-13  111.8000  112.8200   59522855.0
2014-11-14  113.1500  114.1800   44063595.0
2014-11-17  114.2700  113.9900   46746712.0
2014-11-18  113.9400  115.4700   44223978.0
2014-11-19  115.4400  114.6700   41869160.0
2014-11-20  114.9100  116.3100   43395537.0
2014-11-21  117.5100  116.4700   57179298.0
2014-11-24  116.8500  118.6250   47450824.0
2014-11-25  119.0700  117.6000   68840440.0
2014-11-26  117.9400  119.0000   40831886.0
2014-11-28  119.2700  118.9300   24814402.0
2014-12-01  118.8100  115.0700   83814037.0
2014-12-02  113.5000  114.6300   59348940.0
2014-12-03  115.7500  115.9300   43063440.0
2014-12-04  115.7700  115.4900   42155776.0
2014-12-05  115.9900  115.0000   38318895.0
2014-12-08  114.1000  112.4000   57664850.0
2014-12-09  110.1900  114.1200   60208036.0
2014-12-10  114.4100  111.9500   44565318.0
2014-12-11  112.2600  111.6200   41471578.0
2014-12-12  110.4600  109.7300   56028138.0
2014-12-15  110.7000  108.2250   67218082.0
2014-12-16  106.3700  106.7450   60790733.0
2014-12-17  107.1200  109.4100   53411773.0
2014-12-18  111.8700  112.6500   59006218.0
2014-12-19  112.2600  111.7800   88429770.0
2014-12-22  112.1600  112.9400   45167549.0
2014-12-23  113.2300  112.5400   26028419.0
2014-12-24  112.5800  112.0100   14479611.0
2014-12-26  112.1000  113.9900   33720951.0
2014-12-29  113.7900  113.9100   27598920.0
2014-12-30  113.6400  112.5200   29881477.0
2014-12-31  112.8200  110.3800   41403351.0
2015-01-02  111.3900  109.3300   53204626.0
2015-01-05  108.2900  106.2500   64285491.0
2015-01-06  106.5400  106.2600   65797116.0
2015-01-07  107.2000  107.7500   40105934.0
2015-01-08  109.2300  111.8900   59364547.0
2015-01-09  112.6700  112.0100   53315099.0
2015-01-12  112.6000  109.2500   49650790.0
2015-01-13  111.4300  110.2200   67091928.0
2015-01-14  109.0400  109.8000   48956588.0
2015-01-15  110.0000  106.8200   60013996.0
2015-01-16  107.0300  105.9900   78513345.0
2015-01-20  107.8400  108.7200   49899907.0
2015-01-21  108.9500  109.5500   48575897.0
2015-01-22  110.2600  112.4000   53796409.0
2015-01-23  112.3000  112.9800   46464828.0
2015-01-26  113.7400  113.1000   55614979.0
2015-01-27  112.4200  109.1400   95568749.0
2015-01-28  117.6250  115.3100  146477063.0
2015-01-29  116.3200  118.9000   84436432.0
2015-01-30  118.4000  117.1600   83745461.0
2015-02-02  118.0500  118.6300   62739100.0
2015-02-03  118.5000  118.6500   51915749.0
2015-02-04  118.5000  119.5600   70149743.0
2015-02-05  120.0200  119.9400   42246245.0
2015-02-06  120.0200  118.9300   43706567.0
2015-02-09  118.5500  119.7200   38889797.0
2015-02-10  120.1700  122.0200   62008506.0
2015-02-11  122.7700  124.8800   73561797.0
2015-02-12  126.0600  126.4600   74474466.0
2015-02-13  127.2800  127.0800   54272219.0
2015-02-17  127.4900  127.8300   63152405.0
2015-02-18  127.6250  128.7150   44891737.0
2015-02-19  128.4800  128.4500   37362381.0
2015-02-20  128.6200  129.4950   48948419.0
2015-02-23  130.0200  133.0000   70974110.0
2015-02-24  132.9400  132.1700   69228130.0
2015-02-25  131.5600  128.7900   74711746.0
2015-02-26  128.7850  130.4150   91287529.0
2015-02-27  130.0000  128.4600   62014847.0
2015-03-02  129.2500  129.0900   48096663.0
2015-03-03  128.9600  129.3600   37816283.0
2015-03-04  129.1000  128.5400   31666340.0
2015-03-05  128.5800  126.4100   56517146.0
2015-03-06  128.4000  126.6000   72842060.0
2015-03-09  127.9600  127.1400   88528487.0
2015-03-10  126.4100  124.5100   68856582.0
2015-03-11  124.7500  122.2400   68938974.0
2015-03-12  122.3100  124.4500   48362719.0
2015-03-13  124.4000  123.5900   51827283.0
2015-03-16  123.8800  124.9500   35874300.0
2015-03-17  125.9000  127.0400   51023104.0
2015-03-18  127.0000  128.4700   65270945.0
2015-03-19  128.7500  127.4950   45809490.0
2015-03-20  128.2500  125.9000   68695136.0
2015-03-23  127.1200  127.2100   37709674.0
2015-03-24  127.2300  126.6900   32842304.0
2015-03-25  126.5400  123.3800   51655177.0
2015-03-26  122.7600  124.2400   47572869.0
2015-03-27  124.5700  123.2500   39546151.0
2015-03-30  124.0500  126.3700   47099670.0
2015-03-31  126.0900  124.4300   42090553.0
2015-04-01  124.8200  124.2500   40621437.0
2015-04-02  125.0300  125.3200   32220131.0
2015-04-06  124.4700  127.3500   37193975.0
2015-04-07  127.6400  126.0100   35012268.0
2015-04-08  125.8500  125.6000   37329243.0
2015-04-09  125.8500  126.5600   32483974.0
2015-04-10  125.9500  127.1000   40187953.0
2015-04-13  128.3700  126.8500   36365123.0
2015-04-14  127.0000  126.3000   25524593.0
2015-04-15  126.4100  126.7800   28970419.0
2015-04-16  126.2800  126.1700   28368987.0
2015-04-17  125.5500  124.7500   51957046.0
2015-04-20  125.5700  127.6000   47054310.0
2015-04-21  128.1000  126.9100   32435057.0
2015-04-22  126.9900  128.6200   37654505.0
2015-04-23  128.3000  129.6700   45770902.0
2015-04-24  130.4900  130.2800   44525905.0
2015-04-27  132.3100  132.6500   96954207.0
2015-04-28  134.4550  130.5600  118923970.0
2015-04-29  130.1600  128.6400   63386083.0
2015-04-30  127.5000  125.1500   83195423.0
2015-05-01  126.1000  128.9500   58512638.0
2015-05-04  129.5000  128.7000   50988278.0
2015-05-05  128.1500  125.8000   49271416.0
2015-05-06  126.5600  125.0100   72141010.0
2015-05-07  124.7700  125.2600   43940895.0
2015-05-08  126.6800  127.6200   55550382.0
2015-05-11  127.3900  126.3200   42035757.0
2015-05-12  125.6000  125.8650   48160032.0
2015-05-13  126.1500  126.0100   34694235.0
2015-05-14  127.4100  128.9500   45203456.0
2015-05-15  129.0700  128.7700   38208034.0
2015-05-18  128.3800  130.1900   50882918.0
2015-05-19  130.6900  130.0700   44633240.0
2015-05-20  130.0000  130.0600   36454932.0
2015-05-21  130.0700  131.3900   39730364.0
2015-05-22  131.6000  132.5400   45595972.0
2015-05-26  132.6000  129.6200   70697560.0
2015-05-27  130.3400  132.0450   45833246.0
2015-05-28  131.8600  131.7800   30733309.0
2015-05-29  131.2300  130.2800   50884452.0
2015-06-01  131.2000  130.5350   32112797.0
2015-06-02  129.8600  129.9600   33667627.0
2015-06-03  130.6600  130.1200   30983542.0
2015-06-04  129.5800  129.3600   38450118.0
2015-06-05  129.5000  128.6500   35626800.0
2015-06-08  128.9000  127.8000   52674786.0
2015-06-09  126.7000  127.4200   56075420.0
2015-06-10  127.9200  128.8800   39087250.0
2015-06-11  129.1800  128.5900   35390887.0
2015-06-12  128.1850  127.1700   36886246.0
2015-06-15  126.1000  126.9200   43988946.0
2015-06-16  127.0300  127.6000   31494131.0
2015-06-17  127.7200  127.3000   32918071.0
2015-06-18  127.2300  127.8800   35407220.0
2015-06-19  127.7100  126.6000   54716887.0
2015-06-22  127.4900  127.6100   34039345.0
2015-06-23  127.4800  127.0300   30268863.0
2015-06-24  127.2100  128.1100   55280855.0
2015-06-25  128.8600  127.5000   31938100.0
2015-06-26  127.6700  126.7500   44066841.0
2015-06-29  125.4600  124.5300   49161427.0
2015-06-30  125.5700  125.4250   44370682.0
2015-07-01  126.9000  126.6000   30238811.0
2015-07-02  126.4300  126.4400   27210952.0
2015-07-06  124.9400  126.0000   28060431.0
2015-07-07  125.8900  125.6900   46946811.0
2015-07-08  124.4800  122.5700   60761614.0
2015-07-09  123.8500  120.0700   78595038.0
2015-07-10  121.9400  123.2800   61354474.0
2015-07-13  125.0300  125.6600   41440538.0
2015-07-14  126.0400  125.6100   31768139.0
2015-07-15  125.7200  126.8200   33649200.0
2015-07-16  127.7400  128.5100   36222447.0
2015-07-17  129.0800  129.6200   46164710.0
2015-07-20  130.9700  132.0700   58900203.0
2015-07-21  132.8500  130.7500   76756427.0
2015-07-22  121.9900  125.2200  115450607.0
2015-07-23  126.2000  125.1600   50999452.0
2015-07-24  125.3200  124.5000   42162332.0
2015-07-27  123.0900  122.7700   44455540.0
2015-07-28  123.3800  123.3800   33618097.0
2015-07-29  123.1500  122.9900   37011653.0
2015-07-30  122.3200  122.3700   33628268.0
2015-07-31  122.6000  121.3000   42884953.0
2015-08-03  121.5000  118.4400   69975968.0
2015-08-04  117.4200  114.6400  124138623.0
2015-08-05  112.9500  115.4000   98384461.0
2015-08-06  115.9700  115.1300   52903040.0
2015-08-07  114.5800  115.5200   38670405.0
2015-08-10  116.5300  119.7200   54951597.0
2015-08-11  117.8100  113.4900   97082814.0
2015-08-12  112.5300  115.2400  101685610.0
2015-08-13  116.0400  115.1500   48535789.0
2015-08-14  114.3200  115.9600   42929516.0
2015-08-17  116.0400  117.1600   40884745.0
2015-08-18  116.4300  116.5000   34560708.0
2015-08-19  116.1000  115.0100   48286510.0
2015-08-20  114.0800  112.6500   68501622.0
2015-08-21  110.4300  105.7600  128275471.0
2015-08-24   94.8700  103.1200  162206292.0
2015-08-25  111.1100  103.7400  103601599.0
2015-08-26  107.0850  109.6900   96774611.0
2015-08-27  112.2500  112.9200   84616056.0
2015-08-28  112.1700  113.2900   53164407.0
2015-08-31  112.1300  112.7600   56229271.0
2015-09-01  110.1800  107.7200   76845860.0
2015-09-02  110.0000  112.3400   61888812.0
2015-09-03  112.4900  110.3700   53233940.0
2015-09-04  108.9700  109.2700   49996311.0
2015-09-08  111.6500  112.3100   54843626.0
2015-09-09  113.7600  110.1500   85010804.0
2015-09-10  110.2700  112.5700   62892831.0
2015-09-11  111.7900  114.2100   49915473.0
2015-09-14  116.5800  115.3100   58363431.0
2015-09-15  115.9300  116.2800   43341155.0
2015-09-16  116.2500  116.4100   37173489.0
2015-09-17  115.6600  113.9200   64112641.0
2015-09-18  112.2100  113.4500   74285291.0
2015-09-21  113.6700  115.2100   50221965.0
2015-09-22  113.3800  113.4000   50346159.0
2015-09-23  113.6300  114.3200   35756716.0
2015-09-24  113.2500  115.0000   50219475.0
2015-09-25  116.4400  114.7100   56151926.0
2015-09-28  113.8500  112.4400   50782189.0
2015-09-29  112.8300  109.0600   73365384.0
2015-09-30  110.1700  109.9500   65041596.0
2015-10-01  109.0700  109.5800   63929100.0
2015-10-02  108.0100  110.3800   58019758.0
2015-10-05  109.8800  110.7800   52064743.0
2015-10-06  110.6300  111.3100   48856977.0
2015-10-07  111.7400  110.7800   46765550.0
2015-10-08  110.1900  109.5000   61979577.0
2015-10-09  110.0000  112.1200   52766140.0
2015-10-12  112.7300  111.6000   30467204.0
2015-10-13  110.8200  111.7900   33049256.0
2015-10-14  111.2900  110.2100   44462449.0
2015-10-15  110.9300  111.8600   37673452.0
2015-10-16  111.7800  111.0400   39232609.0
2015-10-19  110.8000  111.7300   29759153.0
2015-10-20  111.3400  113.7700   48967763.0
2015-10-21  114.0000  113.7600   42326974.0
2015-10-22  114.3300  115.5000   41654089.0
2015-10-23  116.7000  119.0800   59366914.0
2015-10-26  118.0800  115.2800   66333781.0
2015-10-27  115.4000  114.5500   69884400.0
2015-10-28  116.9300  119.2700   85551352.0
2015-10-29  118.7000  120.5300   51227334.0
2015-10-30  120.9900  119.5000   49365254.0
2015-11-02  119.8700  121.1800   32203267.0
2015-11-03  120.7900  122.5700   45518976.0
2015-11-04  123.1300  122.0000   44886050.0
2015-11-05  121.8500  120.9200   39552680.0
2015-11-06  121.1100  121.0600   33042283.0
2015-11-09  120.9600  120.5700   33871405.0
2015-11-10  116.9000  116.7700   59127931.0
2015-11-11  116.3700  116.1100   45217971.0
2015-11-12  116.2600  115.7200   32525579.0
2015-11-13  115.2000  112.3400   45812403.0
2015-11-16  111.3800  114.1750   38106701.0
2015-11-17  114.9200  113.6900   27583101.0
2015-11-18  115.7600  117.2900   46674697.0
2015-11-19  117.6400  118.7800   43295820.0
2015-11-20  119.2000  119.3000   34287096.0
2015-11-23  119.2700  117.7500   32482528.0
2015-11-24  117.3300  118.8800   42803172.0
2015-11-25  119.2100  118.0300   21388308.0
2015-11-27  118.2900  117.8100   13046445.0
2015-11-30  117.9900  118.3000   39180322.0
2015-12-01  118.7500  117.3400   34852374.0
2015-12-02  117.0500  116.2800   33386563.0
2015-12-03  116.5500  115.2000   41569509.0
2015-12-04  115.2900  119.0300   57776977.0
2015-12-07  118.9800  118.2800   32084249.0
2015-12-08  117.5200  118.2300   34309450.0
2015-12-09  117.6400  115.6200   46361357.0
2015-12-10  116.0400  116.1700   29212727.0
2015-12-11  115.1900  113.1800   46886161.0
2015-12-14  112.1800  112.4800   65003609.0
2015-12-15  111.9400  110.4900   53323105.0
2015-12-16  111.0700  111.3400   56238467.0
2015-12-17  112.0200  108.9800   44772827.0
2015-12-18  108.9100  106.0300   96453327.0
2015-12-21  107.2800  107.3300   47590610.0
2015-12-22  107.4000  107.2300   32789367.0
2015-12-23  107.2700  108.6100   32657354.0
2015-12-24  109.0000  108.0300   13596680.0
2015-12-28  107.5900  106.8200   26704210.0
2015-12-29  106.9600  108.7400   30931243.0
2015-12-30  108.5800  107.3200   25213777.0
2015-12-31  107.0100  105.2600   40912316.0
2016-01-04  102.6100  105.3500   67649387.0
2016-01-05  105.7500  102.7100   55790992.0
2016-01-06  100.5600  100.7000   68457388.0
2016-01-07   98.6800   96.4500   81094428.0
2016-01-08   98.5500   96.9600   70798016.0
2016-01-11   98.9700   98.5300   49739377.0
2016-01-12  100.5500   99.9600   49154227.0
2016-01-13  100.3200   97.3900   62439631.0
2016-01-14   97.9600   99.5200   63170127.0
2016-01-15   96.2000   97.1300   79833891.0
2016-01-19   98.4100   96.6600   53087747.0
2016-01-20   95.1000   96.7900   72334416.0
2016-01-21   97.0600   96.3000   52161463.0
2016-01-22   98.6300  101.4200   65800467.0
2016-01-25  101.5200   99.4400   51794525.0
2016-01-26   99.9300   99.9900   75077002.0
2016-01-27   96.0400   93.4200  133369674.0
2016-01-28   93.7900   94.0900   55678825.0
2016-01-29   94.7900   97.3400   64416504.0
2016-02-01   96.4700   96.4300   40943541.0
2016-02-02   95.4200   94.4800   37357215.0
2016-02-03   95.0000   96.3500   45964294.0
2016-02-04   95.8600   96.6000   46471652.0
2016-02-05   96.5200   94.0200   46418064.0
2016-02-08   93.1300   95.0100   54021375.0
2016-02-09   94.2900   94.9900   44331195.0
2016-02-10   95.9200   94.2700   42343601.0
2016-02-11   93.7900   93.7000   50074711.0
2016-02-12   94.1900   93.9900   40351381.0
2016-02-16   95.0200   96.6400   49057916.0
2016-02-17   96.6700   98.1200   44863243.0
2016-02-18   98.8400   96.2600   39020983.0
2016-02-19   96.0000   96.0400   35374173.0
2016-02-22   96.3100   96.8800   34280758.0
2016-02-23   96.4000   94.6900   31942633.0
2016-02-24   93.9800   96.1000   36255745.0
2016-02-25   96.0500   96.7600   27582659.0
2016-02-26   97.2000   96.9100   28991131.0
2016-02-29   96.8600   96.6900   35216277.0
2016-03-01   97.6500  100.5300   50407147.0
2016-03-02  100.5100  100.7500   33169560.0
2016-03-03  100.5800  101.5000   36955742.0
2016-03-04  102.3700  103.0100   46055100.0
2016-03-07  102.3900  101.8700   35915810.0
2016-03-08  100.7800  101.0300   31182194.0
2016-03-09  101.3100  101.1200   27201683.0
2016-03-10  101.4100  101.1700   33513577.0
2016-03-11  102.2400  102.2600   27408237.0
2016-03-14  101.9100  102.5200   25076062.0
2016-03-15  103.9600  104.5800   40067734.0
2016-03-16  104.6100  105.9700   38303493.0
2016-03-17  105.5200  105.8000   34420705.0
2016-03-18  106.3400  105.9200   44205171.0
2016-03-21  105.9300  105.9100   35502678.0
2016-03-22  105.2500  106.7200   32444375.0
2016-03-23  106.4800  106.1300   25703495.0
2016-03-24  105.4700  105.6700   26132955.0
2016-03-28  106.0000  105.1900   19411372.0
2016-03-29  104.8900  107.6800   31190083.0
2016-03-30  108.6500  109.5600   45601149.0
2016-03-31  109.7200  108.9900   25888449.0
2016-04-01  108.7800  109.9900   25873950.0
2016-04-04  110.4200  111.1200   37356204.0
2016-04-05  109.5100  109.8100   26578652.0
2016-04-06  110.2300  110.9600   26404077.0
2016-04-07  109.9500  108.5400   31801870.0
2016-04-08  108.9100  108.6600   23581740.0
2016-04-11  108.9700  109.0200   29407518.0
2016-04-12  109.3400  110.4400   27232325.0
2016-04-13  110.8000  112.0400   33257316.0
2016-04-14  111.6200  112.1000   25473923.0
2016-04-15  112.1100  109.8500   46938969.0
2016-04-18  108.8900  107.4800   60821461.0
2016-04-19  107.8800  106.9100   32384879.0
2016-04-20  106.6400  107.1300   30611030.0
2016-04-21  106.9300  105.9700   31552525.0
2016-04-22  105.0100  105.6800   33683121.0
2016-04-25  105.0000  105.0800   28031588.0
2016-04-26  103.9100  104.3500   56016165.0
2016-04-27   96.0000   97.8200  114602142.0
2016-04-28   97.6100   94.8300   82242690.0
2016-04-29   93.9900   93.7400   68531478.0
2016-05-02   93.9650   93.6400   48160104.0
2016-05-03   94.2000   95.1800   56831277.0
2016-05-04   95.2000   94.1900   41025475.0
2016-05-05   94.0000   93.2400   35890500.0
2016-05-06   93.3700   92.7200   43699886.0
2016-05-09   93.0000   92.7900   32936436.0
2016-05-10   93.3300   93.4200   33686836.0
2016-05-11   93.4800   92.5100   28719109.0
2016-05-12   92.7200   90.3400   76314690.0
2016-05-13   90.0000   90.5200   44392765.0
2016-05-16   92.3900   93.8800   61259756.0
2016-05-17   94.5500   93.4900   46916939.0
2016-05-18   94.1600   94.5600   42062391.0
2016-05-19   94.6400   94.2000   30442100.0
2016-05-20   94.6400   95.2200   32025968.0
2016-05-23   95.8700   96.4300   38018643.0
2016-05-24   97.2200   97.9000   35140174.0
2016-05-25   98.6700   99.6200   38642108.0
2016-05-26   99.6800  100.4100   56331159.0
2016-05-27   99.4400  100.3500   36341240.0
2016-05-31   99.6000   99.8600   42307212.0
2016-06-01   99.0200   98.4600   29173285.0
2016-06-02   97.6000   97.7200   40191600.0
2016-06-03   97.7900   97.9200   28504888.0
2016-06-06   97.9900   98.6300   23292504.0
2016-06-07   99.2500   99.0300   22409450.0
2016-06-08   99.0200   98.9400   20848131.0
2016-06-09   98.5000   99.6500   26601354.0
2016-06-10   98.5300   98.8300   31712936.0
2016-06-13   98.6900   97.3400   38020494.0
2016-06-14   97.3200   97.4600   31931944.0
2016-06-15   97.8200   97.1400   29445227.0
2016-06-16   96.4500   97.5500   31326815.0
2016-06-17   96.6200   95.3300   61008219.0
2016-06-20   96.0000   95.1000   34411901.0
2016-06-21   94.9400   95.9100   35546358.0
2016-06-22   96.2500   95.5500   29219122.0
2016-06-23   95.9400   96.1000   32240187.0
2016-06-24   92.9100   93.4000   75311356.0
2016-06-27   93.0000   92.0400   46622188.0
2016-06-28   92.9000   93.5900   40444914.0
2016-06-29   93.9700   94.4000   36531006.0
2016-06-30   94.4400   95.6000   35836356.0
2016-07-01   95.4900   95.8900   26026540.0
2016-07-05   95.3900   94.9900   27705210.0
2016-07-06   94.6000   95.5300   30949090.0
2016-07-07   95.7000   95.9400   25139558.0
2016-07-08   96.4900   96.6800   28912103.0
2016-07-11   96.7500   96.9800   23794945.0
2016-07-12   97.1700   97.4200   24167463.0
2016-07-13   97.4100   96.8700   25892171.0
2016-07-14   97.3900   98.7900   38918997.0
2016-07-15   98.9200   98.7800   30136990.0
2016-07-18   98.7000   99.8300   36493867.0
2016-07-19   99.5600   99.8700   23779924.0
2016-07-20  100.0000   99.9600   26275968.0
2016-07-21   99.8300   99.4300   32702028.0
2016-07-22   99.2600   98.6600   28313669.0
2016-07-25   98.2500   97.3400   40382921.0
2016-07-26   96.8200   96.6700   56239822.0
2016-07-27  104.2650  102.9500   92344820.0
2016-07-28  102.8300  104.3400   39869839.0
2016-07-29  104.1900  104.2100   27733688.0
2016-08-01  104.4100  106.0500   38167871.0
2016-08-02  106.0500  104.4800   33816556.0
2016-08-03  104.8100  105.7900   30202641.0
2016-08-04  105.5800  105.8700   27408650.0
2016-08-05  106.2700  107.4800   40553402.0
2016-08-08  107.5200  108.3700   28037220.0
2016-08-09  108.2300  108.8100   26315204.0
2016-08-10  108.7100  108.0000   24008505.0
2016-08-11  108.5200  107.9300   27484506.0
2016-08-12  107.7800  108.1800   18660434.0
2016-08-15  108.1400  109.4800   25868209.0
2016-08-16  109.6300  109.3800   33794448.0
2016-08-17  109.1000  109.2200   25355976.0
2016-08-18  109.2300  109.0800   21984703.0
2016-08-19  108.7700  109.3600   25368072.0
2016-08-22  108.8600  108.5100   25820230.0
2016-08-23  108.5900  108.8500   21257669.0
2016-08-24  108.5650  108.0300   23675081.0
2016-08-25  107.3900  107.5700   25086248.0
2016-08-26  107.4100  106.9400   27766291.0
2016-08-29  106.6200  106.8200   24970300.0
2016-08-30  105.8000  106.0000   24863945.0
2016-08-31  105.6600  106.1000   29662406.0
2016-09-01  106.1400  106.7300   26701523.0
2016-09-02  107.7000  107.7300   26802450.0
2016-09-06  107.9000  107.7000   26880391.0
2016-09-07  107.8300  108.3600   42364328.0
2016-09-08  107.2500  105.5200   53002026.0
2016-09-09  104.6400  103.1300   46556984.0
2016-09-12  102.6500  105.4400   45292770.0
2016-09-13  107.5100  107.9500   62176190.0
2016-09-14  108.7300  111.7700  112340318.0
2016-09-15  113.8600  115.5700   90613177.0
2016-09-16  115.1200  114.9200   79886911.0
2016-09-19  115.1900  113.5800   47023046.0
2016-09-20  113.0500  113.5700   34514269.0
2016-09-21  113.8500  113.5500   36003185.0
2016-09-22  114.3500  114.6200   31073984.0
2016-09-23  114.4200  112.7100   52481151.0
2016-09-26  111.6400  112.8800   29869442.0
2016-09-27  113.0000  113.0900   24607412.0
2016-09-28  113.6900  113.9500   29641085.0
2016-09-29  113.1600  112.1800   35886990.0
2016-09-30  112.4600  113.0500   36379106.0
2016-10-03  112.7100  112.5200   21701760.0
2016-10-04  113.0600  113.0000   29736835.0
2016-10-05  113.4000  113.0500   21453089.0
2016-10-06  113.7000  113.8900   28779313.0
2016-10-07  114.3100  114.0600   24358443.0
2016-10-10  115.0200  116.0500   36235956.0
2016-10-11  117.7000  116.3000   64041043.0
2016-10-12  117.3500  117.3400   37586787.0
2016-10-13  116.7900  116.9800   35192406.0
2016-10-14  117.8800  117.6300   35652191.0
2016-10-17  117.3300  117.5500   23624896.0
2016-10-18  118.1800  117.4700   24553478.0
2016-10-19  117.2500  117.1200   20034594.0
2016-10-20  116.8600  117.0600   24125801.0
2016-10-21  116.8100  116.6000   23192665.0
2016-10-24  117.1000  117.6500   23538673.0
2016-10-25  117.9500  118.2500   48128970.0
2016-10-26  114.3100  115.5900   66134219.0
2016-10-27  115.3900  114.4800   34562045.0
2016-10-28  113.8700  113.7200   37861662.0
2016-10-31  113.6500  113.5400   26419398.0
2016-11-01  113.4600  111.4900   43825812.0
2016-11-02  111.4000  111.5900   28331709.0
2016-11-03  110.9800  109.8300   26932602.0
2016-11-04  108.5300  108.8400   30836997.0
2016-11-07  110.0800  110.4100   32560000.0
2016-11-08  110.3100  111.0600   24254179.0
2016-11-09  109.8800  110.8800   59176361.0
2016-11-10  111.0900  107.7900   57134541.0
2016-11-11  106.9200  108.4300   34143898.0
2016-11-14  107.3200  105.7100   51175504.0
2016-11-15  106.5700  107.1100   32264510.0
2016-11-16  106.7000  109.9900   58840522.0
2016-11-17  109.8100  109.9500   27632003.0
2016-11-18  109.7200  110.0600   28428917.0
2016-11-21  110.1200  111.7300   29264571.0
2016-11-22  111.9500  111.8000   25965534.0
2016-11-23  111.3600  111.2300   27426394.0
2016-11-25  111.1300  111.7900   11475922.0
2016-11-28  111.4300  111.5700   27193983.0
2016-11-29  110.7800  111.4600   28528750.0
2016-11-30  111.5600  110.5200   36162258.0
2016-12-01  110.3650  109.4900   37086862.0
2016-12-02  109.1700  109.9000   26527997.0
2016-12-05  110.0000  109.1100   34324540.0
2016-12-06  109.5000  109.9500   26195462.0
2016-12-07  109.2600  111.0300   29998719.0
2016-12-08  110.8600  112.1200   27068316.0
2016-12-09  112.3100  113.9500   34402627.0
2016-12-12  113.2900  113.3000   26374377.0
2016-12-13  113.8400  115.1900   43733811.0
2016-12-14  115.0400  115.1900   34031834.0
2016-12-15  115.3800  115.8200   46524544.0
2016-12-16  116.4700  115.9700   44351134.0
2016-12-19  115.8000  116.6400   27779423.0
2016-12-20  116.7400  116.9500   21424965.0
2016-12-21  116.8000  117.0600   23783165.0
2016-12-22  116.3500  116.2900   26085854.0
2016-12-23  115.5900  116.5200   14249484.0
2016-12-27  116.5200  117.2600   18296855.0
2016-12-28  117.5200  116.7600   20905892.0
2016-12-29  116.4500  116.7300   15039519.0
2016-12-30  116.6500  115.8200   30586265.0
2017-01-03  115.8000  116.1500   28781865.0
2017-01-04  115.8500  116.0200   21118116.0
2017-01-05  115.9200  116.6100   22193587.0
2017-01-06  116.7800  117.9100   31751900.0
2017-01-09  117.9500  118.9900   33561948.0
2017-01-10  118.7700  119.1100   24462051.0
2017-01-11  118.7400  119.7500   27588593.0
2017-01-12  118.8950  119.2500   27086220.0
2017-01-13  119.1100  119.0400   26111948.0
2017-01-17  118.3400  120.0000   34439843.0
2017-01-18  120.0000  119.9900   23712961.0
2017-01-19  119.4000  119.7800   25597291.0
2017-01-20  120.4500  120.0000   32597892.0
2017-01-23  120.0000  120.0800   22050218.0
2017-01-24  119.5500  119.9700   23211038.0
2017-01-25  120.4200  121.8800   32586673.0
2017-01-26  121.6700  121.9400   26337576.0
2017-01-27  122.1400  121.9500   20562944.0
2017-01-30  120.9300  121.6300   30377503.0
2017-01-31  121.1500  121.3500   49200993.0
2017-02-01  127.0300  128.7500  111985040.0
2017-02-02  127.9750  128.5300   33710411.0
2017-02-03  128.3100  129.0800   24507301.0
2017-02-06  129.1300  130.2900   26845924.0
2017-02-07  130.5400  131.5300   38183841.0
2017-02-08  131.3500  132.0400   23004072.0
2017-02-09  131.6500  132.4200   28349859.0
2017-02-10  132.4600  132.1200   20065458.0
2017-02-13  133.0800  133.2900   23035421.0
2017-02-14  133.4700  135.0200   33226223.0
2017-02-15  135.5200  135.5100   35623100.0
2017-02-16  135.6700  135.3450   22584555.0
2017-02-17  135.1000  135.7200   22198197.0
2017-02-21  136.2300  136.7000   24507156.0
2017-02-22  136.4300  137.1100   20836932.0
2017-02-23  137.3800  136.5300   20788186.0
2017-02-24  135.9100  136.6600   21776585.0
2017-02-27  137.1400  136.9300   20257426.0
2017-02-28  137.0800  136.9900   23482860.0
2017-03-01  137.8900  139.7900   36414585.0
2017-03-02  140.0000  138.9600   26210984.0
2017-03-03  138.7800  139.7800   21571121.0
2017-03-06  139.3650  139.3400   21750044.0
2017-03-07  139.0600  139.5200   17446297.0
2017-03-08  138.9500  139.0000   18707236.0
2017-03-09  138.7400  138.6800   22155904.0
2017-03-10  139.2500  139.1400   19612801.0
2017-03-13  138.8500  139.2000   17421717.0
2017-03-14  139.3000  138.9900   15309065.0
2017-03-15  139.4100  140.4600   25691774.0
2017-03-16  140.7200  140.6900   19231998.0
2017-03-17  141.0000  139.9900   43884952.0
2017-03-20  140.4000  141.4600   21542038.0
2017-03-21  142.1100  139.8400   39529912.0
2017-03-22  139.8450  141.4200   25860165.0
2017-03-23  141.2600  140.9200   20346301.0
2017-03-24  141.5000  140.6400   22395563.0
2017-03-27  139.3900  140.8800   23575094.0
2017-03-28  140.9100  143.8000   33374805.0
2017-03-29  143.6800  144.1200   29189955.0
2017-03-30  144.1900  143.9300   21207252.0
2017-03-31  143.7200  143.6600   19661651.0
2017-04-03  143.7100  143.7000   19985714.0
2017-04-04  143.2500  144.7700   19891354.0
2017-04-05  144.2200  144.0200   27717854.0
2017-04-06  144.2900  143.6600   21149034.0
2017-04-07  143.7300  143.3400   16658543.0
2017-04-10  143.6000  143.1700   18933397.0
2017-04-11  142.9400  141.6300   30379376.0
2017-04-12  141.6000  141.8000   20350000.0
2017-04-13  141.9100  141.0500   17822880.0
2017-04-17  141.4800  141.8300   16582094.0
2017-04-18  141.4100  141.2000   14697544.0
2017-04-19  141.8800  140.6800   17328375.0
2017-04-20  141.2200  142.4400   23319562.0
2017-04-21  142.4400  142.2700   17320928.0
2017-04-24  143.5000  143.6400   17116599.0
2017-04-25  143.9100  144.5400   18216472.0
2017-04-26  144.4700  143.6508   19614287.0
2017-04-27  143.9225  143.7900   13948980.0
2017-04-28  144.0900  143.6500   20247187.0
2017-05-01  145.1000  146.6000   32818760.0
2017-05-02  147.5400  147.5100   39752670.0
2017-05-03  145.5900  147.0600   45142806.0
2017-05-04  146.5200  146.5300   23275690.0
2017-05-05  146.7600  148.9600   26787359.0
2017-05-08  149.0300  153.0000   48339210.0
2017-05-09  153.8700  153.9600   35942435.0
2017-05-10  153.6300  153.2600   25670456.0
2017-05-11  152.4500  153.9500   25596687.0
2017-05-12  154.7000  156.1000   32221756.0
2017-05-15  156.0100  155.7000   25700983.0
2017-05-16  155.9400  155.4700   19904679.0
2017-05-17  153.6000  150.2500   49482818.0
2017-05-18  151.2700  152.5400   33159664.0
2017-05-19  153.3800  152.9600   26733798.0
2017-05-22  154.0000  153.9900   22340069.0
2017-05-23  154.9000  153.8000   19430358.0
2017-05-24  153.8400  153.3400   19118319.0
2017-05-25  153.7300  153.8700   19044463.0
2017-05-26  154.0000  153.6100   21632202.0
2017-05-30  153.4200  153.6700   20034934.0
2017-05-31  153.9700  152.7600   23162873.0
2017-06-01  153.1700  153.1800   16180143.0
2017-06-02  153.5800  155.4500   27285861.0
2017-06-05  154.3400  153.9300   24803858.0
2017-06-06  153.9000  154.4500   26249630.0
2017-06-07  155.0200  155.3700   20678772.0
2017-06-08  155.2500  154.9900   20771367.0
2017-06-09  155.1900  148.9800   64176149.0
2017-06-12  145.7400  145.3200   71563614.0
2017-06-13  147.1600  146.5900   33749154.0
2017-06-14  147.5000  145.1600   31224203.0
2017-06-15  143.3200  144.2900   31348832.0
2017-06-16  143.7800  142.2700   49180748.0
2017-06-19  143.6600  146.3400   31449132.0
2017-06-20  146.8700  145.0100   24572170.0
2017-06-21  145.5200  145.8700   21064679.0
2017-06-22  145.7700  145.6300   18673365.0
2017-06-23  145.1300  146.3500   25997976.0
2017-06-26  147.1700  145.8200   25524661.0
2017-06-27  145.0100  143.7400   24423643.0
2017-06-28  144.4900  145.8300   21915939.0
2017-06-29  144.7100  143.6800   31116980.0
2017-06-30  144.4500  144.0200   22328979.0
2017-07-03  144.8800  143.5000   14276812.0
2017-07-05  143.6900  144.0900   20758795.0
2017-07-06  143.0200  142.7300   23374374.0
2017-07-07  142.9000  144.1800   18505351.0
2017-07-10  144.1100  145.0600   21030466.0
2017-07-11  144.7300  145.5300   18311156.0
2017-07-12  145.8700  145.7400   23617964.0
2017-07-13  145.5000  147.7700   24922788.0
2017-07-14  147.9700  149.0400   19961788.0
2017-07-17  148.8200  149.5600   23243713.0
2017-07-18  149.2000  150.0800   17713795.0
2017-07-19  150.4800  151.0200   20615419.0
2017-07-20  151.5000  150.3400   17053326.0
2017-07-21  149.9900  150.2700   24671002.0
2017-07-24  150.5800  152.0900   21122730.0
2017-07-25  151.8000  152.7400   18612649.0
2017-07-26  153.3500  153.4600   15172136.0
2017-07-27  153.7500  150.5600   32175875.0
2017-07-28  149.8900  149.5000   16832947.0
2017-07-31  149.9000  148.8500   19422655.0
2017-08-01  149.1000  150.0500   24725526.0
2017-08-02  159.2800  157.1400   69222793.0
2017-08-03  157.0500  155.5700   26000738.0
2017-08-04  156.0700  156.3900   20349532.0
2017-08-08  158.6000  160.0800   35775675.0
2017-08-09  159.2600  161.0600   25640394.0
2017-08-10  159.9000  155.2700   39081017.0
2017-08-11  156.6000  157.4800   25943187.0
2017-08-14  159.3200  159.8500   21754810.0
2017-08-15  160.6600  161.6000   27936774.0
2017-08-16  161.9400  160.9500   27321761.0
2017-08-17  160.5200  157.8700   26925694.0
2017-08-18  157.8600  157.5000   27012525.0
2017-08-21  157.5000  157.2100   26145653.0
2017-08-22  158.2300  159.7800   21297812.0
2017-08-23  159.0700  159.9800   19198189.0
2017-08-24  160.4300  159.2700   19029621.0
2017-08-25  159.6500  159.8600   25015218.0
2017-08-28  160.1400  161.4700   25279674.0
2017-08-29  160.1000  162.9100   29307862.0
2017-08-30  163.8000  163.3500   26973946.0
2017-08-31  163.6400  164.0000   26412439.0
2017-09-01  164.8000  164.0500   16508568.0
2017-09-05  163.7500  162.0800   29317054.0
2017-09-06  162.7100  161.9100   21179047.0
2017-09-07  162.0900  161.2600   21722995.0
2017-09-08  160.8600  158.6300   28183159.0
2017-09-11  160.5000  161.5000   31028926.0
2017-09-12  162.6100  160.8200   71139119.0
2017-09-13  159.8700  159.6500   44393752.0
2017-09-14  158.9900  158.2800   23073646.0
2017-09-15  158.4700  159.8800   48203642.0
2017-09-18  160.1100  158.6700   27939718.0
2017-09-19  159.5100  158.7300   20347352.0
2017-09-20  157.9000  156.0700   51693239.0
2017-09-21  155.8000  153.3900   36643382.0
2017-09-22  152.0200  151.8900   46114424.0
2017-09-25  149.9900  150.5500   43922334.0
2017-09-26  151.7800  153.1400   35470985.0
2017-09-27  153.8000  154.2300   24959552.0
2017-09-28  153.8900  153.2800   21896592.0
2017-09-29  153.2100  154.1200   25856530.0
2017-10-02  154.2600  153.8100   18524860.0
2017-10-03  154.0100  154.4800   16146388.0
2017-10-04  153.6300  153.4508   19844177.0
2017-10-05  154.1800  155.3900   21032800.0
2017-10-06  154.9700  155.3000   16423749.0
2017-10-09  155.8100  155.8400   16200129.0
2017-10-10  156.0550  155.9000   15456331.0
2017-10-11  155.9700  156.5500   16607693.0
2017-10-12  156.3500  156.0000   16045720.0
2017-10-13  156.7300  156.9900   16287608.0
2017-10-16  157.9000  159.8800   23894630.0
2017-10-17  159.7800  160.4700   18816438.0
2017-10-18  160.4200  159.7600   16158659.0
2017-10-19  156.7500  155.9800   42111326.0
2017-10-20  156.6100  156.1600   23612246.0
2017-10-23  156.8900  156.1700   21654461.0
2017-10-24  156.2900  157.1000   17137731.0
2017-10-25  156.9100  156.4050   20126554.0
2017-10-26  157.2300  157.4100   16751691.0
2017-10-27  159.2900  163.0500   43904150.0
2017-10-30  163.8900  166.7200   43923292.0
2017-10-31  167.9000  169.0400   35474672.0
2017-11-01  169.8700  166.8900   33100847.0
2017-11-02  167.6400  168.1100   32710040.0
2017-11-03  174.0000  172.5000   58683826.0
2017-11-06  172.3650  174.2500   34242566.0
2017-11-07  173.9100  174.8100   23910914.0
2017-11-09  175.1100  175.8800   28636531.0
2017-11-10  175.1100  174.6700   25061183.0
2017-11-13  173.5000  173.9700   16828025.0
2017-11-14  173.0400  171.3400   23588451.0
2017-11-15  169.9700  169.0800   28702351.0
2017-11-16  171.1800  171.1000   23497326.0
2017-11-17  171.0400  170.1500   21665811.0
2017-11-20  170.2900  169.9800   15974387.0
2017-11-21  170.7800  173.1400   24875471.0
2017-11-22  173.3600  174.9600   24997274.0
2017-11-24  175.1000  174.9700   14026519.0
2017-11-27  175.0500  174.0900   20536313.0
2017-11-28  174.3000  173.0700   25468442.0
2017-11-29  172.6300  169.4800   40788324.0
2017-11-30  170.4300  171.8500   40172368.0
2017-12-01  169.9500  171.0500   39590080.0
2017-12-04  172.4800  169.8000   32115052.0
2017-12-05  169.0600  169.6400   27008428.0
2017-12-06  167.5000  169.0100   28224357.0
2017-12-07  169.0300  169.4520   24469613.0
2017-12-08  170.4900  169.3700   23096872.0
2017-12-11  169.2000  172.6700   33092051.0
2017-12-12  172.1500  171.7000   18945457.0
2017-12-13  172.5000  172.2700   23142242.0
2017-12-14  172.4000  172.2200   20219307.0
2017-12-15  173.6300  173.8700   37054632.0
2017-12-18  174.8800  176.4200   28831533.0
2017-12-19  175.0300  174.5400   27078872.0
2017-12-20  174.8700  174.3500   23000392.0
2017-12-21  174.1700  175.0100   20356826.0
2017-12-22  174.6800  175.0100   16052615.0
2017-12-26  170.8000  170.5700   32968167.0
2017-12-27  170.1000  170.6000   21672062.0
2017-12-28  171.0000  171.0800   15997739.0
2017-12-29  170.5200  169.2300   25643711.0
2018-01-02  170.1600  172.2600   25048048.0
2018-01-03  172.5300  172.2300   28819653.0
2018-01-04  172.5400  173.0300   22211345.0
2018-01-05  173.4400  175.0000   23016177.0
2018-01-08  174.3500  174.3500   20134092.0
2018-01-09  174.5500  174.3300   21262614.0
2018-01-10  173.1600  174.2900   23589129.0
2018-01-11  174.5900  175.2800   17523256.0
2018-01-12  176.1800  177.0900   25039531.0
2018-01-16  177.9000  176.1900   29159005.0
2018-01-17  176.1500  179.1000   32752734.0
2018-01-18  179.3700  179.2600   30234512.0
2018-01-19  178.6100  178.4600   30827809.0
2018-01-22  177.3000  177.0000   26023683.0
2018-01-23  177.3000  177.0400   31702531.0
2018-01-24  177.2500  174.2200   50562257.0
2018-01-25  174.5050  171.1100   39661804.0
2018-01-26  172.0000  171.5100   37121805.0
2018-01-29  170.1600  167.9600   48434424.0
2018-01-30  165.5250  166.9700   45137026.0
2018-01-31  166.8700  167.4300   30984099.0
2018-02-01  167.1650  167.7800   38099665.0
2018-02-02  166.0000  160.3700   85436075.0
2018-02-05  159.1000  157.4900   66090446.0
2018-02-06  154.8300  163.0300   66625484.0
2018-02-07  163.0850  159.5400   50852130.0
2018-02-08  160.2900  155.3200   49594129.0
2018-02-09  157.0700  155.9700   66723743.0
2018-02-12  158.5000  162.7100   60560145.0
2018-02-13  161.9500  164.3400   32104756.0
2018-02-14  163.0450  167.3700   39669178.0
2018-02-15  169.7900  172.9900   50609595.0
2018-02-16  172.3600  172.4300   39638793.0
2018-02-20  172.0500  171.8500   33531012.0
2018-02-21  172.8300  171.0700   35833514.0
2018-02-22  171.8000  172.6000   30504116.0
2018-02-23  173.6700  175.5550   33329232.0
2018-02-26  176.3500  178.9700   36886432.0
2018-02-27  179.1000  178.3900   38685165.0
2018-02-28  179.2600  178.1200   33604574.0
2018-03-01  178.5400  175.0000   48801970.0
2018-03-02  172.8000  176.2100   38453950.0
2018-03-05  175.2100  176.8200   28401366.0
2018-03-06  177.9100  176.6700   23788506.0
2018-03-07  174.9400  175.0300   31703462.0
2018-03-08  175.4800  176.9400   23163767.0
2018-03-09  177.9600  179.9800   31385134.0
2018-03-12  180.2900  181.7200   32055405.0
2018-03-13  182.5900  179.9700   31168404.0
2018-03-14  180.3200  178.4400   29075469.0
2018-03-15  178.5000  178.6500   22584565.0
2018-03-16  178.6500  178.0200   36836456.0
2018-03-19  177.3200  175.3000   32804695.0
2018-03-20  175.2400  175.2400   19314039.0
2018-03-21  175.0400  171.2700   35247358.0
2018-03-22  170.0000  168.8450   41051076.0
2018-03-23  168.3900  164.9400   40248954.0
2018-03-26  168.0700  172.7700   36272617.0
2018-03-27  173.6800  168.3400   38962839.0