date     open     close      volume
                                        
2013-01-02   58.060   58.3900   3217600.0
2013-01-03   58.610   58.6200   2564500.0
2013-01-04   58.820   59.1376   2113300.0
2013-01-07   58.820   58.9100   1712800.0
2013-01-08   58.790   59.2500   1924300.0
2013-01-09   59.400   59.1100   2210500.0
2013-01-10   59.480   59.3200   2071400.0
2013-01-11   59.930   59.4200   1521700.0
2013-01-14   59.420   59.4100   2016600.0
2013-01-15   59.300   59.1400   2103600.0
2013-01-16   59.280   58.8300   1891800.0
2013-01-17   59.160   59.1700   1384000.0
2013-01-18   59.180   59.7200   2865400.0
2013-01-22   59.650   59.9600   2477900.0
2013-01-23   59.970   59.5600   2019100.0
2013-01-24   59.790   59.7100   2066500.0
2013-01-25   59.980   59.8900   1653800.0
2013-01-28   60.000   59.6400   1578300.0
2013-01-29   59.520   60.2700   2663200.0
2013-01-30   60.160   59.4700   2177800.0
2013-01-31   59.330   59.2900   2961700.0
2013-02-01   59.880   60.6500   2861300.0
2013-02-04   60.500   59.5500   3206900.0
2013-02-05   59.840   61.2300   3515200.0
2013-02-06   60.970   60.7700   2229300.0
2013-02-07   60.630   60.5000   2389500.0
2013-02-08   60.710   60.9250   2065200.0
2013-02-11   60.790   60.3400   1556300.0
2013-02-12   60.240   60.3600   1529000.0
2013-02-13   60.560   60.4500   2057100.0
2013-02-14   60.250   60.7400   1941900.0
2013-02-15   61.260   61.2200   2497600.0
2013-02-19   61.220   61.4600   1892900.0
2013-02-20   61.430   61.2100   2278900.0
2013-02-21   61.160   60.2700   2625600.0
2013-02-22   60.710   61.0100   1788300.0
2013-02-25   61.480   60.7700   2936600.0
2013-02-26   61.120   61.0800   2226500.0
2013-02-27   60.860   61.5900   1890500.0
2013-02-28   61.700   61.3600   2211900.0
2013-03-01   61.290   61.6500   1940200.0
2013-03-04   61.320   61.8350   2009000.0
2013-03-05   62.000   62.6600   2061600.0
2013-03-06   62.540   62.3000   1768100.0
2013-03-07   62.480   63.3400   4031500.0
2013-03-08   63.260   63.3500   2384800.0
2013-03-11   63.380   63.8700   2049100.0
2013-03-12   63.860   63.9700   2228500.0
2013-03-13   64.000   64.1800   1623500.0
2013-03-14   64.200   65.0200   2849600.0
2013-03-15   64.670   64.4800   4055900.0
2013-03-18   63.870   64.2200   1867700.0
2013-03-19   64.310   64.3100   1792300.0
2013-03-20   64.650   64.4250   1871500.0
2013-03-21   63.980   63.7300   2528600.0
2013-03-22   64.000   64.0800   1819800.0
2013-03-25   64.450   63.9300   1950100.0
2013-03-26   64.040   64.7900   2186000.0
2013-03-27   64.400   64.6600   1721500.0
2013-03-28   64.500   65.0300   2521300.0
2013-04-01   64.660   64.6850   1707200.0
2013-04-02   65.150   65.2800   2197400.0
2013-04-03   65.260   64.7500   1822500.0
2013-04-04   64.850   64.7200   1374700.0
2013-04-05   64.100   63.7700   1924600.0
2013-04-08   63.690   64.2600   1238200.0
2013-04-09   64.350   64.4600   1714200.0
2013-04-10   64.440   65.6600   1586400.0
2013-04-11   65.640   66.1100   1362800.0
2013-04-12   66.130   65.9100   1722100.0
2013-04-15   65.800   64.4600   2075300.0
2013-04-16   64.710   65.4100   1753400.0
2013-04-17   64.820   65.3500   3394600.0
2013-04-18   65.830   64.6300   1656800.0
2013-04-19   64.370   65.2300   2442900.0
2013-04-22   65.210   65.5000   1575100.0
2013-04-23   65.940   66.3600   1444800.0
2013-04-24   66.700   66.6700   1460300.0
2013-04-25   66.930   66.7700   1738500.0
2013-04-26   66.760   66.5900    982000.0
2013-04-29   66.550   67.1400   1081500.0
2013-04-30   66.990   67.3400   1869900.0
2013-05-01   67.390   66.8200   1755400.0
2013-05-02   66.830   67.3900   1913000.0
2013-05-03   68.520   69.2300   2141100.0
2013-05-06   69.160   68.6850   1525100.0
2013-05-07   68.820   68.6500   2227500.0
2013-05-08   68.640   68.5600   2788300.0
2013-05-09   68.890   70.0000   3489600.0
2013-05-10   70.120   70.0300   1882800.0
2013-05-13   69.780   70.0800   1546000.0
2013-05-14   70.200   70.8100   2074000.0
2013-05-15   70.850   71.7400   2558500.0
2013-05-16   71.520   70.9800   2192500.0
2013-05-17   71.460   71.9900   2910100.0
2013-05-20   72.000   71.0500   2452200.0
2013-05-21   71.030   71.0300   2231600.0
2013-05-22   71.090   70.2600   3174600.0
2013-05-23   69.910   69.9300   2207600.0
2013-05-24   69.670   69.8500   1788100.0
2013-05-28   70.500   70.4900   2093800.0
2013-05-29   70.000   69.7700   1695900.0
2013-05-30   70.010   69.8100   1700800.0
2013-05-31   69.430   68.7200   3552800.0
2013-06-03   68.660   69.5500   2462300.0
2013-06-04   69.450   68.9700   2023300.0
2013-06-05   68.630   67.8600   1976200.0
2013-06-06   67.680   67.9400   2544100.0
2013-06-07   68.510   68.9100   2335600.0
2013-06-10   68.960   68.7800   1297700.0
2013-06-11   68.330   68.1100   1816700.0
2013-06-12   68.250   67.3300   1646300.0
2013-06-13   67.330   68.2800   1762400.0
2013-06-14   68.050   68.0100   1620500.0
2013-06-17   68.560   68.7000   1931400.0
2013-06-18   68.670   69.6000   1458100.0
2013-06-19   69.080   69.0400   2169000.0
2013-06-20   68.440   68.2000   2839400.0
2013-06-21   68.680   68.6800   3641700.0
2013-06-24   68.420   68.3800   2064200.0
2013-06-25   69.160   68.8400   1499700.0
2013-06-26   69.500   69.3500   1947100.0
2013-06-27   69.680   69.3700   1571600.0
2013-06-28   68.910   68.8600   3545500.0
2013-07-01   68.830   69.4500   2221300.0
2013-07-02   69.790   70.0800   2683500.0
2013-07-03   69.690   70.2400   1200400.0
2013-07-05   70.640   70.7500   1748000.0
2013-07-08   70.880   70.9700   1546400.0
2013-07-09   71.000   71.0400   1692700.0
2013-07-10   70.860   71.7500   1924100.0
2013-07-11   72.220   71.8500   2565900.0
2013-07-12   71.990   73.4100   3199500.0
2013-07-15   73.250   72.3600   2370900.0
2013-07-16   72.540   72.3000   1484900.0
2013-07-17   72.670   72.3200   2153100.0
2013-07-18   72.670   72.8200   1459200.0
2013-07-19   73.140   72.8800   2580300.0
2013-07-22   73.790   73.1600   1826200.0
2013-07-23   73.170   72.4900   1755000.0
2013-07-24   72.950   72.2200   1464900.0
2013-07-25   72.180   72.1700   1791200.0
2013-07-26   72.050   72.4800   1624900.0
2013-07-29   72.160   72.1000   1054800.0
2013-07-30   72.690   72.1400   1426600.0
2013-07-31   72.620   72.0920   2489300.0
2013-08-01   70.510   71.8500   2633400.0
2013-08-02   71.220   71.5800   2377900.0
2013-08-05   71.530   71.6000   2314600.0
2013-08-06   71.480   72.2400   1927000.0
2013-08-07   72.110   71.9900   1664000.0
2013-08-08   72.360   72.3400   1566600.0
2013-08-09   72.070   72.4600   1411000.0
2013-08-12   72.010   72.8000   1452700.0
2013-08-13   72.990   72.9900   2841900.0
2013-08-14   72.840   72.6800   1584800.0
2013-08-15   72.220   71.6100   1769300.0
2013-08-16   71.470   71.8900   2041800.0
2013-08-19   71.610   71.9000   1581800.0
2013-08-20   71.790   72.3400   1401000.0
2013-08-21   72.150   71.8300   1781900.0
2013-08-22   72.010   72.4400    922000.0
2013-08-23   72.480   72.2800   1501700.0
2013-08-26   69.890   72.0300   1252000.0
2013-08-27   71.220   70.9400   1858600.0
2013-08-28   71.120   70.9400   1810100.0
2013-08-29   70.780   71.3000   1614800.0
2013-08-30   71.290   71.1600   1715300.0
2013-09-03   71.980   71.4100   2068700.0
2013-09-04   70.090   72.0500   1904200.0
2013-09-05   71.830   72.3400   1329900.0
2013-09-06   72.450   73.1300   2637600.0
2013-09-09   73.140   73.7900   1936600.0
2013-09-10   74.380   73.7400   3594700.0
2013-09-11   73.360   74.0100   3492500.0
2013-09-12   73.910   74.1800   1521800.0
2013-09-13   74.230   74.0900   2144100.0
2013-09-16   74.850   74.1000   2229900.0
2013-09-17   74.240   74.1600   2614100.0
2013-09-18   74.170   74.7400   1884000.0
2013-09-19   74.890   74.6800   1887800.0
2013-09-20   74.760   74.4300   2742600.0
2013-09-23   74.200   73.1300   3461500.0
2013-09-24   72.450   72.9500   2185400.0
2013-09-25   73.090   72.5200   1334900.0
2013-09-26   72.830   72.9200   1366000.0
2013-09-27   72.705   72.5600   1590000.0
2013-09-30   72.310   72.3800   2005400.0
2013-10-01   72.580   72.1600   1691800.0
2013-10-02   72.000   72.0200   1970100.0
2013-10-03   71.710   71.1000   1552000.0
2013-10-04   71.260   71.5200   1413500.0
2013-10-07   70.890   71.0200   1003000.0
2013-10-08   71.140   70.2400   1712000.0
2013-10-09   70.250   70.2800   1612100.0
2013-10-10   70.840   71.8100   1597400.0
2013-10-11   71.260   72.5100   1225600.0
2013-10-14   72.360   72.8600   1124500.0
2013-10-15   72.540   72.3200   2040200.0
2013-10-16   72.950   73.7200   2066400.0
2013-10-17   73.410   74.0800   1608800.0
2013-10-18   74.150   74.1900   1962200.0
2013-10-21   73.990   74.7000   1410800.0
2013-10-22   74.920   75.4500   1556700.0
2013-10-23   75.240   75.1100   1266100.0
2013-10-24   75.300   75.4100   1583100.0
2013-10-25   75.310   75.5100   1330100.0
2013-10-28   75.320   75.6700   1877200.0
2013-10-29   76.040   76.3500   1917400.0
2013-10-30   75.910   74.3000   2471100.0
2013-10-31   74.260   75.0250   3106100.0
2013-11-01   75.350   75.3100   2109800.0
2013-11-04   75.720   75.5100   1800900.0
2013-11-05   75.250   75.5100   1329100.0
2013-11-06   75.340   75.8300   1427700.0
2013-11-07   76.150   75.3300   1745700.0
2013-11-08   75.440   76.0100   1570900.0
2013-11-11   75.830   75.7600   1328900.0
2013-11-12   75.690   75.7200   2064600.0
2013-11-13   75.650   76.4500   2775600.0
2013-11-14   76.640   76.9700   2494800.0
2013-11-15   76.870   77.3300   2674000.0
2013-11-18   77.360   77.3600   2006200.0
2013-11-19   78.800   79.7100   7722600.0
2013-11-20   79.910   79.0500   3275500.0
2013-11-21   79.320   79.7800   2192600.0
2013-11-22   79.650   80.0100   1765900.0
2013-11-25   80.000   80.1200   1921700.0
2013-11-26   83.180   80.3100   2641900.0
2013-11-27   80.300   80.3300   1211200.0
2013-11-29   80.180   80.0200    951100.0
2013-12-02   79.950   79.5700   1557600.0
2013-12-03   80.350   80.3400   3243100.0
2013-12-04   79.890   79.3300   2120200.0
2013-12-05   78.950   78.5300   2527300.0
2013-12-06   79.450   79.6600   2130700.0
2013-12-09   79.700   79.0100   2705600.0
2013-12-10   78.860   78.5100   2278500.0
2013-12-11   78.300   77.4300   3309300.0
2013-12-12   77.210   77.1500   3402400.0
2013-12-13   77.660   77.0200   1884800.0
2013-12-16   77.530   77.5150   1548100.0
2013-12-17   76.800   77.2500   1950100.0
2013-12-18   77.720   79.0900   3256300.0
2013-12-19   79.350   79.4250   2828400.0
2013-12-20   79.420   79.9700   4040400.0
2013-12-23   80.310   79.9400   1624400.0
2013-12-24   79.780   80.2200    682900.0
2013-12-26   80.450   80.7500    997000.0
2013-12-27   80.960   80.7200    823500.0
2013-12-30   80.820   81.0800    818600.0
2013-12-31   81.240   80.7990   1258100.0
2014-01-02   80.170   79.8600   2239200.0
2014-01-03   80.210   80.7300   2218900.0
2014-01-06   80.610   79.8100   1748400.0
2014-01-07   79.980   80.7800   1567500.0
2014-01-08   80.300   80.3500   2130000.0
2014-01-09   83.000   80.6300   1645500.0
2014-01-10   81.060   80.3500   1679200.0
2014-01-13   80.280   79.0500   2377700.0
2014-01-14   79.310   79.9500   1830500.0
2014-01-15   80.000   80.0900   2306600.0
2014-01-16   80.040   79.8100   1196200.0
2014-01-17   79.520   79.9700   3122100.0
2014-01-21   80.420   80.3200   1649400.0
2014-01-22   80.410   80.3800   1485700.0
2014-01-23   81.930   79.3100   1633100.0
2014-01-24   78.810   76.9700   2400900.0
2014-01-27   76.350   76.5000   1976300.0
2014-01-28   76.380   77.0300   1775900.0
2014-01-29   76.440   76.5300   1866100.0
2014-01-30   76.950   77.3000   1592500.0
2014-01-31   76.000   76.6000   2120400.0
2014-02-03   76.610   74.0800   3623500.0
2014-02-04   77.920   74.9500   4449500.0
2014-02-05   76.320   73.5300   3263300.0
2014-02-06   73.450   74.2000   2685100.0
2014-02-07   74.400   74.8900   1928800.0
2014-02-10   75.480   74.4500   2287000.0
2014-02-11   74.120   74.6600   2872700.0
2014-02-12   75.570   75.5800   4587400.0
2014-02-13   75.250   76.2100   2309300.0
2014-02-14   75.750   76.2700   1944800.0
2014-02-18   76.450   76.4900   2041800.0
2014-02-19   76.040   76.1500   1825900.0
2014-02-20   76.240   76.5100   1418300.0
2014-02-21   76.780   76.2000   2227400.0
2014-02-24   76.310   76.8000   1967300.0
2014-02-25   76.980   77.0100   1770000.0
2014-02-26   77.450   77.4200   2613300.0
2014-02-27   77.120   77.7200   2288100.0
2014-02-28   77.880   77.7800   2678200.0
2014-03-03   77.050   76.6700   1996300.0
2014-03-04   77.700   78.4500   2941500.0
2014-03-05   78.000   77.7200   1894800.0
2014-03-06   77.880   78.0300   1529200.0
2014-03-07   78.450   78.5600   1830400.0
2014-03-10   78.590   78.2100   1932400.0
2014-03-11   78.340   77.9000   1555800.0
2014-03-12   77.270   77.6900   1903500.0
2014-03-13   77.780   76.9900   3153500.0
2014-03-14   77.540   77.5500   2632100.0
2014-03-17   77.920   78.4900   2947400.0
2014-03-18   78.370   78.9900   1994300.0
2014-03-19   79.080   78.2900   1577300.0
2014-03-20   77.850   78.3400   1344000.0
2014-03-21   79.330   77.7500   5282000.0
2014-03-24   77.860   76.4500   2233000.0
2014-03-25   76.690   76.6800   1823200.0
2014-03-26   77.100   76.2000   1611900.0
2014-03-27   76.050   76.6700   2465600.0
2014-03-28   77.010   76.9500   1506000.0
2014-03-31   77.140   77.2600   1653400.0
2014-04-01   77.050   77.5000   2012800.0
2014-04-02   77.410   77.6700   1898600.0
2014-04-03   77.980   77.3700   1351500.0
2014-04-04   77.770   75.8200   2304500.0
2014-04-07   75.970   75.2700   1949900.0
2014-04-08   75.460   75.5600   1896100.0
2014-04-09   75.470   75.8800   1808300.0
2014-04-10   78.080   75.2200   4243200.0
2014-04-11   74.670   73.7300   3110000.0
2014-04-14   74.410   74.2400   2255600.0
2014-04-15   74.300   75.0800   2401900.0
2014-04-16   75.700   75.4300   2195400.0
2014-04-17   75.240   76.3100   2322900.0
2014-04-21   75.770   76.0600   1054800.0
2014-04-22   76.130   76.3300   1355100.0
2014-04-23   75.860   76.2900   1582600.0
2014-04-24   76.840   76.6200   1744900.0
2014-04-25   76.240   75.6600   1637700.0
2014-04-28   76.040   75.6800   2413700.0
2014-04-29   76.160   76.9900   2152500.0
2014-04-30   76.050   77.9600   2429500.0
2014-05-01   77.970   77.6200   1469000.0
2014-05-02   77.700   77.5400   2004600.0
2014-05-05   77.280   77.8700   1389500.0
2014-05-06   77.440   77.0600   1924100.0
2014-05-07   77.250   77.4600   2406400.0
2014-05-08   77.320   77.8500   2093000.0
2014-05-09   77.620   78.0700   1540400.0
2014-05-12   77.990   78.8900   1502800.0
2014-05-13   78.900   78.9200   1416000.0
2014-05-14   79.020   78.0900   1144500.0
2014-05-15   77.850   76.7500   2406600.0
2014-05-16   76.910   77.8100   2084100.0
2014-05-19   77.520   78.0500   1277500.0
2014-05-20   78.150   77.5600   1880500.0
2014-05-21   78.070   77.7200   1481600.0
2014-05-22   77.890   78.0800   1132200.0
2014-05-23   78.320   78.8500   1103100.0
2014-05-27   79.010   79.3000   1335400.0
2014-05-28   79.720   78.8700   1426100.0
2014-05-29   79.180   79.5600   1210500.0
2014-05-30   79.750   79.6800   2530400.0
2014-06-02   79.650   79.3800   1116700.0
2014-06-03   78.920   78.7100   2615800.0
2014-06-04   78.330   78.8300   2659100.0
2014-06-05   78.790   78.7000   1725800.0
2014-06-06   79.170   79.6100   1608700.0
2014-06-09   79.580   80.0000   1460100.0
2014-06-10   79.720   79.4000   2255400.0
2014-06-11   78.600   78.5400   1827400.0
2014-06-12   78.080   78.2500   1331900.0
2014-06-13   78.540   78.8100   1233700.0
2014-06-16   78.470   78.6500   1170100.0
2014-06-17   78.480   78.2200   2226100.0
2014-06-18   78.220   78.6100   2551400.0
2014-06-19   78.880   78.4600   1875600.0
2014-06-20   78.860   79.4500   3984800.0
2014-06-23   79.360   79.2200   1049200.0
2014-06-24   79.150   79.0600   1189600.0
2014-06-25   78.760   79.2500   1182400.0
2014-06-26   79.280   79.1100   1000200.0
2014-06-27   79.060   79.4800   1553900.0
2014-06-30   79.130   79.2800   1275500.0
2014-07-01   79.620   80.3700   1871900.0
2014-07-02   80.010   80.2200   1591100.0
2014-07-03   80.000   80.5900    883300.0
2014-07-07   80.180   80.4400   1255300.0
2014-07-08   80.360   80.4700   1723800.0
2014-07-09   80.670   80.4700   1074600.0
2014-07-10   80.800   80.1450   1085700.0
2014-07-11   80.270   80.1300   1217800.0
2014-07-14   80.390   80.3400    913000.0
2014-07-15   80.350   80.3400   1059600.0
2014-07-16   80.650   80.5000   1121700.0
2014-07-17   80.040   79.9600   1214900.0
2014-07-18   80.430   81.0300   1583900.0
2014-07-21   80.590   80.9800   1141800.0
2014-07-22   81.160   81.6800    949100.0
2014-07-23   81.560   81.8300   1188800.0
2014-07-24   81.600   82.4300   1443800.0
2014-07-25   82.520   82.6100   1364100.0
2014-07-28   82.470   82.4900   1005200.0
2014-07-29   82.640   81.8700   1505300.0
2014-07-30   82.330   82.1500   1898900.0
2014-07-31   82.230   81.3100   1865900.0
2014-08-01   80.870   81.5400   1922300.0
2014-08-04   81.320   81.2100   2411400.0
2014-08-05   81.230   80.4800   1750900.0
2014-08-06   80.420   80.3600   1184200.0
2014-08-07   80.680   80.0700   1504300.0
2014-08-08   80.200   81.1200   1463800.0
2014-08-11   81.210   81.3400   1120300.0
2014-08-12   81.110   81.2700   1165300.0
2014-08-13   81.740   82.0000   1206300.0
2014-08-14   83.780   82.3900    905600.0
2014-08-15   83.140   82.2700   1885300.0
2014-08-18   82.620   83.2500   1072400.0
2014-08-19   83.010   83.4300    958100.0
2014-08-20   83.360   83.5700   1228000.0
2014-08-21   83.570   83.8900    923700.0
2014-08-22   84.050   83.4900   1041600.0
2014-08-25   83.630   83.6200    962800.0
2014-08-26   83.600   83.8200   1217400.0
2014-08-27   83.750   83.6700    983300.0
2014-08-28   83.030   83.5000    948000.0
2014-08-29   83.950   83.4800   1773300.0
2014-09-02   83.680   83.6900   1374800.0
2014-09-03   84.090   83.7800   1212700.0
2014-09-04   83.670   83.8100   1006500.0
2014-09-05   83.690   84.3400   1367900.0
2014-09-08   83.910   84.0900    980200.0
2014-09-09   83.850   83.6100   1140900.0
2014-09-10   83.320   83.6100   1457400.0
2014-09-11   83.300   83.2000   1534000.0
2014-09-12   83.260   83.0200   1924800.0
2014-09-15   82.940   83.4600   1412400.0
2014-09-16   82.560   83.4100   1582600.0
2014-09-17   83.470   83.3500   1625100.0
2014-09-18   83.490   84.1900   1835800.0
2014-09-19   84.550   83.8800   2696400.0
2014-09-22   83.420   83.0900   1090600.0
2014-09-23   82.940   82.6100   1094400.0
2014-09-24   82.520   83.9300   1353979.0
2014-09-25   83.610   82.3600   1724374.0
2014-09-26   82.240   82.5900   1663719.0
2014-09-29   82.060   82.8100   1689400.0
2014-09-30   83.340   83.0800   2358037.0
2014-10-01   73.030   71.4200   3540258.0
2014-10-02   71.710   72.5000   3007958.0
2014-10-03   73.560   74.8500   4475419.0
2014-10-06   74.960   74.5200   2919471.0
2014-10-07   74.340   73.5200   2233272.0
2014-10-08   73.500   74.7800   2078845.0
2014-10-09   74.800   73.1900   1972846.0
2014-10-10   73.250   72.6600   2395942.0
2014-10-13   72.820   71.9500   2058736.0
2014-10-14   72.560   72.6400   2088129.0
2014-10-15   72.000   71.7800   2482932.0
2014-10-16   70.790   71.6300   2179303.0
2014-10-17   72.510   72.6800   1700389.0
2014-10-20   72.540   73.3500   2125360.0
2014-10-21   73.630   74.8050   1565250.0
2014-10-22   75.010   74.6100   1416149.0
2014-10-23   75.750   75.4400   1462300.0
2014-10-24   75.780   76.2000   1131834.0
2014-10-27   76.250   76.4700   1103391.0
2014-10-28   76.940   77.2600   2314789.0
2014-10-29   77.090   77.9200   1357079.0
2014-10-30   77.890   78.9500   2113807.0
2014-10-31   80.610   81.7800   3712308.0
2014-11-03   81.500   81.7400   2707632.0
2014-11-04   82.350   83.1500   2508301.0
2014-11-05   83.780   84.3000   2325867.0
2014-11-06   84.660   84.7450   2126487.0
2014-11-07   84.870   84.3750   2441261.0
2014-11-10   84.310   85.1200   1611442.0
2014-11-11   85.090   84.9500   1267082.0
2014-11-12   84.770   85.2050   1516225.0
2014-11-13   85.430   85.4100   1451594.0
2014-11-14   85.410   84.7500   1853091.0
2014-11-17   84.700   84.8400   1531819.0
2014-11-18   84.850   84.7500   1807257.0
2014-11-19   84.790   84.2700   2362385.0
2014-11-20   84.280   84.1150   2507416.0
2014-11-21   85.220   84.1400   2692005.0
2014-11-24   84.510   84.7850   2295447.0
2014-11-25   84.690   84.5200   1852610.0
2014-11-26   84.720   84.8600   1997058.0
2014-11-28   85.260   85.6400   1267266.0
2014-12-01   85.180   86.0700   2054985.0
2014-12-02   86.450   85.8000   1676123.0
2014-12-03   85.490   85.9400   1878416.0
2014-12-04   86.060   86.0550   1553066.0
2014-12-05   85.790   85.8200   1792105.0
2014-12-08   85.360   85.5900   1674151.0
2014-12-09   85.180   85.2550   1943754.0
2014-12-10   84.560   84.1300   2024896.0
2014-12-11   85.530   84.6000   1976754.0
2014-12-12   83.470   82.5000   2415621.0
2014-12-15   82.810   82.7800   1848890.0
2014-12-16   82.770   82.9100   1989960.0
2014-12-17   82.620   84.6850   1906227.0
2014-12-18   85.870   85.6800   3535524.0
2014-12-19   85.450   84.7100   4230483.0
2014-12-22   84.720   85.7000   1672130.0
2014-12-23   86.310   85.1700   2343955.0
2014-12-24   85.130   85.2400   1060288.0
2014-12-26   85.570   85.2000   1006527.0
2014-12-29   85.020   84.8700   1242621.0
2014-12-30   84.740   84.1100   1427678.0
2014-12-31   84.380   83.3700   1805520.0
2015-01-02   82.980   83.2900   1872279.0
2015-01-05   83.250   83.2300   3273231.0
2015-01-06   83.300   82.5350   2569709.0
2015-01-07   82.220   83.2600   2078972.0
2015-01-08   83.960   85.1700   3358749.0
2015-01-09   85.050   84.5600   1725240.0
2015-01-12   84.720   84.1450   1326100.0
2015-01-13   84.800   83.9800   1924069.0
2015-01-14   83.080   83.7350   1792204.0
2015-01-15   83.870   83.7000   1434838.0
2015-01-16   83.560   84.5700   2261450.0
2015-01-20   84.830   84.9700   1572181.0
2015-01-21   84.560   84.5600   1729877.0
2015-01-22   85.000   86.6100   1980007.0
2015-01-23   86.650   86.8500   2088011.0
2015-01-26   86.250   86.5700   1527596.0
2015-01-27   85.710   85.6300   1697276.0
2015-01-28   85.860   84.5300   2136996.0
2015-01-29   84.450   84.3500   2968940.0
2015-01-30   83.960   82.5300   4076699.0
2015-02-02   81.820   83.4400   2810151.0
2015-02-03   84.180   85.1400   3448977.0
2015-02-04   87.140   86.5800   3659204.0
2015-02-05   86.430   87.1700   2151327.0
2015-02-06   87.150   86.4400   2391236.0
2015-02-09   86.010   86.0100   1700893.0
2015-02-10   86.190   86.5200   2552171.0
2015-02-11   86.710   86.8200   1816225.0
2015-02-12   87.200   87.7450   1872978.0
2015-02-13   87.950   88.7500   1936987.0
2015-02-17   87.760   87.1100   3990945.0
2015-02-18   86.600   87.5900   1764197.0
2015-02-19   87.610   87.7300   1568519.0
2015-02-20   87.810   88.6850   2010949.0
2015-02-23   88.730   89.1700   1801431.0
2015-02-24   89.170   89.2600   1418717.0
2015-02-25   89.330   89.0700   1617915.0
2015-02-26   89.190   88.8400   1426287.0
2015-02-27   88.850   88.8400   1815944.0
2015-03-02   88.880   90.1800   1771365.0
2015-03-03   89.550   88.7000   3012171.0
2015-03-04   88.250   86.5750   3306010.0
2015-03-05   86.590   86.7500   2728568.0
2015-03-06   86.330   85.9950   2010986.0
2015-03-09   86.400   86.8400   1481848.0
2015-03-10   86.060   85.1500   1915348.0
2015-03-11   84.990   84.9850   1721823.0
2015-03-12   85.410   86.3900   1190710.0
2015-03-13   86.090   85.8800   1650621.0
2015-03-16   86.520   87.3500   1663763.0
2015-03-17   86.910   86.6400   1986173.0
2015-03-18   86.630   87.3500   1928036.0
2015-03-19   87.380   87.3700   2143890.0
2015-03-20   87.800   87.7700   4119092.0
2015-03-23   88.020   87.3050   1593071.0
2015-03-24   87.150   86.9650   1167837.0
2015-03-25   87.130   84.7400   1707068.0
2015-03-26   84.260   84.4100   1599903.0
2015-03-27   84.340   84.6300   1424992.0
2015-03-30   84.960   85.8900   1139776.0
2015-03-31   85.350   85.6400   1682183.0
2015-04-01   85.730   85.2600   1502882.0
2015-04-02   85.850   85.9200   1699873.0
2015-04-06   85.660   86.2500   1449702.0
2015-04-07   86.230   85.8550   1039589.0
2015-04-08   85.690   86.5700   1328525.0
2015-04-09   86.450   86.6000   1155351.0
2015-04-10   86.760   86.3400   1857474.0
2015-04-13   86.120   85.9200   1331739.0
2015-04-14   85.740   85.6200   1366759.0
2015-04-15   85.900   85.7600   1481227.0
2015-04-16   85.560   85.3800   1463359.0
2015-04-17   84.640   83.5300   1965598.0
2015-04-20   83.840   84.8000   1412630.0
2015-04-21   85.160   85.1000   1552471.0
2015-04-22   85.140   85.3100    993563.0
2015-04-23   85.120   85.7650   1000080.0
2015-04-24   85.650   84.9950   1187070.0
2015-04-27   85.420   84.7000   1466950.0
2015-04-28   84.800   85.6100   1639374.0
2015-04-29   85.080   85.3900   1914618.0
2015-04-30   85.220   84.5400   2194397.0
2015-05-01   84.530   86.0300   2086031.0
2015-05-04   86.460   86.5000   1992482.0
2015-05-05   86.560   85.6100   1534377.0
2015-05-06   85.720   85.4100   1610354.0
2015-05-07   85.620   86.2950   1656908.0
2015-05-08   86.820   87.3500   1465071.0
2015-05-11   87.280   87.2100   1701327.0
2015-05-12   86.840   86.7600   1549814.0
2015-05-13   86.650   86.3100   1951042.0
2015-05-14   86.970   87.9900   1892400.0
2015-05-15   88.250   87.7700   1607075.0
2015-05-18   87.370   87.4800   1593347.0
2015-05-19   87.800   87.9000   1875725.0
2015-05-20   88.060   87.4300   1767733.0
2015-05-21   87.360   87.2700   1517448.0
2015-05-22   87.190   86.8200   1499264.0
2015-05-26   86.550   85.4200   1867570.0
2015-05-27   85.460   85.9100   2017388.0
2015-05-28   85.870   85.9700   1297452.0
2015-05-29   85.960   85.5100   2188945.0
2015-06-01   85.700   85.3000   1617500.0
2015-06-02   84.770   85.4500   2033469.0
2015-06-03   85.770   85.4650   1738389.0
2015-06-04   84.930   84.0800   1689573.0
2015-06-05   84.100   84.2600   1353920.0
2015-06-08   83.940   83.5000   1531931.0
2015-06-09   83.370   83.1600   1569472.0
2015-06-10   82.960   84.1750   1625429.0
2015-06-11   84.500   84.6200   1438403.0
2015-06-12   84.150   83.8500   1144565.0
2015-06-15   83.250   82.9200   1679680.0
2015-06-16   82.840   83.2750   1499857.0
2015-06-17   83.610   83.2750   1134563.0
2015-06-18   83.620   84.5800   1556465.0
2015-06-19   84.450   84.4100   2906357.0
2015-06-22   84.610   85.0000   1401927.0
2015-06-23   85.290   84.7700    958821.0
2015-06-24   84.640   83.6300   1548316.0
2015-06-25   83.710   83.3500   1200144.0
2015-06-26   83.780   83.3100   2889750.0
2015-06-29   82.800   80.9100   1774197.0
2015-06-30   81.390   80.2300   2688846.0
2015-07-01   79.510   80.8900   1821155.0
2015-07-02   81.230   80.8300   1792027.0
2015-07-06   80.000   80.8300   1503644.0
2015-07-07   80.970   81.0700   1747574.0
2015-07-08   80.720   80.0300   1615780.0
2015-07-09   81.150   80.6900   1588076.0
2015-07-10   81.860   81.5200   1371085.0
2015-07-13   81.850   81.7300   1337739.0
2015-07-14   81.720   81.8900   1387056.0
2015-07-15   81.950   82.5000   2390576.0
2015-07-16   82.890   82.9000   1546127.0
2015-07-17   83.010   82.3900   1846361.0
2015-07-20   82.260   82.1700   1522473.0
2015-07-21   82.180   81.4100   1964296.0
2015-07-22   81.630   81.6900   1529111.0
2015-07-23   81.420   80.9400   1368577.0
2015-07-24   81.030   79.7800   1935584.0
2015-07-27   79.610   79.7200   1649795.0
2015-07-28   79.760   80.5800   1540063.0
2015-07-29   80.450   82.3400   2744699.0
2015-07-30   80.000   80.1300   4688136.0
2015-07-31   80.200   79.7700   2983959.0
2015-08-03   78.590   80.1100   2291267.0
2015-08-04   80.540   80.6800   2749339.0
2015-08-05   81.780   81.8400   1929539.0
2015-08-06   81.780   80.3000   1505398.0
2015-08-07   80.180   80.2900   1162306.0
2015-08-10   81.010   81.6000   2032083.0
2015-08-11   81.260   81.3300   1938365.0
2015-08-12   80.740   81.5500   1871449.0
2015-08-13   81.520   82.4500   2000830.0
2015-08-14   82.160   82.9900   2018368.0
2015-08-17   82.820   84.7000   3366649.0
2015-08-18   84.320   84.6900   2615335.0
2015-08-19   84.390   84.4700   1874898.0
2015-08-20   83.710   82.7100   2275383.0
2015-08-21   81.840   79.2300   3103859.0
2015-08-24   75.210   76.2800   6545621.0
2015-08-25   78.500   73.5200   3565061.0
2015-08-26   75.620   77.8000   4492909.0
2015-08-27   78.320   78.0300   3004632.0
2015-08-28   77.760   78.4100   2596739.0
2015-08-31   77.860   77.3200   2364536.0
2015-09-01   75.460   75.1000   2658259.0
2015-09-02   76.060   77.0900   2689466.0
2015-09-03   77.100   77.5500   1952093.0
2015-09-04   76.240   76.1500   1858821.0
2015-09-08   77.340   78.2000   1764401.0
2015-09-09   78.490   77.5100   3022701.0
2015-09-10   77.100   77.9200   2214576.0
2015-09-11   77.280   78.3100   1508926.0
2015-09-14   78.480   77.7600   1411292.0
2015-09-15   77.920   78.8900   1706312.0
2015-09-16   78.930   79.5900   1739625.0
2015-09-17   79.680   79.4300   2013052.0
2015-09-18   78.560   79.0100   3876446.0
2015-09-21   79.380   79.9000   1671406.0
2015-09-22   78.440   79.1900   1753064.0
2015-09-23   79.360   79.3700   1157639.0
2015-09-24   78.610   79.5800   1793852.0
2015-09-25   80.440   80.3000   2231761.0
2015-09-28   79.980   78.6200   1816138.0
2015-09-29   78.560   79.0900   2046194.0
2015-09-30   80.140   80.3000   2510682.0
2015-10-01   80.910   80.8900   2209067.0
2015-10-02   79.800   81.3600   2738077.0
2015-10-05   82.200   82.7000   1904594.0
2015-10-06   82.460   82.4400   1887814.0
2015-10-07   82.590   83.6500   1717687.0
2015-10-08   83.560   85.1200   2131284.0
2015-10-09   85.360   85.2400   2190100.0
2015-10-12   85.030   85.6800   1045736.0
2015-10-13   85.210   85.1600   1402319.0
2015-10-14   85.300   85.1400   1227649.0
2015-10-15   85.620   85.9700   1233892.0
2015-10-16   86.300   86.6900   1844495.0
2015-10-19   86.570   87.3000   1439545.0
2015-10-20   87.060   87.4200   1309225.0
2015-10-21   87.700   87.4500   1609229.0
2015-10-22   87.930   89.6900   2104382.0
2015-10-23   90.000   90.5300   1833003.0
2015-10-26   90.230   90.1100   2297383.0
2015-10-27   90.110   90.3300   2031642.0
2015-10-28   88.320   87.9100   3400797.0
2015-10-29   87.910   88.3600   2476242.0
2015-10-30   88.360   86.9900   3040209.0
2015-11-02   86.990   86.9900   1903722.0
2015-11-03   86.880   86.7300   1706059.0
2015-11-04   87.160   86.9600   1594059.0
2015-11-05   87.310   86.9800   1312124.0
2015-11-06   86.710   87.6300   1686008.0
2015-11-09   87.040   86.7600   1369839.0
2015-11-10   86.470   86.9500   1547193.0
2015-11-11   87.380   87.1800   1214686.0
2015-11-12   87.000   86.2200   1189118.0
2015-11-13   85.870   85.0500   1289432.0
2015-11-16   85.160   86.5200   1133598.0
2015-11-17   86.450   85.8900   1419341.0
2015-11-18   86.280   86.5000   1390799.0
2015-11-19   86.610   86.3900   1059362.0
2015-11-20   86.940   87.2900   1800140.0
2015-11-23   87.260   87.3500   1174416.0
2015-11-24   86.990   86.7100   1101445.0
2015-11-25   86.740   86.4100    752258.0
2015-11-27   86.480   86.6900    488812.0
2015-11-30   86.970   86.2600   2379412.0
2015-12-01   86.810   87.5600   1391943.0
2015-12-02   87.330   86.9100   1586631.0
2015-12-03   86.960   85.2600   1585311.0
2015-12-04   85.440   87.4300   1531130.0
2015-12-07   87.050   86.6000   1295511.0
2015-12-08   85.780   86.3200   1659841.0
2015-12-09   85.650   84.9500   1486533.0
2015-12-10   85.080   85.4600   1748732.0
2015-12-11   84.290   83.3300   1945425.0
2015-12-14   83.660   84.6000   1536881.0
2015-12-15   85.310   85.4700   1830748.0
2015-12-16   86.060   86.2000   1535104.0
2015-12-17   86.290   84.8100   1756248.0
2015-12-18   84.130   83.2800   3879447.0
2015-12-21   83.810   84.1400   1432790.0
2015-12-22   84.760   84.8600   1772474.0
2015-12-23   85.390   85.7300   1056644.0
2015-12-24   85.920   85.9400    640237.0
2015-12-28   85.450   85.7500    968014.0
2015-12-29   86.500   86.8400    975897.0
2015-12-30   86.740   86.3800    744493.0
2015-12-31   85.780   84.7200   1420087.0
2016-01-04   82.930   82.0700   2246327.0
2016-01-05   82.660   82.2700   2036731.0
2016-01-06   81.080   81.2600   1511025.0
2016-01-07   79.640   78.7800   5031269.0
2016-01-08   78.930   78.1300   2486959.0
2016-01-11   78.450   78.5100   2127341.0
2016-01-12   78.860   79.4700   1975167.0
2016-01-13   79.340   77.3400   1860019.0
2016-01-14   77.600   78.9900   2864121.0
2016-01-15   76.840   77.9200   2967815.0
2016-01-19   78.920   79.1100   2522998.0
2016-01-20   78.090   78.2200   3056544.0
2016-01-21   78.690   79.2500   2672433.0
2016-01-22   80.830   81.1100   1940151.0
2016-01-25   80.370   80.0900   1798479.0
2016-01-26   80.090   80.8900   1665207.0
2016-01-27   80.980   80.4800   1719699.0
2016-01-28   81.000   80.7500   2015593.0
2016-01-29   81.520   83.0900   2836363.0
2016-02-01   80.720   82.9700   2837504.0
2016-02-02   82.730   82.1700   3690293.0
2016-02-03   83.120   82.1500   3048627.0
2016-02-04   82.030   82.8000   1822780.0
2016-02-05   82.800   81.3100   2248295.0
2016-02-08   80.400   81.2500   2347026.0
2016-02-09   80.950   80.6700   2247529.0
2016-02-10   81.820   80.8300   1872768.0
2016-02-11   79.380   80.2100   2842420.0
2016-02-12   81.270   81.7400   1518711.0
2016-02-16   83.050   83.7800   2065408.0
2016-02-17   84.180   85.3300   1907795.0
2016-02-18   85.480   84.9100   1563108.0
2016-02-19   84.820   85.5600   2065341.0
2016-02-22   85.990   86.4000   1618578.0
2016-02-23   86.120   84.8500   1863451.0
2016-02-24   83.920   85.2600   1727228.0
2016-02-25   86.110   85.9200   1426273.0
2016-02-26   86.540   85.6600   1402965.0
2016-02-29   85.410   84.6900   1925525.0
2016-03-01   85.620   86.7700   1579881.0
2016-03-02   86.360   85.6500   2059346.0
2016-03-03   84.850   85.6500   1700511.0
2016-03-04   85.910   86.1900   1582697.0
2016-03-07   85.480   86.0900   1400721.0
2016-03-08   85.600   85.4900   1739047.0
2016-03-09   85.330   85.7200   1636663.0
2016-03-10   86.210   85.2000   1528377.0
2016-03-11   86.310   87.2700   1863537.0
2016-03-14   86.810   87.2700   1311980.0
2016-03-15   86.550   87.3200   1195064.0
2016-03-16   86.990   87.6600   1087995.0
2016-03-17   87.760   88.8400   1482159.0
2016-03-18   89.240   88.6400   3207912.0
2016-03-21   88.210   89.0100   1575212.0
2016-03-22   88.790   88.6400   1215637.0
2016-03-23   88.560   88.5300   1189072.0
2016-03-24   88.230   88.7500   1035411.0
2016-03-28   88.800   88.3000   1325131.0
2016-03-29   88.420   89.4300   1711455.0
2016-03-30   89.710   89.1500   1506775.0
2016-03-31   89.070   89.7100   1482384.0
2016-04-01   88.740   90.2600   1626486.0
2016-04-04   90.080   89.7100   1179093.0
2016-04-05   90.690   89.7500   1783667.0
2016-04-06   89.690   90.8400   1886283.0
2016-04-07   90.070   89.8000   1655275.0
2016-04-08   90.320   90.3300   1086721.0
2016-04-11   90.950   89.7100   1561594.0
2016-04-12   89.930   90.1100   1503853.0
2016-04-13   90.540   90.2400   1663479.0
2016-04-14   90.530   90.2600   1802528.0
2016-04-15   90.830   90.1500   1750766.0
2016-04-18   89.960   90.7000   1301015.0
2016-04-19   91.000   90.7400   1910955.0
2016-04-20   90.680   90.1200   1898883.0
2016-04-21   90.620   89.3500   1538920.0
2016-04-22   89.110   89.6500   1413760.0
2016-04-25   89.540   89.5800   1143191.0
2016-04-26   89.820   89.7900   1631851.0
2016-04-27   89.730   90.1200   2406460.0
2016-04-28   87.840   89.1000   2953665.0
2016-04-29   88.400   88.4400   2293003.0
2016-05-02   88.240   89.4300   2228290.0
2016-05-03   89.190   88.8100   3258693.0
2016-05-04   88.320   88.3900   1192758.0
2016-05-05   86.670   86.4500   5092706.0
2016-05-06   86.140   86.8500   4489637.0
2016-05-09   87.150   87.1600   3340876.0
2016-05-10   87.430   88.5000   4131779.0
2016-05-11   88.190   86.6700   1954758.0
2016-05-12   87.310   86.5400   1692622.0
2016-05-13   86.420   85.7600   1862020.0
2016-05-16   86.030   86.7000   1732414.0
2016-05-17   86.330   85.3500   1508553.0
2016-05-18   85.280   85.6000   1272770.0
2016-05-19   84.760   85.1400   1493913.0
2016-05-20   85.460   85.4700   1381976.0
2016-05-23   85.490   85.2500   1076031.0
2016-05-24   85.990   87.4600   2163954.0
2016-05-25   87.670   87.5200   1405090.0
2016-05-26   87.390   87.7000   1042476.0
2016-05-27   87.740   88.0400   1078085.0
2016-05-31   88.370   87.8400   2035480.0
2016-06-01   87.600   88.1200   1685793.0
2016-06-02   88.040   88.0900   1092520.0
2016-06-03   87.650   87.3300   1399914.0
2016-06-06   87.520   87.6900   1392932.0
2016-06-07   87.700   86.8700   2480957.0
2016-06-08   86.600   87.2200   1797346.0
2016-06-09   87.030   87.6300   1517709.0
2016-06-10   86.550   87.0900   1635720.0
2016-06-13   87.020   87.1600   3191446.0
2016-06-14   86.970   87.4900   2348466.0
2016-06-15   87.530   87.6100   2080455.0
2016-06-16   87.210   88.0300   1469419.0
2016-06-17   88.090   87.6100   2708741.0
2016-06-20   88.670   89.0400   2061740.0
2016-06-21   89.300   89.3400   1725600.0
2016-06-22   89.660   88.8200   1504403.0
2016-06-23   89.740   89.9400   1364084.0
2016-06-24   86.230   86.7200   4044490.0
2016-06-27   85.940   85.6600   2609431.0
2016-06-28   86.310   87.9200   2531140.0
2016-06-29   88.470   89.1300   2274421.0
2016-06-30   89.370   91.8700   2944786.0
2016-07-01   92.000   92.7500   2456786.0
2016-07-05   92.530   93.3100   2940489.0
2016-07-06   93.430   93.4200   2299435.0
2016-07-07   93.170   93.5000   1734868.0
2016-07-08   94.120   94.4700   2148166.0
2016-07-11   95.000   95.1400   1822542.0
2016-07-12   95.580   94.8100   2265507.0
2016-07-13   95.290   95.1400   1365475.0
2016-07-14   95.750   95.2100   1330874.0
2016-07-15   95.700   95.0600   1356035.0
2016-07-18   95.290   94.9300    879741.0
2016-07-19   94.850   95.0200    925542.0
2016-07-20   95.560   95.3900   1090135.0
2016-07-21   95.100   94.8800   1262395.0
2016-07-22   95.510   95.4400   1221373.0
2016-07-25   95.160   95.2900   1247870.0
2016-07-26   95.560   95.7200   1412448.0
2016-07-27   95.660   94.9300   2050448.0
2016-07-28   93.000   91.7300   3609572.0
2016-07-29   91.380   88.9500   3899670.0
2016-08-01   88.060   88.6700   3353733.0
2016-08-02   88.700   87.9700   2384471.0
2016-08-03   88.240   88.1900   2249647.0
2016-08-04   88.110   88.4100   1484048.0
2016-08-05   89.000   89.6700   1959276.0
2016-08-08   89.590   89.4400   1831005.0
2016-08-09   89.440   89.9700   1332599.0
2016-08-10   89.930   90.0400   1102025.0
2016-08-11   90.090   90.4000   1375864.0
2016-08-12   90.030   90.1300    929675.0
2016-08-15   90.480   90.3500    919296.0
2016-08-16   90.040   89.5600    939936.0
2016-08-17   89.800   89.3300   1773478.0
2016-08-18   89.570   89.8300   1025356.0
2016-08-19   89.520   89.8500   1436610.0
2016-08-22   89.820   89.9100   1110448.0
2016-08-23   90.080   89.9800   1181866.0
2016-08-24   89.810   89.6800   1121715.0
2016-08-25   89.720   89.7700   1049001.0
2016-08-26   89.960   89.7900   1365827.0
2016-08-29   89.840   89.5900   1108761.0
2016-08-30   89.810   89.7900   1322414.0
2016-08-31   89.680   89.8100   1300693.0
2016-09-01   90.020   90.6300   1775623.0
2016-09-02   90.880   90.3900   1737076.0
2016-09-06   89.720   89.8600   1728777.0
2016-09-07   89.200   89.9600   1228772.0
2016-09-08   89.710   89.4700   1241788.0
2016-09-09   88.570   86.5700   2013806.0
2016-09-12   86.460   88.1400   1893661.0
2016-09-13   87.320   86.6900   1939880.0
2016-09-14   86.860   86.6900   1173229.0
2016-09-15   86.480   87.4800   1452086.0
2016-09-16   87.150   86.7500   2632442.0
2016-09-19   87.090   86.5600   1690886.0
2016-09-20   87.120   87.7900   1738728.0
2016-09-21   87.820   88.8800   1796977.0
2016-09-22   89.530   89.4600   1622524.0
2016-09-23   88.650   88.4700   1431964.0
2016-09-26   87.910   88.1900   1102582.0
2016-09-27   88.280   88.9500   1269438.0
2016-09-28   89.090   87.4500   2095348.0
2016-09-29   87.410   87.2100   1629029.0
2016-09-30   87.390   88.2000   2689838.0
2016-10-03   88.160   87.6300   1364044.0
2016-10-04   87.820   87.1700   1529772.0
2016-10-05   87.640   87.5800   1315461.0
2016-10-06   87.250   87.5600   1341061.0
2016-10-07   87.790   87.3700   1580128.0
2016-10-10   87.740   87.7700   1021300.0
2016-10-11   87.670   86.0900   1963464.0
2016-10-12   86.280   86.8700   1138975.0
2016-10-13   86.430   86.8900   1367227.0
2016-10-14   87.320   87.5600   1381436.0
2016-10-17   87.580   87.2400   1235269.0
2016-10-18   88.120   87.3800   1109553.0
2016-10-19   87.580   87.4300    906356.0
2016-10-20   87.200   86.8400   1420374.0
2016-10-21   86.490   86.7200   1277715.0
2016-10-24   87.340   87.6700   1025500.0
2016-10-25   87.550   87.5000   1299210.0
2016-10-26   87.260   87.1900   1331494.0
2016-10-27   87.360   86.6600   1773701.0
2016-10-28   86.740   87.1600   2129318.0
2016-10-31   87.570   87.0600   2488570.0
2016-11-01   87.300   86.9200   3065622.0
2016-11-02   88.100   89.9800   5357148.0
2016-11-03   89.970   89.3300   2514517.0
2016-11-04   88.030   89.0800   2093152.0
2016-11-07   90.350   90.6000   2244789.0
2016-11-08   90.750   91.1500   1668288.0
2016-11-09   87.890   90.9000   2861443.0
2016-11-10   91.440   91.3900   2555420.0
2016-11-11   90.940   91.0800   2098022.0
2016-11-14   91.400   91.8900   2961381.0
2016-11-15   92.130   92.3400   2034154.0
2016-11-16   92.340   93.2700   1962015.0
2016-11-17   93.150   94.3800   2031794.0
2016-11-18   94.310   94.3900   1636557.0
2016-11-21   94.470   95.5900   2251978.0
2016-11-22   95.650   96.3900   2433464.0
2016-11-23   96.590   96.6500   2968015.0
2016-11-25   96.680   96.9200    724798.0
2016-11-28   96.630   96.5700   1968349.0
2016-11-29   96.710   97.0400   1590936.0
2016-11-30   97.140   96.0200   2812477.0
2016-12-01   95.990   95.7700   2056944.0
2016-12-02   95.460   95.2400   1711203.0
2016-12-05   95.860   96.0500   2485664.0
2016-12-06   96.150   96.0000   1817753.0
2016-12-07   95.330   97.5700   2245264.0
2016-12-08   97.530   98.1900   2075682.0
2016-12-09   98.070   98.2200   3350650.0
2016-12-12   98.130   98.0600   1769933.0
2016-12-13   98.640   98.4000   2093816.0
2016-12-14   98.400   97.6900   1896926.0
2016-12-15   97.820   98.7600   1717955.0
2016-12-16  100.320  100.8500   5682594.0
2016-12-19  100.720  101.0900   1993229.0
2016-12-20  101.740  102.3300   2396875.0
2016-12-21  102.260  102.4700   2042866.0
2016-12-22  102.640  102.6000   1568211.0
2016-12-23  102.520  102.9300    777989.0
2016-12-27  102.860  103.3100    929959.0
2016-12-28  103.530  103.0500   1559082.0
2016-12-29  103.270  103.4500   1264492.0
2016-12-30  103.380  102.7800   2008839.0
2017-01-03  102.380  103.5000   2227449.0
2017-01-04  103.410  103.6600   2498459.0
2017-01-05  103.460  103.0400   2215362.0
2017-01-06  103.230  103.1100   2016595.0
2017-01-09  102.950  102.4700   1379273.0
2017-01-10  102.250  102.2000   1639355.0
2017-01-11  102.270  103.2000   1783842.0
2017-01-12  102.980  103.8000   1546666.0
2017-01-13  103.770  103.7700   1628270.0
2017-01-17  103.320  103.0700   1276993.0
2017-01-18  103.490  102.9100   1485900.0
2017-01-19  102.790  102.9700   1530993.0
2017-01-20  103.000  103.2400   1653207.0
2017-01-23  102.810  102.2000   1486737.0
2017-01-24  102.250  103.2400   1687913.0
2017-01-25  103.460  102.7000   1979432.0
2017-01-26  102.410  102.0400   2119697.0
2017-01-27  101.440  101.7100   1804455.0
2017-01-30  101.560  101.9700   1648288.0
2017-01-31  101.790  100.9900   2610235.0
2017-02-01   96.030   95.2500   8013843.0
2017-02-02   95.230   96.3200   3975500.0
2017-02-03   97.210   96.8700   2936592.0
2017-02-06   96.680   96.4700   1770640.0
2017-02-07   96.500   96.2900   1521355.0
2017-02-08   96.190   96.5800   1297972.0
2017-02-09   96.770   97.6500   3380808.0
2017-02-10   97.700   97.8200   1214696.0
2017-02-13   98.060   98.5800   1500759.0
2017-02-14   98.420   99.4400   1615005.0
2017-02-15   98.890   99.6500   1579762.0
2017-02-16   99.590   99.8800   1314754.0
2017-02-17   99.600   99.6800   1577550.0
2017-02-21   99.390   99.2200   2099415.0
2017-02-22   99.090  100.4200   1677855.0
2017-02-23  100.790  101.6400   1459263.0
2017-02-24  101.630  103.0000   1774494.0
2017-02-27  102.930  102.7000   1188346.0
2017-02-28  102.680  102.6200   2060663.0
2017-03-01  103.660  104.5300   1828233.0
2017-03-02  104.140  104.0700   1697190.0
2017-03-03  103.950  104.5000   1216370.0
2017-03-06  103.880  104.9500   1678307.0
2017-03-07  104.540  104.2700   1881528.0
2017-03-08  103.620  103.7100   1577185.0
2017-03-09  103.570  103.4000   1393832.0
2017-03-10  103.870  104.5500   1556780.0
2017-03-13  104.490  104.8400   1802650.0
2017-03-14  104.660  103.9700   1848326.0
2017-03-15  104.270  104.6700   1500187.0
2017-03-16  104.650  104.2500   1231091.0
2017-03-17  104.310  105.1100   2890349.0
2017-03-20  105.170  104.4500   1323403.0
2017-03-21  104.900  103.1200   1612663.0
2017-03-22  103.350  103.6800   2011038.0
2017-03-23  103.490  103.5200   1010177.0
2017-03-24  103.750  103.3800   1359886.0
2017-03-27  102.730  102.9100   1504466.0
2017-03-28  102.530  103.2800   1485979.0
2017-03-29  102.910  102.1300   2245094.0
2017-03-30  102.070  102.1700   1225705.0
2017-03-31  102.140  102.3900   1374619.0
2017-04-03  102.230  101.2700   1637602.0
2017-04-04  101.330  101.4500   1143284.0
2017-04-05  101.810  101.9300   1693915.0
2017-04-06  101.890  101.7500   1087075.0
2017-04-07  101.870  102.1900   1601267.0
2017-04-10  102.160  102.1400    979983.0
2017-04-11  101.880  102.0900    908733.0
2017-04-12  101.730  101.9500   1812265.0
2017-04-13  102.260  101.2600   1218656.0
2017-04-17  101.950  101.8600   1215383.0
2017-04-18  101.570  101.9300   1570970.0
2017-04-19  102.100  102.0700   1113025.0
2017-04-20  102.340  103.0400   1218209.0
2017-04-21  103.040  102.6900   1528866.0
2017-04-24  104.000  104.1400   1887063.0
2017-04-25  104.140  105.0100   1297922.0
2017-04-26  104.510  104.8600   1417865.0
2017-04-27  105.260  105.1600   1501265.0
2017-04-28  105.030  104.4900   1573742.0
2017-05-01  104.290  103.9700   1403831.0
2017-05-02  104.190  103.9600   2222864.0
2017-05-03   98.950   97.5300   6326935.0
2017-05-04   98.310   99.1000   3339770.0
2017-05-05   99.350   99.2900   1852437.0
2017-05-08   99.500   96.7000   4581224.0
2017-05-09   96.630   97.0800   2502837.0
2017-05-10   96.970   96.6300   2916746.0
2017-05-11   96.530   96.4600   2995725.0
2017-05-12   96.570   97.1700   1940901.0
2017-05-15   97.010   98.4500   3328395.0
2017-05-16   98.390   98.3200   2192147.0
2017-05-17   97.700   97.3100   2801983.0
2017-05-18   97.150   98.3500   2183202.0
2017-05-19   98.340   98.6200   2780930.0
2017-05-22   98.480   99.4500   1989728.0
2017-05-23   99.370   99.5300   1386524.0
2017-05-24   99.490   99.9800   1934130.0
2017-05-25  100.270  101.1600   1831378.0
2017-05-26  101.230  101.3500   1918377.0
2017-05-30  101.210  101.5300   1728298.0
2017-05-31  101.700  102.3700   3112944.0
2017-06-01  103.000  103.3500   2423608.0
2017-06-02  100.120  100.9800   7832110.0
2017-06-05  101.100  101.1000   3014188.0
2017-06-06  101.000  101.2000   1986585.0
2017-06-07  101.010  100.9400   2338732.0
2017-06-08  101.110  100.7700   2575658.0
2017-06-09  100.860  100.1100   4264674.0
2017-06-12  100.370  101.5400   1993194.0
2017-06-13  101.610  101.8700   2344370.0
2017-06-14  102.190  101.2500   2674244.0
2017-06-15  100.880  102.1700   1581401.0
2017-06-16  101.650  103.4900   3516779.0
2017-06-19  103.730  104.1100   1979490.0
2017-06-20  102.520  102.4800   3564635.0
2017-06-21  103.740  102.5000   3062996.0
2017-06-22  102.690  101.9100   2311034.0
2017-06-23  101.810  101.4100   2416889.0
2017-06-26  101.660  102.2100   2311232.0
2017-06-27  101.840  101.5000   2811433.0
2017-06-28  101.800  102.6800   2906190.0
2017-06-29  102.400  101.4600   3642617.0
2017-06-30  102.190  102.4600   2913113.0
2017-07-03  101.980  102.4200   1591065.0
2017-07-05  102.810  104.0700   2746475.0
2017-07-06  103.760  103.4400   2705276.0
2017-07-07  103.750  105.1400   2684151.0
2017-07-10  105.000  103.6600   5384349.0
2017-07-11  103.230  101.8400   5064628.0
2017-07-12  102.800  102.5000   2994793.0
2017-07-13  102.490  101.6300   4567519.0
2017-07-14  101.610  101.3500   2783660.0
2017-07-17  101.380  101.7000   3113180.0
2017-07-18  100.940  101.3050   2191814.0
2017-07-19  101.500  102.7500   3555283.0
2017-07-20  102.930  103.3400   3038783.0
2017-07-21  102.680  104.5800   3489338.0
2017-07-24  104.340  103.5400   4945714.0
2017-07-25  103.690  103.1800   3011088.0
2017-07-26  103.560  105.9800   5268371.0
2017-07-27  103.500  115.6300  29314078.0
2017-07-28  115.250  117.3800   7788142.0
2017-07-31  118.000  118.9100   8051400.0
2017-08-01  118.790  116.7800   5458565.0
2017-08-02  115.650  115.2500   9910675.0
2017-08-03  113.690  111.7700   8716377.0
2017-08-04  113.500  111.3900   8066687.0
2017-08-07  111.500  112.1800   3803391.0
2017-08-08  112.200  108.5100   9359212.0
2017-08-09  108.840  109.6600   7502604.0
2017-08-10  108.800  108.9000   4163394.0
2017-08-11  108.770  108.8100   4600501.0
2017-08-14  109.340  109.6900   4362920.0
2017-08-15  110.020  111.5800   5782014.0
2017-08-16  111.820  111.1000   2493478.0
2017-08-17  110.690  104.6800   9729687.0
2017-08-18  104.200  104.4100   5160073.0
2017-08-21  104.520  102.8900   4273291.0
2017-08-22  104.870  103.7200   2916895.0
2017-08-23  103.430  103.4600   2482542.0
2017-08-24  103.600  104.5900   2978187.0
2017-08-25  104.870  104.5900   1576764.0
2017-08-28  104.880  104.7600   1639729.0
2017-08-29  103.990  105.1200   2430137.0
2017-08-30  105.280  105.9300   1976326.0
2017-08-31  106.490  106.4700   2069421.0
2017-09-01  106.530  107.3500   2191038.0
2017-09-05  106.640  106.4300   5381827.0
2017-09-06  107.050  108.0500   5135192.0
2017-09-07  108.410  108.9200   3896613.0
2017-09-08  108.770  108.4100   3107638.0
2017-09-11  108.830  107.5000   5551106.0
2017-09-12  107.050  107.9200   3070470.0
2017-09-13  107.880  107.2000   1899804.0
2017-09-14  106.640  106.7900   1817835.0
2017-09-15  106.890  106.7800   3096288.0
2017-09-18  106.830  106.5500   3529959.0
2017-09-19  106.950  107.4800   1776492.0
2017-09-20  107.630  106.8300   2317696.0
2017-09-21  107.080  106.7900   1507162.0
2017-09-22  106.430  108.1600   1798003.0
2017-09-25  107.910  108.8200   3396050.0
2017-09-26  109.150  108.2700   1517506.0
2017-09-27  108.530  109.6400   3826055.0
2017-09-28  109.130  109.0200   1911837.0
2017-09-29  109.110  109.3200   1201973.0
2017-10-02  109.220  109.3200   1842903.0
2017-10-03  109.660  110.7100   1821109.0
2017-10-04  110.650  111.4000   1816466.0
2017-10-05  111.920  113.5700   1898806.0
2017-10-06  113.510  113.4800   1673849.0
2017-10-09  113.450  113.5700   1883794.0
2017-10-10  113.620  114.1100   1009547.0
2017-10-11  114.260  113.0900   1648185.0
2017-10-12  112.990  113.5900   1130576.0
2017-10-13  114.180  113.8600   1238488.0
2017-10-16  113.910  114.5800   1060325.0
2017-10-17  114.100  113.7200   1288723.0
2017-10-18  113.690  113.9300   1338307.0
2017-10-19  113.950  114.6200   1035076.0
2017-10-20  114.990  115.9300   1657748.0
2017-10-23  116.260  117.0100   1987820.0
2017-10-24  116.690  116.4600   1857970.0
2017-10-25  116.280  116.3400   1773427.0
2017-10-26  117.260  117.3000   1604374.0
2017-10-27  116.900  118.2500   1559750.0
2017-10-30  118.090  116.9800   1375492.0
2017-10-31  116.880  116.2600   1812763.0
2017-11-01  116.400  115.4000   2738013.0
2017-11-02  115.000  114.3400   3545859.0
2017-11-03  114.570  112.2400   2904325.0
2017-11-06  111.720  111.3300   2913261.0
2017-11-07  110.330  112.7500   4362028.0
2017-11-09  112.040  111.9700   1508552.0
2017-11-10  111.710  111.0900   2106969.0
2017-11-13  110.980  111.5300   3696741.0
2017-11-14  111.310  112.0800   1987798.0
2017-11-15  112.200  110.6600   1574422.0
2017-11-16  111.000  111.0300   1861971.0
2017-11-17  110.980  111.0600   1952465.0
2017-11-20  111.180  110.5300   1394177.0
2017-11-21  111.140  110.5600   1689317.0
2017-11-22  110.410  110.2100   2106043.0
2017-11-24  110.090  110.0200    868554.0
2017-11-27  110.410  110.1400   1463437.0
2017-11-28  110.200  111.2200   1957347.0
2017-11-29  111.140  113.3300   3674014.0
2017-11-30  112.980  114.4600   6481583.0
2017-12-01  113.950  113.7500   2615560.0
2017-12-04  115.380  114.8100   2897901.0
2017-12-05  117.290  115.6800   2274142.0
2017-12-06  115.870  115.9200   1990813.0
2017-12-07  115.810  115.8800   2365635.0
2017-12-08  116.390  116.0200    998369.0
2017-12-11  118.000  117.8200   1844273.0
2017-12-12  117.920  117.0500   1308203.0
2017-12-13  117.290  117.0200   1188550.0
2017-12-14  117.020  116.4600   1653179.0
2017-12-15  117.750  118.1900   3165048.0
2017-12-18  118.570  118.6400   2367546.0
2017-12-19  119.260  118.3600   1896973.0
2017-12-20  118.460  117.8600    897461.0
2017-12-21  117.930  117.4000   1235782.0
2017-12-22  117.320  116.8800   1125468.0
2017-12-26  117.150  117.5700   1614620.0
2017-12-27  117.780  117.2600    781559.0
2017-12-28  117.590  117.3100    700019.0
2017-12-29  116.640  117.1900   1001100.0
2018-01-02  116.030  115.9900   2440987.0
2018-01-03  116.180  117.2500   1515596.0
2018-01-04  117.630  118.3700   1232661.0
2018-01-05  118.550  118.3000   1445863.0
2018-01-08  118.370  117.9400   2672696.0
2018-01-09  117.740  118.7600   2315916.0
2018-01-10  118.280  117.6500   1725521.0
2018-01-11  117.760  117.1800   1147955.0
2018-01-12  117.810  118.4700   1638779.0
2018-01-16  118.520  119.3900   1863670.0
2018-01-17  120.000  122.0500   2033069.0
2018-01-18  121.580  120.9000   1302822.0
2018-01-19  121.190  121.4400   1885883.0
2018-01-22  121.650  122.7700   1166071.0
2018-01-23  121.840  122.1000   1607569.0
2018-01-24  122.700  120.8600   1257911.0
2018-01-25  120.910  120.6300   1283850.0
2018-01-26  121.320  122.3300   1110916.0
2018-01-29  122.020  120.7600   1001939.0
2018-01-30  121.110  120.8100   1554982.0
2018-01-31  120.270  123.6300   3097088.0
2018-02-01  122.590  120.4200   2470391.0
2018-02-02  119.800  118.5700   2784039.0
2018-02-05  118.980  114.7300   2220583.0
2018-02-06  112.410  112.9500   3280449.0
2018-02-07  112.090  113.5600   2394387.0
2018-02-08  113.370  108.1900   2408408.0
2018-02-09  109.370  111.3400   3158441.0
2018-02-12  111.970  111.6500   2025681.0
2018-02-13  110.980  111.8200   1259612.0
2018-02-14  111.270  112.7100   1588053.0
2018-02-15  113.490  115.5100   1775499.0
2018-02-16  115.500  116.1800   1392852.0
2018-02-20  115.690  115.4100   1075317.0
2018-02-21  115.440  116.1000   1808975.0
2018-02-22  116.410  115.4300   1192288.0
2018-02-23  116.270  117.6500   1536662.0
2018-02-26  117.870  117.9000   1318597.0
2018-02-27  117.950  116.4700   1156374.0
2018-02-28  117.040  115.3500   1325127.0
2018-03-01  115.330  113.7900   1746501.0
2018-03-02  113.150  113.6000   1712607.0
2018-03-05  112.750  115.6600   1968925.0
2018-03-06  115.610  115.4100   1322553.0
2018-03-07  114.820  115.1800   1403130.0
2018-03-08  115.020  116.9600   1561779.0
2018-03-09  117.700  118.8300   1815878.0
2018-03-12  118.800  117.5300   1575715.0
2018-03-13  118.340  117.3900   1566192.0
2018-03-14  117.610  116.1000   1884373.0
2018-03-15  114.710  116.4800   2423423.0
2018-03-16  117.050  117.1600   2626711.0
2018-03-19  116.100  114.4800   2007536.0
2018-03-20  114.990  115.5600   1885968.0
2018-03-21  115.550  116.3600   3975483.0
2018-03-22  115.110  113.1400   2117938.0
2018-03-23  113.460  109.2000   2944700.0
2018-03-26  110.950  114.0600   2812273.0
2018-03-27  114.410  112.2600   4200431.0