date     open   close      volume
                                      
2014-10-06   60.140   59.51   1072128.0
2014-10-07   59.200   58.46   1204159.0
2014-10-08   58.260   58.69   1095667.0
2014-10-09   58.500   56.30   1300182.0
2014-10-10   56.330   55.03   1671796.0
2014-10-13   55.040   53.16   1113321.0
2014-10-14   53.730   53.51   1590594.0
2014-10-15   52.550   53.72   2058157.0
2014-10-16   52.650   53.89   1971073.0
2014-10-17   54.540   54.59   1935170.0
2014-10-20   54.520   55.36   1406492.0
2014-10-21   55.820   56.53   1795366.0
2014-10-22   56.970   55.24   1849778.0
2014-10-23   57.240   56.80   2413706.0
2014-10-24   56.740   57.20    847138.0
2014-10-27   56.630   56.53   1045962.0
2014-10-28   57.060   57.99   1824889.0
2014-10-29   58.060   57.19   1701073.0
2014-10-30   57.000   57.35   1264316.0
2014-10-31   58.200   58.38   1301990.0
2014-11-03   58.460   58.73   1306155.0
2014-11-04   59.030   58.80   1421543.0
2014-11-05   59.330   60.75   1551735.0
2014-11-06   60.630   60.86   1168030.0
2014-11-07   60.860   61.18   1043557.0
2014-11-10   61.110   61.45   1113462.0
2014-11-11   61.340   62.04   1344544.0
2014-11-12   61.920   61.56   1412653.0
2014-11-13   61.680   61.88   1624324.0
2014-11-14   61.630   61.74   3264741.0
2014-11-17   61.610   61.60   1322915.0
2014-11-18   61.560   61.69   1207870.0
2014-11-19   61.740   61.55   1336374.0
2014-11-20   61.050   61.55   1183741.0
2014-11-21   62.470   61.78   1298561.0
2014-11-24   62.120   61.85    770273.0
2014-11-25   62.020   61.32   1221643.0
2014-11-26   61.410   61.67    678030.0
2014-11-28   61.340   59.04    757179.0
2014-12-01   59.000   58.34   1527451.0
2014-12-02   58.470   58.88   1026585.0
2014-12-03   59.160   61.40   1702611.0
2014-12-04   61.170   61.80   1279755.0
2014-12-05   61.650   62.38   1572055.0
2014-12-08   62.140   61.83   1170359.0
2014-12-09   61.150   62.34    942710.0
2014-12-10   62.050   59.00   1925613.0
2014-12-11   58.950   57.87   1480797.0
2014-12-12   57.230   55.60   1332306.0
2014-12-15   56.150   54.76   1429519.0
2014-12-16   54.450   54.97   1156231.0
2014-12-17   55.040   57.20   1601677.0
2014-12-18   58.010   58.84   1300161.0
2014-12-19   58.960   58.69   1902130.0
2014-12-22   58.820   60.00   1932648.0
2014-12-23   60.440   60.82    999557.0
2014-12-24   60.770   60.48    429775.0
2014-12-26   60.890   60.89    768468.0
2014-12-29   60.750   60.94    568968.0
2014-12-30   60.860   60.80    572019.0
2014-12-31   60.920   60.13    517143.0
2015-01-02   60.370   60.31    741100.0
2015-01-05   59.900   58.31   1544697.0
2015-01-06   58.440   57.17   1625528.0
2015-01-07   57.980   56.94    953934.0
2015-01-08   57.530   58.73   1533673.0
2015-01-09   58.760   59.02   5399736.0
2015-01-12   58.980   59.70   8195166.0
2015-01-13   60.200   60.99   2911735.0
2015-01-14   59.890   59.52   1580256.0
2015-01-15   59.760   58.08   1633077.0
2015-01-16   57.970   58.52   1460135.0
2015-01-20   59.000   57.80   1505028.0
2015-01-21   57.660   58.61   1685171.0
2015-01-22   58.930   59.55   1380088.0
2015-01-23   59.150   56.84   3089235.0
2015-01-26   57.230   57.14   2054635.0
2015-01-27   56.190   56.37   1614868.0
2015-01-28   56.920   55.37   3878327.0
2015-01-29   53.810   47.77  10098613.0
2015-01-30   47.030   48.26   6710178.0
2015-02-02   48.440   47.92   3066377.0
2015-02-03   48.700   49.38   3064856.0
2015-02-04   48.890   48.85   1878916.0
2015-02-05   49.030   49.75   2318017.0
2015-02-06   49.770   51.08   2703762.0
2015-02-09   50.910   52.14   2196074.0
2015-02-10   52.400   52.17   1429705.0
2015-02-11   51.760   53.18   1821559.0
2015-02-12   52.940   53.96   1660132.0
2015-02-13   54.110   54.59   2323164.0
2015-02-17   54.410   54.79   1030643.0
2015-02-18   54.390   54.86   1070389.0
2015-02-19   54.340   54.43   1293020.0
2015-02-20   54.530   55.47   1080088.0
2015-02-23   55.030   55.56    904344.0
2015-02-24   55.430   56.08    975196.0
2015-02-25   55.800   56.33    771364.0
2015-02-26   56.340   56.30    738177.0
2015-02-27   56.270   56.57    751066.0
2015-03-02   56.360   56.68   1315868.0
2015-03-03   56.390   56.74    886727.0
2015-03-04   56.650   55.40   1602245.0
2015-03-05   55.440   55.28    943677.0
2015-03-06   54.600   54.83   1369672.0
2015-03-09   55.010   54.90   1003290.0
2015-03-10   54.210   54.34    969481.0
2015-03-11   54.310   53.54   1686561.0
2015-03-12   53.500   53.65    952823.0
2015-03-13   53.420   52.94    794463.0
2015-03-16   53.050   52.79   1185660.0
2015-03-17   52.520   52.49   1474572.0
2015-03-18   52.380   52.75   2347472.0
2015-03-19   52.500   51.67   1211238.0
2015-03-20   51.750   52.25   1732797.0
2015-03-23   52.250   51.91    928555.0
2015-03-24   51.920   52.00    949441.0
2015-03-25   52.000   51.18    554206.0
2015-03-26   51.050   51.00    788058.0
2015-03-27   52.990   51.55   1493270.0
2015-03-30   51.960   52.43    930380.0
2015-03-31   52.280   52.84   1126233.0
2015-04-01   52.550   52.57   1046950.0
2015-04-02   52.520   52.89    931143.0
2015-04-06   52.800   55.00   1530867.0
2015-04-07   55.000   55.25   1199896.0
2015-04-08   55.430   55.88   1365401.0
2015-04-09   56.100   59.01   2317915.0
2015-04-10   59.490   58.75   1231611.0
2015-04-13   58.610   58.38    766579.0
2015-04-14   58.530   58.97    830328.0
2015-04-15   59.100   59.31   1122108.0
2015-04-16   59.240   58.74   1292083.0
2015-04-17   58.420   59.05    890430.0
2015-04-20   59.260   59.19    594403.0
2015-04-21   59.310   58.75    974818.0
2015-04-22   58.780   58.94    815425.0
2015-04-23   58.650   58.95    756374.0
2015-04-24   59.070   59.00    709634.0
2015-04-27   59.080   58.52    805468.0
2015-04-28   58.450   59.45    756623.0
2015-04-29   58.770   60.25    852666.0
2015-04-30   60.250   59.70   1485473.0
2015-05-01   60.140   60.44    735099.0
2015-05-04   60.690   60.12    885914.0
2015-05-05   60.130   60.00   1174000.0
2015-05-06   60.530   60.00   1487444.0
2015-05-07   62.280   62.83   3725792.0
2015-05-08   63.720   63.16   1781954.0
2015-05-11   63.160   63.25   1268973.0
2015-05-12   63.070   62.68   1059930.0
2015-05-13   62.730   62.54    860748.0
2015-05-14   62.810   63.63   1085326.0
2015-05-15   63.330   64.38   1142470.0
2015-05-18   64.240   63.26   1318795.0
2015-05-19   63.230   62.70   1140474.0
2015-05-20   62.790   62.54    909574.0
2015-05-21   62.230   62.71    669935.0
2015-05-22   62.280   61.87   1022269.0
2015-05-26   61.450   61.16    825401.0
2015-05-27   61.160   61.32    642883.0
2015-05-28   61.310   60.59    867507.0
2015-05-29   60.600   60.15   1374098.0
2015-06-01   60.380   59.85   1272017.0
2015-06-02   59.840   60.66    840578.0
2015-06-03   60.910   61.45    617807.0
2015-06-04   61.050   61.27   1100619.0
2015-06-05   61.040   61.13    688846.0
2015-06-08   61.170   60.69    647312.0
2015-06-09   60.730   60.60    500203.0
2015-06-10   61.070   61.17    758653.0
2015-06-11   61.300   61.46    600384.0
2015-06-12   61.060   59.78    857636.0
2015-06-15   59.530   57.92   1205986.0
2015-06-16   57.920   57.98    997085.0
2015-06-17   58.420   58.45    805033.0
2015-06-18   58.540   59.64   1274121.0
2015-06-19   59.600   58.60    918416.0
2015-06-22   58.840   59.01    649317.0
2015-06-23   59.120   58.96    489217.0
2015-06-24   59.150   57.64    881183.0
2015-06-25   57.850   58.27    805915.0
2015-06-26   58.550   59.10   1577671.0
2015-06-29   58.670   56.24   1296828.0
2015-06-30   56.720   55.27   1213943.0
2015-07-01   55.460   54.46   1871890.0
2015-07-02   54.540   55.03   1462075.0
2015-07-06   54.260   54.25   1247800.0
2015-07-07   54.220   54.25   1092098.0
2015-07-08   53.870   53.07    986606.0
2015-07-09   53.890   53.44    918519.0
2015-07-10   54.180   54.00    528637.0
2015-07-13   54.330   55.38    878932.0
2015-07-14   55.260   55.33    692202.0
2015-07-15   55.220   54.27    571942.0
2015-07-16   54.320   54.42    977455.0
2015-07-17   54.230   53.01    667964.0
2015-07-20   52.890   52.75    809851.0
2015-07-21   52.780   52.09    557383.0
2015-07-22   51.990   51.71    593306.0
2015-07-23   51.840   51.32    694257.0
2015-07-24   51.210   49.81    800737.0
2015-07-27   49.410   49.81    843175.0
2015-07-28   49.900   50.78    893827.0
2015-07-29   50.920   51.91   1146526.0
2015-07-30   51.940   53.40   1830737.0
2015-07-31   53.830   54.20   2140130.0
2015-08-03   54.100   53.29    889961.0
2015-08-04   53.410   53.63    985214.0
2015-08-05   54.240   53.26   1484808.0
2015-08-06   53.680   51.77   3864137.0
2015-08-07   51.930   51.24    955913.0
2015-08-10   51.240   52.69    849148.0
2015-08-11   51.980   52.00    786544.0
2015-08-12   51.450   51.12    980356.0
2015-08-13   51.040   50.42    966783.0
2015-08-14   50.450   51.11    600707.0
2015-08-17   50.820   51.77   1194102.0
2015-08-18   51.620   51.11    807385.0
2015-08-19   50.830   49.88    946937.0
2015-08-20   49.410   49.32    831301.0
2015-08-21   48.830   46.81   1381236.0
2015-08-24   44.270   44.34   2099704.0
2015-08-25   45.610   42.80   1289299.0
2015-08-26   43.570   43.07   3192752.0
2015-08-27   43.710   45.13   2054562.0
2015-08-28   44.970   45.30   1460753.0
2015-08-31   44.745   45.21   1435784.0
2015-09-01   44.260   42.85   2076251.0
2015-09-02   43.590   42.73   1618600.0
2015-09-03   43.060   42.87   2689369.0
2015-09-04   42.170   42.43   1528836.0
2015-09-08   43.270   43.02   2991853.0
2015-09-09   43.490   43.03   1483238.0
2015-09-10   42.980   42.80   1659929.0
2015-09-11   42.480   42.00    873877.0
2015-09-14   41.740   41.88   1203607.0
2015-09-15   42.240   44.27   4851977.0
2015-09-16   44.530   44.74   1408842.0
2015-09-17   44.590   45.05   1665400.0
2015-09-18   44.420   45.71   2980218.0
2015-09-21   46.090   46.40   2045509.0
2015-09-22   45.880   45.71   1778723.0
2015-09-23   45.550   45.31   1408952.0
2015-09-24   44.570   45.22   1622038.0
2015-09-25   45.480   45.13   1427057.0
2015-09-28   44.820   41.78   1738192.0
2015-09-29   41.520   42.53   1479714.0
2015-09-30   43.030   44.10   1363547.0
2015-10-01   44.290   45.17   1622189.0
2015-10-02   44.540   46.15   1231430.0
2015-10-05   46.480   47.43   1024794.0
2015-10-06   47.810   47.61   1637377.0
2015-10-07   47.900   48.91   1903683.0
2015-10-08   48.740   50.57   1726189.0
2015-10-09   51.370   50.72   1927949.0
2015-10-12   51.080   50.51   1161579.0
2015-10-13   50.180   50.26    917498.0
2015-10-14   50.150   51.44    906065.0
2015-10-15   51.730   51.47   1460083.0
2015-10-16   51.700   52.45   2034960.0
2015-10-19   52.080   52.26   1556519.0
2015-10-20   52.190   52.10    939843.0
2015-10-21   52.400   51.18   1166490.0
2015-10-22   51.820   52.39   1463725.0
2015-10-23   52.870   52.58   1266203.0
2015-10-26   52.430   52.68   1085463.0
2015-10-27   52.240   51.93   1697718.0
2015-10-28   52.050   53.58   1772558.0
2015-10-29   53.330   54.29   1433548.0
2015-10-30   54.330   53.52   1412173.0
2015-11-02   54.260   54.24   2509437.0
2015-11-03   54.430   54.67   1563716.0
2015-11-04   54.940   54.22   2019514.0
2015-11-05   52.500   49.43   5880304.0
2015-11-06   49.480   50.68   2224174.0
2015-11-09   50.380   49.92   2509581.0
2015-11-10   49.940   49.58   1198991.0
2015-11-11   49.850   48.90   1645649.0
2015-11-12   48.140   46.92   1315274.0
2015-11-13   46.750   47.62   2017058.0
2015-11-16   47.430   47.98   1024503.0
2015-11-17   48.110   48.52   1743152.0
2015-11-18   48.640   50.81   1593854.0
2015-11-19   50.500   50.69   1066441.0
2015-11-20   50.940   51.67   1304175.0
2015-11-23   51.570   52.11   1610198.0
2015-11-24   51.950   53.01   1567723.0
2015-11-25   52.890   52.90    649730.0
2015-11-27   52.900   53.11    312031.0
2015-11-30   53.290   53.56    814932.0
2015-12-01   53.680   52.95   1255810.0
2015-12-02   52.750   52.28    934881.0
2015-12-03   52.270   52.83   1451082.0
2015-12-04   52.510   52.99   1190766.0
2015-12-07   52.530   51.10    968451.0
2015-12-08   50.550   49.78    731354.0
2015-12-09   50.770   50.02   1565360.0
2015-12-10   49.930   49.21    833763.0
2015-12-11   47.970   47.95   1399595.0
2015-12-14   47.830   47.76   1587289.0
2015-12-15   48.100   48.68   1032412.0
2015-12-16   49.150   51.83   2255718.0
2015-12-17   51.990   52.42   1716108.0
2015-12-18   52.010   51.18   2103817.0
2015-12-21   51.600   51.46    841222.0
2015-12-22   51.600   54.31   1159409.0
2015-12-23   54.560   56.29   1068410.0
2015-12-24   56.250   55.95    380672.0
2015-12-28   55.720   56.75    856381.0
2015-12-29   57.410   56.73    759609.0
2015-12-30   56.420   56.34    733703.0
2015-12-31   56.060   56.01    662967.0
2016-01-04   54.970   55.55   1284666.0
2016-01-05   55.860   54.70   1232134.0
2016-01-06   53.470   52.31   1239999.0
2016-01-07   51.260   49.95   1520951.0
2016-01-08   50.450   49.01   1127383.0
2016-01-11   49.240   48.04   1313184.0
2016-01-12   48.790   48.95   1299073.0
2016-01-13   49.620   47.71   1463343.0
2016-01-14   48.030   48.90   1303152.0
2016-01-15   47.640   47.91   1446852.0
2016-01-19   48.480   48.42   1699817.0
2016-01-20   47.560   48.01   1356484.0
2016-01-21   47.990   49.43   1844342.0
2016-01-22   50.660   51.29   1533257.0
2016-01-25   51.090   49.98   1634121.0
2016-01-26   50.370   51.88   1524251.0
2016-01-27   51.550   50.93   1430109.0
2016-01-28   51.650   51.76   1176720.0
2016-01-29   51.790   52.64   2887743.0
2016-02-01   51.870   52.82   1463801.0
2016-02-02   52.170   51.86   1279462.0
2016-02-03   52.660   53.52   1447674.0
2016-02-04   53.640   51.95   2213785.0
2016-02-05   51.380   51.54   1380315.0
2016-02-08   50.910   48.79   1940734.0
2016-02-09   48.220   49.89   1709354.0
2016-02-10   50.600   50.09   1101431.0
2016-02-11   48.780   50.09   1185991.0
2016-02-12   50.680   51.38   1183953.0
2016-02-16   52.190   52.32   1652004.0
2016-02-17   52.940   52.77   1782805.0
2016-02-18   51.340   54.53   3044545.0
2016-02-19   54.420   54.48   1036930.0
2016-02-22   54.840   54.83   1382581.0
2016-02-23   54.470   52.66   1223886.0
2016-02-24   51.970   53.31    971000.0
2016-02-25   53.600   55.44    832996.0
2016-02-26   55.940   56.56    884999.0
2016-02-29   56.600   56.22   1447686.0
2016-03-01   57.120   58.66   1483948.0
2016-03-02   58.260   57.71   1144861.0
2016-03-03   57.480   57.22   1257771.0
2016-03-04   57.520   59.17   1394242.0
2016-03-07   59.020   58.80   1807980.0
2016-03-08   58.330   58.48   1501433.0
2016-03-09   58.800   60.24   1418117.0
2016-03-10   59.890   59.38   1365227.0
2016-03-11   59.790   61.24   1109494.0
2016-03-14   60.380   60.02   1350693.0
2016-03-15   59.340   59.19   1318408.0
2016-03-16   59.100   61.62   1461266.0
2016-03-17   61.470   62.43   1335412.0
2016-03-18   62.360   61.38   1907553.0
2016-03-21   61.380   61.64   1155246.0
2016-03-22   61.360   62.16   1225732.0
2016-03-23   61.950   61.39   1055188.0
2016-03-24   60.670   61.92    711052.0
2016-03-28   61.990   62.12    811791.0
2016-03-29   62.090   62.96    797954.0
2016-03-30   63.290   63.99   1074172.0
2016-03-31   63.880   63.93   1224793.0
2016-04-01   63.440   65.20   2455911.0
2016-04-04   65.380   65.33   1470131.0
2016-04-05   64.620   64.50    822602.0
2016-04-06   64.430   66.03   1237245.0
2016-04-07   65.900   64.69   1328200.0
2016-04-08   65.640   64.85   1559643.0
2016-04-11   65.130   65.25   1118501.0
2016-04-12   65.580   65.30   1070043.0
2016-04-13   65.800   65.00   2325275.0
2016-04-14   65.240   65.45   1849733.0
2016-04-15   65.740   65.37   1499181.0
2016-04-18   64.890   65.49    939645.0
2016-04-19   65.850   65.34   1958164.0
2016-04-20   65.230   65.65   1519109.0
2016-04-21   65.650   65.64   1288338.0
2016-04-22   65.660   66.24   1269467.0
2016-04-25   66.370   66.59   1004911.0
2016-04-26   66.970   67.76   1231918.0
2016-04-27   67.670   67.86    817423.0
2016-04-28   67.470   66.42    649532.0
2016-04-29   66.450   66.16   1069378.0
2016-05-02   66.420   67.90   1177211.0
2016-05-03   67.560   67.33    872540.0
2016-05-04   66.990   66.59    788408.0
2016-05-05   66.780   67.10   1051721.0
2016-05-06   66.970   68.63   1424514.0
2016-05-09   68.370   67.28   1779318.0
2016-05-10   67.380   67.86   1514058.0
2016-05-11   70.760   74.65   5794040.0
2016-05-12   75.610   75.87   2190989.0
2016-05-13   75.590   76.16   2189207.0
2016-05-16   76.820   77.81   1842477.0
2016-05-17   77.820   76.17   1830342.0
2016-05-18   75.830   76.17   1598910.0
2016-05-19   75.690   75.77   1619735.0
2016-05-20   76.420   76.36   1246737.0
2016-05-23   75.860   76.37   1177948.0
2016-05-24   76.890   76.34   1827404.0
2016-05-25   76.900   78.87   1200153.0
2016-05-26   79.270   79.04   1216755.0
2016-05-27   79.000   80.09   1091658.0
2016-05-31   80.000   78.50   1486295.0
2016-06-01   78.500   79.68   1293170.0
2016-06-02   79.130   79.84    629910.0
2016-06-03   80.000   80.00    855054.0
2016-06-06   80.480   80.96   1048046.0
2016-06-07   81.390   81.29    853767.0
2016-06-08   81.610   81.21   1524294.0
2016-06-09   80.640   80.26   1124586.0
2016-06-10   80.000   79.83   1024749.0
2016-06-13   79.360   78.15   1117118.0
2016-06-14   78.000   78.40   1162938.0
2016-06-15   78.580   79.71   1434142.0
2016-06-16   79.310   79.99    909058.0
2016-06-17   83.190   82.80   3531123.0
2016-06-20   83.510   83.01   1736873.0
2016-06-21   82.950   83.62   1204115.0
2016-06-22   83.620   83.32   1014086.0
2016-06-23   83.950   84.40    798769.0
2016-06-24   81.270   78.98   2465165.0
2016-06-27   77.440   75.34   2711001.0
2016-06-28   76.810   78.29   2707321.0
2016-06-29   79.460   79.12   1928740.0
2016-06-30   79.130   79.31  24895474.0
2016-07-01   79.450   81.32   1588409.0
2016-07-05   80.080   79.90   1366398.0
2016-07-06   79.390   80.86   1341121.0
2016-07-07   81.180   81.32    865299.0
2016-07-08   82.200   83.58   1268457.0
2016-07-11   83.920   83.63   1277333.0
2016-07-12   84.380   85.22   1299116.0
2016-07-13   85.520   85.55    955343.0
2016-07-14   85.970   86.04    707619.0
2016-07-15   86.420   86.35    899495.0
2016-07-18   86.230   86.21    700926.0
2016-07-19   85.950   85.92    630110.0
2016-07-20   86.040   86.62    948546.0
2016-07-21   86.260   84.27   1265574.0
2016-07-22   84.630   85.01    875043.0
2016-07-25   85.000   86.20   1229767.0
2016-07-26   86.200   85.52    909348.0
2016-07-27   85.370   84.82    841051.0
2016-07-28   84.660   85.11   1037734.0
2016-07-29   84.790   84.17   1702227.0
2016-08-01   84.220   83.91   1782679.0
2016-08-02   84.260   84.37   2035317.0
2016-08-03   84.510   83.99   2403709.0
2016-08-04   84.170   82.12   2906576.0
2016-08-05   82.220   82.33   1723331.0
2016-08-08   82.330   82.17   1495128.0
2016-08-09   82.490   82.01   1487424.0
2016-08-10   82.030   82.09   1298506.0
2016-08-11   82.120   82.58   1133081.0
2016-08-12   82.410   83.01   1139558.0
2016-08-15   83.480   84.08   1135752.0
2016-08-16   84.280   81.73   1066091.0
2016-08-17   81.780   80.55   1183178.0
2016-08-18   81.010   81.28   1070082.0
2016-08-19   81.000   82.74   1755977.0
2016-08-22   82.280   83.85   1088950.0
2016-08-23   84.500   84.17   1299809.0
2016-08-24   83.840   82.19   1566057.0
2016-08-25   82.310   82.57    753960.0
2016-08-26   82.920   81.79    879536.0
2016-08-29   81.930   82.75    740881.0
2016-08-30   82.750   81.73    760448.0
2016-08-31   81.250   79.97   1308176.0
2016-09-01   79.950   81.30   1181887.0
2016-09-02   82.460   81.96    895248.0
2016-09-06   82.130   83.04    956746.0
2016-09-07   82.710   82.95    924661.0
2016-09-08   82.760   80.92    984259.0
2016-09-09   79.910   76.82   1849054.0
2016-09-12   75.600   77.44   1525870.0
2016-09-13   76.780   76.09   1373452.0
2016-09-14   76.050   75.72   1657654.0
2016-09-15   75.900   77.25   1792692.0
2016-09-16   76.830   76.73   2304890.0
2016-09-19   77.110   77.64    776972.0
2016-09-20   77.930   76.79    958491.0
2016-09-21   77.560   80.19   1483474.0
2016-09-22   81.020   81.20   1587474.0
2016-09-23   80.770   80.75   1193957.0
2016-09-26   80.860   81.70   1351216.0
2016-09-27   81.410   82.75    831857.0
2016-09-28   83.440   84.87   1027670.0
2016-09-29   84.870   83.15   1199944.0
2016-09-30   83.930   85.49   1380522.0
2016-10-03   85.200   84.83    966355.0
2016-10-04   84.970   82.62   1056738.0
2016-10-05   83.420   83.44    974715.0
2016-10-06   83.030   83.64    979610.0
2016-10-07   83.830   82.37    973986.0
2016-10-10   83.220   83.48    623019.0
2016-10-11   83.030   81.72    523134.0
2016-10-12   81.710   81.15    807830.0
2016-10-13   80.260   80.44    662936.0
2016-10-14   81.140   80.86    621162.0
2016-10-17   80.810   81.26    595882.0
2016-10-18   82.470   81.66    503436.0
2016-10-19   81.800   82.59    552876.0
2016-10-20   81.950   83.02    437137.0
2016-10-21   82.890   82.20    594378.0
2016-10-24   83.040   83.36    608492.0
2016-10-25   83.190   82.10    424553.0
2016-10-26   81.290   81.09    697233.0
2016-10-27   81.760   82.05    634924.0
2016-10-28   82.250   82.91    648208.0
2016-10-31   82.960   83.55   1105193.0
2016-11-01   83.570   82.90   1071269.0
2016-11-02   82.510   82.25    627028.0
2016-11-03   82.600   83.80   1009159.0
2016-11-04   83.600   83.48    845387.0
2016-11-07   85.020   86.28   1412329.0
2016-11-08   85.990   82.75   1818244.0
2016-11-09   81.910   80.42   2626928.0
2016-11-10   80.730   81.52   1302203.0
2016-11-11   81.000   80.43   1115445.0
2016-11-14   80.720   77.08   1933853.0
2016-11-15   77.250   80.12   1270821.0
2016-11-16   80.290   81.55   1076565.0
2016-11-17   81.930   82.97    900278.0
2016-11-18   82.950   82.46    529783.0
2016-11-21   82.810   83.85    744011.0
2016-11-22   84.010   84.30    653920.0
2016-11-23   83.900   83.88    630260.0
2016-11-25   83.930   84.00    200210.0
2016-11-28   84.100   83.96    547622.0
2016-11-29   83.580   85.95   1158304.0
2016-11-30   86.610   87.78   1721405.0
2016-12-01   88.290   85.65   1159052.0
2016-12-02   85.680   84.86    677871.0
2016-12-05   85.560   86.28   1173757.0
2016-12-06   85.740   86.32   1332584.0
2016-12-07   86.240   88.80    805174.0
2016-12-08   90.000   91.80   1564406.0
2016-12-09   91.680   90.69    869410.0
2016-12-12   90.900   91.32    710694.0
2016-12-13   91.470   91.12    974030.0
2016-12-14   91.150   89.94   1428645.0
2016-12-15   90.340   89.82    811192.0
2016-12-16   90.050   89.23   1625811.0
2016-12-19   89.460   89.00    810821.0
2016-12-20   89.100   89.34    460213.0
2016-12-21   89.340   89.28    396137.0
2016-12-22   89.000   88.42    379060.0
2016-12-23   88.480   88.82    226874.0
2016-12-27   88.890   89.01    228936.0
2016-12-28   89.050   86.58    604161.0
2016-12-29   86.730   87.07    355199.0
2016-12-30   87.340   86.08    470078.0
2017-01-03   87.150   88.05    975594.0
2017-01-04   88.720   90.70   1147617.0
2017-01-05   90.640   90.39    913202.0
2017-01-06   90.620   90.81    550924.0
2017-01-09   90.730   90.48    936082.0
2017-01-10   90.860   89.88    825022.0
2017-01-11   90.570   93.30   1807512.0
2017-01-12   93.530   93.75   1042241.0
2017-01-13   94.170   94.00    603367.0
2017-01-17   95.140   94.35    844809.0
2017-01-18   94.840   92.60   1104698.0
2017-01-19   92.750   93.05    609555.0
2017-01-20   93.560   93.36    599400.0
2017-01-23   93.380   93.70    349404.0
2017-01-24   93.940   95.55    921858.0
2017-01-25   95.820   94.00   1083689.0
2017-01-26   94.090   95.48    796465.0
2017-01-27   95.340   95.42    452959.0
2017-01-30   94.790   94.57    677403.0
2017-01-31   94.610   92.64   1453745.0
2017-02-01   93.190   93.41    855154.0
2017-02-02   93.400   92.91    589377.0
2017-02-03   93.380   94.27    446840.0
2017-02-06   94.040   94.29    477970.0
2017-02-07   94.000   92.80    756853.0
2017-02-08   92.910   94.35    661576.0
2017-02-09   94.390   93.91    498796.0
2017-02-10   94.450   93.70    637821.0
2017-02-13   94.330   94.75    660451.0
2017-02-14   94.370   91.19   1654798.0
2017-02-15   91.310   92.76   1510466.0
2017-02-16   92.880   92.41    593715.0
2017-02-17   92.440   91.92   1016681.0
2017-02-21   92.510   93.78    790165.0
2017-02-22   93.410   92.44    652884.0
2017-02-23   93.120   92.41    738585.0
2017-02-24   91.930   92.93    699996.0
2017-02-27   92.990   92.46    930332.0
2017-02-28   95.800  101.51   4246486.0
2017-03-01  102.900  102.66   2591772.0
2017-03-02  102.810  103.06   2040052.0
2017-03-03  103.400  104.77   1153370.0
2017-03-06  101.920  102.11   2329009.0
2017-03-07  102.110  103.79   1396714.0
2017-03-08  103.590  102.74   1285087.0
2017-03-09  102.960  102.50   1457145.0
2017-03-10  102.700  103.05   1422587.0
2017-03-13  102.580  104.50   1336579.0
2017-03-14  104.010  103.95    752577.0
2017-03-15  104.500  105.22    781737.0
2017-03-16  105.100  104.01   1017449.0
2017-03-17  104.490  106.21   1436880.0
2017-03-20  106.040  106.07   1032380.0
2017-03-21  106.070  104.25   1249475.0
2017-03-22  104.600  105.22    985380.0
2017-03-23  105.180  105.15    690021.0
2017-03-24  105.540  104.45    527424.0
2017-03-27  103.620  104.60    841113.0
2017-03-28  104.580  104.88    805014.0
2017-03-29  105.000  105.04    916612.0
2017-03-30  105.080  105.14    671426.0
2017-03-31  104.960  105.64    936769.0
2017-04-03  105.730  105.03    991543.0
2017-04-04  104.970  105.50    884044.0
2017-04-05  105.690  105.21   1168305.0
2017-04-06  105.330  106.03    705113.0
2017-04-07  106.020  105.94   1211635.0
2017-04-10  105.960  104.86    984229.0
2017-04-11  104.560  105.61    646351.0
2017-04-12  106.000  104.12    689988.0
2017-04-13  104.000  103.62    500121.0
2017-04-17  103.750  104.63    721130.0
2017-04-18  103.950  105.77    890751.0
2017-04-19  106.050  105.84    948677.0
2017-04-20  106.140  105.52    888821.0
2017-04-21  105.600  105.10   1106555.0
2017-04-24  106.020  106.83    933994.0
2017-04-25  107.440  108.08    662363.0
2017-04-26  108.110  108.30    668065.0
2017-04-27  108.280  108.18    759347.0
2017-04-28  108.240  108.91   1206125.0
2017-05-01  109.090  109.39    854809.0
2017-05-02  109.340  108.38    831036.0
2017-05-03  108.350  107.65    965573.0
2017-05-04  111.990  108.71   1977022.0
2017-05-05  109.360  110.01   1086133.0
2017-05-08  110.020  109.56    863977.0
2017-05-09  109.500  109.33    687903.0
2017-05-10  109.500  110.57    794202.0
2017-05-11  110.570  110.74    547538.0
2017-05-12  110.440  110.38    598026.0
2017-05-15  111.090  112.05    650459.0
2017-05-16  112.450  112.37    759917.0
2017-05-17  111.500  110.54    981307.0
2017-05-18  109.980  110.00    921037.0
2017-05-19  110.450  110.32    834684.0
2017-05-22  110.910  110.58    797833.0
2017-05-23  110.910  111.71    592057.0
2017-05-24  111.710  112.05    548560.0
2017-05-25  112.530  112.59    635867.0
2017-05-26  112.500  112.86    600989.0
2017-05-30  112.790  112.46    772013.0
2017-05-31  112.280  113.60   1091667.0
2017-06-01  113.680  113.36    812391.0
2017-06-02  113.400  114.09    604022.0
2017-06-05  113.800  113.61    668030.0
2017-06-06  113.500  112.68    754582.0
2017-06-07  112.680  112.80   1043395.0
2017-06-08  113.000  114.27   1403936.0
2017-06-09  114.750  115.40   1088399.0
2017-06-12  115.220  111.19   1781598.0
2017-06-13  112.330  112.66   1111641.0
2017-06-14  112.610  109.27   1710379.0
2017-06-15  107.960  106.05   2579063.0
2017-06-16  106.200  108.09   1701283.0
2017-06-19  108.500  108.33   1096569.0
2017-06-20  107.850  107.74    804943.0
2017-06-21  107.570  106.19   1273956.0
2017-06-22  106.470  105.20   1179988.0
2017-06-23  105.310  104.85   2861419.0
2017-06-26  105.110  105.02   1826323.0
2017-06-27  105.390  104.47   1313049.0
2017-06-28  105.130  106.92   1201548.0
2017-06-29  107.180  104.67    985727.0
2017-06-30  105.220  105.54    804486.0
2017-07-03  106.340  106.03    555424.0
2017-07-05  106.000  108.02   1356353.0
2017-07-06  107.860  108.05   1173702.0
2017-07-07  108.320  109.99   1553266.0
2017-07-10  110.210  111.34   1443582.0
2017-07-11  111.680  112.95   1321654.0
2017-07-12  113.500  116.54   2115148.0
2017-07-13  116.600  117.68   2336775.0
2017-07-14  118.370  117.57   1723076.0
2017-07-17  117.660  116.86    863653.0
2017-07-18  116.820  117.73    688936.0
2017-07-19  117.970  119.16   1215359.0
2017-07-20  119.000  117.91    918399.0
2017-07-21  117.990  118.34   1014517.0
2017-07-24  118.530  118.60   1596552.0
2017-07-25  119.500  118.80   1126326.0
2017-07-26  119.160  117.20    820270.0
2017-07-27  117.810  116.37    955912.0
2017-07-28  116.360  116.50   1388033.0
2017-07-31  116.800  115.80    925202.0
2017-08-01  116.060  117.43    901477.0
2017-08-02  117.500  119.45   1527073.0
2017-08-03  119.790  118.80   1321432.0
2017-08-04  118.970  119.60   1077214.0
2017-08-07  120.620  123.08   3775550.0
2017-08-08  119.130  115.41   5311635.0
2017-08-09  114.660  113.16   2601475.0
2017-08-10  112.500  110.95   2599624.0
2017-08-11  110.000  109.36   2137708.0
2017-08-14  110.140  110.83   1611689.0
2017-08-15  111.000  111.88   1177660.0
2017-08-16  112.000  113.42   1285248.0
2017-08-17  113.940  112.11   1035149.0
2017-08-18  112.040  112.59    871137.0
2017-08-21  112.650  113.48    680494.0
2017-08-22  113.890  115.82    971568.0
2017-08-23  115.570  115.39    607869.0
2017-08-24  115.630  114.86    946041.0
2017-08-25  115.130  114.95    601946.0
2017-08-28  115.930  115.43    588135.0
2017-08-29  114.800  114.46    626040.0
2017-08-30  114.550  115.17    717573.0
2017-08-31  116.220  116.26    908032.0
2017-09-01  117.060  118.63    908357.0
2017-09-05  119.000  116.67   1177791.0
2017-09-06  116.950  118.66   1259059.0
2017-09-07  118.750  118.09    889006.0
2017-09-08  118.080  118.28    688643.0
2017-09-11  120.120  123.85   1717490.0
2017-09-12  124.500  124.64   1402018.0
2017-09-13  124.660  125.60   1284411.0
2017-09-14  125.280  126.00   1218241.0
2017-09-15  126.300  127.29   1616216.0
2017-09-18  128.500  131.02   1690495.0
2017-09-19  131.500  134.65   1980597.0
2017-09-20  135.290  136.08   2913274.0
2017-09-21  136.500  134.89   1986495.0
2017-09-22  134.400  134.29   1323090.0
2017-09-25  132.280  128.89   2639249.0
2017-09-26  129.000  128.42   1417718.0
2017-09-27  129.160  130.02   1212962.0
2017-09-28  130.570  132.32   1299879.0
2017-09-29  132.800  136.31   2101781.0
2017-10-02  136.250  136.62   1177496.0
2017-10-03  137.220  137.42    886809.0
2017-10-04  137.900  138.22   1101063.0
2017-10-05  138.680  139.66    811060.0
2017-10-06  135.690  137.19   1987017.0
2017-10-09  137.550  136.55    893387.0
2017-10-10  137.240  137.77    827123.0
2017-10-11  138.000  137.42   1178888.0
2017-10-12  137.000  137.30    928764.0
2017-10-13  138.750  138.94    902029.0
2017-10-16  139.840  140.16   1327981.0
2017-10-17  140.670  139.41   1044587.0
2017-10-18  140.060  139.66    719859.0
2017-10-19  138.220  139.49    798285.0
2017-10-20  140.700  140.78    925032.0
2017-10-23  141.000  138.53   1529090.0
2017-10-24  138.900  138.72   1328905.0
2017-10-25  139.500  138.50   1698803.0
2017-10-26  139.400  139.04   1370803.0
2017-10-27  139.640  139.08   1202265.0
2017-10-30  139.080  139.51    834833.0
2017-10-31  139.020  140.89   1566682.0
2017-11-01  142.000  142.33    906710.0
2017-11-02  142.500  136.91   2358426.0
2017-11-03  136.550  140.04   1393435.0
2017-11-06  140.240  141.97    950846.0
2017-11-07  142.000  143.13   1497793.0
2017-11-09  142.110  140.84   2586312.0
2017-11-10  141.020  140.62   1056300.0
2017-11-13  139.540  143.37    948540.0
2017-11-14  139.520  137.65   1714241.0
2017-11-15  136.000  134.54   1987124.0
2017-11-16  135.500  135.33   1912588.0
2017-11-17  135.920  136.21   1436109.0
2017-11-20  136.000  135.40   1008046.0
2017-11-21  136.290  136.70    953794.0
2017-11-22  137.750  135.25    705664.0
2017-11-24  135.610  137.06    415525.0
2017-11-27  137.060  136.23    772350.0
2017-11-28  136.760  136.89    685772.0
2017-11-29  137.150  131.95   1518956.0
2017-11-30  132.030  134.32   1289691.0
2017-12-01  134.860  132.15   1240091.0
2017-12-04  133.430  129.35   1573748.0
2017-12-05  128.500  127.99   1412190.0
2017-12-06  127.530  127.48   1668621.0
2017-12-07  127.060  129.08    979493.0
2017-12-08  129.930  130.60   1553111.0
2017-12-11  130.960  131.14    965138.0
2017-12-12  131.000  130.36   1025744.0
2017-12-13  130.370  130.10    958277.0
2017-12-14  129.300  127.58   1008826.0
2017-12-15  129.440  129.57   1923465.0
2017-12-18  131.545  132.08   1373196.0
2017-12-19  132.770  132.02    938306.0
2017-12-20  132.410  131.33    830810.0
2017-12-21  131.235  128.65    982230.0
2017-12-22  128.125  129.29    781144.0
2017-12-26  129.240  129.04    326188.0
2017-12-27  129.000  128.43    661783.0
2017-12-28  128.550  128.45    899260.0
2017-12-29  128.770  127.89    713405.0
2018-01-02  128.930  131.53   1117717.0
2018-01-03  132.040  131.79   1042115.0
2018-01-04  132.250  130.22    820647.0
2018-01-05  131.040  131.72    806520.0
2018-01-08  134.300  137.45   1935350.0
2018-01-09  137.520  135.44   1187724.0
2018-01-10  135.110  132.96    883164.0
2018-01-11  133.300  134.69    827540.0
2018-01-12  135.330  133.52    987305.0
2018-01-16  134.110  128.00   2876275.0
2018-01-17  129.200  126.95   2013118.0
2018-01-18  115.200  117.91   8592175.0
2018-01-19  118.900  116.01   4261240.0
2018-01-22  115.780  113.53   3639341.0
2018-01-23  114.310  113.00   2961379.0
2018-01-24  114.000  112.40   2716245.0
2018-01-25  112.660  116.90   2477695.0
2018-01-26  117.000  114.41   1887725.0
2018-01-29  114.230  111.68   2223182.0
2018-01-30  112.380  111.37   2126100.0
2018-01-31  111.850  111.59   2575450.0
2018-02-01  110.920  109.20   1961798.0
2018-02-02  108.520  105.51   2714732.0