date     open    close       volume
                                        
2013-01-02  10.8500  10.9450    6091900.0
2013-01-03  10.8900  11.0100    7201700.0
2013-01-04  11.0300  11.1700    4070700.0
2013-01-07  11.1500  11.1800    3655900.0
2013-01-08  11.1000  10.9900    6141800.0
2013-01-09  11.0400  10.9400    3489300.0
2013-01-10  10.9900  10.9300    4141500.0
2013-01-11  10.8500  11.5200   21329000.0
2013-01-14  11.5000  11.5000    7227900.0
2013-01-15  11.4400  11.5700    4764400.0
2013-01-16  11.5400  11.4200    4809600.0
2013-01-17  11.4800  11.4200    3551300.0
2013-01-18  11.3700  11.3600    6944400.0
2013-01-22  11.4200  11.4000    3712900.0
2013-01-23  11.4500  11.3100    7628300.0
2013-01-24  11.3900  11.3500    4900000.0
2013-01-25  11.3500  11.3900    4060200.0
2013-01-28  11.4900  11.4000    4948700.0
2013-01-29  11.3700  11.4200    4203800.0
2013-01-30  11.4200  11.3100    5156900.0
2013-01-31  11.2900  11.4000    9048000.0
2013-02-01  11.4100  11.6500    5182100.0
2013-02-04  11.6400  11.6000    7193000.0
2013-02-05  11.5800  11.8500   11816800.0
2013-02-06  11.8200  11.9400    8053500.0
2013-02-07  11.9200  12.0600   12729000.0
2013-02-08  13.2000  13.4100   56017600.0
2013-02-11  13.2100  13.5700   26678000.0
2013-02-12  13.5500  13.5100   14440700.0
2013-02-13  13.5100  13.7300   18115400.0
2013-02-14  13.6600  14.0000   26297600.0
2013-02-15  14.0599  14.3700   13936900.0
2013-02-19  14.3800  14.6300   15248700.0
2013-02-20  14.5600  14.2400   13828500.0
2013-02-21  14.2399  14.2800   10725700.0
2013-02-22  14.3100  14.5100    8591700.0
2013-02-25  14.5000  14.3300    7976900.0
2013-02-26  14.3200  14.1800   11966800.0
2013-02-27  14.2100  14.2600   11665400.0
2013-02-28  14.2700  14.2950    7461400.0
2013-03-01  14.2600  14.3500    4564900.0
2013-03-04  14.3000  14.3650    3956600.0
2013-03-05  14.4500  14.5700    4901500.0
2013-03-06  14.6000  14.6500    8826000.0
2013-03-07  14.6400  14.9700   11065200.0
2013-03-08  14.9500  14.8400    4701300.0
2013-03-11  14.7800  14.8200    5364200.0
2013-03-12  14.8000  14.8600    5648500.0
2013-03-13  14.9100  14.9790    6656000.0
2013-03-14  15.0799  15.0300    4185200.0
2013-03-15  15.0000  14.6500   12516900.0
2013-03-18  14.3600  14.3700    7492300.0
2013-03-19  14.3700  14.0100   10076100.0
2013-03-20  14.1900  14.2190    9771700.0
2013-03-21  14.1700  14.0600    8257600.0
2013-03-22  14.1400  14.3400    8200200.0
2013-03-25  14.3201  14.3500    3784400.0
2013-03-26  14.3600  14.4600    3214300.0
2013-03-27  14.3600  14.4800    5114100.0
2013-03-28  14.4100  14.5700    3323900.0
2013-04-01  14.5300  14.4400    2651300.0
2013-04-02  14.6400  14.7300    5013400.0
2013-04-03  14.7100  14.5300    4101500.0
2013-04-04  14.4800  14.5200    3422500.0
2013-04-05  14.3100  14.4300    3453900.0
2013-04-08  14.4300  14.6600    3719400.0
2013-04-09  14.6700  14.6700    4697000.0
2013-04-10  14.6600  14.8800    4660300.0
2013-04-11  14.9300  14.6950    6068600.0
2013-04-12  14.7700  14.6600    3825900.0
2013-04-15  14.6400  14.2800    6302200.0
2013-04-16  14.3400  14.4300    8874200.0
2013-04-17  14.2800  14.1800    6337000.0
2013-04-18  14.2600  14.1200    4159200.0
2013-04-19  14.0600  14.2600    4864200.0
2013-04-22  14.3400  14.4800    3161400.0
2013-04-23  14.5000  14.5800    6436300.0
2013-04-24  14.5800  14.7000    5158700.0
2013-04-25  14.7600  14.7100    7780400.0
2013-04-26  14.7500  14.8200    5989900.0
2013-04-29  14.8100  14.9300    7122700.0
2013-04-30  14.9700  14.9600    7853100.0
2013-05-01  14.9500  14.7400    4524900.0
2013-05-02  14.7500  14.8500    3852700.0
2013-05-03  15.0000  15.1800    4865100.0
2013-05-06  15.2100  14.8800    6428900.0
2013-05-07  14.9400  14.9400    5050100.0
2013-05-08  15.0100  15.2600    8863300.0
2013-05-09  14.2800  14.3900   18959600.0
2013-05-10  14.4800  14.9500   10867100.0
2013-05-13  14.8700  14.6800    6814000.0
2013-05-14  14.6600  15.1400   10511500.0
2013-05-15  15.1000  14.9000   20363900.0
2013-05-16  14.9000  14.8600   12563000.0
2013-05-17  14.9000  14.9400   10834900.0
2013-05-20  14.9300  15.1800    6544100.0
2013-05-21  15.1101  15.5700    9318500.0
2013-05-22  15.6100  15.2900    7968700.0
2013-05-23  15.1700  15.5400    7932300.0
2013-05-24  15.3900  15.6100    4414200.0
2013-05-28  15.7400  15.7500    9942600.0
2013-05-29  15.6800  15.2800    9847000.0
2013-05-30  15.3300  14.9900   12734500.0
2013-05-31  14.9900  14.4300   19903700.0
2013-06-03  14.4000  14.6300   10573400.0
2013-06-04  14.6100  14.3900    8164700.0
2013-06-05  14.3900  14.3000    8248200.0
2013-06-06  14.3500  14.6200    7995900.0
2013-06-07  14.6700  14.7300    5095900.0
2013-06-10  14.7500  14.5500    3803600.0
2013-06-11  14.3800  14.2000    7120700.0
2013-06-12  14.3300  14.1800    6347300.0
2013-06-13  14.1800  14.5100    6799300.0
2013-06-14  14.5200  14.5600    4050100.0
2013-06-17  14.6900  14.7300    7018300.0
2013-06-18  14.6900  14.5900    9396800.0
2013-06-19  14.5600  14.2300    9703100.0
2013-06-20  14.1400  13.8800    8925800.0
2013-06-21  13.9900  13.5500   17433200.0
2013-06-24  13.5000  13.4900    7879800.0
2013-06-25  13.5500  13.7800    5666900.0
2013-06-26  13.8500  13.7400    3665000.0
2013-06-27  13.8100  14.0400    4232900.0
2013-06-28  13.9500  14.2600    6015200.0
2013-07-01  14.2500  14.2800    4128100.0
2013-07-02  14.2900  14.3200    4504800.0
2013-07-03  14.2300  14.3600    1783700.0
2013-07-05  14.4500  14.6600    2709200.0
2013-07-08  14.7900  14.4600    7542300.0
2013-07-09  14.5700  14.8900    7968200.0
2013-07-10  14.8900  14.9000    3777000.0
2013-07-11  15.0100  15.3100    4507800.0
2013-07-12  15.2400  15.0100    5634700.0
2013-07-15  15.0000  15.1300    6601300.0
2013-07-16  15.1600  15.1000    3577400.0
2013-07-17  15.1200  15.2700    3726200.0
2013-07-18  15.3100  15.5800    8501000.0
2013-07-19  15.6000  15.5300    6732100.0
2013-07-22  15.3800  15.1500    8197100.0
2013-07-23  15.1500  15.2200    4642700.0
2013-07-24  15.3300  15.3900    5253200.0
2013-07-25  15.3800  15.1800    4552300.0
2013-07-26  17.1600  17.4600   41848800.0
2013-07-29  17.4300  18.2700   20717800.0
2013-07-30  18.2500  18.1800    9736000.0
2013-07-31  18.1900  17.9800    8697900.0
2013-08-01  17.9900  18.1950    7741600.0
2013-08-02  17.9400  18.0800   11018800.0
2013-08-05  17.8300  17.7300    6764100.0
2013-08-06  17.6400  17.4500   11238500.0
2013-08-07  17.4800  17.5100    4032500.0
2013-08-08  17.5000  17.5000    6119500.0
2013-08-09  17.4300  17.2300    5896200.0
2013-08-12  17.2100  17.1800    5223800.0
2013-08-13  17.2800  17.4600    8433300.0
2013-08-14  17.3800  17.4400    8631300.0
2013-08-15  17.3300  17.2300    6821400.0
2013-08-16  17.2300  17.3000    6657200.0
2013-08-19  17.2400  16.7900    5566100.0
2013-08-20  16.7500  16.7500    5633800.0
2013-08-21  16.6800  16.5800    5419500.0
2013-08-22  16.6600  16.8000    2862200.0
2013-08-23  16.8600  16.7200    5433800.0
2013-08-26  16.7000  16.5600    3900900.0
2013-08-27  16.4400  16.2050    8277700.0
2013-08-28  16.2200  16.3900    5259700.0
2013-08-29  16.3600  16.7500    6665700.0
2013-08-30  16.7600  16.3200    4946200.0
2013-09-03  16.8100  16.9800    9502600.0
2013-09-04  17.0200  17.1000    5578800.0
2013-09-05  17.0200  17.1700    4691100.0
2013-09-06  17.3100  16.9700    6169300.0
2013-09-09  17.0600  17.0400    3344700.0
2013-09-10  17.3400  17.1500    6717000.0
2013-09-11  17.2200  17.1850    4624300.0
2013-09-12  17.1400  16.9000    3760600.0
2013-09-13  16.9900  16.9700    3520500.0
2013-09-16  17.1800  17.2500    5934100.0
2013-09-17  17.3200  17.1600    4227700.0
2013-09-18  17.0800  17.1500    6842500.0
2013-09-19  17.0000  17.1010    9290300.0
2013-09-20  17.2400  16.9900   10353100.0
2013-09-23  17.0000  16.9600    4783200.0
2013-09-24  16.9400  16.9300    4937000.0
2013-09-25  16.9600  16.9550    5077400.0
2013-09-26  17.0300  17.0100    3365500.0
2013-09-27  17.0000  16.8200    3396800.0
2013-09-30  16.7100  16.6800    4041200.0
2013-10-01  16.6800  16.9000    5388300.0
2013-10-02  16.8400  16.7850    4779800.0
2013-10-03  16.7600  16.6600    5467100.0
2013-10-04  16.6300  16.8800    4317500.0
2013-10-07  16.8000  16.5100    3874400.0
2013-10-08  16.4600  16.3700    7170600.0
2013-10-09  16.3800  16.2800    5775700.0
2013-10-10  16.4600  17.0500   13269400.0
2013-10-11  16.9200  17.0800    8482600.0
2013-10-14  16.9400  17.8300   10882500.0
2013-10-15  17.8300  17.7600   10953900.0
2013-10-16  17.7600  17.3200    6919400.0
2013-10-17  17.3200  17.5910    5288200.0
2013-10-18  17.6900  17.5900    5760500.0
2013-10-21  17.7500  17.4600    4303800.0
2013-10-22  17.6100  17.6000    5985100.0
2013-10-23  17.5500  17.4100    5141200.0
2013-10-24  17.4100  17.3100    6716500.0
2013-10-25  17.4700  17.3400    5554700.0
2013-10-28  17.3900  17.3000    8707800.0
2013-10-29  17.3400  16.5900   31927700.0
2013-10-30  16.9100  16.6110   14207000.0
2013-10-31  16.7000  16.6800   23490000.0
2013-11-01  16.6800  16.7010    6637400.0
2013-11-04  16.8600  16.8400    5460100.0
2013-11-05  16.4201  16.5300    9899400.0
2013-11-06  16.9000  16.5300   11871900.0
2013-11-07  16.1000  16.8350   18971500.0
2013-11-08  16.8300  17.0690    6914100.0
2013-11-11  16.9500  16.9900    7059200.0
2013-11-12  16.9400  17.1100    8305900.0
2013-11-13  17.0800  17.3200    6394400.0
2013-11-14  17.3800  17.7000    7647600.0
2013-11-15  17.6800  17.7200    9487100.0
2013-11-18  17.7700  17.5250    9818800.0
2013-11-19  17.3400  16.8900    9660200.0
2013-11-20  17.0000  17.2000    8532500.0
2013-11-21  17.1600  17.3490    8051700.0
2013-11-22  17.4000  17.2100    5515800.0
2013-11-25  17.4300  17.4100    7232200.0
2013-11-26  17.2600  17.1000   12840100.0
2013-11-27  17.0400  17.0900    5708600.0
2013-11-29  17.2700  17.2100    3720100.0
2013-12-02  17.3300  17.3300    9685300.0
2013-12-03  17.2600  17.1200    7545400.0
2013-12-04  17.1100  17.2500    4583500.0
2013-12-05  17.1800  16.7800    9271000.0
2013-12-06  16.8500  17.2000    5259400.0
2013-12-09  17.1700  17.3000    5011300.0
2013-12-10  17.2500  17.3200    4641400.0
2013-12-11  17.4400  17.0100    4044500.0
2013-12-12  16.9400  16.6600    5023800.0
2013-12-13  16.7500  16.7700    4956300.0
2013-12-16  16.8100  16.7400    5393500.0
2013-12-17  16.7100  17.0600    7362200.0
2013-12-18  17.0300  17.1800    7980600.0
2013-12-19  17.1600  17.6600   12732100.0
2013-12-20  17.6600  17.8700   13735400.0
2013-12-23  17.9500  18.1500    8192600.0
2013-12-24  18.0800  18.1700    2268000.0
2013-12-26  18.2000  18.0800    3318400.0
2013-12-27  18.1100  17.8200    3125900.0
2013-12-30  17.7900  17.8000    3299500.0
2013-12-31  17.8000  17.8300    2886200.0
2014-01-02  17.9100  18.0700    6620900.0
2014-01-03  17.8000  18.2900    7194700.0
2014-01-06  18.3800  18.0800    5989200.0
2014-01-07  18.2000  18.3150    5114400.0
2014-01-08  18.3200  18.3400    5520400.0
2014-01-09  18.4100  18.3000    4005100.0
2014-01-10  18.3800  18.1800    3943300.0
2014-01-13  18.0200  17.8700    4577400.0
2014-01-14  17.7800  17.4900   10833400.0
2014-01-15  17.5600  17.3900    7357000.0
2014-01-16  17.3700  17.3300    8097800.0
2014-01-17  17.3500  16.9600   15311900.0
2014-01-21  17.0200  16.7900    6330900.0
2014-01-22  16.8500  16.7400    7998700.0
2014-01-23  16.6300  16.6700    7209700.0
2014-01-24  16.6400  16.6700    7897200.0
2014-01-27  16.7050  16.6700    7575900.0
2014-01-28  16.6700  16.6900    7202500.0
2014-01-29  16.7800  16.9100    8286200.0
2014-01-30  17.0400  17.2600    5021500.0
2014-01-31  16.9800  17.1300    8471500.0
2014-02-03  17.3500  17.0600    7001900.0
2014-02-04  17.0600  16.9000    5463700.0
2014-02-05  16.8800  16.8900    5566000.0
2014-02-06  16.9900  17.1700    7359100.0
2014-02-07  18.9500  19.6400   29880800.0
2014-02-10  19.2500  19.3600   16779600.0
2014-02-11  19.1600  19.3700    8944900.0
2014-02-12  19.4900  19.6300    8002900.0
2014-02-13  19.5500  19.7700    7971400.0
2014-02-14  19.4200  19.8000    9006300.0
2014-02-18  19.9100  19.9400    6435400.0
2014-02-19  19.9000  19.6800    7840400.0
2014-02-20  19.6600  19.6300    5095200.0
2014-02-21  19.7500  19.7200    7827500.0
2014-02-24  19.7000  19.6900    6421700.0
2014-02-25  19.7800  19.4600    5294900.0
2014-02-26  19.4900  19.4400    4555400.0
2014-02-27  19.3900  19.5500    2767300.0
2014-02-28  19.6100  19.3500    4936500.0
2014-03-03  19.1200  19.5200    4425400.0
2014-03-04  19.5800  19.7100    6544000.0
2014-03-05  19.7900  20.0400    6588400.0
2014-03-06  20.0600  20.1700    4707600.0
2014-03-07  20.2000  20.1100    5544600.0
2014-03-10  20.0900  20.2900    4683700.0
2014-03-11  20.1300  20.0700    5310900.0
2014-03-12  19.9000  20.6000    7112900.0
2014-03-13  21.5000  20.8500   16099900.0
2014-03-14  20.8400  21.0000    7773000.0
2014-03-17  21.1600  21.2300    7427900.0
2014-03-18  21.2000  21.1000    5363800.0
2014-03-19  21.1400  21.0400    5942600.0
2014-03-20  21.0300  20.9200    3348800.0
2014-03-21  21.1100  20.7800    7984100.0
2014-03-24  20.8900  20.4910    4835400.0
2014-03-25  20.5900  20.5900    2890200.0
2014-03-26  20.6500  20.5900    4620100.0
2014-03-27  20.9000  20.2500    6860200.0
2014-03-28  20.3600  20.4500    6082000.0
2014-03-31  20.5400  20.4400    5097900.0
2014-04-01  20.4400  20.6900    6631400.0
2014-04-02  20.8200  20.7750    4703000.0
2014-04-03  20.9100  20.2400    9215900.0
2014-04-04  20.6300  20.1200    7244300.0
2014-04-07  19.7900  19.4290    9802100.0
2014-04-08  19.5300  19.7400    6040400.0
2014-04-09  19.9100  19.8400    4550200.0
2014-04-10  19.8000  19.3800    5036900.0
2014-04-11  19.3200  19.0400    5339800.0
2014-04-14  19.1800  19.2400    2806200.0
2014-04-15  19.2800  19.0700    4516200.0
2014-04-16  19.2500  19.4500    3824800.0
2014-04-17  19.5600  19.6900    4592700.0
2014-04-21  19.7700  19.6900    3723000.0
2014-04-22  19.6700  19.9000    3837200.0
2014-04-23  19.8500  19.6300    2876100.0
2014-04-24  19.8200  19.5700    2326500.0
2014-04-25  19.4400  19.4600    2934700.0
2014-04-28  19.6400  19.3300    6142300.0
2014-04-29  19.3900  19.6900    4191900.0
2014-04-30  19.5900  20.0100    5563400.0
2014-05-01  19.9700  19.9700    3004000.0
2014-05-02  20.2700  19.9400    5981000.0
2014-05-05  19.8900  19.4200    8977300.0
2014-05-06  19.4400  19.3100    8440300.0
2014-05-07  20.1700  21.0100   20043000.0
2014-05-08  20.7000  20.8000    8513500.0
2014-05-09  20.6700  20.7900    6971000.0
2014-05-12  20.8400  20.6700    4426800.0
2014-05-13  20.6700  20.5000    5359700.0
2014-05-14  20.4100  20.2800    3027500.0
2014-05-15  20.3100  20.0800    4856400.0
2014-05-16  20.1200  20.3500    4270000.0
2014-05-19  20.3100  20.7800    7054200.0
2014-05-20  20.6300  20.8300    5046200.0
2014-05-21  20.8100  20.8700    5643000.0
2014-05-22  20.9300  20.5300   18897500.0
2014-05-23  20.6100  20.6800    5982300.0
2014-05-27  20.7000  20.5800    6048100.0
2014-05-28  20.5700  20.3300    8307900.0
2014-05-29  20.5700  20.7500   10602400.0
2014-05-30  20.8100  20.7800   10297200.0
2014-06-02  20.8200  20.6200    3490900.0
2014-06-03  20.5200  20.7500    7689700.0
2014-06-04  20.7300  20.7300    4943000.0
2014-06-05  20.8000  20.7100    4871500.0
2014-06-06  20.9400  20.9200    6182900.0
2014-06-09  20.9700  21.2900   11098700.0
2014-06-10  21.2500  21.4500    8125200.0
2014-06-11  21.3400  21.4800    7430100.0
2014-06-12  21.5000  21.3200   10527200.0
2014-06-13  21.3600  21.4100    3488300.0
2014-06-16  21.4300  21.4300    4063600.0
2014-06-17  21.4900  21.8100    6833800.0
2014-06-18  21.8500  21.8200    5249700.0
2014-06-19  21.8900  22.0300    5458100.0
2014-06-20  22.1300  22.0100    9030300.0
2014-06-23  22.1100  22.0950    8967100.0
2014-06-24  22.0000  21.9000    5361700.0
2014-06-25  21.8500  22.0400    4619600.0
2014-06-26  21.9800  21.8000    7037400.0
2014-06-27  21.9600  21.9200   27029000.0
2014-06-30  21.9600  22.3000    6253800.0
2014-07-01  22.3900  22.5500    6115300.0
2014-07-02  22.4900  22.4700    2940900.0
2014-07-03  22.5200  22.6700    2590700.0
2014-07-07  22.5200  22.5900    5359600.0
2014-07-08  22.5000  22.3100    6643900.0
2014-07-09  22.4000  22.5200    3946100.0
2014-07-10  22.2900  22.4400    4512000.0
2014-07-11  22.4400  22.4400    2219900.0
2014-07-14  22.5800  22.5900    4389300.0
2014-07-15  22.5300  22.7500    6532800.0
2014-07-16  22.8500  23.0200    7605600.0
2014-07-17  22.8800  22.5700    5353200.0
2014-07-18  22.7900  22.9300    6472600.0
2014-07-21  22.8500  22.7900    3046200.0
2014-07-22  22.9300  22.9400    5397500.0
2014-07-23  23.0700  23.1200    6227400.0
2014-07-24  23.2000  23.1900    3188700.0
2014-07-25  23.1000  22.9850    4097000.0
2014-07-28  23.0900  23.3700    6683300.0
2014-07-29  23.2900  22.9600    6572100.0
2014-07-30  23.0100  22.8900    6222600.0
2014-07-31  22.8300  22.3800    6499100.0
2014-08-01  22.4200  22.4400    4587900.0
2014-08-04  22.5500  22.6100    7477100.0
2014-08-05  22.6900  22.3600    6923200.0
2014-08-06  23.6400  22.9500    9297800.0
2014-08-07  22.7000  22.4000    5661700.0
2014-08-08  22.5700  22.5400    5841000.0
2014-08-11  22.6500  22.8000    6684600.0
2014-08-12  22.7100  22.8100    5454900.0
2014-08-13  23.2500  23.0100    5339200.0
2014-08-14  23.0900  23.3100    5688600.0
2014-08-15  23.5400  23.3600    7977500.0
2014-08-18  23.4000  23.2700    5456200.0
2014-08-19  23.2500  23.0100    5582000.0
2014-08-20  23.0000  23.0800    4251900.0
2014-08-21  23.0600  23.1600    4233200.0
2014-08-22  23.2800  23.1300    2820900.0
2014-08-25  23.2200  23.0400    2679500.0
2014-08-26  23.1000  23.0100    4546000.0
2014-08-27  23.0700  23.1900    3209300.0
2014-08-28  23.0400  23.3500    3419400.0
2014-08-29  23.3800  23.5400    7153000.0
2014-09-02  23.5300  23.7400    6068200.0
2014-09-03  23.7700  23.9450    8350300.0
2014-09-04  23.9000  23.7900    4613600.0
2014-09-05  23.8800  24.0200    4126600.0
2014-09-08  23.8900  23.8600    8696900.0
2014-09-09  23.8600  23.7300    9387100.0
2014-09-10  24.1200  23.8100    9605700.0
2014-09-11  23.7800  23.8700    5008400.0
2014-09-12  23.8000  23.3900    8784900.0
2014-09-15  23.4000  22.3100   13716900.0
2014-09-16  22.3300  22.2100    6673300.0
2014-09-17  22.3100  21.4400   16395400.0
2014-09-18  21.5900  21.7700    9120600.0
2014-09-19  21.9100  21.8200    8804700.0
2014-09-22  21.7400  21.6900    5580800.0
2014-09-23  21.5000  21.2800    7434400.0
2014-09-24  21.2800  21.2100    6927253.0
2014-09-25  21.2000  21.0100    7390431.0
2014-09-26  21.0200  21.2500    6363974.0
2014-09-29  21.1400  20.9100    4811601.0
2014-09-30  20.9300  20.7900    7111662.0
2014-10-01  20.8400  20.5900    6161345.0
2014-10-02  20.5400  20.4050    6718766.0
2014-10-03  20.4900  20.7100    5952536.0
2014-10-06  20.8100  20.6400    4760307.0
2014-10-07  20.6400  20.1300    8088518.0
2014-10-08  20.1500  20.6400   15866720.0
2014-10-09  20.7400  20.0800    5516639.0
2014-10-10  19.9500  18.7100   20038218.0
2014-10-13  18.7900  18.4200    9169784.0
2014-10-14  18.5300  18.2100    8681891.0
2014-10-15  18.0000  18.7200   12157267.0
2014-10-16  18.3900  18.9900   13359076.0
2014-10-17  19.1900  18.8500    8996122.0
2014-10-20  18.8100  18.8700    6568899.0
2014-10-21  19.0200  19.2400    9764377.0
2014-10-22  19.3700  19.0400    5358061.0
2014-10-23  19.1800  19.0600    5875385.0
2014-10-24  19.0500  19.1700    9760130.0
2014-10-27  19.1700  18.9900   14706533.0
2014-10-28  19.1200  19.2300    8264476.0
2014-10-29  19.2700  19.0400   10196585.0
2014-10-30  19.0100  19.5800   10294614.0
2014-10-31  19.8300  19.9500   10058199.0
2014-11-03  20.2150  20.3000   10383671.0
2014-11-04  20.3300  19.9500   12161891.0
2014-11-05  21.3000  20.8300   29610846.0
2014-11-06  20.8800  20.5800   13833698.0
2014-11-07  20.5300  20.6500   11826215.0
2014-11-10  20.6400  20.9200    8493955.0
2014-11-11  21.1200  20.6100    6870904.0
2014-11-12  20.5800  20.4100    6642039.0
2014-11-13  20.3900  20.3350    7488364.0
2014-11-14  20.2400  20.1000   10319824.0
2014-11-17  20.0600  19.9000    5675527.0
2014-11-18  19.9900  20.0100    6379753.0
2014-11-19  20.3200  19.5700   10537886.0
2014-11-20  20.1500  21.1100   24143175.0
2014-11-21  21.4500  21.1700   12111698.0
2014-11-24  21.0000  21.3000    6343618.0
2014-11-25  21.2800  21.7300   11208897.0
2014-11-26  21.7700  21.8200    6997324.0
2014-11-28  21.6800  21.6500    4069476.0
2014-12-01  21.6300  21.0500    7695727.0
2014-12-02  21.0600  21.1400    4803864.0
2014-12-03  21.1700  21.4800    8967595.0
2014-12-04  21.4800  21.7700    8245885.0
2014-12-05  21.7200  21.7900    5565649.0
2014-12-08  21.6900  20.9200    6415769.0
2014-12-09  20.7600  20.9700    5747013.0
2014-12-10  20.9000  20.4900    5381684.0
2014-12-11  20.5000  20.3400    4787171.0
2014-12-12  19.5400  19.9000   11742356.0
2014-12-15  20.1000  20.0200    5744657.0
2014-12-16  19.8500  19.3800    9767761.0
2014-12-17  19.4300  19.6700   10997138.0
2014-12-18  20.0500  20.0400    7861069.0
2014-12-19  20.1100  20.2500    7881664.0
2014-12-22  20.3600  20.3000    3569086.0
2014-12-23  20.4200  20.2300    5391491.0
2014-12-24  20.3200  20.3500    1613850.0
2014-12-26  20.4500  20.4200    3085364.0
2014-12-29  20.3800  20.3600    3216119.0
2014-12-30  20.3100  20.2400    3521185.0
2014-12-31  20.2600  20.1500    3449149.0
2015-01-02  20.2400  20.1300    3234025.0
2015-01-05  20.1400  19.8500    5008383.0
2015-01-06  19.8800  19.4800    6390568.0
2015-01-07  19.5900  19.0550   16560318.0
2015-01-08  19.2500  19.2500   17656118.0
2015-01-09  19.2800  18.9000    8692940.0
2015-01-12  19.0800  18.8600    8216684.0
2015-01-13  19.1200  18.5600    6447514.0
2015-01-14  18.7300  18.9300    9041325.0
2015-01-15  18.9100  18.5500    6398358.0
2015-01-16  19.6200  20.2500   19269558.0
2015-01-20  20.3400  20.2200    8545298.0
2015-01-21  20.1100  20.1000    7115604.0
2015-01-22  20.1600  20.5900    7917589.0
2015-01-23  20.5900  20.6500    5917984.0
2015-01-26  20.6500  20.8350    5989819.0
2015-01-27  20.7000  20.4700    5034745.0
2015-01-28  20.7300  20.6700   10122021.0
2015-01-29  20.6000  20.7450    6818288.0
2015-01-30  20.6100  20.8950   10933558.0
2015-02-02  20.9000  21.1250    9339236.0
2015-02-03  21.2000  21.6600    9711674.0
2015-02-04  21.6000  21.5200    7529070.0
2015-02-05  21.6700  21.8200   12289472.0
2015-02-06  20.5000  22.1050   34843710.0
2015-02-09  22.0100  22.0400   10617734.0
2015-02-10  22.0700  22.2800   11818081.0
2015-02-11  22.3300  22.6600   10172318.0
2015-02-12  22.7100  22.9400    8652916.0
2015-02-13  22.9400  23.1100    5291629.0
2015-02-17  23.0500  23.4900    6657733.0
2015-02-18  23.4100  23.4100    6257099.0
2015-02-19  23.2900  23.3150    7140459.0
2015-02-20  23.3600  23.3100    5211664.0
2015-02-23  23.3400  23.3700    3972737.0
2015-02-24  23.3000  23.5400    3756462.0
2015-02-25  23.2100  23.4550    5441774.0
2015-02-26  23.3000  23.3500    6725083.0
2015-02-27  23.3600  23.3200    4485229.0
2015-03-02  23.3200  23.2450    7235798.0
2015-03-03  23.2500  23.1000    5073689.0
2015-03-04  23.0100  22.9300    5290225.0
2015-03-05  22.9100  23.2900    5925852.0
2015-03-06  23.1200  23.0700    4649096.0
2015-03-09  23.0600  23.3150    5643032.0
2015-03-10  23.2000  22.7400    5722668.0
2015-03-11  22.6700  22.8100    3627234.0
2015-03-12  23.0300  22.7900    6279896.0
2015-03-13  22.6600  22.9900    5055651.0
2015-03-16  23.0200  23.1800    3926613.0
2015-03-17  23.0300  23.1050    3781981.0
2015-03-18  23.0000  23.5800    4476937.0
2015-03-19  23.6000  23.1500    4847079.0
2015-03-20  23.4000  23.4200    6118275.0
2015-03-23  23.3900  23.1800    4803347.0
2015-03-24  23.2100  23.1800    4808014.0
2015-03-25  23.1600  22.7000    6718073.0
2015-03-26  22.4600  22.4800    5436677.0
2015-03-27  22.4800  22.7600    3314496.0
2015-03-30  22.8300  23.0200    3792073.0
2015-03-31  22.8700  22.7250    5902739.0
2015-04-01  22.7300  22.4300    4826842.0
2015-04-02  22.4700  22.6400    2873629.0
2015-04-06  22.5300  22.6700    3229663.0
2015-04-07  22.5600  22.7700    2840067.0
2015-04-08  22.7600  22.9600    5221558.0
2015-04-09  22.9000  23.0000    3326907.0
2015-04-10  23.0900  22.9250    3310173.0
2015-04-13  22.8500  22.7900    1912488.0
2015-04-14  22.7900  22.9200    3516211.0
2015-04-15  23.0600  22.9000    5687918.0
2015-04-16  22.8700  23.1850    3853328.0
2015-04-17  23.0200  22.8050    2722126.0
2015-04-20  22.8800  23.0750    3435663.0
2015-04-21  23.1900  23.3900    3162954.0
2015-04-22  23.3800  23.4900    4320061.0
2015-04-23  23.3900  23.7450    3507320.0
2015-04-24  23.9300  23.9400    4273369.0
2015-04-27  23.9800  23.7200    3437118.0
2015-04-28  23.6500  23.4700    4610317.0
2015-04-29  23.3000  23.1900    6498303.0
2015-04-30  23.2000  22.8150    7416228.0
2015-05-01  22.7900  23.0500    3608363.0
2015-05-04  23.1100  23.1900    3453001.0
2015-05-05  23.1600  22.7100    4141341.0
2015-05-06  22.7700  23.2000    8281250.0
2015-05-07  23.2400  24.4100   15116312.0
2015-05-08  24.6500  25.0450    8489643.0
2015-05-11  25.0000  24.6400    5686837.0
2015-05-12  24.5400  24.6100    5982044.0
2015-05-13  24.8000  24.6300    3733711.0
2015-05-14  24.7900  25.1700    5667436.0
2015-05-15  25.3200  25.4200    8221044.0
2015-05-18  25.3600  25.4200    3815414.0
2015-05-19  25.6000  25.4800    3501918.0
2015-05-20  25.4900  25.7500    4759394.0
2015-05-21  25.6400  25.6200    4636777.0
2015-05-22  25.5000  25.4900    2892594.0
2015-05-26  25.3900  25.4100    3156550.0
2015-05-27  25.4900  25.7100    3720332.0
2015-05-28  25.6700  25.7250    4347516.0
2015-05-29  25.8900  25.2600    7912583.0
2015-06-01  25.4400  25.3950    4281135.0
2015-06-02  25.3100  25.5300    3872013.0
2015-06-03  25.7600  25.9600    5347455.0
2015-06-04  25.7700  25.6850    3883455.0
2015-06-05  25.6300  25.7700    2612587.0
2015-06-08  25.7700  25.4400    6260983.0
2015-06-09  25.4500  25.5200    7873396.0
2015-06-10  25.5000  25.5000    5329175.0
2015-06-11  25.0800  25.3000   13169196.0
2015-06-12  25.2500  25.4000    8228131.0
2015-06-15  25.2600  24.5400   11421055.0
2015-06-16  24.7900  24.7400    8906844.0
2015-06-17  24.8800  24.8700    6207678.0
2015-06-18  24.9100  25.1400    7218090.0
2015-06-19  25.1900  25.0100    6717098.0
2015-06-22  25.1600  25.2300    4433610.0
2015-06-23  25.2400  25.4200    3777164.0
2015-06-24  25.3900  25.4400    6549141.0
2015-06-25  25.4600  25.4000    3255127.0
2015-06-26  25.5700  25.0400   11468757.0
2015-06-29  24.7100  24.4900    4750117.0
2015-06-30  24.6500  24.2100    7165565.0
2015-07-01  24.4000  24.7300    8808510.0
2015-07-02  24.7000  24.6300    4763244.0
2015-07-06  24.4100  24.8200    3735314.0
2015-07-07  25.0100  25.0500    7117110.0
2015-07-08  24.8400  24.8000    8783959.0
2015-07-09  25.0900  25.1250    9880200.0
2015-07-10  25.3700  25.3600    5420908.0
2015-07-13  25.5400  25.8850    6138136.0
2015-07-14  25.8200  26.0600    9131975.0
2015-07-15  25.9400  25.7650    5554674.0
2015-07-16  25.8900  25.8500    3601681.0
2015-07-17  25.9800  25.8100    3550175.0
2015-07-20  25.8100  26.2500    6105309.0
2015-07-21  26.2500  26.0900    4711078.0
2015-07-22  25.9900  25.9500    3259589.0
2015-07-23  25.9500  25.9400    3525450.0
2015-07-24  26.0300  26.1800    5567585.0
2015-07-27  26.0400  25.6100    8092676.0
2015-07-28  25.8000  25.7100    4401152.0
2015-07-29  25.6200  25.9800    3334432.0
2015-07-30  25.8500  26.0600    5150618.0
2015-07-31  26.0400  25.7900    5169751.0
2015-08-03  25.8800  25.5200    5906582.0
2015-08-04  25.5700  25.6700    8484648.0
2015-08-05  27.7300  28.7100   24962169.0
2015-08-06  28.8000  28.7100    9292958.0
2015-08-07  28.6600  28.7800    6946079.0
2015-08-10  28.8800  28.8100    5999578.0
2015-08-11  28.6000  28.4600    6280302.0
2015-08-12  28.2100  28.6600    8297939.0
2015-08-13  28.5700  28.8500    7351658.0
2015-08-14  28.7400  28.6800    2597565.0
2015-08-17  28.6800  29.3000    5885559.0
2015-08-18  29.5000  29.2200    4311950.0
2015-08-19  29.2100  28.9800    4980323.0
2015-08-20  28.6400  27.9800    5904027.0
2015-08-21  27.5400  27.2200    8386719.0
2015-08-24  25.0100  26.1600    8461337.0
2015-08-25  27.3500  26.1800    6895740.0
2015-08-26  26.8600  27.2900    8077574.0
2015-08-27  27.5200  27.9300    7476200.0
2015-08-28  29.7400  29.2200  133082393.0
2015-08-31  29.3400  28.6300   13981125.0
2015-09-01  27.8600  27.8600   12062804.0
2015-09-02  28.7500  28.3700   14410503.0
2015-09-03  28.3800  28.6000   10380589.0
2015-09-04  28.2100  28.1000   10456803.0
2015-09-08  28.6300  28.8700    8110654.0
2015-09-09  29.1000  28.6900    6723929.0
2015-09-10  28.5100  29.0600    5553796.0
2015-09-11  28.8300  29.1500    4479854.0
2015-09-14  29.1500  29.2100    4787739.0
2015-09-15  29.3300  29.8000    8044607.0
2015-09-16  29.8000  30.5200    8173607.0
2015-09-17  30.3700  30.9700   10016800.0
2015-09-18  30.6100  31.1000   11173055.0
2015-09-21  31.1100  31.5200    8411014.0
2015-09-22  31.2600  31.4100    8119758.0
2015-09-23  31.3300  31.6200    7787995.0
2015-09-24  31.3600  31.4900    9845086.0
2015-09-25  31.7100  32.0600   12107866.0
2015-09-28  32.2200  31.3100   12009837.0
2015-09-29  31.2500  30.6600   11385233.0
2015-09-30  31.0100  30.8900    9184067.0
2015-10-01  31.3900  30.9000    8515698.0
2015-10-02  30.5700  31.4600    9430193.0
2015-10-05  31.8200  31.9700    8559055.0
2015-10-06  31.8500  31.9100    6647183.0
2015-10-07  32.0800  31.9400    6744292.0
2015-10-08  31.7600  31.7300    8725393.0
2015-10-09  31.6300  32.0700    6320990.0
2015-10-12  31.8800  32.5800    5200235.0
2015-10-13  32.5000  32.8800   12662717.0
2015-10-14  32.7700  33.0200    9087828.0
2015-10-15  33.1800  33.8000   10559262.0
2015-10-16  34.0600  34.1700    7672166.0
2015-10-19  33.9400  33.7500    5443150.0
2015-10-20  33.7600  33.8200    5393724.0
2015-10-21  34.0000  33.7800    4702528.0
2015-10-22  33.8800  34.7500    9641637.0
2015-10-23  35.2600  34.9000    9147904.0
2015-10-26  35.0100  34.8800    3783096.0
2015-10-27  34.9000  34.8800    6001039.0
2015-10-28  35.0000  35.2800    6129791.0
2015-10-29  35.2000  34.9900    5697406.0
2015-10-30  34.8400  34.7600    8679049.0
2015-11-02  34.2500  34.5700    7385270.0
2015-11-03  33.3500  35.8200   43548416.0
2015-11-04  36.1500  36.9900   17829454.0
2015-11-05  37.4500  37.3600   10398122.0
2015-11-06  37.7700  35.0000   20663225.0
2015-11-09  35.3000  34.0500   15949053.0
2015-11-10  33.8500  33.8600    8898434.0
2015-11-11  34.3500  34.5700    8541720.0
2015-11-12  34.6100  35.0100    9767267.0
2015-11-13  34.7800  34.5900    6818394.0
2015-11-16  34.4900  34.9500    8677161.0
2015-11-17  34.9700  36.1200    9976347.0
2015-11-18  36.2300  36.8700    8259283.0
2015-11-19  37.0000  37.0100    5265007.0
2015-11-20  37.1000  37.5100    8262190.0
2015-11-23  37.3200  37.3500    8400834.0
2015-11-24  37.1800  36.8400    5809896.0
2015-11-25  37.0200  37.2300    4218150.0
2015-11-27  37.2000  37.2400    1369310.0
2015-11-30  37.4500  37.6600    7971400.0
2015-12-01  37.8600  38.5700    8410273.0
2015-12-02  38.5700  38.3800    5560609.0
2015-12-03  38.6300  37.6200    7660826.0
2015-12-04  37.5600  38.8900    5040644.0
2015-12-07  38.9200  38.6900    6738376.0
2015-12-08  38.3300  39.3600    5634239.0
2015-12-09  39.2000  38.5900    7247767.0
2015-12-10  38.7100  38.3800    5209996.0
2015-12-11  37.7600  37.2200   10795318.0
2015-12-14  37.2700  37.9600    5685599.0
2015-12-15  38.3300  38.7100    7958940.0
2015-12-16  38.9400  39.2100    6277269.0
2015-12-17  39.3600  38.8700    7383256.0
2015-12-18  38.4700  38.4700   12538966.0
2015-12-21  38.8600  38.7400    5771100.0
2015-12-22  39.5600  39.2100    4134623.0
2015-12-23  39.3800  38.8400    5419238.0
2015-12-24  38.9400  38.9200    1927605.0
2015-12-28  38.7600  39.0300    3299545.0
2015-12-29  39.3400  39.5800    4996824.0
2015-12-30  39.5700  39.4300    2852772.0
2015-12-31  39.2400  38.7100    5023624.0
2016-01-04  38.0500  37.6200    8926113.0
2016-01-05  37.7900  37.1400   11150973.0
2016-01-06  36.3200  36.7900   17867263.0
2016-01-07  35.7900  36.2700   10489201.0
2016-01-08  36.7900  35.7100    8412722.0
2016-01-11  35.9000  36.2100    8152172.0
2016-01-12  36.6500  37.1200    6984474.0
2016-01-13  37.4800  34.8600   53119744.0
2016-01-14  34.9200  35.4000    9527731.0
2016-01-15  34.3100  34.9100   11935770.0
2016-01-19  35.5200  35.1500    5843582.0
2016-01-20  34.5300  34.7100    8084337.0
2016-01-21  34.7900  34.5600    8859547.0
2016-01-22  35.0800  35.9200    6601850.0
2016-01-25  35.7600  34.7300    8582477.0
2016-01-26  34.8500  35.3000    5502524.0
2016-01-27  35.2500  34.0700    7862604.0
2016-01-28  34.5300  33.7900   13813633.0
2016-01-29  33.6300  34.8200   20543854.0
2016-02-01  34.6000  34.6700    8915948.0
2016-02-02  34.2400  33.4200    8704679.0
2016-02-03  33.8100  33.1200   10319356.0
2016-02-04  33.1400  31.9400   17559834.0
2016-02-05  31.7700  30.5300   17261322.0
2016-02-08  29.6900  28.7200   17084103.0
2016-02-09  28.4100  28.8100   14216661.0
2016-02-10  29.0600  30.1500   14315513.0
2016-02-11  29.6000  30.5200   17176408.0
2016-02-12  28.6600  28.1200   42849840.0
2016-02-16  28.5600  29.4200   15564925.0
2016-02-17  29.7600  29.4500   15154864.0
2016-02-18  29.8800  28.8800    8244215.0
2016-02-19  28.8500  30.1900   11537093.0
2016-02-22  30.5100  31.5200   10578978.0
2016-02-23  31.3500  30.7300    9504124.0
2016-02-24  30.4400  31.7100    8306824.0
2016-02-25  31.9800  32.3200    8611407.0
2016-02-26  32.3800  31.8900    7114277.0
2016-02-29  31.7300  31.6700    7479277.0
2016-03-01  31.9600  32.2100    7543561.0
2016-03-02  32.0000  32.0100    8292781.0
2016-03-03  31.8100  31.5200    5454899.0
2016-03-04  31.8400  31.1900    6125808.0
2016-03-07  31.0000  30.9800    7754692.0
2016-03-08  30.7000  30.7800    6919316.0
2016-03-09  30.8200  30.8600    6527104.0
2016-03-10  30.9000  31.2500    7588874.0
2016-03-11  31.5100  31.5200    7747237.0
2016-03-14  31.6500  32.4100    7123702.0
2016-03-15  32.3400  32.4800    5374000.0
2016-03-16  32.4900  32.7900    5080390.0
2016-03-17  32.6800  32.6000    6275617.0
2016-03-18  32.6800  32.2000   11477107.0
2016-03-21  32.2300  32.0400    3060517.0
2016-03-22  31.8900  32.5400    4683562.0
2016-03-23  32.4800  32.5800    4115875.0
2016-03-24  32.4400  32.2100    3764407.0
2016-03-28  32.1000  32.1400    3263309.0
2016-03-29  32.2700  33.2400    6150603.0
2016-03-30  33.6000  34.0700    8355068.0
2016-03-31  33.9800  33.8400    7040449.0
2016-04-01  33.8100  34.4200    4998460.0
2016-04-04  34.4200  34.2300    4823265.0
2016-04-05  33.9100  33.7100    5673361.0
2016-04-06  33.8900  34.0000    4550220.0
2016-04-07  33.8700  33.4200    5795968.0
2016-04-08  33.7000  33.9700    4591958.0
2016-04-11  34.3000  33.4100    4487159.0
2016-04-12  33.4300  33.4800    5235925.0
2016-04-13  33.9200  35.1600    8358487.0
2016-04-14  35.2900  34.9100    3898193.0
2016-04-15  35.0200  34.5700    5357160.0
2016-04-18  34.5600  35.4400    4526670.0
2016-04-19  35.4800  35.2100    4159920.0
2016-04-20  35.3400  35.2500    3502252.0
2016-04-21  35.1700  35.1900    3113908.0
2016-04-22  34.8700  34.6500    4673165.0
2016-04-25  34.6100  34.9200    2743370.0
2016-04-26  35.0800  35.2100    3566958.0
2016-04-27  34.9300  34.3700    6867181.0
2016-04-28  34.2400  33.9000    5250207.0
2016-04-29  33.6000  34.4700    6444496.0
2016-05-02  34.7000  34.5800    7586322.0
2016-05-03  34.1600  34.1100    4309551.0
2016-05-04  33.8200  34.2800    5769819.0
2016-05-05  34.3400  34.9100    9968848.0
2016-05-06  36.9900  37.8700   19055942.0
2016-05-09  37.7900  37.1500   10815016.0
2016-05-10  37.2300  36.4100   14277764.0
2016-05-11  36.6100  37.1100   10242695.0
2016-05-12  37.1700  37.9100    8132287.0
2016-05-13  38.0000  38.2900   10209848.0
2016-05-16  38.4500  39.3900    7785309.0
2016-05-17  39.1000  38.1200   10669626.0
2016-05-18  37.9800  38.4700    7680492.0
2016-05-19  38.2300  37.8000    7602458.0
2016-05-20  37.8100  37.5300   11641830.0
2016-05-23  37.6300  37.7300    5634642.0
2016-05-24  37.9200  39.0200    7620574.0
2016-05-25  39.1900  38.9500    7681127.0
2016-05-26  38.9100  39.0950    8255722.0
2016-05-27  39.1300  39.3400    6266336.0
2016-05-31  39.5400  39.2600    8466742.0
2016-06-01  39.2600  38.6500    8432241.0
2016-06-02  38.7200  38.6900    6581525.0
2016-06-03  38.6900  37.8100    9685230.0
2016-06-06  37.6500  37.7600    7727265.0
2016-06-07  37.9500  38.1300    7315913.0
2016-06-08  38.1000  38.1200   11260501.0
2016-06-09  37.9900  38.5400   23555740.0
2016-06-10  38.1300  37.7700   13435025.0
2016-06-13  37.5300  37.6300    7169483.0
2016-06-14  37.4600  38.4100   19995464.0
2016-06-15  38.4600  38.3300   10464780.0
2016-06-16  38.2500  39.0300   10064275.0
2016-06-17  39.0300  38.0800   13336367.0
2016-06-20  38.5600  38.6900    9354231.0
2016-06-21  38.7500  38.6600    7156128.0
2016-06-22  38.7400  38.3200    4724984.0
2016-06-23  38.6600  38.9200    5674095.0
2016-06-24  37.5000  36.9800   23589159.0
2016-06-27  36.6000  36.1500    9340506.0
2016-06-28  36.6600  37.1800    6306628.0
2016-06-29  37.8100  38.0200    7641766.0
2016-06-30  38.2300  39.6300   15052960.0
2016-07-01  39.6900  39.6100    8179250.0
2016-07-05  39.4000  40.1500    7336655.0
2016-07-06  39.7800  40.5100    9232698.0
2016-07-07  40.5200  40.3900    6273067.0
2016-07-08  40.6400  41.2900    6617357.0
2016-07-11  41.4400  42.2000   14715566.0
2016-07-12  42.4100  42.6600   10545075.0
2016-07-13  42.7900  42.1100   11462318.0
2016-07-14  42.3600  41.8500    9624916.0
2016-07-15  41.9600  42.2000    5083640.0
2016-07-18  42.4000  42.1400    5927860.0
2016-07-19  42.0000  41.5200    9314028.0
2016-07-20  41.6800  41.3800    5973714.0
2016-07-21  41.4100  41.2700    6440267.0
2016-07-22  41.3500  41.4400    4454531.0
2016-07-25  41.9600  42.4000    9409834.0
2016-07-26  42.4000  41.5600    8253680.0
2016-07-27  41.5200  40.8900   13737820.0
2016-07-28  40.2900  40.2700   11111987.0
2016-07-29  40.3000  40.1600   13731035.0
2016-08-01  40.3900  40.0700    6581742.0
2016-08-02  40.0700  39.7500    6677419.0
2016-08-03  39.6400  40.3800    8760426.0
2016-08-04  40.9400  40.8300   10976806.0
2016-08-05  42.2500  40.5600   20866573.0
2016-08-08  40.7300  40.6100    8080238.0
2016-08-09  40.5200  41.2500    8535307.0
2016-08-10  41.1400  41.1000    5463528.0
2016-08-11  41.1400  41.3100    6542351.0
2016-08-12  41.1400  41.1400    6413933.0
2016-08-15  41.6100  41.4800    5800002.0
2016-08-16  40.2500  39.3100   26068591.0
2016-08-17  39.5500  39.8800   11513547.0
2016-08-18  39.9900  40.0200    7273083.0
2016-08-19  40.1300  39.9800    6064305.0
2016-08-22  39.9900  40.1200    4581906.0
2016-08-23  40.2300  40.6400    6391230.0
2016-08-24  40.6800  40.6700    5037760.0
2016-08-25  40.4700  40.9900    7901460.0
2016-08-26  40.9500  41.0500    6890846.0
2016-08-29  41.1100  41.2900    5917403.0
2016-08-30  41.3300  41.5800    5658039.0
2016-08-31  41.4100  41.3700    5751171.0
2016-09-01  41.4400  42.1500    7821223.0
2016-09-02  42.2900  42.8000    8730695.0
2016-09-06  43.0000  43.5100   13585958.0
2016-09-07  43.7400  43.3800    9687107.0
2016-09-08  43.3600  43.3000    8130062.0
2016-09-09  42.7900  42.2900    8149637.0
2016-09-12  41.9500  43.4600   11055501.0
2016-09-13  43.2200  43.4100    9134971.0
2016-09-14  43.4800  43.6600    7776127.0
2016-09-15  43.6200  44.5900   12342033.0
2016-09-16  44.6700  44.4200   40786800.0
2016-09-19  44.5800  44.1200    8135829.0
2016-09-20  44.2600  44.1300    6055798.0
2016-09-21  44.8900  44.6700    9032909.0
2016-09-22  44.8600  44.5100    5873362.0
2016-09-23  44.9800  44.3600    8694746.0
2016-09-26  44.2200  43.9800    4426552.0
2016-09-27  43.9100  44.2100    8861960.0
2016-09-28  44.2000  44.1600    5579745.0
2016-09-29  44.1500  44.2100    8464849.0
2016-09-30  44.3700  44.3000    7844473.0
2016-10-03  44.3000  44.1000    5452284.0
2016-10-04  44.2000  44.1300    5786489.0
2016-10-05  44.1000  44.5300    5806981.0
2016-10-06  44.5500  43.9900    6222544.0
2016-10-07  44.0900  43.9200    5604240.0
2016-10-10  43.9600  43.7900    4564429.0
2016-10-11  43.5600  42.9000    7005641.0
2016-10-12  42.7900  43.3300    5586495.0
2016-10-13  42.9800  43.1600    4186362.0
2016-10-14  43.5700  43.6900    8669042.0
2016-10-17  43.6300  43.5300    4725816.0
2016-10-18  44.0100  44.1800    7676348.0
2016-10-19  44.2300  43.7900    4531099.0
2016-10-20  43.9200  44.3200    4867284.0
2016-10-21  44.3200  44.5400    4296680.0
2016-10-24  44.9000  45.4700    6608280.0
2016-10-25  45.5300  45.0600    3680443.0
2016-10-26  44.9500  44.4400    4894599.0
2016-10-27  44.6500  43.7200    5590624.0
2016-10-28  43.6400  43.3200    8982040.0
2016-10-31  43.4200  43.1700    7173977.0
2016-11-01  43.2700  42.6000   11286754.0
2016-11-02  42.6300  42.6000    7792851.0
2016-11-03  42.9600  43.3700   12822720.0
2016-11-04  41.0400  41.7000   18751864.0
2016-11-07  42.5200  41.0900   17854249.0
2016-11-08  41.0100  41.0100   15018801.0
2016-11-09  40.1900  40.1500   13194347.0
2016-11-10  40.3500  38.7000   15002507.0
2016-11-11  38.4300  39.4100   10626514.0
2016-11-14  39.2100  37.7700   14885815.0
2016-11-15  38.0000  38.5300   13211748.0
2016-11-16  38.5100  38.9700    8134064.0
2016-11-17  39.0700  39.9400   11680285.0
2016-11-18  39.9200  38.3900   18679106.0
2016-11-21  38.5800  38.4300   11460194.0
2016-11-22  38.4300  37.1700   22636221.0
2016-11-23  36.5500  37.2600   11775710.0
2016-11-25  36.5200  37.2200    3206319.0
2016-11-28  37.3700  37.3700    5779979.0
2016-11-29  37.3000  37.9500    9710752.0
2016-11-30  38.1100  36.6100   12091476.0
2016-12-01  36.6500  35.5800   12374430.0
2016-12-02  35.6600  35.7100    7256514.0
2016-12-05  36.0100  36.4800    8661522.0
2016-12-06  36.6000  36.7000    7291103.0
2016-12-07  36.7400  37.4500    7164769.0
2016-12-08  37.4500  37.3900    7015539.0
2016-12-09  37.2000  36.7900    9203144.0
2016-12-12  36.7700  37.1700    5379929.0
2016-12-13  37.3900  37.3200    9555859.0
2016-12-14  37.2300  36.7400   13216431.0
2016-12-15  36.9000  36.9900    6676578.0
2016-12-16  37.0500  36.4700    7632369.0
2016-12-19  36.3300  36.6300    4941171.0
2016-12-20  36.6700  36.8300    5730884.0
2016-12-21  36.9200  36.9000    6008724.0
2016-12-22  36.9000  36.4400    5128900.0
2016-12-23  36.4400  36.5000    2713883.0
2016-12-27  36.5500  36.5300    2552688.0
2016-12-28  36.6600  36.4300    4925979.0
2016-12-29  36.5000  36.4800    3855667.0
2016-12-30  36.5300  36.1100    5091052.0
2017-01-03  36.4400  36.6400    8360626.0
2017-01-04  36.7700  37.3600    7643033.0
2017-01-05  37.5000  37.9400    9814411.0
2017-01-06  37.9500  37.9100    8365085.0
2017-01-09  38.0900  37.7000    5432644.0
2017-01-10  37.6700  38.3800    7640974.0
2017-01-11  38.4700  39.2000    9481844.0
2017-01-12  38.9900  39.1300    7859976.0
2017-01-13  38.6800  38.9500    6372891.0
2017-01-17  38.9500  38.9500    5458424.0
2017-01-18  39.0000  39.0800    4404867.0
2017-01-19  39.0500  38.8600    4611922.0
2017-01-20  39.0100  38.9700    6106829.0
2017-01-23  38.9600  38.5300    5130851.0
2017-01-24  38.5600  39.1000    8364712.0
2017-01-25  39.3800  39.5600    5079952.0
2017-01-26  39.6800  39.4700    3206357.0
2017-01-27  39.6800  39.6100    5050523.0
2017-01-30  39.5700  39.6100    5838228.0
2017-01-31  39.6000  40.2100   10039985.0
2017-02-01  40.3200  40.4700   10384669.0
2017-02-02  40.4600  40.4700    6112513.0
2017-02-03  40.7100  40.0100    9142796.0
2017-02-06  40.0400  40.1900    8967755.0
2017-02-07  40.2200  40.0500    9390760.0
2017-02-08  40.1000  39.1900   12140740.0
2017-02-09  39.4100  39.7300   15752247.0
2017-02-10  45.0000  47.2300   51703513.0
2017-02-13  46.0400  45.7000   26382661.0
2017-02-14  45.2500  44.9800   15305660.0
2017-02-15  44.7200  45.4800   11280785.0
2017-02-16  45.3700  45.3900    8534848.0
2017-02-17  45.4000  45.3300    5442092.0
2017-02-21  45.4100  45.3400    6674982.0
2017-02-22  45.0500  45.2300    6311594.0
2017-02-23  45.3000  45.0800    5617262.0
2017-02-24  44.9400  45.5500    5992237.0
2017-02-27  45.3300  45.6900    5205717.0
2017-02-28  45.5000  45.1300    9161090.0
2017-03-01  45.4700  47.1400   15286335.0
2017-03-02  47.1300  46.6800    7556131.0
2017-03-03  46.5500  47.0700    5057702.0
2017-03-06  46.7500  47.8100    8143899.0
2017-03-07  47.7300  48.0600    8044489.0
2017-03-08  48.1200  48.5800    6803365.0
2017-03-09  48.6700  49.0200    7193022.0
2017-03-10  49.3300  49.2000    6812249.0
2017-03-13  49.3000  49.5000    7133042.0
2017-03-14  49.2100  49.0800    6286746.0
2017-03-15  49.0600  49.2200    5749186.0
2017-03-16  49.3000  49.1000    4771319.0
2017-03-17  49.3900  49.1300    7888683.0
2017-03-20  49.1600  48.9600    4627228.0
2017-03-21  49.1000  48.2200    9737811.0
2017-03-22  48.0700  48.6800    6831866.0
2017-03-23  48.6400  48.7800    5564206.0
2017-03-24  48.9700  49.1200    5562787.0
2017-03-27  48.7400  49.3000    6153016.0
2017-03-28  49.2350  49.7600   11899958.0
2017-03-29  49.9900  50.1400    6115641.0
2017-03-30  50.1200  50.1900    6779893.0
2017-03-31  50.0200  49.8600    6801699.0
2017-04-03  49.8600  49.5300    4992237.0
2017-04-04  49.3700  49.0400    5724924.0
2017-04-05  49.1900  49.2000    4606867.0
2017-04-06  49.1900  49.3600    3412127.0
2017-04-07  49.3000  49.6100    4050376.0
2017-04-10  49.5000  49.0400    4273297.0
2017-04-11  48.9000  49.0800    3558930.0
2017-04-12  48.9100  48.6400    3634926.0
2017-04-13  48.7100  48.4200    3906306.0
2017-04-17  48.5600  48.8000    5390589.0
2017-04-18  48.6200  49.1700    3751327.0
2017-04-19  49.2100  49.3500    3216774.0
2017-04-20  49.6400  49.9500    3965322.0
2017-04-21  49.9900  49.8700    3352030.0
2017-04-24  50.5000  50.8800    3797563.0
2017-04-25  51.0200  51.3600    6031554.0
2017-04-26  51.3600  51.3600    4431346.0
2017-04-27  51.5300  51.9100    4139209.0
2017-04-28  51.9000  52.2500    6281607.0
2017-05-01  52.6300  52.7000    5208087.0
2017-05-02  53.1700  53.0400    4621305.0
2017-05-03  53.1500  52.8400    4749319.0
2017-05-04  52.9700  53.1000    7601504.0
2017-05-05  54.0050  53.8300   10503007.0
2017-05-08  53.8100  53.9900    5183168.0
2017-05-09  53.9400  54.6200    4701481.0
2017-05-10  55.2600  55.9900    8171297.0
2017-05-11  55.9700  55.7500    4829799.0
2017-05-12  55.9000  56.0100    3768573.0
2017-05-15  56.0100  56.4100    6734862.0
2017-05-16  56.7100  56.7800    5299216.0
2017-05-17  56.1000  54.2500   10287276.0
2017-05-18  53.9000  55.1500    9221835.0
2017-05-19  55.3200  55.8800    6008370.0
2017-05-22  56.2000  57.1200    6927073.0
2017-05-23  59.3700  57.8000   10316227.0
2017-05-24  57.9400  58.5100    7273597.0
2017-05-25  58.9700  59.2200    7057693.0
2017-05-26  59.1600  58.2800    7009554.0
2017-05-30  58.4800  58.5800    5037151.0
2017-05-31  58.6000  58.5800    8826333.0
2017-06-01  58.8100  59.5600   10162303.0
2017-06-02  59.6500  59.6500    4888630.0
2017-06-05  59.7600  59.8000    3735129.0
2017-06-06  59.9300  59.8500    3867576.0
2017-06-07  60.0600  60.5400    6409526.0
2017-06-08  60.6500  60.5400    6455477.0
2017-06-09  60.6300  58.0300   12839268.0
2017-06-12  57.0600  56.7600   16104468.0
2017-06-13  57.4600  57.9000    7103531.0
2017-06-14  58.0300  58.4500    8127405.0
2017-06-15  57.4000  58.9100    8640534.0
2017-06-16  58.7600  58.8000    8270390.0
2017-06-19  59.1600  60.3200    5107151.0
2017-06-20  60.4900  60.1500    5620800.0
2017-06-21  60.5000  60.6800    5059095.0
2017-06-22  60.7300  61.1600    5195727.0
2017-06-23  61.0300  60.3800   10298729.0
2017-06-26  60.6800  60.2200    4304091.0
2017-06-27  60.1100  58.2900    7179001.0
2017-06-28  58.5500  58.8100    7648748.0
2017-06-29  58.4000  57.5800    8757126.0
2017-06-30  57.9300  57.5700    6306902.0
2017-07-03  57.7700  56.2600    4136341.0
2017-07-05  56.6600  57.1600    5969267.0
2017-07-06  56.5700  56.6399    5595840.0
2017-07-07  56.7500  58.0900    6120571.0
2017-07-10  58.2800  58.5100    4644753.0
2017-07-11  58.4300  57.9800    4458047.0
2017-07-12  58.5900  61.0200   10006236.0
2017-07-13  61.4000  60.5000    7182630.0
2017-07-14  60.8500  60.7500    4522094.0
2017-07-17  60.8200  60.5000    3060245.0
2017-07-18  60.6100  61.3300    4589117.0
2017-07-19  61.5700  61.3300    5358093.0
2017-07-20  61.4200  61.0800    3540433.0
2017-07-21  60.7400  60.9300    5480738.0
2017-07-24  60.9500  61.4400    3935825.0
2017-07-25  61.6100  60.9500    4680111.0
2017-07-26  61.1500  62.6400    4829386.0
2017-07-27  63.1700  61.1700    7945318.0
2017-07-28  60.7600  61.4500    4243511.0
2017-07-31  61.5500  61.8100    4911192.0
2017-08-01  62.2600  62.4000    4350007.0
2017-08-02  62.6000  61.4500    5485914.0
2017-08-03  63.0100  63.9700   11572024.0
2017-08-04  63.0200  62.0100   10409797.0
2017-08-08  62.3100  61.3300    8612543.0
2017-08-09  60.6300  61.3800    5996796.0
2017-08-10  60.8400  60.2100    6821616.0
2017-08-11  60.2600  60.7400    5481477.0
2017-08-14  61.5000  61.8900    5091548.0
2017-08-15  62.1400  61.9700    2856194.0
2017-08-16  62.1300  62.8900    4454664.0
2017-08-17  62.5700  61.3700    3251495.0
2017-08-18  61.2700  62.0100    4402145.0
2017-08-21  62.0000  61.7800    3416406.0
2017-08-22  62.0900  64.2600    7380847.0
2017-08-23  63.6800  64.0100    5273608.0
2017-08-24  64.3100  63.4300    3801020.0
2017-08-25  63.6300  62.5800    4317179.0
2017-08-28  63.0900  62.7500    3898031.0
2017-08-29  62.0400  63.4800    4372206.0
2017-08-30  63.5300  65.6800    7353791.0
2017-08-31  66.0000  65.5600    7461099.0
2017-09-01  65.6600  65.1200    5538632.0
2017-09-05  64.8400  65.0500    4821767.0
2017-09-06  65.0900  64.0000    5388790.0
2017-09-07  64.3000  65.8300    6974759.0
2017-09-08  65.5400  64.9300    5189893.0
2017-09-11  65.5400  66.1600    5293767.0
2017-09-12  66.4800  66.0900    4926225.0
2017-09-13  65.9100  65.4000    4495018.0
2017-09-14  65.0300  65.1700    4610832.0
2017-09-15  65.3200  65.0000   14774606.0
2017-09-18  65.0000  64.2000    6226270.0
2017-09-19  64.3400  64.3100    6589225.0
2017-09-20  64.8100  65.0000    6236055.0
2017-09-21  64.7800  64.1100    4448593.0
2017-09-22  63.7400  63.9000    5638985.0
2017-09-25  63.7200  62.1400    9200416.0
2017-09-26  62.5300  61.7600    5336494.0
2017-09-27  62.0000  63.0900    4899792.0
2017-09-28  63.0500  63.5400    5906305.0
2017-09-29  63.4900  64.4900    5006537.0
2017-10-02  64.4200  63.3900    5567851.0
2017-10-03  63.6100  63.4500    3761704.0
2017-10-04  63.0700  62.6300    6662786.0
2017-10-05  62.6500  63.0900    3963933.0
2017-10-06  62.7300  63.2500    3427459.0
2017-10-09  61.5000  61.1800    8723115.0
2017-10-10  61.1500  61.4500    5664133.0
2017-10-11  61.2700  61.3600    5604004.0
2017-10-12  61.4500  62.0500    4599444.0
2017-10-13  62.3800  61.0800    7081978.0
2017-10-16  61.1200  61.4800    4536670.0
2017-10-17  61.5300  61.6600    2663198.0
2017-10-18  61.7200  61.5000    3835502.0
2017-10-19  60.9500  61.9900    4982706.0
2017-10-20  62.4800  62.6300    5186464.0
2017-10-23  62.7000  61.4600    4174942.0
2017-10-24  61.9400  62.7300    5938768.0
2017-10-25  62.2800  61.8100    5224099.0
2017-10-26  62.2700  62.0600    4717884.0
2017-10-27  62.3600  64.1400    6158704.0
2017-10-30  64.3300  65.3000    6555910.0
2017-10-31  65.3400  65.4900    6852101.0
2017-11-01  65.6900  65.3300    5109759.0
2017-11-02  65.4100  65.4500    5587306.0
2017-11-03  66.8700  63.2000   18650840.0
2017-11-06  63.4100  60.8700   12925543.0
2017-11-07  61.0900  60.9600    7200634.0
2017-11-09  63.4900  63.3100    5195422.0
2017-11-10  62.8700  63.0000    4809846.0
2017-11-13  62.7200  63.6200    3019231.0
2017-11-14  63.3700  64.0300    4344145.0
2017-11-15  63.4300  62.8900    4101191.0
2017-11-16  63.1300  64.1300    4325436.0
2017-11-17  64.0000  64.1000    4116771.0
2017-11-20  63.9300  63.9300    3115714.0
2017-11-21  64.4900  64.5000    3542389.0
2017-11-22  64.9100  65.1400    5711411.0
2017-11-24  65.1800  66.0300    1644818.0
2017-11-27  66.1800  65.7400    4079998.0
2017-11-28  66.0200  65.9700    3336450.0
2017-11-29  65.6100  62.0100    8954002.0
2017-11-30  62.5500  62.4000    8598482.0
2017-12-01  61.9600  61.9600    5414035.0
2017-12-04  62.3900  58.6000   12287139.0
2017-12-05  57.6350  59.5500    7587949.0
2017-12-06  59.4800  60.7500    8237480.0
2017-12-07  60.8000  61.5700    6940997.0
2017-12-08  62.2600  62.4300    5742404.0
2017-12-11  62.1400  63.1700    3495142.0
2017-12-12  64.1100  64.4000    6413495.0
2017-12-13  64.8500  64.6000    5405265.0
2017-12-14  64.7000  65.0300    4683251.0
2017-12-15  65.4700  66.7300    9306372.0
2017-12-18  67.0800  66.0100    6179536.0
2017-12-19  66.1000  64.9000    5928911.0
2017-12-20  65.3100  64.3800    4676308.0
2017-12-21  64.5100  65.0800    3333438.0
2017-12-22  64.8600  64.5100    3297781.0
2017-12-26  64.2400  63.4500    3203245.0
2017-12-27  63.6700  63.3400    4764842.0
2017-12-28  63.3400  63.4000    3102865.0
2017-12-29  63.5900  63.3200    3188465.0
2018-01-02  63.5400  64.3100    5118509.0
2018-01-03  64.5500  65.3100    4333169.0
2018-01-04  65.7500  64.6600    3896685.0
2018-01-05  64.8800  66.3700    4969918.0
2018-01-08  66.4900  66.6300    4502299.0
2018-01-09  66.7500  66.1900    5914145.0
2018-01-10  65.9300  66.8300    4108750.0
2018-01-11  68.2900  69.2400    8089856.0
2018-01-12  69.7000  70.3600    7796426.0
2018-01-16  70.9200  68.7000    5264681.0
2018-01-17  69.9700  70.3600    6856420.0
2018-01-18  70.1100  69.8000    5487073.0
2018-01-19  70.2200  70.5700    5150621.0
2018-01-22  70.4500  71.3000    3654197.0
2018-01-23  71.3200  71.5500    4980860.0
2018-01-24  71.6600  70.0800    9066200.0
2018-01-25  70.6000  70.8200    4562462.0
2018-01-26  71.3400  72.5200    5647243.0
2018-01-29  72.5000  72.4500    7772773.0
2018-01-30  71.4350  71.6100    4711066.0
2018-01-31  72.9600  74.1300    6897612.0
2018-02-01  73.4800  73.3500    5093499.0
2018-02-02  72.6600  71.4200    5636144.0
2018-02-05  70.5400  68.4000    9021030.0
2018-02-06  66.0000  69.7000   10184870.0
2018-02-07  69.6200  69.4600    6093640.0
2018-02-08  69.6300  65.8300    9778437.0
2018-02-09  66.9900  66.7800   17754889.0
2018-02-12  67.1600  68.3200    8163088.0
2018-02-13  67.9600  68.0700    5012493.0
2018-02-14  67.2100  69.6500    7074660.0
2018-02-15  70.0000  71.9900    6150809.0
2018-02-16  71.9600  70.1900    6382932.0
2018-02-20  69.9700  70.8400    5240786.0
2018-02-21  70.9000  70.2200    5533239.0
2018-02-22  70.0600  69.4900    5093076.0
2018-02-23  69.9500  72.0700    5633355.0
2018-02-26  72.6800  73.1600    4835168.0
2018-02-27  73.0500  72.6100    4013404.0
2018-02-28  73.1500  73.1300    7396064.0
2018-03-01  73.1600  72.0100    8123915.0
2018-03-02  71.2200  74.0100    6942413.0
2018-03-05  73.6600  75.1000    6276549.0
2018-03-06  75.4000  73.9200    8413256.0
2018-03-07  73.3800  74.0700    5834774.0
2018-03-08  74.5100  76.8100    8576294.0
2018-03-09  76.8550  78.2200    8834722.0
2018-03-12  79.2400  76.8600    8343328.0
2018-03-13  77.4900  75.9300    5010331.0
2018-03-14  76.3500  74.2200   11744094.0
2018-03-15  72.9900  73.3800    9924358.0
2018-03-16  73.8700  71.6800   10308708.0
2018-03-19  71.0000  71.0500    7787476.0
2018-03-20  71.3400  71.3700    3849084.0
2018-03-21  71.2000  71.6100    4714769.0
2018-03-22  70.6300  69.7600    5057479.0
2018-03-23  69.8600  68.0400    5237847.0
2018-03-26  69.4300  70.0800    4664390.0
2018-03-27  70.6700  66.2900    7134493.0