date      open   close      volume
                                       
2013-01-02   76.5500   77.07   5036400.0
2013-01-03   76.9900   77.47   3987000.0
2013-01-04   77.7900   77.69   3431700.0
2013-01-07   77.5400   76.13   7172600.0
2013-01-08   75.2400   74.13  20268100.0
2013-01-09   74.9200   76.76  10915800.0
2013-01-10   76.9300   77.09   5026600.0
2013-01-11   75.7100   75.16   9808500.0
2013-01-14   75.2300   76.55   6221100.0
2013-01-15   76.2100   76.94   3900600.0
2013-01-16   73.8500   74.34  18212000.0
2013-01-17   72.7800   75.26  21849200.0
2013-01-18   75.1600   75.04  10829000.0
2013-01-22   74.1200   74.16   9161900.0
2013-01-23   73.9900   74.29   7784900.0
2013-01-24   74.4100   75.32   7292200.0
2013-01-25   75.2900   75.03   6163200.0
2013-01-28   73.9000   74.00   7759000.0
2013-01-29   74.2400   73.65   9296800.0
2013-01-30   74.4200   74.59  10048600.0
2013-01-31   74.5000   73.87   7639000.0
2013-02-01   74.4900   74.87   6749300.0
2013-02-04   74.2900   75.21   5799800.0
2013-02-05   75.6900   75.89   6831200.0
2013-02-06   75.4700   76.29   4716600.0
2013-02-07   76.3200   77.43   7773000.0
2013-02-08   77.2400   76.56   5100400.0
2013-02-11   76.4200   75.87   3677100.0
2013-02-12   76.0600   75.99   3597400.0
2013-02-13   75.6700   74.78   4313500.0
2013-02-14   74.6900   74.93   3830400.0
2013-02-15   75.2600   75.03   3650700.0
2013-02-19   74.9900   74.65   3882500.0
2013-02-20   75.6400   74.78   7551300.0
2013-02-21   74.9600   76.01   7438600.0
2013-02-22   76.7000   76.66   5391200.0
2013-02-25   76.8300   75.03   4936300.0
2013-02-26   75.4300   75.65   3436700.0
2013-02-27   75.5300   77.36   7160000.0
2013-02-28   77.2400   76.90   5593400.0
2013-03-01   76.7000   77.28   6024200.0
2013-03-04   76.9500   77.09   4748600.0
2013-03-05   77.4500   78.66   5693200.0
2013-03-06   78.6700   79.08   3826100.0
2013-03-07   79.3700   81.05  10029900.0
2013-03-08   81.1600   81.23   5231700.0
2013-03-11   81.0100   82.94   5087300.0
2013-03-12   83.1000   84.16   6600800.0
2013-03-13   84.3800   84.75   7750900.0
2013-03-14   84.6200   84.62   5027800.0
2013-03-15   84.7500   86.43   8205400.0
2013-03-18   85.0700   85.18   4803900.0
2013-03-19   85.5300   85.51   5381200.0
2013-03-20   85.8500   85.37   3783500.0
2013-03-21   85.2000   84.33   3672400.0
2013-03-22   84.5200   84.82   2841600.0
2013-03-25   85.0300   84.85   3528400.0
2013-03-26   85.4300   86.62   5083400.0
2013-03-27   85.7500   86.20   3185700.0
2013-03-28   86.4100   85.85   4884300.0
2013-04-01   85.6000   85.25   2867200.0
2013-04-02   85.3900   84.09   4764900.0
2013-04-03   84.3000   84.36   3885000.0
2013-04-04   84.7900   84.95   3352500.0
2013-04-05   84.0700   86.17   6109500.0
2013-04-08   86.0400   86.75   5003600.0
2013-04-09   87.1200   87.21   6058400.0
2013-04-10   87.3400   87.82   4635200.0
2013-04-11   87.9600   88.53   5394200.0
2013-04-12   88.2900   88.89   2588300.0
2013-04-15   88.4400   86.77   4324000.0
2013-04-16   87.4500   86.89   5233900.0
2013-04-17   86.4700   86.69   3781100.0
2013-04-18   87.0600   86.12   2792800.0
2013-04-19   87.5700   87.96   6322200.0
2013-04-22   88.0800   86.94   4248700.0
2013-04-23   87.3500   88.18   3130700.0
2013-04-24   91.9500   90.83   9231700.0
2013-04-25   91.3500   91.67   5766100.0
2013-04-26   91.8900   92.85   5910600.0
2013-04-29   91.4000   91.90   6265900.0
2013-04-30   91.3500   91.41   4714300.0
2013-05-01   91.0800   91.18   4567300.0
2013-05-02   91.2400   92.21   4514800.0
2013-05-03   92.8500   93.74   4700100.0
2013-05-06   93.4400   94.19   5504800.0
2013-05-07   94.3100   94.79   3858400.0
2013-05-08   94.3100   94.04   3204300.0
2013-05-09   94.0700   94.61   3677500.0
2013-05-10   94.7500   94.24   3918600.0
2013-05-13   94.1200   94.76   3492000.0
2013-05-14   94.9200   96.11   4646500.0
2013-05-15   95.6900   97.02   4875100.0
2013-05-16   96.8900   96.58   5036700.0
2013-05-17   97.0200   98.92   7408900.0
2013-05-20   99.1200   98.72   6535200.0
2013-05-21   98.5900   98.75   4415400.0
2013-05-22   98.8600   97.93   8399700.0
2013-05-23   97.1800   99.75   6975700.0
2013-05-24   99.7500  100.00   6746300.0
2013-05-28  100.8500  100.11   5736000.0
2013-05-29   99.5600   99.09   4405800.0
2013-05-30   99.2900  100.54   4784400.0
2013-05-31  100.2100   99.02   4218700.0
2013-06-03   99.3600  100.74   6472900.0
2013-06-04  100.4800   99.61   3769800.0
2013-06-05   99.3400   98.49   5151000.0
2013-06-06   98.6500   99.76   4131700.0
2013-06-07  100.2500  102.49   5732900.0
2013-06-10  102.5100  102.24   4047500.0
2013-06-11  101.6100  101.75   3144100.0
2013-06-12  102.1900  100.88   2936500.0
2013-06-13  100.9600  102.16   4076500.0
2013-06-14  102.1600  101.83   3944400.0
2013-06-17  102.6900  103.03   4217400.0
2013-06-18  103.2200  104.08   4035700.0
2013-06-19  103.8300  102.25   4186900.0
2013-06-20  101.4600   99.64   7114800.0
2013-06-21  100.0800   99.98  10328800.0
2013-06-24   99.0600   97.85   5585200.0
2013-06-25   99.2000   98.67   3557900.0
2013-06-26   99.6500  100.75   5267300.0
2013-06-27  102.4100  103.15   6577700.0
2013-06-28  102.8600  102.44   5432500.0
2013-07-01  102.9300  103.24   4091200.0
2013-07-02  103.2200  101.47   4147000.0
2013-07-03  101.0100  102.89   2891700.0
2013-07-05  103.7000  104.20   3671700.0
2013-07-08  104.0000  104.37   4222700.0
2013-07-09  105.2700  104.68   3991800.0
2013-07-10  104.5000  105.50   3872700.0
2013-07-11  106.4300  106.88   4529800.0
2013-07-12  106.8600  101.87  44391800.0
2013-07-15  103.8300  105.66  13169900.0
2013-07-16  105.6900  104.23   5839100.0
2013-07-17  104.4500  104.79   3931800.0
2013-07-18  104.9600  107.63   8046400.0
2013-07-19  107.1300  106.96   5992000.0
2013-07-22  107.2700  106.86   4168800.0
2013-07-23  107.1800  107.79   5081600.0
2013-07-24  109.2400  106.95   7723500.0
2013-07-25  106.3600  106.70   5267100.0
2013-07-26  106.2200  105.60   4216100.0
2013-07-29  103.5200  104.81   4041800.0
2013-07-30  104.9400  105.73   5022700.0
2013-07-31  105.9200  105.10   4487800.0
2013-08-01  105.9900  106.70   4910800.0
2013-08-02  106.0000  107.90   4226200.0
2013-08-05  107.1400  107.50   3559200.0
2013-08-06  107.3500  107.04   5199900.0
2013-08-07  106.2100  106.42   3158600.0
2013-08-08  106.6800  105.84   3741400.0
2013-08-09  105.3700  105.33   3326500.0
2013-08-12  104.8600  104.24   3830800.0
2013-08-13  104.3100  106.23   3578300.0
2013-08-14  106.1600  104.16   4481100.0
2013-08-15  103.1900  102.73   4359400.0
2013-08-16  102.8200  103.47   3469100.0
2013-08-19  103.0000  104.72   3512200.0
2013-08-20  104.6900  104.63   3448900.0
2013-08-21  104.4700  103.91   3645600.0
2013-08-22  103.8800  105.14   2857800.0
2013-08-23  105.5000  105.48   3016100.0
2013-08-26  105.7500  105.53   2480400.0
2013-08-27  104.4000  103.21   4376900.0
2013-08-28  103.1000  103.27   2816300.0
2013-08-29  103.2800  104.93   3095400.0
2013-08-30  104.9200  103.92   2723800.0
2013-09-03  105.1300  105.01   3659800.0
2013-09-04  105.0500  106.37   3837500.0
2013-09-05  106.1600  106.65   2590500.0
2013-09-06  107.0000  106.07   3265200.0
2013-09-09  106.5800  107.19   2907600.0
2013-09-10  107.6350  108.17   3848000.0
2013-09-11  108.2500  109.23   3313700.0
2013-09-12  109.1900  109.80   4766800.0
2013-09-13  109.9300  111.33   3503400.0
2013-09-16  113.7300  115.67   7711200.0
2013-09-17  115.7800  117.11   5308300.0
2013-09-18  117.2800  118.40   6330600.0
2013-09-19  119.2200  119.04   5766700.0
2013-09-20  119.1500  116.63   8745400.0
2013-09-23  117.1500  117.51   5450200.0
2013-09-24  117.1900  119.00   5020000.0
2013-09-25  119.3200  118.51   3566600.0
2013-09-26  118.7100  119.38   2820400.0
2013-09-27  118.5100  118.74   2848900.0
2013-09-30  117.3500  117.50   4032900.0
2013-10-01  117.9700  117.75   2880700.0
2013-10-02  117.3800  117.84   2871900.0
2013-10-03  117.3500  115.24   4455100.0
2013-10-04  115.2700  117.20   3998000.0
2013-10-07  115.5100  116.69   3822000.0
2013-10-08  116.6700  115.44   4574000.0
2013-10-09  115.4000  114.47   4722200.0
2013-10-10  116.1000  118.90   5635400.0
2013-10-11  118.6000  117.98   4505500.0
2013-10-14  117.4200  119.46   3617800.0
2013-10-15  119.4200  118.18   2749700.0
2013-10-16  118.7800  120.34   4036900.0
2013-10-17  119.8100  122.29   4114200.0
2013-10-18  122.5000  122.52   3924200.0
2013-10-21  122.6900  121.47   3207900.0
2013-10-22  122.0000  122.48   4431200.0
2013-10-23  126.0000  129.02  10766300.0
2013-10-24  129.0100  128.98   4976200.0
2013-10-25  129.2500  131.19   5467600.0
2013-10-28  128.7500  129.88   4655800.0
2013-10-29  129.3500  129.66   3608700.0
2013-10-30  129.5600  129.68   4122100.0
2013-10-31  129.8400  130.50   4931800.0
2013-11-01  130.9000  133.03   4582400.0
2013-11-04  133.7500  132.79   3915800.0
2013-11-05  132.0300  133.57   4069200.0
2013-11-06  134.0200  133.09   3747700.0
2013-11-07  133.4400  131.51   3826800.0
2013-11-08  131.2800  133.49   4790900.0
2013-11-11  133.1400  132.53   2962200.0
2013-11-12  132.4000  132.33   2851000.0
2013-11-13  131.9200  133.17   3577100.0
2013-11-14  133.7000  135.09   3279600.0
2013-11-15  135.3600  136.08   4495100.0
2013-11-18  140.2500  138.36   8158800.0
2013-11-19  138.5000  136.98   3954000.0
2013-11-20  135.8000  132.45   8634900.0
2013-11-21  132.4500  132.93   4700600.0
2013-11-22  133.4900  135.97   4290200.0
2013-11-25  134.0100  133.00   7181700.0
2013-11-26  133.0000  134.78   4200800.0
2013-11-27  135.0500  134.72   3350900.0
2013-11-29  134.8200  134.25   1680900.0
2013-12-02  134.9900  134.16   3378100.0
2013-12-03  133.9300  132.00   5171900.0
2013-12-04  131.7300  131.50   5137100.0
2013-12-05  131.2600  132.73   3665100.0
2013-12-06  134.5800  135.18   5341800.0
2013-12-09  135.4900  134.68   3799000.0
2013-12-10  133.6500  133.70   4061300.0
2013-12-11  133.7000  132.56   3358300.0
2013-12-12  132.1100  132.96   3617700.0
2013-12-13  133.4500  133.83   3139400.0
2013-12-16  134.2700  134.72   3979500.0
2013-12-17  137.9200  135.88   6753000.0
2013-12-18  135.8600  135.49   5632400.0
2013-12-19  135.0000  135.17   3177100.0
2013-12-20  135.4900  136.67   5454600.0
2013-12-23  137.6900  136.40   2945100.0
2013-12-24  136.4000  136.83   1203200.0
2013-12-26  137.1800  138.27   2161300.0
2013-12-27  138.6900  136.90   2204600.0
2013-12-30  137.1600  135.92   2403500.0
2013-12-31  136.1600  136.49   2096000.0
2014-01-02  136.0100  136.67   3366700.0
2014-01-03  137.0600  137.62   3177400.0
2014-01-06  139.4000  138.41   4196500.0
2014-01-07  138.5800  140.51   4238500.0
2014-01-08  140.6900  140.82   4236100.0
2014-01-09  141.5100  142.13   4052500.0
2014-01-10  142.7900  141.90   4549500.0
2014-01-13  141.5500  140.70   4462400.0
2014-01-14  140.8500  140.01   8441600.0
2014-01-15  140.3000  140.62   3030800.0
2014-01-16  140.3300  140.21   3062900.0
2014-01-17  140.0800  140.46   3382700.0
2014-01-21  141.4600  141.67   3240600.0
2014-01-22  142.3100  144.37   4388700.0
2014-01-23  143.1000  141.31   4491400.0
2014-01-24  140.4000  136.65   5856800.0
2014-01-27  136.7000  137.36   5057800.0
2014-01-28  137.6100  137.09   4606200.0
2014-01-29  131.7000  129.78  15993400.0
2014-01-30  131.7000  126.53  10406200.0
2014-01-31  124.4600  125.26   9732700.0
2014-02-03  124.2400  123.08   9309600.0
2014-02-04  123.0700  122.04   9304100.0
2014-02-05  121.0000  121.40   9689100.0
2014-02-06  121.7900  122.67   6738800.0
2014-02-07  123.7500  127.02   8906300.0
2014-02-10  128.9600  127.16   8173500.0
2014-02-11  127.6500  130.16   7874000.0
2014-02-12  130.2900  128.13   5798800.0
2014-02-13  127.0600  129.50   4203400.0
2014-02-14  129.0900  130.16   4807700.0
2014-02-18  130.1300  130.63   4645300.0
2014-02-19  130.1100  128.39   5146600.0
2014-02-20  128.4800  129.56   4466400.0
2014-02-21  129.8000  128.28   5164000.0
2014-02-24  128.3800  129.59   4635700.0
2014-02-25  129.3000  126.78   7308800.0
2014-02-26  127.2400  126.61   4803600.0
2014-02-27  126.4700  128.56   4649700.0
2014-02-28  128.7500  128.92   4361400.0
2014-03-03  127.1800  128.22   4847100.0
2014-03-04  129.3800  130.23   5422800.0
2014-03-05  130.4000  128.79   4095200.0
2014-03-06  129.0100  128.86   3595900.0
2014-03-07  129.7500  128.54   4297800.0
2014-03-10  126.5100  126.89   7039200.0
2014-03-11  127.0300  125.67   4190000.0
2014-03-12  125.0000  124.43   5040100.0
2014-03-13  124.6500  121.89   6071200.0
2014-03-14  122.1200  123.11   5698400.0
2014-03-17  123.9700  125.42   4380500.0
2014-03-18  125.5900  124.04   4151600.0
2014-03-19  124.3200  122.24   6673000.0
2014-03-20  122.5900  123.73   4601700.0
2014-03-21  124.0600  122.58   7973600.0
2014-03-24  123.5300  123.42   4472500.0
2014-03-25  124.4600  124.02   3225100.0
2014-03-26  124.6100  123.53   3091200.0
2014-03-27  123.0100  123.21   3106000.0
2014-03-28  123.7800  124.46   2863500.0
2014-03-31  125.3600  125.49   2962000.0
2014-04-01  126.2400  128.21   3952800.0
2014-04-02  128.6300  128.31   2935200.0
2014-04-03  129.1700  128.78   3303500.0
2014-04-04  129.3300  127.38   4156600.0
2014-04-07  127.1900  125.59   3753600.0
2014-04-08  125.2800  124.15   4122200.0
2014-04-09  124.9900  126.88   3689900.0
2014-04-10  126.8200  123.64   3956900.0
2014-04-11  123.0500  122.07   3854600.0
2014-04-14  123.0800  123.25   3086300.0
2014-04-15  123.3500  124.27   2746900.0
2014-04-16  125.0000  126.04   2826100.0
2014-04-17  126.4400  127.92   3449400.0
2014-04-21  128.0500  127.82   2368500.0
2014-04-22  128.2500  127.55   5015600.0
2014-04-23  130.6700  130.63   7121600.0
2014-04-24  130.4100  129.86   4177000.0
2014-04-25  129.8400  128.66   2978500.0
2014-04-28  128.2000  127.04   4354600.0
2014-04-29  127.2000  128.37   3344100.0
2014-04-30  128.0500  129.02   2773000.0
2014-05-01  128.7400  128.46   2804100.0
2014-05-02  128.7000  129.94   3762900.0
2014-05-05  129.0000  131.96   4026500.0
2014-05-06  131.7500  130.83   4032000.0
2014-05-07  130.7700  130.35   2900600.0
2014-05-08  130.1700  130.57   2988700.0
2014-05-09  130.2600  131.10   2543800.0
2014-05-12  131.8200  132.60   3288500.0
2014-05-13  133.0100  133.45   3132200.0
2014-05-14  133.8000  132.99   2883900.0
2014-05-15  132.7000  131.21   3596800.0
2014-05-16  131.3100  130.81   2963300.0
2014-05-19  130.4200  131.35   2103100.0
2014-05-20  130.9400  129.58   2995800.0
2014-05-21  130.4300  130.96   2476100.0
2014-05-22  131.6600  131.84   2370700.0
2014-05-23  132.0000  132.41   1956200.0
2014-05-27  133.0900  134.17   3085500.0
2014-05-28  134.1700  134.33   2609400.0
2014-05-29  134.7100  135.14   2234100.0
2014-05-30  134.6700  135.25   2760300.0
2014-06-02  135.5000  135.90   2629900.0
2014-06-03  135.8000  135.88   2468800.0
2014-06-04  135.5400  135.33   2601900.0
2014-06-05  135.6500  136.82   3489900.0
2014-06-06  137.3900  138.25   2710900.0
2014-06-09  138.2500  137.96   2585000.0
2014-06-10  137.5900  137.25   2370200.0
2014-06-11  135.2500  134.10   5558000.0
2014-06-12  133.8600  132.19   3826100.0
2014-06-13  132.5300  132.29   2376600.0
2014-06-16  132.2000  132.54   2163800.0
2014-06-17  132.1000  132.45   2223200.0
2014-06-18  132.6100  132.48   2859000.0
2014-06-19  132.4800  132.82   2794900.0
2014-06-20  133.4800  132.10   8083500.0
2014-06-23  132.3200  130.85   4433000.0
2014-06-24  130.5000  129.15   4319800.0
2014-06-25  129.0400  127.06   7929700.0
2014-06-26  127.4100  128.02   3929100.0
2014-06-27  128.0700  128.54   3687900.0
2014-06-30  127.9100  127.23   5712900.0
2014-07-01  127.6600  128.15   3772500.0
2014-07-02  128.1500  127.62   2859000.0
2014-07-03  127.9900  128.51   1997500.0
2014-07-07  128.1000  129.09   3157000.0
2014-07-08  128.8900  126.79   5724300.0
2014-07-09  128.3100  126.79   8023900.0
2014-07-10  125.5400  126.79   3936900.0
2014-07-11  127.1800  128.09   3193100.0
2014-07-14  128.9100  129.52   5267500.0
2014-07-15  130.3100  129.10   4916100.0
2014-07-16  129.5600  127.42   5260800.0
2014-07-17  127.2100  125.88   5292900.0
2014-07-18  126.3800  127.64   3103300.0
2014-07-21  127.3000  128.30   2738700.0
2014-07-22  128.9900  129.74   5102200.0
2014-07-23  127.7900  126.71  12326300.0
2014-07-24  125.9200  124.40  10307200.0
2014-07-25  124.4800  123.20   6121400.0
2014-07-28  123.4400  123.06   4982400.0
2014-07-29  123.3100  122.32   4101900.0
2014-07-30  123.2000  122.29   4042900.0
2014-07-31  121.4700  120.48   5588800.0
2014-08-01  120.4500  120.38   5852700.0
2014-08-04  120.8000  119.93   4671100.0
2014-08-05  119.6700  121.27   6097900.0
2014-08-06  119.3200  118.34   6239700.0
2014-08-07  119.0000  119.84   4641800.0
2014-08-08  119.8000  120.63   4348900.0
2014-08-11  121.1500  120.80   2807900.0
2014-08-12  120.5100  120.47   2303500.0
2014-08-13  120.6700  121.98   2645800.0
2014-08-14  122.2000  124.11   4825100.0
2014-08-15  124.5000  123.16   4570000.0
2014-08-18  123.5800  124.98   4196900.0
2014-08-19  125.2200  125.58   2988300.0
2014-08-20  125.8900  127.35   4331300.0
2014-08-21  127.5400  127.50   2522300.0
2014-08-22  127.3300  127.46   2394700.0
2014-08-25  128.0800  128.33   2307100.0
2014-08-26  128.6900  128.60   2329000.0
2014-08-27  128.7700  128.20   3075200.0
2014-08-28  127.3400  127.11   3070300.0
2014-08-29  127.3500  126.80   3032700.0
2014-09-02  125.6200  125.48   4576000.0
2014-09-03  125.4600  125.94   3966500.0
2014-09-04  126.3800  125.46   2975300.0
2014-09-05  125.4300  124.69   4913800.0
2014-09-08  125.9000  127.98   6061500.0
2014-09-09  127.8100  128.21   4828600.0
2014-09-10  128.4700  128.22   3068200.0
2014-09-11  127.8200  127.64   1988200.0
2014-09-12  127.4900  126.95   3107300.0
2014-09-15  126.9200  126.31   3261700.0
2014-09-16  126.2000  127.32   3377500.0
2014-09-17  128.2500  127.76   3135300.0
2014-09-18  128.0000  128.58   2721800.0
2014-09-19  129.2700  129.35   5625600.0
2014-09-22  129.3700  128.61   2863319.0
2014-09-23  128.2800  127.38   2944095.0
2014-09-24  127.4600  128.58   2866190.0
2014-09-25  128.3100  127.14   2869022.0
2014-09-26  127.1900  128.69   2524326.0
2014-09-29  127.2100  128.77   3490832.0
2014-09-30  128.5700  127.38   4007558.0
2014-10-01  127.3700  124.67   5271619.0
2014-10-02  124.4000  124.17   3207500.0
2014-10-03  124.6600  126.36   3081354.0
2014-10-06  127.0900  126.26   2680998.0
2014-10-07  125.5200  123.32   3564807.0
2014-10-08  123.4700  124.98   3613522.0
2014-10-09  124.7200  122.76   4874799.0
2014-10-10  122.8700  121.50   4220221.0
2014-10-13  122.0500  120.45   3883441.0
2014-10-14  121.8400  122.29   3768207.0
2014-10-15  121.0600  120.19   7819029.0
2014-10-16  118.9100  120.29   4492588.0
2014-10-17  122.2900  123.24   4872389.0
2014-10-20  123.3900  124.31   3552612.0
2014-10-21  125.2100  127.12   5207994.0
2014-10-22  127.9900  121.45  13837502.0
2014-10-23  121.2700  122.03   7806245.0
2014-10-24  122.2000  122.24   4016065.0
2014-10-27  122.1300  122.12   2943899.0
2014-10-28  122.5000  123.61   4163622.0
2014-10-29  124.4800  123.08   3246309.0
2014-10-30  122.5200  123.82   2569565.0
2014-10-31  125.0300  124.91   4668628.0
2014-11-03  125.3500  126.03   3889634.0
2014-11-04  125.9400  125.84   3684553.0
2014-11-05  126.0100  124.22   3334000.0
2014-11-06  124.4800  124.58   2341800.0
2014-11-07  124.9300  124.45   2366682.0
2014-11-10  124.8700  124.64   2622428.0
2014-11-11  124.5800  125.36   3056237.0
2014-11-12  124.5100  125.87   3075041.0
2014-11-13  125.7400  128.53   5813870.0
2014-11-14  128.5300  128.86   6235198.0
2014-11-17  128.7000  128.42   3752879.0
2014-11-18  128.5500  130.66   5701297.0
2014-11-19  130.5900  131.61   5036825.0
2014-11-20  130.9400  131.70   4052829.0
2014-11-21  132.7200  132.78   4226695.0
2014-11-24  133.4500  134.61   4161188.0
2014-11-25  134.7400  134.81   4301649.0
2014-11-26  134.9500  134.78   2660270.0
2014-11-28  135.5100  134.36   2089964.0
2014-12-01  134.3100  132.39   3473742.0
2014-12-02  132.5000  132.28   2904938.0
2014-12-03  132.6500  131.97   4627532.0
2014-12-04  131.9700  131.32   2805880.0
2014-12-05  131.7200  132.21   2580216.0
2014-12-08  132.0200  130.28   2862356.0
2014-12-09  128.5600  129.66   3084587.0
2014-12-10  128.8100  124.64   6649381.0
2014-12-11  125.2200  123.37   6701764.0
2014-12-12  122.2400  120.77   6660793.0
2014-12-15  121.4000  122.08   6238775.0
2014-12-16  125.0400  124.25   7919532.0
2014-12-17  124.2800  125.06   6726507.0
2014-12-18  127.1300  125.67   6485426.0
2014-12-19  125.6300  126.23   7680805.0
2014-12-22  126.7300  128.22   3188613.0
2014-12-23  129.0400  130.03   4028090.0
2014-12-24  130.3000  131.24   2125345.0
2014-12-26  131.2900  131.63   2242857.0
2014-12-29  131.7200  132.29   2718379.0
2014-12-30  132.0000  131.83   2447665.0
2014-12-31  132.2500  129.98   2712384.0
2015-01-02  131.0700  129.95   4293748.0
2015-01-05  129.6600  129.05   5024782.0
2015-01-06  129.0500  127.53   4992189.0
2015-01-07  128.7400  129.51   3573197.0
2015-01-08  130.6000  131.80   4498923.0
2015-01-09  131.5900  131.54   3038677.0
2015-01-12  132.2400  130.87   3552603.0
2015-01-13  132.0000  131.17   3473913.0
2015-01-14  129.0300  130.38   3554838.0
2015-01-15  130.2500  130.14   3901990.0
2015-01-16  129.7500  130.78   4425638.0
2015-01-20  131.4500  131.22   3143386.0
2015-01-21  130.8700  132.41   2898621.0
2015-01-22  133.3800  135.64   4971173.0
2015-01-23  135.5700  134.62   3827446.0
2015-01-26  135.0000  134.07   3900544.0
2015-01-27  132.4000  132.48   5243868.0
2015-01-28  136.3000  139.64  14353352.0
2015-01-29  139.6900  147.78  15159340.0
2015-01-30  146.2200  145.37  11271047.0
2015-02-02  143.7200  146.26   6790894.0
2015-02-03  146.3700  147.34   5978190.0
2015-02-04  145.9700  147.22   4765618.0
2015-02-05  147.2600  148.60   4252565.0
2015-02-06  148.6200  148.00   4398747.0
2015-02-09  146.1600  147.58   4203129.0
2015-02-10  148.2000  148.04   4034851.0
2015-02-11  147.5100  147.92   3271169.0
2015-02-12  148.2600  148.09   2998941.0
2015-02-13  147.9800  149.73   3418587.0
2015-02-17  148.7200  149.92   3622299.0
2015-02-18  149.7000  151.17   3722107.0
2015-02-19  151.0500  153.75   4383714.0
2015-02-20  153.8000  158.31   9362988.0
2015-02-23  155.0000  154.74   8625770.0
2015-02-24  153.5000  154.38   4391701.0
2015-02-25  154.3050  153.01   4800528.0
2015-02-26  152.3100  151.73   5149021.0
2015-02-27  151.0000  150.85   4330527.0
2015-03-02  150.7500  153.80   4622753.0
2015-03-03  154.7100  155.57   8655718.0
2015-03-04  154.6200  154.35   4476113.0
2015-03-05  154.8600  154.47   3327492.0
2015-03-06  153.9200  153.12   3556216.0
2015-03-09  153.3000  154.75   3432956.0
2015-03-10  153.3000  152.42   3839572.0
2015-03-11  152.5100  151.17   3392735.0
2015-03-12  151.2800  152.04   2965067.0
2015-03-13  151.8900  151.57   3569516.0
2015-03-16  152.3900  153.67   2742676.0
2015-03-17  152.8800  154.51   2925179.0
2015-03-18  154.0400  155.73   4053599.0
2015-03-19  154.9100  154.11   2538976.0
2015-03-20  155.0400  154.50   4464270.0
2015-03-23  154.9800  152.81   3029523.0
2015-03-24  151.9600  151.65   3319174.0
2015-03-25  151.4000  148.23   3747634.0
2015-03-26  147.8300  148.17   3626966.0
2015-03-27  148.5900  148.85   2599952.0
2015-03-30  150.0800  152.70   3737257.0
2015-03-31  152.2300  150.08   2975297.0
2015-04-01  149.9700  148.64   4167631.0
2015-04-02  149.1400  149.28   2934194.0
2015-04-06  148.1500  150.93   3371457.0
2015-04-07  151.2700  152.32   4299482.0
2015-04-08  152.1900  153.36   2763398.0
2015-04-09  152.6200  153.42   3966515.0
2015-04-10  153.5500  154.38   3182905.0
2015-04-13  153.7900  153.24   3034047.0
2015-04-14  152.9300  153.21   2845971.0
2015-04-15  154.3700  152.43   3687428.0
2015-04-16  151.6600  151.97   2559883.0
2015-04-17  150.8800  149.60   4664133.0
2015-04-20  151.0600  152.67   3169131.0
2015-04-21  153.5100  153.33   3772879.0
2015-04-22  152.3600  151.19   8468924.0
2015-04-23  150.8300  149.87   4079766.0
2015-04-24  149.5400  148.40   4889228.0
2015-04-27  148.5900  147.80   4599952.0
2015-04-28  147.9000  147.51   4352892.0
2015-04-29  147.0700  146.15   4761676.0
2015-04-30  145.2500  143.34   4925132.0
2015-05-01  144.4100  144.67   3556817.0
2015-05-04  143.8500  144.02   8977485.0
2015-05-05  143.7600  142.91   3669996.0
2015-05-06  143.0100  141.04   5313279.0
2015-05-07  140.5600  141.49   4868622.0
2015-05-08  143.0000  145.46   7067828.0
2015-05-11  145.5500  145.89   3969023.0
2015-05-12  144.9400  145.43   3543150.0
2015-05-13  145.4100  145.62   2680190.0
2015-05-14  146.8800  147.96   3495382.0
2015-05-15  148.0500  146.88   3368655.0
2015-05-18  146.8800  146.71   2153183.0
2015-05-19  147.1800  147.05   2366375.0
2015-05-20  147.1400  146.42   2103999.0
2015-05-21  146.5600  147.35   2676417.0
2015-05-22  147.2600  144.81   3877994.0
2015-05-26  144.3400  142.80   3470284.0
2015-05-27  143.4200  143.00   2836746.0
2015-05-28  142.5100  142.33   3103154.0
2015-05-29  142.2600  140.52   6199095.0
2015-06-01  141.4500  141.25   3897020.0
2015-06-02  141.4400  143.25   4986500.0
2015-06-03  143.7800  143.81   3755788.0
2015-06-04  143.2200  141.19   3239507.0
2015-06-05  141.0400  140.73   3215636.0
2015-06-08  140.2400  140.64   2756645.0
2015-06-09  140.5000  140.10   2647571.0
2015-06-10  140.6800  141.62   2784396.0
2015-06-11  142.0100  142.96   2924468.0
2015-06-12  142.6200  142.80   2395238.0
2015-06-15  142.0400  142.29   2631428.0
2015-06-16  141.4200  142.34   2450557.0
2015-06-17  142.8700  143.43   2775397.0
2015-06-18  143.9100  145.38   3728900.0
2015-06-19  145.1900  145.13   4833868.0
2015-06-22  146.0700  145.70   2084081.0
2015-06-23  146.3300  144.43   2864424.0
2015-06-24  143.7600  143.00   3989088.0
2015-06-25  143.2700  142.45   2150968.0
2015-06-26  143.0300  142.48   3151846.0
2015-06-29  140.9600  138.73   3754214.0
2015-06-30  140.0600  138.72   3434761.0
2015-07-01  140.4800  140.73   3260868.0
2015-07-02  141.2900  140.21   2116516.0
2015-07-06  139.0200  140.52   2093393.0
2015-07-07  140.8000  143.15   3692104.0
2015-07-08  142.5000  141.92   3386472.0
2015-07-09  143.8900  142.80   2486829.0
2015-07-10  144.1400  144.48   2191962.0
2015-07-13  145.9600  146.62   2194245.0
2015-07-14  146.7600  147.75   3388090.0
2015-07-15  147.7500  146.89   2653911.0
2015-07-16  147.7900  148.49   2509591.0
2015-07-17  147.2500  146.84   3127019.0
2015-07-20  147.1100  146.72   3016207.0
2015-07-21  146.5900  145.00   4450681.0
2015-07-22  148.9000  146.47   6236325.0
2015-07-23  147.0000  146.11   4116025.0
2015-07-24  145.8100  144.06   2454926.0
2015-07-27  143.2200  141.03   3532068.0
2015-07-28  141.6100  141.81   4137551.0
2015-07-29  142.4800  144.14   3260403.0
2015-07-30  143.3500  143.01   2643985.0
2015-07-31  143.7600  144.17   3163496.0
2015-08-03  144.4400  143.69   3087956.0
2015-08-04  143.5500  143.54   1972989.0
2015-08-05  143.9000  144.95   2914052.0
2015-08-06  144.7000  143.82   2453479.0
2015-08-07  143.2200  142.42   2953194.0
2015-08-10  143.7900  145.86   3431860.0
2015-08-11  144.1400  144.05   2816679.0
2015-08-12  142.5500  142.43   4405521.0
2015-08-13  142.0300  144.81   5124690.0
2015-08-14  144.6100  145.09   2927085.0
2015-08-17  144.6000  144.44   3745958.0
2015-08-18  144.3900  144.60   1955346.0
2015-08-19  143.4200  142.72   2967301.0
2015-08-20  141.6200  137.02   6601375.0
2015-08-21  134.8800  131.71   7933042.0
2015-08-24  123.6400  127.19   9425508.0
2015-08-25  130.0000  125.49   7158176.0
2015-08-26  129.3400  129.34   6419148.0
2015-08-27  131.3600  131.87   5753259.0
2015-08-28  131.5600  133.24   4508349.0
2015-08-31  132.2500  130.68   4231483.0
2015-09-01  127.9900  127.44   5771809.0
2015-09-02  128.4800  130.63   4809264.0
2015-09-03  132.3100  131.02   3379456.0
2015-09-04  129.5500  129.76   3746661.0
2015-09-08  132.2700  133.82   3505646.0
2015-09-09  135.5900  132.65   4713931.0
2015-09-10  132.3400  133.55   2932190.0
2015-09-11  133.1600  134.67   2628223.0
2015-09-14  134.7200  134.43   2389564.0
2015-09-15  134.5200  136.30   3761791.0
2015-09-16  136.2600  137.20   2504368.0
2015-09-17  137.3600  137.45   3405575.0
2015-09-18  135.7500  136.09   7302713.0
2015-09-21  136.4200  136.02   2460863.0
2015-09-22  134.4900  133.99   3464997.0
2015-09-23  134.6600  131.67   4907463.0
2015-09-24  130.7200  129.75   5297023.0
2015-09-25  131.5700  131.01   4149269.0
2015-09-28  130.4400  128.13   4104019.0
2015-09-29  128.1100  128.75   2935049.0
2015-09-30  130.2700  130.95   3025421.0
2015-10-01  131.3200  130.61   2878388.0
2015-10-02  129.0000  132.56   3020473.0
2015-10-05  132.2800  134.02   4587247.0
2015-10-06  134.1000  134.63   3059466.0
2015-10-07  135.6900  137.02   3284108.0
2015-10-08  136.6600  139.04   2835713.0
2015-10-09  139.0700  139.70   3065696.0
2015-10-12  139.9300  140.68   1942171.0
2015-10-13  139.4400  140.29   2339688.0
2015-10-14  139.7500  134.22   8747037.0
2015-10-15  135.1600  137.39   6368293.0
2015-10-16  137.4300  137.60   3173330.0
2015-10-19  137.6000  138.42   4021966.0
2015-10-20  137.9400  138.88   4202644.0
2015-10-21  141.7000  141.19   8976509.0
2015-10-22  142.0000  146.31   6976122.0
2015-10-23  147.3700  146.70   4691229.0
2015-10-26  146.2100  146.70   3143377.0
2015-10-27  146.2200  148.46   3410812.0
2015-10-28  147.9900  147.88   4408260.0
2015-10-29  147.5400  147.18   3071764.0
2015-10-30  147.4000  148.07   3938024.0
2015-11-02  148.3800  148.40   2516541.0
2015-11-03  148.0300  148.09   2469415.0
2015-11-04  147.2600  148.19   2771502.0
2015-11-05  148.1900  147.97   2545336.0
2015-11-06  146.5800  147.94   2294059.0
2015-11-09  146.9000  145.98   2980833.0
2015-11-10  145.2800  145.15   2524124.0
2015-11-11  145.2000  144.99   1589325.0
2015-11-12  143.0000  142.54   3796076.0
2015-11-13  142.3300  142.59   3063568.0
2015-11-16  142.5800  144.42   2378332.0
2015-11-17  145.2900  146.08   3038322.0
2015-11-18  146.2400  148.28   3099834.0
2015-11-19  148.7900  149.24   2492572.0
2015-11-20  149.8400  149.40   3210129.0
2015-11-23  149.3900  148.34   3182629.0
2015-11-24  147.4900  148.65   2626649.0
2015-11-25  149.0400  147.43   1852242.0
2015-11-27  147.5000  146.95   1282131.0
2015-11-30  146.9700  145.45   3175825.0
2015-12-01  146.5400  147.74   3444346.0
2015-12-02  147.5500  146.96   2648847.0
2015-12-03  147.0500  145.56   3008656.0
2015-12-04  146.3500  148.50   3892356.0
2015-12-07  148.3000  148.45   3417715.0
2015-12-08  146.8200  144.99   5020885.0
2015-12-09  144.6000  144.24   5124573.0
2015-12-10  144.6200  146.41   3278479.0
2015-12-11  145.0000  144.62   3684384.0
2015-12-14  144.5000  143.00   4841724.0
2015-12-15  145.6600  146.53   4705329.0
2015-12-16  147.9800  148.11   3315793.0
2015-12-17  148.8500  145.56   3448810.0
2015-12-18  144.4100  139.58   9914494.0
2015-12-21  140.2100  140.90   3746389.0
2015-12-22  141.7200  142.38   2791615.0
2015-12-23  143.0800  144.06   3353818.0
2015-12-24  143.6000  143.53   1184981.0
2015-12-28  143.2600  144.54   1980017.0
2015-12-29  145.0600  147.35   3133508.0
2015-12-30  147.2200  146.41   1618898.0
2015-12-31  145.9600  144.59   2104978.0
2016-01-04  141.3800  140.50   5719241.0
2016-01-05  140.9900  141.07   3349871.0
2016-01-06  138.8300  138.83   4253790.0
2016-01-07  136.3800  133.01   7012058.0
2016-01-08  133.7000  129.99   5776684.0
2016-01-11  130.8500  130.21   5551438.0
2016-01-12  131.5800  131.92   4171096.0
2016-01-13  132.7000  128.12   5073095.0
2016-01-14  129.5900  129.20   6517453.0
2016-01-15  125.8000  125.63   6665940.0
2016-01-19  127.0600  126.06   5478511.0
2016-01-20  124.0000  122.14   7635893.0
2016-01-21  122.7700  123.40   5544963.0
2016-01-22  124.4200  124.61   5259601.0
2016-01-25  124.6000  124.01   4551032.0
2016-01-26  124.9800  128.01   5432256.0
2016-01-27  119.9000  116.58  27933374.0
2016-01-28  117.1000  118.01  10708345.0
2016-01-29  118.1400  120.13   9195206.0
2016-02-01  119.6400  121.56   6812827.0
2016-02-02  119.6900  117.52   8645098.0
2016-02-03  118.8000  121.87   7361035.0
2016-02-04  121.1200  123.61   5834171.0
2016-02-05  123.6300  122.56   6186551.0
2016-02-08  120.6700  119.47   6451319.0
2016-02-09  117.9800  118.88   4136615.0
2016-02-10  118.1600  116.36   4885437.0
2016-02-11  113.1800  108.44  33734476.0
2016-02-12  105.1200  108.63  12973183.0
2016-02-16  109.7300  112.60   7587621.0
2016-02-17  114.0300  116.34   6617451.0
2016-02-18  116.9100  117.57   6488674.0
2016-02-19  117.3100  115.16   6920609.0
2016-02-22  116.5500  117.39   4930150.0
2016-02-23  116.9700  116.90   3761995.0
2016-02-24  115.3700  115.59   6856785.0
2016-02-25  116.3500  116.82   4666597.0
2016-02-26  117.7500  118.16   3757759.0
2016-02-29  118.1200  118.18   4569117.0
2016-03-01  119.0100  119.96   4595366.0
2016-03-02  119.6300  119.65   4292190.0
2016-03-03  118.8400  119.61   3404500.0
2016-03-04  120.1700  121.07   4421538.0
2016-03-07  120.8000  122.90   4492729.0
2016-03-08  121.9800  122.35   5245967.0
2016-03-09  122.3800  122.86   3380229.0
2016-03-10  123.1400  122.94   4110543.0
2016-03-11  124.1300  124.63   3260095.0
2016-03-14  123.9300  126.34   4282901.0
2016-03-15  125.5500  126.36   3717494.0
2016-03-16  126.2400  127.57   5154713.0
2016-03-17  128.0700  130.70   5800939.0
2016-03-18  131.2400  133.96   9108270.0
2016-03-21  133.4600  135.86   5670920.0
2016-03-22  135.1400  135.12   4988386.0
2016-03-23  134.9900  132.86   4360844.0
2016-03-24  131.6100  132.12   4573148.0
2016-03-28  132.5300  131.29   3352222.0
2016-03-29  129.8300  130.88   4910240.0
2016-03-30  131.4800  128.58   5947918.0
2016-03-31  128.0900  126.94   8758093.0
2016-04-01  126.2300  126.96   5327834.0
2016-04-04  126.5400  126.34   5035241.0
2016-04-05  126.1500  127.03   4660145.0
2016-04-06  127.1600  127.93   3998013.0
2016-04-07  127.0000  127.00   4596320.0
2016-04-08  128.0400  127.88   3939820.0
2016-04-11  128.2500  127.91   3611543.0
2016-04-12  127.6200  129.47   4234105.0
2016-04-13  130.4900  131.14   3514770.0
2016-04-14  131.5000  130.85   4527589.0
2016-04-15  130.9500  131.13   5008673.0
2016-04-18  130.6400  131.97   3056130.0
2016-04-19  132.5700  132.68   2930833.0
2016-04-20  128.5500  130.57   6799035.0
2016-04-21  130.9800  130.74   4799388.0
2016-04-22  131.0900  131.05   3858140.0
2016-04-25  130.4500  130.75   4600056.0
2016-04-26  131.2500  133.24   6103130.0
2016-04-27  133.2000  137.08   6930700.0
2016-04-28  136.2900  134.80   4936111.0
2016-04-29  134.4200  134.80   3716644.0
2016-05-02  134.3800  134.01   3703832.0
2016-05-03  132.7000  132.49   4028700.0
2016-05-04  131.5900  130.89   3340334.0
2016-05-05  131.7300  132.08   4199192.0
2016-05-06  132.1100  133.26   2465916.0
2016-05-09  132.8000  132.10   3431065.0
2016-05-10  133.1800  134.72   3378345.0
2016-05-11  133.8100  133.00   3284133.0
2016-05-12  133.4900  134.42   4591261.0
2016-05-13  133.7400  132.12   3965859.0
2016-05-16  131.6300  134.14   3165440.0
2016-05-17  133.6200  132.56   4031994.0
2016-05-18  132.4500  130.99   4060391.0
2016-05-19  130.2400  128.08   5061552.0
2016-05-20  129.1300  127.39   3297732.0
2016-05-23  127.4000  127.58   3977167.0
2016-05-24  127.7600  127.50   5101559.0
2016-05-25  128.0000  128.86   4656798.0
2016-05-26  128.4800  129.31   2586116.0
2016-05-27  128.9600  129.22   3043644.0
2016-05-31  129.8800  126.15   6893758.0
2016-06-01  126.0000  126.41   4679140.0
2016-06-02  126.6500  126.85   4802106.0
2016-06-03  126.4200  127.38   5484669.0
2016-06-06  127.6000  131.90   6995916.0
2016-06-07  132.4100  131.93   4423983.0
2016-06-08  132.5200  133.00   3883726.0
2016-06-09  132.1000  133.10   3811169.0
2016-06-10  131.7600  131.14   3828593.0
2016-06-13  130.7900  129.92   3645024.0
2016-06-14  129.6300  130.50   3716959.0
2016-06-15  130.8800  130.16   3324652.0
2016-06-16  129.3200  129.37   4066106.0
2016-06-17  129.8300  129.82   6739624.0
2016-06-20  131.3600  132.75   4331887.0
2016-06-21  133.1900  131.52   2841040.0
2016-06-22  132.1000  131.77   2640944.0
2016-06-23  133.9100  133.55   4113696.0
2016-06-24  128.1400  126.52   9706240.0
2016-06-27  125.6800  122.70   6251280.0
2016-06-28  124.5000  123.89   4437983.0
2016-06-29  125.4900  126.99   4916718.0
2016-06-30  127.0800  129.87   4110845.0
2016-07-01  129.5400  129.69   3247885.0
2016-07-05  128.4300  126.97   4828971.0
2016-07-06  127.2500  126.96   3981574.0
2016-07-07  126.9200  127.17   3050067.0
2016-07-08  128.6000  130.09   3597822.0
2016-07-11  130.8400  132.04   3929575.0
2016-07-12  132.8000  130.81   4317968.0
2016-07-13  131.2800  130.11   3061397.0
2016-07-14  131.6300  131.55   3979813.0
2016-07-15  131.8000  132.39   2940790.0
2016-07-18  132.3800  133.43   3338398.0
2016-07-19  132.9100  134.66   3390031.0
2016-07-20  134.5500  134.72   2669691.0
2016-07-21  134.7600  133.53   2853331.0
2016-07-22  131.7500  133.47   4844935.0
2016-07-25  133.1800  132.94   3078497.0
2016-07-26  132.9000  134.85   4666760.0
2016-07-27  136.1400  135.96   5657810.0
2016-07-28  135.4000  133.01   5142388.0
2016-07-29  133.0500  133.66   3559058.0
2016-08-01  133.2100  133.21   3067127.0
2016-08-02  132.9500  131.60   3156760.0
2016-08-03  131.7700  131.87   2359275.0
2016-08-04  132.0000  131.21   3009006.0
2016-08-05  132.2100  131.73   3120136.0
2016-08-08  132.1400  132.19   2443769.0
2016-08-09  132.7300  132.62   3013939.0
2016-08-10  132.1000  132.28   2642249.0
2016-08-11  132.8500  133.00   2275674.0
2016-08-12  132.9000  133.10   2522523.0
2016-08-15  133.7000  134.66   2812634.0
2016-08-16  134.1500  135.00   2759206.0
2016-08-17  134.8500  134.72   2854630.0
2016-08-18  134.7200  135.00   2030826.0
2016-08-19  134.5000  134.44   1922645.0
2016-08-22  134.3000  134.99   2520722.0
2016-08-23  135.3200  134.14   3481863.0
2016-08-24  134.0100  133.29   2133381.0
2016-08-25  133.3000  132.98   1921322.0
2016-08-26  133.5000  132.23   1973740.0
2016-08-29  132.7200  132.90   2380035.0
2016-08-30  133.1900  130.81   3437290.0
2016-08-31  130.8300  129.45   3639176.0
2016-09-01  130.0300  129.90   2807237.0
2016-09-02  130.8900  131.16   2631047.0
2016-09-06  131.6300  132.99   4151796.0
2016-09-07  132.4800  132.64   2198386.0
2016-09-08  132.3200  132.90   2618307.0
2016-09-09  131.9400  128.53   4892944.0
2016-09-12  126.8780  130.12   6381112.0
2016-09-13  129.2200  128.76   4552399.0
2016-09-14  128.9100  127.67   3955392.0
2016-09-15  127.5700  127.77   3476584.0
2016-09-16  127.7100  126.70   8035566.0
2016-09-19  127.5000  127.48   3168098.0
2016-09-20  127.9500  127.79   2639279.0
2016-09-21  128.1800  130.56   3227758.0
2016-09-22  131.4500  131.87   3252392.0
2016-09-23  131.2500  131.78   2330320.0
2016-09-26  131.0700  130.57   2219885.0
2016-09-27  130.2900  131.32   1939020.0
2016-09-28  131.5900  132.23   1769529.0
2016-09-29  131.8000  131.03   2199245.0
2016-09-30  132.0900  131.74   3117139.0
2016-10-03  131.2800  132.38   2435765.0
2016-10-04  132.7700  132.25   2829188.0
2016-10-05  132.9300  134.66   3137532.0
2016-10-06  134.8300  134.42   3614860.0
2016-10-07  133.9300  133.85   4299180.0
2016-10-10  134.5890  135.84   3343271.0
2016-10-11  134.9400  133.74   3606630.0
2016-10-12  133.7600  133.16   2264188.0
2016-10-13  132.4200  133.38   3544190.0
2016-10-14  134.5600  133.50   2317429.0
2016-10-17  133.5000  134.00   2435134.0
2016-10-18  135.0300  135.10   2271047.0
2016-10-19  135.4200  136.18   2265864.0
2016-10-20  135.9200  135.84   2539711.0
2016-10-21  134.7200  135.63   2205772.0
2016-10-24  136.4100  137.45   3814097.0
2016-10-25  137.5300  139.02   5206695.0
2016-10-26  138.4300  145.54  13270976.0
2016-10-27  145.8300  143.31   7857081.0
2016-10-28  143.7200  143.01   4636040.0
2016-10-31  143.0500  142.43   3075889.0
2016-11-01  142.9500  142.41   3244997.0
2016-11-02  142.0000  140.75   2781915.0
2016-11-03  140.7600  140.02   2277503.0
2016-11-04  139.1100  139.54   2951457.0
2016-11-07  141.5000  143.03   3228202.0
2016-11-08  141.9200  142.20   2822675.0
2016-11-09  141.6000  145.09   5494382.0
2016-11-10  146.5100  147.69   6507346.0
2016-11-11  147.1200  148.52   3585163.0
2016-11-14  148.2100  149.99   4490877.0
2016-11-15  148.4400  148.11   3856601.0
2016-11-16  147.3000  146.44   3553694.0
2016-11-17  146.8300  145.33   3655624.0
2016-11-18  145.1800  146.35   2214419.0
2016-11-21  147.2100  147.02   2825906.0
2016-11-22  147.9000  149.52   3770002.0
2016-11-23  149.6100  149.74   3070099.0
2016-11-25  150.0000  150.04    962387.0
2016-11-28  149.0000  149.77   4728764.0
2016-11-29  149.8300  151.64   3945317.0
2016-11-30  151.5900  150.56   3990972.0
2016-12-01  150.7400  152.39   2843930.0
2016-12-02  152.4500  152.25   2105571.0
2016-12-05  153.2400  152.16   2855946.0
2016-12-06  150.8400  152.24   3476254.0
2016-12-07  151.6700  154.14   2955753.0
2016-12-08  154.6000  155.39   2928370.0
2016-12-09  155.6500  156.49   2707872.0
2016-12-12  156.0000  157.16   4247679.0
2016-12-13  159.1000  156.66   5650374.0
2016-12-14  156.2300  154.47   3640207.0
2016-12-15  153.9300  153.77   2889324.0
2016-12-16  153.8800  154.50   5885499.0
2016-12-19  155.1600  156.18   3002737.0
2016-12-20  156.9600  156.39   2270137.0
2016-12-21  156.6883  157.48   2326366.0
2016-12-22  158.5000  157.46   3955251.0
2016-12-23  158.2700  157.81   2135528.0
2016-12-27  158.4100  157.48   1858139.0
2016-12-28  157.1200  156.10   1810021.0
2016-12-29  156.0000  155.69   1803955.0
2016-12-30  156.4900  155.68   2028362.0
2017-01-03  156.3000  156.97   3426113.0
2017-01-04  157.8100  158.62   3189810.0
2017-01-05  158.4100  158.71   2794384.0
2017-01-06  158.9800  159.10   2426662.0
2017-01-09  159.0000  158.32   2838600.0
2017-01-10  158.9600  159.07   2988302.0
2017-01-11  159.5400  159.40   2416487.0
2017-01-12  159.1500  158.29   3020336.0
2017-01-13  158.7400  158.83   2435391.0
2017-01-17  158.2000  157.67   2758788.0
2017-01-18  157.5500  158.32   2087283.0
2017-01-19  158.8700  159.00   3143963.0
2017-01-20  159.8100  159.53   3343475.0
2017-01-23  158.9400  157.84   3929835.0
2017-01-24  158.5800  160.55   3927536.0
2017-01-25  163.5900  167.36   7480039.0
2017-01-26  167.2500  169.12   5436834.0
2017-01-27  169.2100  167.70   4883229.0
2017-01-30  165.9200  165.57   5456015.0
2017-01-31  164.9600  163.42   5350186.0
2017-02-01  164.2500  163.97   3137956.0
2017-02-02  163.2200  162.26   3791669.0
2017-02-03  162.9900  162.40   2981662.0
2017-02-06  162.4200  163.98   3110479.0
2017-02-07  165.0000  166.50   4243139.0
2017-02-08  165.0000  163.81   3039106.0
2017-02-09  164.6700  164.28   3451132.0
2017-02-10  165.2500  166.23   2689719.0
2017-02-13  166.4500  168.03   3765027.0
2017-02-14  167.7000  168.50   2580278.0
2017-02-15  168.4200  169.30   4033198.0
2017-02-16  169.6400  170.81   3070147.0
2017-02-17  170.4100  172.71   4982357.0
2017-02-21  173.9200  175.56   4231619.0
2017-02-22  174.9800  175.36   2832136.0
2017-02-23  175.9700  176.86   3502645.0
2017-02-24  176.7500  177.44   4197017.0
2017-02-27  178.0000  179.43   2892459.0
2017-02-28  180.3400  180.23   4785045.0
2017-03-01  181.8500  183.91   5461751.0
2017-03-02  184.0000  182.99   4907000.0
2017-03-03  183.0400  182.18   3940363.0
2017-03-06  181.4000  180.93   4244029.0
2017-03-07  180.6400  182.02   2451960.0
2017-03-08  182.4000  181.74   2321738.0
2017-03-09  181.4300  180.57   3100466.0
2017-03-10  181.9000  178.70   4595371.0
2017-03-13  177.1600  179.05   3499021.0
2017-03-14  178.5400  178.73   2346666.0
2017-03-15  179.0000  178.71   3569047.0
2017-03-16  179.8199  178.19   3100744.0
2017-03-17  178.3100  180.10   5037385.0
2017-03-20  180.1000  179.39   2062211.0
2017-03-21  179.9900  175.96   3239579.0
2017-03-22  175.9600  176.98   2505738.0
2017-03-23  177.3400  177.26   2006383.0
2017-03-24  176.8500  175.82   2386769.0
2017-03-27  174.3700  176.10   2750685.0
2017-03-28  176.2900  177.36   2412559.0
2017-03-29  177.4000  177.63   1640601.0
2017-03-30  177.2500  177.98   1737221.0
2017-03-31  178.0200  176.86   2032749.0
2017-04-03  177.0800  176.65   2933653.0
2017-04-04  176.8800  178.70   2326394.0
2017-04-05  179.0000  177.08   2567212.0
2017-04-06  177.5600  177.37   2343873.0
2017-04-07  178.3900  178.85   2806779.0
2017-04-10  179.0000  177.56   2309273.0
2017-04-11  177.5000  178.57   2265743.0
2017-04-12  178.2500  176.05   2922725.0
2017-04-13  175.7400  175.62   2024086.0
2017-04-17  175.8400  179.02   2450222.0
2017-04-18  178.5900  177.85   2960165.0
2017-04-19  178.4700  178.40   2124533.0
2017-04-20  178.7400  179.30   2335176.0
2017-04-21  179.4200  180.38   3146556.0
2017-04-24  181.7500  182.06   3141913.0
2017-04-25  182.5300  183.51   3719430.0
2017-04-26  182.3100  181.71   4464081.0
2017-04-27  182.5900  183.22   3125166.0
2017-04-28  183.4200  184.83   2171688.0
2017-05-01  184.2300  182.39   3511947.0
2017-05-02  182.5400  183.44   1965118.0
2017-05-03  183.4500  183.39   2809931.0
2017-05-04  183.3300  183.07   2238916.0
2017-05-05  183.1600  185.01   2619262.0
2017-05-08  185.3800  186.02   1963400.0
2017-05-09  186.1100  186.91   2844172.0
2017-05-10  185.1400  183.18   6869552.0
2017-05-11  182.9000  183.94   2837184.0
2017-05-12  183.7100  183.25   3456396.0
2017-05-15  183.3000  182.39   3357027.0
2017-05-16  182.7300  182.70   2152988.0
2017-05-17  181.3900  178.78   2494001.0
2017-05-18  178.4800  177.40   3104899.0
2017-05-19  177.7300  180.76   4018267.0
2017-05-22  183.7800  183.67   2939028.0
2017-05-23  184.0000  183.49   2101615.0
2017-05-24  183.4600  185.25   2424684.0
2017-05-25  185.6300  187.07   2296948.0
2017-05-26  186.7300  186.59   1728729.0
2017-05-30  186.7600  186.88   2104970.0
2017-05-31  187.3700  187.63   4927182.0
2017-06-01  187.4100  187.32   2856844.0
2017-06-02  187.8200  190.23   3031959.0
2017-06-05  190.0700  188.95   2420693.0
2017-06-06  188.4100  186.75   2719780.0
2017-06-07  186.8500  188.10   2383451.0
2017-06-08  188.1000  189.93   2331276.0
2017-06-09  190.0000  190.03   3342515.0
2017-06-12  190.3000  190.00   2727957.0
2017-06-13  190.0500  191.09   1879045.0
2017-06-14  191.0500  192.38   2197051.0
2017-06-15  191.4300  195.45   2886533.0
2017-06-16  196.0100  196.44   6919311.0
2017-06-19  197.8800  199.08   2506813.0
2017-06-20  198.7500  198.33   3071684.0
2017-06-21  199.5800  199.17   3089618.0
2017-06-22  199.2500  199.44   3336550.0
2017-06-23  199.2600  202.23   4159432.0
2017-06-26  202.7700  199.98   3075601.0
2017-06-27  199.8000  198.89   2295003.0
2017-06-28  199.5000  199.62   2086085.0
2017-06-29  199.6200  197.46   2406937.0
2017-06-30  198.5000  197.75   2205468.0
2017-07-03  198.0700  198.59   1511163.0
2017-07-05  199.3000  201.81   2713582.0
2017-07-06  201.6400  201.48   2724375.0
2017-07-07  202.2400  202.37   3014423.0
2017-07-10  202.3200  203.96   2700875.0
2017-07-11  204.0000  206.27   2674019.0
2017-07-12  206.9500  206.44   2796411.0
2017-07-13  206.8000  206.23   1925288.0
2017-07-14  206.7979  208.51   3221699.0
2017-07-17  208.7300  209.00   2414985.0
2017-07-18  209.1100  208.24   1942338.0
2017-07-19  209.4300  210.88   2253923.0
2017-07-20  211.1000  210.28   2220973.0
2017-07-21  209.9900  212.14   2080400.0
2017-07-24  212.0000  212.18   2388269.0
2017-07-25  213.2200  212.46   2855107.0
2017-07-26  223.4800  233.45  14104950.0
2017-07-27  237.1300  241.00  10854995.0
2017-07-28  240.8200  241.27   4514451.0
2017-07-31  241.8500  242.46   5760587.0
2017-08-01  243.3800  239.44   4999836.0
2017-08-02  239.0600  237.95   5071811.0
2017-08-03  237.0600  238.25   5110027.0
2017-08-04  238.5800  237.71   5579759.0
2017-08-07  237.6000  240.23   3654386.0
2017-08-08  239.9100  239.50   3930793.0
2017-08-09  238.0100  234.31   5672244.0
2017-08-10  234.0300  232.88   6806260.0
2017-08-11  232.7600  234.88   3460250.0
2017-08-14  236.0100  237.15   2943878.0
2017-08-15  237.2100  239.17   2819948.0
2017-08-16  239.7000  237.59   2998484.0
2017-08-17  237.3800  235.59   2668021.0
2017-08-18  235.0000  235.77   2839831.0
2017-08-21  235.7700  235.68   2530139.0
2017-08-22  236.1600  239.75   2862546.0
2017-08-23  239.3600  238.09   2514632.0
2017-08-24  238.5200  238.74   2538104.0
2017-08-25  239.0000  235.89   2069412.0
2017-08-28  236.2200  237.18   2354520.0
2017-08-29  237.2100  240.49   3528448.0
2017-08-30  240.9900  240.46   2785774.0
2017-08-31  241.0000  239.66   3062141.0
2017-09-01  239.6600  240.33   3270681.0
2017-09-05  240.3000  237.00   3866633.0
2017-09-06  237.5300  234.62   4006934.0
2017-09-07  234.7500  236.31   2980468.0
2017-09-08  235.7500  238.78   3291877.0
2017-09-11  239.5000  240.59   3596136.0
2017-09-12  240.5900  240.58   2700552.0
2017-09-13  240.0000  241.93   4512081.0
2017-09-14  243.0000  245.23   4983744.0
2017-09-15  247.3600  249.00   8951477.0
2017-09-18  249.9700  253.08   5190876.0
2017-09-19  253.0800  252.46   4119501.0
2017-09-20  253.2600  255.46   3727586.0
2017-09-21  256.1300  256.04   2776390.0
2017-09-22  256.3100  256.45   3325748.0
2017-09-25  256.9700  254.32   3466052.0
2017-09-26  254.6000  253.70   2171722.0
2017-09-27  255.2700  255.28   3775372.0
2017-09-28  254.1100  254.27   2569319.0
2017-09-29  253.8500  254.21   2506896.0
2017-10-02  254.6500  255.99   2672350.0
2017-10-03  255.9900  255.46   3160665.0
2017-10-04  256.1200  255.76   3029931.0
2017-10-05  255.2800  258.89   3908625.0
2017-10-06  258.0000  258.58   2637586.0
2017-10-09  259.0000  258.39   2146140.0
2017-10-10  259.7400  260.93   2738892.0
2017-10-11  261.3200  261.44   2860910.0
2017-10-12  260.9500  261.91   2574517.0
2017-10-13  262.9000  260.74   2241523.0
2017-10-16  261.5000  259.75   1803881.0
2017-10-17  256.4900  258.62   2508284.0
2017-10-18  258.4700  260.04   2050051.0
2017-10-19  258.9800  259.04   2583242.0
2017-10-20  260.3600  264.75   3941030.0
2017-10-23  265.1300  262.32   3299895.0
2017-10-24  263.2400  266.00   4366377.0
2017-10-25  264.7800  258.39   7314507.0
2017-10-26  259.7200  259.27   3413776.0
2017-10-27  258.2600  256.46   2887175.0
2017-10-30  255.4500  259.25   3022200.0
2017-10-31  259.3400  257.98   2701839.0
2017-11-01  258.2900  258.50   2908029.0
2017-11-02  258.3100  262.63   2523030.0
2017-11-03  262.4200  261.75   2600777.0
2017-11-06  262.6200  264.07   2909514.0
2017-11-07  264.0700  266.13   3092379.0
2017-11-09  265.0100  262.70   3214697.0
2017-11-10  262.1100  260.85   1739394.0
2017-11-13  261.6700  262.42   2604075.0
2017-11-14  262.0000  261.76   2356038.0
2017-11-15  261.4200  262.86   2435329.0
2017-11-16  263.7600  263.70   2702303.0
2017-11-17  262.8200  262.26   1714329.0
2017-11-20  263.0000  264.63   2402752.0
2017-11-21  266.2400  266.99   2173081.0
2017-11-22  267.0000  265.15   1470345.0
2017-11-24  265.2600  265.88    788945.0
2017-11-27  265.3800  265.58   1762650.0
2017-11-28  267.0000  267.99   1884886.0
2017-11-29  269.4800  269.30   2898983.0
2017-11-30  269.9100  276.80   4718559.0
2017-12-01  277.5100  271.38   4542736.0
2017-12-04  276.1600  277.97   5489835.0
2017-12-05  279.0100  275.54   2732255.0
2017-12-06  274.8700  278.27   2513180.0
2017-12-07  278.4900  281.97   4250615.0
2017-12-08  285.0100  285.90   4272499.0
2017-12-11  286.2100  283.16   3916713.0
2017-12-12  288.1600  289.94   5354004.0
2017-12-13  290.5000  291.84   4971729.0
2017-12-14  292.6400  293.88   3875904.0
2017-12-15  296.0500  293.94   6735640.0
2017-12-18  295.0800  296.14   2880662.0
2017-12-19  296.3500  297.25   2563712.0
2017-12-20  298.8800  297.90   2493059.0
2017-12-21  298.0400  295.03   4710630.0
2017-12-22  295.1350  295.10   2247179.0
2017-12-26  295.5400  295.36   1392455.0
2017-12-27  296.4100  295.62   1300956.0
2017-12-28  295.8100  296.35   1432444.0
2017-12-29  296.9400  294.91   1813317.0
2018-01-02  295.7500  296.84   2868711.0
2018-01-03  295.9400  297.80   3194965.0
2018-01-04  297.9400  296.67   4037238.0
2018-01-05  296.7700  308.84   6034693.0
2018-01-08  308.6600  310.15   3970351.0
2018-01-09  310.5900  318.43   5546203.0
2018-01-10  317.4900  320.26   4464683.0
2018-01-11  322.1300  328.12   4625973.0
2018-01-12  330.3800  336.21   6519424.0
2018-01-16  339.9000  335.16  11811999.0
2018-01-17  337.7300  351.01   9611675.0
2018-01-18  350.7000  340.16   9334400.0
2018-01-19  341.6700  337.73   7246898.0
2018-01-22  335.2900  338.00   6782420.0
2018-01-23  338.3400  335.59   4509416.0
2018-01-24  336.2000  334.69   4184181.0
2018-01-25  336.2100  343.11   4590959.0
2018-01-26  344.3300  343.22   5010995.0
2018-01-29  341.2300  340.82   3270253.0
2018-01-30  339.1700  337.71   4944713.0
2018-01-31  360.5000  354.37  10858051.0
2018-02-01  352.9500  356.94   6045074.0
2018-02-02  354.0000  348.91   5375809.0
2018-02-05  342.6700  328.88  10352051.0
2018-02-06  320.0000  340.91  11866673.0
2018-02-07  340.5200  348.12   7880944.0
2018-02-08  348.0000  329.66   8262322.0
2018-02-09  333.5500  332.83   8812106.0
2018-02-12  336.5700  343.80   6804880.0
2018-02-13  340.4500  343.16   4021151.0
2018-02-14  341.3400  344.85   4329442.0
2018-02-15  348.4700  356.46   5808306.0
2018-02-16  356.5900  355.04   5205510.0
2018-02-20  352.0000  353.35   4187459.0
2018-02-21  352.5600  352.37   5236531.0
2018-02-22  354.6500  355.92   3339918.0
2018-02-23  358.1800  356.66   3314255.0
2018-02-26  359.5000  363.48   4011405.0
2018-02-27  364.6000  364.64   4705949.0
2018-02-28  366.8000  362.21   5376929.0
2018-03-01  362.3300  349.69   8977971.0
2018-03-02  341.8200  344.67  10021332.0
2018-03-05  338.0000  352.75   8140161.0
2018-03-06  354.2400  348.92   4866471.0
2018-03-07  341.5200  347.04   4575690.0
2018-03-08  349.5100  348.73   4131914.0
2018-03-09  352.6500  354.52   3446524.0
2018-03-12  355.2000  344.19   6035101.0
2018-03-13  345.3200  338.67   5409969.0
2018-03-14  339.7917  330.26  13034422.0
2018-03-15  332.3000  329.98   8445126.0
2018-03-16  329.8200  330.47   9167315.0
2018-03-19  327.4500  331.76   5748501.0
2018-03-20  331.8400  337.63   6328835.0
2018-03-21  337.0700  337.10   4046779.0
2018-03-22  330.1100  319.61   7143279.0
2018-03-23  320.1500  321.00   7140310.0
2018-03-26  330.4800  328.97   5161206.0
2018-03-27  331.5100  321.12   5296793.0