date    open  close     volume
                                   
2014-10-06  49.180  49.09   216954.0
2014-10-07  48.810  47.85   381104.0
2014-10-08  47.900  48.48   301479.0
2014-10-09  48.480  47.01   393616.0
2014-10-10  47.010  45.63   568904.0
2014-10-13  45.410  44.62   429389.0
2014-10-14  44.970  44.28   500002.0
2014-10-15  43.390  43.69  1277573.0
2014-10-16  42.730  44.62  1027800.0
2014-10-17  45.030  45.49   407060.0
2014-10-20  45.450  47.18   481036.0
2014-10-21  47.740  48.58   336185.0
2014-10-22  48.820  47.81   451057.0
2014-10-23  48.480  48.82   276004.0
2014-10-24  48.790  49.25   234555.0
2014-10-27  48.630  46.49   888444.0
2014-10-28  46.630  48.30   563569.0
2014-10-29  48.360  44.57  1186794.0
2014-10-30  44.200  45.07   523825.0
2014-10-31  45.620  46.43   478564.0
2014-11-03  46.540  45.85   571047.0
2014-11-04  46.010  44.48   466598.0
2014-11-05  44.820  45.75   498791.0
2014-11-06  45.820  46.83   479488.0
2014-11-07  46.780  46.85   484540.0
2014-11-10  46.820  46.86   434524.0
2014-11-11  46.770  47.05   282678.0
2014-11-12  46.900  47.37   341026.0
2014-11-13  47.340  46.94   602194.0
2014-11-14  46.900  46.03   645827.0
2014-11-17  46.080  45.60   439973.0
2014-11-18  45.710  45.83   498708.0
2014-11-19  45.650  45.36   479287.0
2014-11-20  45.200  46.32   305378.0
2014-11-21  46.950  46.78   289683.0
2014-11-24  46.830  46.88   344564.0
2014-11-25  46.720  46.29   309423.0
2014-11-26  46.360  45.27   394601.0
2014-11-28  45.010  43.08   354579.0
2014-12-01  42.960  43.02   439414.0
2014-12-02  42.830  43.30   303164.0
2014-12-03  43.350  43.84   325150.0
2014-12-04  43.700  43.64   315944.0
2014-12-05  43.310  42.25   694149.0
2014-12-08  41.980  41.44   392218.0
2014-12-09  40.880  41.79   506632.0
2014-12-10  41.440  39.99   285981.0
2014-12-11  40.100  40.15   303166.0
2014-12-12  39.860  39.64   545202.0
2014-12-15  39.970  39.94   700870.0
2014-12-16  39.830  40.59   503896.0
2014-12-17  40.850  41.62   471103.0
2014-12-18  42.540  42.51   339710.0
2014-12-19  42.770  43.24   555599.0
2014-12-22  43.280  43.53   308930.0
2014-12-23  43.710  43.77   245557.0
2014-12-24  43.670  43.91   135461.0
2014-12-26  44.020  43.80   247338.0
2014-12-29  43.660  43.91   189506.0
2014-12-30  43.810  44.15   199360.0
2014-12-31  44.340  43.86   598444.0
2015-01-02  43.870  43.80   414428.0
2015-01-05  43.400  43.28   512503.0
2015-01-06  43.290  42.77   521823.0
2015-01-07  43.130  42.90   403748.0
2015-01-08  43.200  44.23   553118.0
2015-01-09  44.300  43.17   402924.0
2015-01-12  43.130  42.26   603051.0
2015-01-13  42.370  41.61   733491.0
2015-01-14  41.770  41.84   754468.0
2015-01-15  42.130  41.23   302029.0
2015-01-16  40.960  41.58   296538.0
2015-01-20  41.790  41.37   302063.0
2015-01-21  41.390  42.18   317699.0
2015-01-22  42.630  42.94   393574.0
2015-01-23  42.860  41.26   415434.0
2015-01-26  41.170  41.63   454257.0
2015-01-27  41.040  41.20   343168.0
2015-01-28  41.780  40.37   592501.0
2015-01-29  42.300  43.12  1496443.0
2015-01-30  42.630  42.41   612108.0
2015-02-02  42.620  42.99   477285.0
2015-02-03  43.400  45.39   663143.0
2015-02-04  45.060  45.20   616666.0
2015-02-05  45.540  45.96   533225.0
2015-02-06  46.110  46.26   539502.0
2015-02-09  46.040  46.84   354240.0
2015-02-10  47.020  46.75   342831.0
2015-02-11  46.520  46.53   179330.0
2015-02-12  47.060  47.14   284248.0
2015-02-13  47.230  47.04   276858.0
2015-02-17  46.750  47.86   511247.0
2015-02-18  47.560  46.82   354204.0
2015-02-19  46.350  47.18   271646.0
2015-02-20  46.960  46.79   518606.0
2015-02-23  46.430  46.63   322684.0
2015-02-24  46.720  46.87   256413.0
2015-02-25  46.630  46.18   356220.0
2015-02-26  46.050  45.43   359745.0
2015-02-27  45.590  45.12   473452.0
2015-03-02  45.100  45.79   384371.0
2015-03-03  45.600  45.51   234147.0
2015-03-04  45.330  45.60   358452.0
2015-03-05  45.690  45.78   241010.0
2015-03-06  45.600  45.53   461893.0
2015-03-09  45.460  44.84   420583.0
2015-03-10  44.350  43.85   298111.0
2015-03-11  44.040  43.94   316249.0
2015-03-12  44.130  44.00   312231.0
2015-03-13  43.810  43.83   278333.0
2015-03-16  43.920  43.41   382589.0
2015-03-17  43.140  42.97   447382.0
2015-03-18  42.920  43.61   518257.0
2015-03-19  43.450  43.25   371188.0
2015-03-20  43.240  43.26   636741.0
2015-03-23  43.190  43.29   482562.0
2015-03-24  43.230  43.52   549775.0
2015-03-25  43.830  43.38   314376.0
2015-03-26  43.490  43.00   387798.0
2015-03-27  43.250  42.98   373410.0
2015-03-30  43.320  44.30   274409.0
2015-03-31  44.100  45.00   553507.0
2015-04-01  45.020  44.89   393992.0
2015-04-02  44.740  45.27   401154.0
2015-04-06  45.280  46.25   573078.0
2015-04-07  46.320  45.66   444163.0
2015-04-08  45.770  45.44   265252.0
2015-04-09  45.360  45.59   290596.0
2015-04-10  45.630  46.07   156690.0
2015-04-13  46.030  46.08   207646.0
2015-04-14  46.100  45.80   178151.0
2015-04-15  46.120  46.97   345953.0
2015-04-16  46.890  45.89   211420.0
2015-04-17  45.590  45.33   314808.0
2015-04-20  45.470  46.02   270038.0
2015-04-21  46.120  45.12   332556.0
2015-04-22  45.060  45.87   207540.0
2015-04-23  45.850  45.81   203389.0
2015-04-24  45.860  45.68   132221.0
2015-04-27  45.760  45.61   400460.0
2015-04-28  45.430  46.18   196349.0
2015-04-29  46.000  45.39  1170170.0
2015-04-30  47.110  42.74  2461093.0
2015-05-01  42.610  43.96   601670.0
2015-05-04  43.950  43.65   518134.0
2015-05-05  43.390  42.05   559987.0
2015-05-06  42.490  42.03   400706.0
2015-05-07  41.850  42.77   542302.0
2015-05-08  43.290  43.12   216030.0
2015-05-11  43.000  42.73   395230.0
2015-05-12  42.650  42.40   562305.0
2015-05-13  42.520  42.97   354020.0
2015-05-14  43.020  43.28   571408.0
2015-05-15  43.240  43.19   336384.0
2015-05-18  43.130  43.52   687702.0
2015-05-19  43.580  43.43   493624.0
2015-05-20  43.540  43.34  1118011.0
2015-05-21  43.350  43.16   469878.0
2015-05-22  42.930  43.21   277721.0
2015-05-26  42.760  42.41   416180.0
2015-05-27  42.160  42.30   435898.0
2015-05-28  42.020  41.83   264374.0
2015-05-29  41.750  41.47   433259.0
2015-06-01  41.670  41.14   577306.0
2015-06-02  41.170  41.45   857466.0
2015-06-03  41.670  41.71   435661.0
2015-06-04  41.480  41.39   238032.0
2015-06-05  41.320  41.55   168604.0
2015-06-08  41.480  41.29   171804.0
2015-06-09  41.340  41.53   297041.0
2015-06-10  41.860  41.87   478461.0
2015-06-11  41.890  41.90   294145.0
2015-06-12  41.680  41.72   370019.0
2015-06-15  41.500  41.25   337319.0
2015-06-16  41.250  41.49   360535.0
2015-06-17  41.600  41.26   210611.0
2015-06-18  41.420  41.65   298457.0
2015-06-19  41.600  41.30   302748.0
2015-06-22  41.560  41.58   345187.0
2015-06-23  41.530  41.29   373802.0
2015-06-24  41.260  41.01   285213.0
2015-06-25  41.050  41.15   361529.0
2015-06-26  41.180  40.69   713123.0
2015-06-29  40.390  37.98  1513911.0
2015-06-30  38.510  37.29   894065.0
2015-07-01  37.650  37.35   491589.0
2015-07-02  37.490  37.81   780469.0
2015-07-06  37.320  37.30   551225.0
2015-07-07  37.250  37.49   477808.0
2015-07-08  37.340  37.37   820706.0
2015-07-09  37.880  37.22   797422.0
2015-07-10  37.760  37.86   572284.0
2015-07-13  38.150  38.27   482670.0
2015-07-14  38.330  38.48   314022.0
2015-07-15  38.340  37.61   312167.0
2015-07-16  37.650  37.53   365891.0
2015-07-17  37.450  36.67   266353.0
2015-07-20  36.600  36.32   228905.0
2015-07-21  36.290  36.12   201095.0
2015-07-22  35.970  35.73   219716.0
2015-07-23  35.860  35.83   282404.0
2015-07-24  35.750  34.80   292988.0
2015-07-27  34.500  34.35   276743.0
2015-07-28  34.500  35.05   504802.0
2015-07-29  34.930  35.39   354403.0
2015-07-30  35.380  35.39   438359.0
2015-07-31  35.510  35.18   496477.0
2015-08-03  35.080  34.81   317659.0
2015-08-04  34.530  34.10   568191.0
2015-08-05  34.060  34.43   423441.0
2015-08-06  34.500  34.69   312050.0
2015-08-07  34.530  33.90   277118.0
2015-08-10  34.020  34.80   566091.0
2015-08-11  34.300  33.94   428215.0
2015-08-12  33.630  34.16   428366.0
2015-08-13  34.030  33.69   355181.0
2015-08-14  33.750  34.71   405867.0
2015-08-17  34.640  35.03   346595.0
2015-08-18  34.820  34.47   255048.0
2015-08-19  34.180  34.10   503656.0
2015-08-20  33.740  33.93   384557.0
2015-08-21  33.530  33.25   763484.0
2015-08-24  33.590  32.69   579295.0
2015-08-25  33.600  32.01   590797.0
2015-08-26  32.350  32.84   360511.0
2015-08-27  33.800  33.99   383244.0
2015-08-28  33.480  33.93   310451.0
2015-08-31  33.590  33.87   315204.0
2015-09-01  33.300  32.90   269000.0
2015-09-02  33.170  33.53   329250.0
2015-09-03  33.640  34.07   277430.0
2015-09-04  33.520  33.51   311907.0
2015-09-08  34.040  35.30   448419.0
2015-09-09  35.630  34.07   342221.0
2015-09-10  33.970  34.35   345588.0
2015-09-11  34.130  34.06   216091.0
2015-09-14  33.970  33.53   181574.0
2015-09-15  33.650  33.83   154425.0
2015-09-16  33.980  34.89   208476.0
2015-09-17  34.920  34.53   192436.0
2015-09-18  33.960  33.93   605168.0
2015-09-21  34.160  33.81   238672.0
2015-09-22  33.260  32.83   307414.0
2015-09-23  32.830  32.15   237423.0
2015-09-24  31.820  32.25   322740.0
2015-09-25  32.490  32.16   135248.0
2015-09-28  32.160  31.25   231929.0
2015-09-29  31.250  30.90   443236.0
2015-09-30  31.260  31.56   344672.0
2015-10-01  31.770  31.77   333942.0
2015-10-02  31.380  32.47   289119.0
2015-10-05  32.850  33.52   577682.0
2015-10-06  33.590  34.39   358937.0
2015-10-07  34.700  35.30   752180.0
2015-10-08  35.240  37.24   509234.0
2015-10-09  37.320  36.61   524026.0
2015-10-12  36.670  36.36   297133.0
2015-10-13  35.980  36.34   196621.0
2015-10-14  36.360  36.22   216584.0
2015-10-15  36.340  37.31   225413.0
2015-10-16  37.470  37.35   226953.0
2015-10-19  37.190  37.73   483406.0
2015-10-20  37.620  37.36   232457.0
2015-10-21  37.390  36.10   455749.0
2015-10-22  36.590  37.10   141385.0
2015-10-23  37.330  37.50   158225.0
2015-10-26  37.490  37.22   199150.0
2015-10-27  36.930  35.80   386770.0
2015-10-28  35.910  36.87   264121.0
2015-10-29  36.520  36.31   321824.0
2015-10-30  36.360  35.94   700205.0
2015-11-02  35.990  35.87   774339.0
2015-11-03  36.770  40.79  1389510.0
2015-11-04  40.900  41.11   865243.0
2015-11-05  41.180  40.47   544588.0
2015-11-06  40.120  41.32   519291.0
2015-11-09  41.070  41.22   448840.0
2015-11-10  41.100  41.31   344210.0
2015-11-11  41.420  40.68   328698.0
2015-11-12  39.620  39.54   273410.0
2015-11-13  39.580  39.96   428858.0
2015-11-16  39.950  40.87   343329.0
2015-11-17  40.910  40.86   465948.0
2015-11-18  40.960  41.90   497509.0
2015-11-19  42.000  42.00   333924.0
2015-11-20  42.200  41.46   382132.0
2015-11-23  41.480  41.59   287914.0
2015-11-24  41.520  43.04   501487.0
2015-11-25  42.960  43.17   253105.0
2015-11-27  43.130  43.22   109294.0
2015-11-30  43.400  43.54   656122.0
2015-12-01  43.550  43.76   482651.0
2015-12-02  43.640  42.92   914776.0
2015-12-03  43.280  43.30   430702.0
2015-12-04  43.320  43.10   279589.0
2015-12-07  42.880  41.69   492233.0
2015-12-08  41.060  41.30   635700.0
2015-12-09  41.520  41.39   268180.0
2015-12-10  42.340  42.20   510078.0
2015-12-11  41.330  41.24   366030.0
2015-12-14  41.020  40.53   359040.0
2015-12-15  41.030  41.57   449883.0
2015-12-16  41.590  40.97   538364.0
2015-12-17  40.890  40.01   423952.0
2015-12-18  40.050  39.62   717353.0
2015-12-21  39.950  40.20   341019.0
2015-12-22  40.340  41.02   289091.0
2015-12-23  41.560  42.02   305888.0
2015-12-24  41.900  41.84   100463.0
2015-12-28  41.690  41.69   221569.0
2015-12-29  42.120  41.99   232055.0
2015-12-30  41.790  41.36   234608.0
2015-12-31  41.110  40.88   303485.0
2016-01-04  40.220  40.30   350161.0
2016-01-05  40.310  39.88   367388.0
2016-01-06  39.060  39.20   342482.0
2016-01-07  38.300  38.09   336555.0
2016-01-08  38.230  37.75   319901.0
2016-01-11  37.850  37.50   293888.0
2016-01-12  37.930  37.78   455967.0
2016-01-13  38.010  36.91   381327.0
2016-01-14  37.120  37.94   308173.0
2016-01-15  36.900  37.46   347091.0
2016-01-19  37.610  37.28   453160.0
2016-01-20  36.580  37.54   499487.0
2016-01-21  37.630  38.28   592214.0
2016-01-22  39.090  38.71   422041.0
2016-01-25  38.430  38.03   447670.0
2016-01-26  38.380  38.79   452828.0
2016-01-27  38.540  38.44   381545.0
2016-01-28  39.080  38.85   226035.0
2016-01-29  39.060  40.34   820640.0
2016-02-01  39.970  39.46   621279.0
2016-02-02  38.490  39.91   786634.0
2016-02-03  40.030  40.34   407965.0
2016-02-04  40.680  41.62   529074.0
2016-02-05  41.410  40.98   291913.0
2016-02-08  40.570  40.48   254373.0
2016-02-09  39.990  40.58   549465.0
2016-02-10  40.890  40.15   302166.0
2016-02-11  39.440  39.17   525336.0
2016-02-12  39.650  40.71   406693.0
2016-02-16  41.200  41.70   291718.0
2016-02-17  42.190  43.03   829815.0
2016-02-18  43.220  43.60   705292.0
2016-02-19  43.300  43.48   466339.0
2016-02-22  43.980  44.59   761691.0
2016-02-23  44.180  43.13   705680.0
2016-02-24  42.500  43.53   244434.0
2016-02-25  43.580  44.31   555871.0
2016-02-26  44.480  45.08   494448.0
2016-02-29  45.130  44.53   313640.0
2016-03-01  45.020  45.03   286346.0
2016-03-02  45.100  46.95   674851.0
2016-03-03  46.850  47.14   667055.0
2016-03-04  47.300  46.93   755543.0
2016-03-07  46.940  47.89   426243.0
2016-03-08  47.340  47.36   536166.0
2016-03-09  47.620  48.07   604556.0
2016-03-10  48.110  47.91   499494.0
2016-03-11  48.310  48.47   607458.0
2016-03-14  47.000  47.05   652211.0
2016-03-15  46.560  46.99   502961.0
2016-03-16  46.990  47.78   687313.0
2016-03-17  47.860  48.64   914987.0
2016-03-18  48.620  49.34   739032.0
2016-03-21  49.000  49.26   313160.0
2016-03-22  48.690  49.07   234759.0
2016-03-23  48.770  48.33   365185.0
2016-03-24  47.850  48.78   357786.0
2016-03-28  48.820  48.57   280765.0
2016-03-29  48.150  48.81   639753.0
2016-03-30  49.180  49.02   272213.0
2016-03-31  48.980  48.33   251896.0
2016-04-01  47.960  48.84   428340.0
2016-04-04  48.810  48.34   204317.0
2016-04-05  47.990  48.04   257741.0
2016-04-06  48.030  48.24   420264.0
2016-04-07  47.830  47.23   372546.0
2016-04-08  47.810  47.28   271211.0
2016-04-11  46.580  46.79   539835.0
2016-04-12  47.030  47.17   602445.0
2016-04-13  47.560  48.32   409093.0
2016-04-14  48.490  47.94   292247.0
2016-04-15  47.850  48.03   364030.0
2016-04-18  47.790  48.53   285364.0
2016-04-19  48.890  49.51   408072.0
2016-04-20  49.470  48.56   300733.0
2016-04-21  48.610  48.60   430668.0
2016-04-22  48.630  49.42   381864.0
2016-04-25  49.150  49.16   365797.0
2016-04-26  49.480  49.72   285959.0
2016-04-27  49.730  50.18   244711.0
2016-04-28  49.930  49.65   340270.0
2016-04-29  49.570  48.79   303701.0
2016-05-02  48.930  48.96   489050.0
2016-05-03  46.970  44.91   790383.0
2016-05-04  44.740  44.50   624699.0
2016-05-05  44.730  44.45   536846.0
2016-05-06  44.350  45.01   422643.0
2016-05-09  44.620  44.45   366475.0
2016-05-10  44.610  44.99   321205.0
2016-05-11  45.030  44.55   427267.0
2016-05-12  44.930  44.80   320547.0
2016-05-13  44.730  44.59   308676.0
2016-05-16  44.880  44.99   424721.0
2016-05-17  45.240  45.44   553739.0
2016-05-18  45.020  44.50   537199.0
2016-05-19  44.150  44.56   263504.0
2016-05-20  44.600  44.66   451977.0
2016-05-23  44.580  44.41   382616.0
2016-05-24  44.900  45.72   407588.0
2016-05-25  45.700  45.43   408322.0
2016-05-26  45.790  45.28   219261.0
2016-05-27  45.340  45.53   209495.0
2016-05-31  45.710  45.71   319485.0
2016-06-01  45.380  46.32   358180.0
2016-06-02  46.070  46.63   396475.0
2016-06-03  46.700  46.33   338146.0
2016-06-06  46.660  47.21   287023.0
2016-06-07  47.360  47.81   418093.0
2016-06-08  48.060  47.58   192345.0
2016-06-09  47.050  47.33   250101.0
2016-06-10  47.060  47.24   225632.0
2016-06-13  47.010  46.66   195540.0
2016-06-14  46.430  46.03   391688.0
2016-06-15  46.170  46.37   325314.0
2016-06-16  45.960  46.08   221791.0
2016-06-17  46.020  46.21   398322.0
2016-06-20  46.980  47.06   236269.0
2016-06-21  47.080  46.60   260789.0
2016-06-22  46.980  46.41   196290.0
2016-06-23  47.010  47.83   245828.0
2016-06-24  45.890  44.24   587459.0
2016-06-27  43.720  42.46   448108.0
2016-06-28  42.950  43.05   250418.0
2016-06-29  43.480  44.43   229427.0
2016-06-30  44.670  45.66   335715.0
2016-07-01  45.550  45.74   323410.0
2016-07-05  45.270  44.34   232886.0
2016-07-06  44.170  44.85   319546.0
2016-07-07  45.030  45.58   235487.0
2016-07-08  46.210  47.07   282549.0
2016-07-11  47.160  47.78   269576.0
2016-07-12  48.430  48.68   215885.0
2016-07-13  48.760  48.93   199717.0
2016-07-14  49.400  49.51   183869.0
2016-07-15  49.590  49.68   198760.0
2016-07-18  49.560  49.60   105144.0
2016-07-19  49.440  49.42   139730.0
2016-07-20  49.500  49.59   245549.0
2016-07-21  50.430  49.37   205899.0
2016-07-22  49.220  49.20   121525.0
2016-07-25  49.100  49.00   209923.0
2016-07-26  49.120  48.84   456722.0
2016-07-27  49.060  48.47   601334.0
2016-07-28  48.530  51.59  1205788.0
2016-07-29  51.090  48.69   594401.0
2016-08-01  48.900  49.20   395907.0
2016-08-02  47.940  47.16   473350.0
2016-08-03  47.250  47.75   580804.0
2016-08-04  47.770  48.20   352355.0
2016-08-05  48.540  48.58   211265.0
2016-08-08  48.750  48.99   310936.0
2016-08-09  48.990  48.88   241808.0
2016-08-10  49.240  48.70   248303.0
2016-08-11  48.860  48.96   263716.0
2016-08-12  48.770  48.32   182753.0
2016-08-15  48.500  48.84   284671.0
2016-08-16  49.070  48.39   191305.0
2016-08-17  48.480  49.06   373961.0
2016-08-18  49.430  50.53   523418.0
2016-08-19  50.370  50.87   416010.0
2016-08-22  50.460  49.71   315119.0
2016-08-23  49.800  50.04   418528.0
2016-08-24  49.900  49.44   441162.0
2016-08-25  49.470  50.24   321587.0
2016-08-26  50.650  50.18   444998.0
2016-08-29  50.130  50.51   273506.0
2016-08-30  50.680  50.47   261357.0
2016-08-31  49.790  49.86   364446.0
2016-09-01  50.060  50.03   303363.0
2016-09-02  50.470  50.81   266669.0
2016-09-06  51.010  50.38   206750.0
2016-09-07  50.140  50.97   305012.0
2016-09-08  51.000  51.15   297291.0
2016-09-09  50.700  49.32   474121.0
2016-09-12  48.730  50.02   314893.0
2016-09-13  48.995  48.97   259606.0
2016-09-14  49.110  49.01   251972.0
2016-09-15  48.990  49.83   259240.0
2016-09-16  49.120  50.02   348568.0
2016-09-19  50.420  50.54   256755.0
2016-09-20  50.930  50.50   226736.0
2016-09-21  51.760  51.46   252897.0
2016-09-22  51.960  52.34   290025.0
2016-09-23  51.790  51.37   201206.0
2016-09-26  51.430  51.63   185250.0
2016-09-27  51.420  52.30   150439.0
2016-09-28  52.980  53.41   272541.0
2016-09-29  53.290  52.24   327819.0
2016-09-30  52.480  52.41   405613.0
2016-10-03  52.430  52.20   195495.0
2016-10-04  52.380  52.24   369115.0
2016-10-05  52.770  52.42   409635.0
2016-10-06  52.260  53.30   275436.0
2016-10-07  53.570  51.70   384944.0
2016-10-10  52.410  51.81   250486.0
2016-10-11  51.600  51.08   343638.0
2016-10-12  51.140  51.30   257192.0
2016-10-13  50.570  50.40   377824.0
2016-10-14  50.790  50.75   275438.0
2016-10-17  50.890  51.16   160558.0
2016-10-18  51.990  51.49   176999.0
2016-10-19  51.720  51.71   299311.0
2016-10-20  51.370  51.71   279359.0
2016-10-21  51.370  51.77   184084.0
2016-10-24  52.400  52.12   189245.0
2016-10-25  52.120  51.35   159182.0
2016-10-26  51.090  51.69   307646.0
2016-10-27  52.030  52.02   320253.0
2016-10-28  51.970  52.00   384521.0
2016-10-31  52.120  52.14   368494.0
2016-11-01  51.460  50.40   829687.0
2016-11-02  50.100  49.51   493091.0
2016-11-03  49.450  48.86   460358.0
2016-11-04  48.790  48.21   768160.0
2016-11-07  49.350  48.75   374967.0
2016-11-08  48.460  48.85   411739.0
2016-11-09  48.280  50.39   502776.0
2016-11-10  50.890  50.64   361535.0
2016-11-11  50.530  50.46   291227.0
2016-11-14  51.130  51.68   467505.0
2016-11-15  51.470  52.05   390196.0
2016-11-16  51.770  50.78   351174.0
2016-11-17  51.160  51.77   338259.0
2016-11-18  51.850  51.85   379313.0
2016-11-21  52.340  52.29   334219.0
2016-11-22  51.940  51.97   474032.0
2016-11-23  51.680  51.46   291249.0
2016-11-25  51.650  51.76   245098.0
2016-11-28  51.660  51.47   379781.0
2016-11-29  51.140  50.47   440615.0
2016-11-30  50.960  50.93   497117.0
2016-12-01  51.170  50.86   415380.0
2016-12-02  50.920  51.02   268122.0
2016-12-05  51.560  51.00   472809.0
2016-12-06  50.740  51.12   486353.0
2016-12-07  51.160  51.95   578846.0
2016-12-08  52.220  54.05   331285.0
2016-12-09  54.010  53.72   331934.0
2016-12-12  53.890  53.24   262595.0
2016-12-13  53.460  53.05   281495.0
2016-12-14  53.140  52.84   510412.0
2016-12-15  52.690  53.19   251328.0
2016-12-16  53.360  52.61   520628.0
2016-12-19  52.320  53.24   285180.0
2016-12-20  53.380  52.34   304028.0
2016-12-21  52.430  52.42   219946.0
2016-12-22  52.550  51.83   166160.0
2016-12-23  51.640  51.77    80042.0
2016-12-27  51.900  51.65   176034.0
2016-12-28  52.250  51.15   105153.0
2016-12-29  51.160  51.02   153391.0
2016-12-30  51.160  50.54   171859.0
2017-01-03  51.040  51.37   220093.0
2017-01-04  51.560  52.32   392392.0
2017-01-05  52.190  51.75   320628.0
2017-01-06  51.840  52.14   178451.0
2017-01-09  52.010  51.82   236237.0
2017-01-10  52.150  52.18   407950.0
2017-01-11  52.580  52.87   280452.0
2017-01-12  53.080  52.79   162319.0
2017-01-13  52.770  53.61   186651.0
2017-01-17  53.350  53.46   306350.0
2017-01-18  53.810  53.82   313297.0
2017-01-19  53.970  54.04   280620.0
2017-01-20  54.040  54.13   280657.0
2017-01-23  53.830  54.47   198300.0
2017-01-24  54.890  55.85   273435.0
2017-01-25  55.810  56.26   300499.0
2017-01-26  55.750  56.20   178649.0
2017-01-27  56.210  55.88   175850.0
2017-01-30  55.450  55.31   202344.0
2017-01-31  55.550  55.37   269446.0
2017-02-01  55.470  56.27   336662.0
2017-02-02  57.630  57.63   907194.0
2017-02-03  57.500  58.50   645237.0
2017-02-06  58.050  57.48   527477.0
2017-02-07  57.500  57.18   262314.0
2017-02-08  57.050  57.52   296911.0
2017-02-09  57.760  57.55   395374.0
2017-02-10  58.100  57.55   450874.0
2017-02-13  57.800  57.88   409851.0
2017-02-14  57.740  58.58   354320.0
2017-02-15  58.510  58.73   426552.0
2017-02-16  58.460  58.34   372915.0
2017-02-17  57.800  58.02   246406.0
2017-02-21  58.260  58.38   334904.0
2017-02-22  57.740  58.09   254560.0
2017-02-23  58.510  57.61   230963.0
2017-02-24  56.820  57.61   304814.0
2017-02-27  57.630  58.26   346614.0
2017-02-28  57.940  57.98   398332.0
2017-03-01  58.870  59.15   416700.0
2017-03-02  59.090  58.46   306940.0
2017-03-03  58.330  58.39   342026.0
2017-03-06  57.930  57.88   204091.0
2017-03-07  57.760  58.27   288547.0
2017-03-08  58.430  58.10   340389.0
2017-03-09  57.860  57.92   244675.0
2017-03-10  58.390  58.62   236955.0
2017-03-13  59.090  58.90   263422.0
2017-03-14  58.370  58.19   249618.0
2017-03-15  58.680  59.48   477591.0
2017-03-16  59.740  59.29   240806.0
2017-03-17  59.270  60.17   428443.0
2017-03-20  60.180  59.83   201917.0
2017-03-21  60.130  58.88   255233.0
2017-03-22  58.740  58.04   419909.0
2017-03-23  58.100  58.23   294153.0
2017-03-24  58.330  58.26   281954.0
2017-03-27  57.310  58.38   231990.0
2017-03-28  58.520  59.15   334474.0
2017-03-29  59.160  58.87   296931.0
2017-03-30  58.990  59.64   228192.0
2017-03-31  59.390  59.91   377757.0
2017-04-03  60.200  59.35   265119.0
2017-04-04  59.450  59.41   270281.0
2017-04-05  59.980  58.46   341310.0
2017-04-06  58.590  58.96   350031.0
2017-04-07  58.680  58.57   221391.0
2017-04-10  58.780  58.49   202207.0
2017-04-11  58.180  59.04   217915.0
2017-04-12  59.050  57.99   177860.0
2017-04-13  57.940  56.97   198090.0
2017-04-17  57.280  57.55   349397.0
2017-04-18  56.880  57.57   317336.0
2017-04-19  57.840  58.19   291667.0
2017-04-20  58.620  59.35   265973.0
2017-04-21  59.160  59.04   184641.0
2017-04-24  59.930  60.34   203165.0
2017-04-25  60.730  60.90   204413.0
2017-04-26  60.500  60.72   181599.0
2017-04-27  60.510  60.70   179459.0
2017-04-28  60.690  60.19   195077.0
2017-05-01  60.330  60.36   247192.0
2017-05-02  60.860  56.23  1036580.0
2017-05-03  55.190  54.75   559541.0
2017-05-04  54.430  54.10   464041.0
2017-05-05  54.500  53.97   328854.0
2017-05-08  53.470  53.09   318049.0
2017-05-09  53.120  51.58   530829.0
2017-05-10  51.580  52.17  1203369.0
2017-05-11  51.820  52.04   565852.0
2017-05-12  52.000  51.86   396653.0
2017-05-15  52.200  52.01   315316.0
2017-05-16  52.110  52.10   582799.0
2017-05-17  51.290  50.84   458230.0
2017-05-18  50.460  50.75   470412.0
2017-05-19  50.970  51.44   290501.0
2017-05-22  51.930  51.40   261396.0
2017-05-23  51.610  51.12   399966.0
2017-05-24  52.250  53.00   734905.0
2017-05-25  53.200  52.82   383228.0
2017-05-26  52.970  52.73   319648.0
2017-05-30  52.650  52.90   287138.0
2017-05-31  52.880  52.23   521539.0
2017-06-01  52.360  52.73   321488.0
2017-06-02  52.830  53.13   310070.0
2017-06-05  53.180  52.62   469807.0
2017-06-06  52.290  52.40   422653.0
2017-06-07  52.410  51.91   482641.0
2017-06-08  51.930  53.09   444232.0
2017-06-09  53.190  53.53   348315.0
2017-06-12  53.530  53.63   482673.0
2017-06-13  53.890  54.20   322827.0
2017-06-14  54.320  54.01   362171.0
2017-06-15  53.420  53.76   573644.0
2017-06-16  53.700  54.05   559947.0
2017-06-19  54.330  54.77   427855.0
2017-06-20  54.110  54.79   618514.0
2017-06-21  54.900  53.42   364871.0
2017-06-22  53.420  52.17   908097.0
2017-06-23  52.270  52.37   712702.0
2017-06-26  52.650  52.52   253873.0
2017-06-27  52.520  52.34   299812.0
2017-06-28  52.830  53.64   533397.0
2017-06-29  53.860  52.86   207690.0
2017-06-30  53.050  53.43   240052.0
2017-07-03  53.810  53.60   134579.0
2017-07-05  53.490  53.07   311621.0
2017-07-06  52.850  53.37   359379.0
2017-07-07  53.360  53.86   221045.0
2017-07-10  53.310  53.28   313613.0
2017-07-11  53.390  53.42   243028.0
2017-07-12  53.920  53.87   214441.0
2017-07-13  53.970  53.53   405405.0
2017-07-14  53.730  53.81   181789.0
2017-07-17  53.950  54.68   272472.0
2017-07-18  54.450  53.73   231052.0
2017-07-19  53.830  54.97   211267.0
2017-07-20  54.940  54.51   101803.0
2017-07-21  54.520  54.66   193046.0
2017-07-24  54.700  55.12   410408.0
2017-07-25  55.540  55.51   400511.0
2017-07-26  55.500  54.36   227275.0
2017-07-27  54.580  54.30   217194.0
2017-07-28  54.120  54.47   241369.0
2017-07-31  54.600  54.33   318247.0
2017-08-01  55.050  54.88   443741.0
2017-08-02  53.870  52.75   598341.0
2017-08-03  52.610  51.80   390497.0
2017-08-04  52.030  52.67   327447.0
2017-08-07  52.620  52.53   223121.0
2017-08-08  52.400  52.27   244157.0
2017-08-09  51.790  51.93   217264.0
2017-08-10  51.510  51.44   239640.0
2017-08-11  50.730  51.58   294899.0
2017-08-14  51.760  51.94   406203.0
2017-08-15  53.930  52.45   478798.0
2017-08-16  52.530  52.87   320264.0
2017-08-17  52.770  51.21   443991.0
2017-08-18  51.150  51.66   350883.0
2017-08-21  51.840  51.71   253743.0
2017-08-22  52.250  51.87   292859.0
2017-08-23  51.410  51.99  1272663.0
2017-08-24  52.270  51.85   261117.0
2017-08-25  52.180  52.33   208109.0
2017-08-28  52.660  51.88   284800.0
2017-08-29  51.590  51.99   280275.0
2017-08-30  52.040  52.26   205158.0
2017-08-31  52.610  52.68   226296.0
2017-09-01  52.930  53.43   170933.0
2017-09-05  53.470  52.51   151025.0
2017-09-06  52.710  52.69   593274.0
2017-09-07  52.740  52.84   189526.0
2017-09-08  52.650  52.41   257251.0
2017-09-11  52.800  53.24   214392.0
2017-09-12  53.380  52.93   254098.0
2017-09-13  52.960  53.14   287784.0
2017-09-14  53.060  53.35   369026.0
2017-09-15  53.260  53.30   340234.0
2017-09-18  53.700  53.66   178884.0
2017-09-19  53.720  53.74   352167.0
2017-09-20  54.070  53.71   364141.0
2017-09-21  53.970  55.31   453035.0
2017-09-22  55.300  55.80   319379.0
2017-09-25  55.820  55.55   278836.0
2017-09-26  55.830  55.39   339786.0
2017-09-27  55.750  56.02   298686.0
2017-09-28  56.110  56.34   237682.0
2017-09-29  56.350  55.80   405421.0
2017-10-02  55.550  57.39   364974.0
2017-10-03  57.710  57.64   295866.0
2017-10-04  57.770  57.34   223538.0
2017-10-05  57.740  57.49   165165.0
2017-10-06  57.280  57.36   252749.0
2017-10-09  57.360  57.29   165819.0
2017-10-10  57.540  57.60   334093.0
2017-10-11  57.680  58.03   291200.0
2017-10-12  57.930  58.59   172798.0
2017-10-13  58.950  58.73   188920.0
2017-10-16  58.990  58.51   178167.0
2017-10-17  58.320  58.43   203450.0
2017-10-18  58.640  58.69   224502.0
2017-10-19  58.460  58.56   250281.0
2017-10-20  59.070  58.57   181632.0
2017-10-23  58.790  58.36   275618.0
2017-10-24  58.600  59.93   327947.0
2017-10-25  59.510  59.17   248044.0
2017-10-26  59.620  59.88   228147.0
2017-10-27  59.850  60.02   274413.0
2017-10-30  60.040  60.17   483467.0
2017-10-31  60.340  60.96   340121.0
2017-11-01  61.190  63.29   671588.0
2017-11-02  63.590  62.71   874689.0
2017-11-03  62.530  63.99   581750.0
2017-11-06  64.480  64.26   443851.0
2017-11-07  64.330  63.79   372550.0
2017-11-09  62.760  62.21   344743.0
2017-11-10  62.260  62.24   295671.0
2017-11-13  61.890  61.57   372785.0
2017-11-14  61.240  60.24   406110.0
2017-11-15  59.980  59.52   537956.0
2017-11-16  60.040  60.48   462205.0
2017-11-17  60.480  60.54   239003.0
2017-11-20  60.560  60.59   329059.0
2017-11-21  60.800  61.20   270911.0
2017-11-22  61.070  60.67   283375.0
2017-11-24  60.890  61.39   135871.0
2017-11-27  61.390  60.77   263667.0
2017-11-28  60.790  60.63   292257.0
2017-11-29  61.000  61.80   444033.0
2017-11-30  62.080  61.24   227335.0
2017-12-01  61.520  60.51   311158.0
2017-12-04  61.240  60.48   292509.0
2017-12-05  60.430  59.77   214032.0
2017-12-06  59.670  59.19   306121.0
2017-12-07  59.450  59.18   234978.0
2017-12-08  59.720  58.47   257994.0
2017-12-11  58.970  58.60   246898.0
2017-12-12  58.760  57.94   212125.0
2017-12-13  58.060  57.54   230428.0
2017-12-14  57.360  56.01   311142.0
2017-12-15  56.595  57.60   726964.0
2017-12-18  58.230  58.36   235142.0
2017-12-19  60.840  61.27   699739.0
2017-12-20  61.390  61.82   836749.0
2017-12-21  62.100  63.01  1646794.0
2017-12-22  63.190  62.31   371296.0
2017-12-26  62.300  62.13   182386.0
2017-12-27  62.110  61.95   503114.0
2017-12-28  62.220  61.93   160228.0
2017-12-29  62.040  61.59   217834.0
2018-01-02  62.030  62.54   239421.0
2018-01-03  62.780  62.85   226990.0
2018-01-04  63.290  62.88   149150.0
2018-01-05  63.620  65.44   303118.0
2018-01-08  65.460  65.66   397059.0
2018-01-09  65.730  65.93   347690.0
2018-01-10  65.690  65.46   298549.0
2018-01-11  65.790  66.40   266786.0
2018-01-12  66.740  67.24   314268.0
2018-01-16  68.000  67.17   414349.0
2018-01-17  67.350  66.79   422414.0
2018-01-18  66.520  66.51   259103.0
2018-01-19  66.600  67.58   235479.0
2018-01-22  67.470  67.85   461028.0
2018-01-23  67.930  67.48   330640.0
2018-01-24  67.800  67.29   222624.0
2018-01-25  67.960  67.94   320127.0
2018-01-26  68.070  68.48   224754.0
2018-01-29  68.450  67.71   265490.0
2018-01-30  67.290  67.74   474630.0
2018-01-31  68.230  67.64   411357.0
2018-02-01  67.560  67.13   289160.0
2018-02-02  66.700  65.50   347385.0