date     open    close      volume
                                       
2014-10-06   95.850   94.500   2998614.0
2014-10-07   94.160   92.445   3559161.0
2014-10-08   92.370   94.890   4715877.0
2014-10-09   94.770   92.380   5174434.0
2014-10-10   92.060   90.925   4813455.0
2014-10-13   90.730   87.480   6677641.0
2014-10-14   88.010   86.480   6495341.0
2014-10-15   84.670   86.550   8137091.0
2014-10-16   84.540   86.380   5616278.0
2014-10-17   87.660   88.120   6413799.0
2014-10-20   88.840   92.000   7980702.0
2014-10-21   93.490   94.970   9990097.0
2014-10-22   94.930   94.760   8717401.0
2014-10-23   95.980  100.400   9678166.0
2014-10-24   99.550  103.240   9131573.0
2014-10-27  102.900  103.100   6127845.0
2014-10-28  104.110  105.700   6601609.0
2014-10-29  105.320  105.140   5589088.0
2014-10-30  104.700  106.940   5770721.0
2014-10-31  108.740  107.090   5798073.0
2014-11-03  106.530  107.410   5247227.0
2014-11-04  106.650  105.750   5134787.0
2014-11-05  107.200  105.150   4487467.0
2014-11-06  105.700  107.140   4077783.0
2014-11-07  107.440  106.450   4714342.0
2014-11-10  106.780  108.010   3502633.0
2014-11-11  108.000  107.850   3361760.0
2014-11-12  108.010  108.250   3441425.0
2014-11-13  108.280  107.430   3268300.0
2014-11-14  107.650  104.050   7861144.0
2014-11-17  103.270  104.360   3243980.0
2014-11-18  104.680  106.780   3255060.0
2014-11-19  106.415  106.980   2915100.0
2014-11-20  105.760  107.350   3863228.0
2014-11-21  108.250  108.200   3973277.0
2014-11-24  108.890  110.980   4126346.0
2014-11-25  111.310  111.070   4006238.0
2014-11-26  111.460  112.610   3269769.0
2014-11-28  113.450  113.690   2543978.0
2014-12-01  113.710  113.430   4438093.0
2014-12-02  114.000  115.200   4977372.0
2014-12-03  115.920  114.230   3572307.0
2014-12-04  113.790  113.630   3102947.0
2014-12-05  113.990  114.130   2521148.0
2014-12-08  116.755  118.190   8278928.0
2014-12-09  116.370  118.680   5002732.0
2014-12-10  117.980  115.640   5267588.0
2014-12-11  116.610  116.740   4103764.0
2014-12-12  114.090  114.490   4389082.0
2014-12-15  116.000  111.880   6268026.0
2014-12-16  110.000  110.090   7035886.0
2014-12-17  110.210  112.820   4870086.0
2014-12-18  115.200  116.480   6100915.0
2014-12-19  117.740  117.180  11294289.0
2014-12-22  112.650  113.500   7889443.0
2014-12-23  112.940  106.120  17806683.0
2014-12-24  105.630  109.600   6565505.0
2014-12-26  111.160  113.350   4670519.0
2014-12-29  113.610  114.470   3592814.0
2014-12-30  114.190  113.540   3481140.0
2014-12-31  114.490  111.860   3434034.0
2015-01-02  112.880  113.520   3825667.0
2015-01-05  113.100  111.930   4499914.0
2015-01-06  112.490  110.510   5638477.0
2015-01-07  111.520  114.550   4506671.0
2015-01-08  116.670  115.050   5978322.0
2015-01-09  115.280  113.670   5064631.0
2015-01-12  115.070  117.000   9371635.0
2015-01-13  118.550  119.980  11187136.0
2015-01-14  118.250  121.100   5806472.0
2015-01-15  122.170  118.270   5813932.0
2015-01-16  118.620  121.810   5314463.0
2015-01-20  122.750  123.250   4716759.0
2015-01-21  121.760  122.220   4195660.0
2015-01-22  122.650  123.710   4217703.0
2015-01-23  124.000  123.890   3510145.0
2015-01-26  123.550  124.120   3789927.0
2015-01-27  123.010  122.360   3476422.0
2015-01-28  122.530  118.970   6685198.0
2015-01-29  119.580  120.870   4927992.0
2015-01-30  119.490  119.160   8129114.0
2015-02-02  119.570  118.570   5053996.0
2015-02-03  119.640  117.600   7146661.0
2015-02-04  115.650  116.570   7048177.0
2015-02-05  117.050  120.020   4595071.0
2015-02-06  120.040  118.750   4260598.0
2015-02-09  118.460  118.120   3578046.0
2015-02-10  119.030  120.160   3930246.0
2015-02-11  119.830  118.380   6553520.0
2015-02-12  119.200  115.720   9808819.0
2015-02-13  116.320  115.880   7604752.0
2015-02-17  115.760  116.320   4903983.0
2015-02-18  116.780  118.410   5466727.0
2015-02-19  118.330  120.210   4691025.0
2015-02-20  121.310  123.430   7864976.0
2015-02-23  124.000  123.820   5034730.0
2015-02-24  124.170  123.180   3045739.0
2015-02-25  123.460  123.100   3307813.0
2015-02-26  123.280  123.350   3336100.0
2015-02-27  122.810  121.530   4288968.0
2015-03-02  122.590  120.310   5197903.0
2015-03-03  120.000  118.470   6360692.0
2015-03-04  117.410  119.570   3888092.0
2015-03-05  120.480  120.710   3583196.0
2015-03-06  120.030  118.030   4009504.0
2015-03-09  118.120  118.410   3449001.0
2015-03-10  117.500  118.330   4874775.0
2015-03-11  119.010  117.580   3729826.0
2015-03-12  118.180  118.820   3086669.0
2015-03-13  118.290  117.730   3520191.0
2015-03-16  118.800  120.840   5017309.0
2015-03-17  120.050  121.030   3026830.0
2015-03-18  121.170  122.680   4444689.0
2015-03-19  123.800  125.330   6037591.0
2015-03-20  127.810  128.500  14850559.0
2015-03-23  126.450  122.940  10004095.0
2015-03-24  123.230  122.150   4828819.0
2015-03-25  122.130  116.990   8417915.0
2015-03-26  115.280  117.660   8126950.0
2015-03-27  118.110  118.680   5510401.0
2015-03-30  119.640  120.020   5209247.0
2015-03-31  118.880  115.280  11331811.0
2015-04-01  114.880  114.570  10650799.0
2015-04-02  115.000  114.310   4852469.0
2015-04-06  113.640  112.970   4769978.0
2015-04-07  113.090  112.720   5831896.0
2015-04-08  113.050  115.150   6259978.0
2015-04-09  115.370  115.580   4039244.0
2015-04-10  116.080  117.070   4505775.0
2015-04-13  116.990  116.440   3011827.0
2015-04-14  116.520  115.780   4232478.0
2015-04-15  115.930  118.230   5963171.0
2015-04-16  117.620  116.360   4344624.0
2015-04-17  115.010  113.470   6409704.0
2015-04-20  114.400  114.750   4487201.0
2015-04-21  115.320  114.820   3680454.0
2015-04-22  115.600  115.540   3134987.0
2015-04-23  115.000  116.090   3251041.0
2015-04-24  115.940  118.710   7681168.0
2015-04-27  119.200  114.715   6847790.0
2015-04-28  115.010  113.520   5615399.0
2015-04-29  112.940  113.200   6086021.0
2015-04-30  109.500  108.060  12995517.0
2015-05-01  108.060  110.550   6594911.0
2015-05-04  111.080  109.900   4877752.0
2015-05-05  109.370  107.540   5024454.0
2015-05-06  108.490  108.650   5566751.0
2015-05-07  109.590  112.010   9130253.0
2015-05-08  113.660  113.210   6087315.0
2015-05-11  113.930  113.400   2885203.0
2015-05-12  112.270  113.580   4837809.0
2015-05-13  114.110  113.400   4322496.0
2015-05-14  114.260  115.080   3821327.0
2015-05-15  115.200  115.530   3306631.0
2015-05-18  114.760  116.370   3629869.0
2015-05-19  116.390  116.850   3302011.0
2015-05-20  117.030  116.860   3111682.0
2015-05-21  116.400  116.200   3926877.0
2015-05-22  115.500  116.090   2651131.0
2015-05-26  115.560  114.460   2733808.0
2015-05-27  114.650  116.020   3005558.0
2015-05-28  115.840  114.930   2811742.0
2015-05-29  114.870  114.440   4350904.0
2015-06-01  115.010  114.450   4550089.0
2015-06-02  113.860  113.880   2997189.0
2015-06-03  114.010  112.680   4306464.0
2015-06-04  112.240  110.920   5450362.0
2015-06-05  110.920  110.720   4776389.0
2015-06-08  111.010  110.810   5271959.0
2015-06-09  110.240  110.720   3562773.0
2015-06-10  110.750  112.060   4202866.0
2015-06-11  112.360  112.970   3199212.0
2015-06-12  112.320  111.320   2968220.0
2015-06-15  110.420  111.000   2899507.0
2015-06-16  111.040  111.110   2276674.0
2015-06-17  112.620  112.160   3596146.0
2015-06-18  112.460  116.920   6933969.0
2015-06-19  117.200  117.220   7197285.0
2015-06-22  118.500  119.530   4653251.0
2015-06-23  119.490  120.340   4159878.0
2015-06-24  120.070  119.100   3770015.0
2015-06-25  119.800  118.810   2955057.0
2015-06-26  119.000  117.920   3266847.0
2015-06-29  116.120  114.910   4020278.0
2015-06-30  115.300  115.735   4960954.0
2015-07-01  117.040  118.220   4342682.0
2015-07-02  118.560  119.520   4288088.0
2015-07-06  118.420  118.820   3535556.0
2015-07-07  119.680  119.280   3509411.0
2015-07-08  118.640  115.910   3825501.0
2015-07-09  117.450  116.870   3205198.0
2015-07-10  118.190  118.840   3099685.0
2015-07-13  120.000  120.890   3117008.0
2015-07-14  121.310  122.850   4558015.0
2015-07-15  132.580  131.390  21162561.0
2015-07-16  132.100  134.720   8411356.0
2015-07-17  134.410  134.520   4638797.0
2015-07-20  135.030  135.230   3401979.0
2015-07-21  135.220  136.240   5546466.0
2015-07-22  135.510  138.260   6155719.0
2015-07-23  137.770  139.010   5594033.0
2015-07-24  134.280  134.900   7031389.0
2015-07-27  133.450  132.560   6791345.0
2015-07-28  134.000  135.420   4553161.0
2015-07-29  136.330  132.140   4866107.0
2015-07-30  132.310  131.880   5039550.0
2015-07-31  132.830  131.250   3546702.0
2015-08-03  131.850  131.470   3064984.0
2015-08-04  131.640  131.080   2587133.0
2015-08-05  132.490  132.730   3054505.0
2015-08-06  133.000  128.050   4657674.0
2015-08-07  127.990  128.600   5627273.0
2015-08-10  129.850  131.230   4122280.0
2015-08-11  130.440  130.660   3267093.0
2015-08-12  129.730  131.030   3482289.0
2015-08-13  131.450  130.300   3252543.0
2015-08-14  129.570  129.240   3402198.0
2015-08-17  128.600  131.210   2651702.0
2015-08-18  131.500  130.200   2645122.0
2015-08-19  129.460  129.060   3218705.0
2015-08-20  127.420  124.960   5119467.0
2015-08-21  122.810  119.050   7944761.0
2015-08-24  104.280  113.380  11423906.0
2015-08-25  118.640  112.700   8331599.0
2015-08-26  116.500  119.230   6567805.0
2015-08-27  120.970  123.040   5793715.0
2015-08-28  122.380  124.040   4598423.0
2015-08-31  122.910  118.080   7120707.0
2015-09-01  115.000  115.460   6325625.0
2015-09-02  117.680  119.580   5510688.0
2015-09-03  120.080  117.650   3793973.0
2015-09-04  115.880  117.390   3718915.0
2015-09-08  120.000  123.020   4572651.0
2015-09-09  125.000  121.060   4659822.0
2015-09-10  120.670  122.970   3809716.0
2015-09-11  122.590  123.970   3163379.0
2015-09-14  123.980  122.210   3202257.0
2015-09-15  122.650  124.350   3677016.0
2015-09-16  124.130  123.780   3026501.0
2015-09-17  124.000  125.730   4249140.0
2015-09-18  124.290  122.620   7711389.0
2015-09-21  123.280  119.140   7115860.0
2015-09-22  117.100  117.610   8070473.0
2015-09-23  117.860  117.040   3524808.0
2015-09-24  116.830  113.880   7335889.0
2015-09-25  115.680  108.390  10055442.0
2015-09-28  107.390  104.790  11627152.0
2015-09-29  104.410  105.340   9365284.0
2015-09-30  107.730  108.130   8454918.0
2015-10-01  110.430  112.860   9413718.0
2015-10-02  110.610  116.440   8446464.0
2015-10-05  117.900  116.620   6422617.0
2015-10-06  115.870  112.190   8434075.0
2015-10-07  112.810  116.980   8142504.0
2015-10-08  116.360  117.970   4601013.0
2015-10-09  117.620  117.380   5054839.0
2015-10-12  118.560  117.600   3279149.0
2015-10-13  116.580  113.770   4383188.0
2015-10-14  114.690  113.730   4155591.0
2015-10-15  113.210  117.530   4542601.0
2015-10-16  118.180  117.880   4375170.0
2015-10-19  117.460  119.410   4712226.0
2015-10-20  119.320  116.240   4279273.0
2015-10-21  117.930  115.920   4969597.0
2015-10-22  116.520  117.260   4481663.0
2015-10-23  118.390  120.080   4862757.0
2015-10-26  120.310  123.650   5012356.0
2015-10-27  123.860  125.790   5342879.0
2015-10-28  125.880  127.140   3680318.0
2015-10-29  127.630  124.930   3665901.0
2015-10-30  124.800  122.710   5265032.0
2015-11-02  123.940  127.200   3972875.0
2015-11-03  127.200  126.520   3108184.0
2015-11-04  126.620  127.170   4137212.0
2015-11-05  122.500  120.460   8615106.0
2015-11-06  118.530  116.740   8288466.0
2015-11-09  115.850  114.080   5914602.0
2015-11-10  114.320  113.770   4510040.0
2015-11-11  114.100  112.210   3527627.0
2015-11-12  111.990  109.020   5380405.0
2015-11-13  109.020  107.490   6206214.0
2015-11-16  107.680  110.140   7914762.0
2015-11-17  110.190  111.110   5093132.0
2015-11-18  111.360  115.780   5414448.0
2015-11-19  115.990  114.150   3681411.0
2015-11-20  115.120  113.510   3570811.0
2015-11-23  114.040  113.600   3720958.0
2015-11-24  113.070  112.670   3413915.0
2015-11-25  112.680  112.350   2304468.0
2015-11-27  112.660  112.690   1310275.0
2015-11-30  112.850  109.450   4684453.0
2015-12-01  110.270  110.560   4319966.0
2015-12-02  110.500  111.430   4854305.0
2015-12-03  111.650  106.550   6339702.0
2015-12-04  107.400  110.360   4963484.0
2015-12-07  110.300  109.050   4055437.0
2015-12-08  107.790  112.050   3876392.0
2015-12-09  110.690  110.940   4362368.0
2015-12-10  111.220  112.420   3023543.0
2015-12-11  110.500  108.360   4613567.0
2015-12-14  109.360  110.260   4106166.0
2015-12-15  111.270  113.140   4658616.0
2015-12-16  114.000  115.720   4244736.0
2015-12-17  116.000  112.170   3606078.0
2015-12-18  111.470  110.140   5809477.0
2015-12-21  111.130  110.840   3320185.0
2015-12-22  111.320  111.140   3376844.0
2015-12-23  120.200  122.070  14055636.0
2015-12-24  121.210  122.140   2382297.0
2015-12-28  120.510  119.100   4127055.0
2015-12-29  119.680  121.270   3406381.0
2015-12-30  120.990  120.680   2684377.0
2015-12-31  119.890  119.760   3550976.0
2016-01-04  116.770  117.620   5159238.0
2016-01-05  117.710  117.960   3960370.0
2016-01-06  116.220  116.710   3890237.0
2016-01-07  114.210  111.890   5530297.0
2016-01-08  112.820  108.980   7410949.0
2016-01-11  109.550  103.030  15845760.0
2016-01-12  104.000  106.850   8480678.0
2016-01-13  106.980  100.670   7792620.0
2016-01-14  101.340  105.620   8428729.0
2016-01-15  101.950  103.060   9060222.0
2016-01-19  104.590  102.990   7572184.0
2016-01-20  101.670  107.490  11005330.0
2016-01-21  108.220  105.460   8632779.0
2016-01-22  108.090  108.810   5659867.0
2016-01-25  109.240  106.700   5388957.0
2016-01-26  107.060  105.990   4502405.0
2016-01-27  107.780  102.310   7175636.0
2016-01-28  101.510   97.210  13832511.0
2016-01-29   97.270  100.320   9831270.0
2016-02-01   99.690  100.800  10675358.0
2016-02-02   99.040   96.850   7542337.0
2016-02-03   97.800   99.490   9725142.0
2016-02-04   99.430  101.930   7893907.0
2016-02-05  101.720   97.890   7802324.0
2016-02-08   96.440   99.180   9441506.0
2016-02-09   96.730  100.500   7307663.0
2016-02-10  101.840  103.160   8024404.0
2016-02-11  100.210   99.590   7519510.0
2016-02-12  100.990  102.450   6009369.0
2016-02-16  104.200  104.490   5379589.0
2016-02-17  105.840  105.310   5493012.0
2016-02-18  105.500  103.520   4498277.0
2016-02-19  103.060  102.610   4855867.0
2016-02-22  104.120  104.580   4499295.0
2016-02-23  104.430  102.040   5793636.0
2016-02-24  100.690  102.080   5369372.0
2016-02-25  103.050  102.350   4960612.0
2016-02-26  103.100  103.370   3834058.0
2016-02-29  102.870  100.830   5614349.0
2016-03-01  101.830  105.000   5243571.0
2016-03-02  103.890  104.730   4693739.0
2016-03-03  104.080  102.730   4098752.0
2016-03-04  102.770  102.510   5127255.0
2016-03-07  101.690  104.250   4082035.0
2016-03-08  103.460  102.620   5320219.0
2016-03-09  102.870  101.040   6818576.0
2016-03-10  101.440  100.060   5856981.0
2016-03-11  101.260  101.850   7285289.0
2016-03-14  101.600   99.990   5223096.0
2016-03-15   99.410   97.980   7131305.0
2016-03-16   97.350   97.530   5296421.0
2016-03-17   97.040   96.690   9024721.0
2016-03-18   96.890   98.760   9582204.0
2016-03-21   98.240  101.140   5672446.0
2016-03-22  100.340  102.730   6891856.0
2016-03-23  102.700   99.920   5016599.0
2016-03-24   99.210  100.540   3773016.0
2016-03-28  100.500   99.220   3052126.0
2016-03-29   98.990  100.150   5531808.0
2016-03-30  100.440   98.800   4164144.0
2016-03-31   99.110  100.090   4046373.0
2016-04-01   99.590  101.190   4388182.0
2016-04-04  101.910  101.050   4439750.0
2016-04-05   99.960  102.120   4738341.0
2016-04-06  102.550  108.220   8368555.0
2016-04-07  108.200  107.110   6220027.0
2016-04-08  109.110  106.260   4051286.0
2016-04-11  106.520  103.810   4847789.0
2016-04-12  103.330  105.260   3996798.0
2016-04-13  106.440  107.600   4354509.0
2016-04-14  107.820  106.990   3427847.0
2016-04-15  106.840  107.340   5195255.0
2016-04-18  107.150  107.840   3501245.0
2016-04-19  108.190  106.530   4148361.0
2016-04-20  106.500  106.730   2730632.0
2016-04-21  106.510  109.920   4007976.0
2016-04-22  110.340  110.520   4855538.0
2016-04-25  110.430  110.570   3054605.0
2016-04-26  110.700  107.550   5475724.0
2016-04-27  107.900  106.150   5908642.0
2016-04-28  105.080  108.030   8607601.0
2016-04-29  106.060  103.410   6942688.0
2016-05-02  103.250  104.970   4918748.0
2016-05-03  103.490  103.220   3636616.0
2016-05-04  102.840  100.900   4365402.0
2016-05-05  100.820  101.710   3407868.0
2016-05-06  100.720  100.250   3728230.0
2016-05-09  100.610  102.410   3493993.0
2016-05-10  102.800  103.250   2917398.0
2016-05-11  103.210  100.250   3319010.0
2016-05-12  100.890  100.300   3985540.0
2016-05-13   99.920  100.160   3210112.0
2016-05-16   99.990  101.570   2429016.0
2016-05-17  101.030  100.680   3456387.0
2016-05-18  100.360  101.080   3369967.0
2016-05-19  100.300   99.940   3643980.0
2016-05-20  100.120  101.460   3710192.0
2016-05-23  101.310  101.020   2756537.0
2016-05-24  101.620  103.700   3526586.0
2016-05-25  104.240  105.110   3657006.0
2016-05-26  104.800  105.780   4816786.0
2016-05-27  106.290  106.430   2515246.0
2016-05-31  107.250  105.520   5944032.0
2016-06-01  104.480  106.020   2851558.0
2016-06-02  106.020  108.240   4032416.0
2016-06-03  108.100  107.590   3080697.0
2016-06-06  107.600  107.650   2767840.0
2016-06-07  106.770  107.400   3978351.0
2016-06-08  107.420  106.780   3505319.0
2016-06-09  106.070  106.130   3436392.0
2016-06-10  104.900  102.910   4953696.0
2016-06-13  102.840  101.610   3194453.0
2016-06-14  100.800  101.030   4747544.0
2016-06-15  101.430   99.980   3811334.0
2016-06-16   99.530  100.230   3164470.0
2016-06-17  100.430   98.740   5976683.0
2016-06-20  100.240   99.290   4892848.0
2016-06-21   99.540   96.860   8436974.0
2016-06-22   97.430   99.230   9035333.0
2016-06-23  100.260  100.660   3831469.0
2016-06-24   97.200   96.290   7136674.0
2016-06-27   95.560   94.850   6589851.0
2016-06-28   96.260   97.280   5482299.0
2016-06-29   97.800   98.810   5295411.0
2016-06-30   98.810   98.630   4843295.0
2016-07-01   98.530  100.700   3410807.0
2016-07-05  100.940  100.250   2901168.0
2016-07-06  100.250  104.600   7347983.0
2016-07-07  104.300  104.410   4136820.0
2016-07-08  103.790  105.030   3369942.0
2016-07-11  105.670  103.410   3596789.0
2016-07-12  104.050  103.410   3851896.0
2016-07-13  104.070  101.760   4163585.0
2016-07-14  102.950  101.420   5392013.0
2016-07-15  102.370  102.850   5423844.0
2016-07-18  102.850  102.700   2530186.0
2016-07-19  102.410  102.260   2713762.0
2016-07-20  102.930  104.620   5657943.0
2016-07-21  105.600  107.450   5231573.0
2016-07-22  107.980  107.520   3480242.0
2016-07-25  107.440  107.930   3424515.0
2016-07-26  105.990  106.180   6512818.0
2016-07-27  106.020  108.110   6045856.0
2016-07-28  109.910  111.260   8339155.0
2016-07-29  110.660  112.190   5486248.0
2016-08-01  111.690  114.690   6629510.0
2016-08-02  114.640  114.290   5055779.0
2016-08-03  114.160  116.140   6370194.0
2016-08-04  116.610  116.270   7376899.0
2016-08-05  116.770  115.530   4972905.0
2016-08-08  115.490  113.630   5853745.0
2016-08-09  114.020  113.800   2436647.0
2016-08-10  113.750  112.530   2695130.0
2016-08-11  112.810  113.810   2766176.0
2016-08-12  113.170  113.390   3374086.0
2016-08-15  113.840  114.620   2978509.0
2016-08-16  114.080  112.170   4254094.0
2016-08-17  112.170  112.550   3733670.0
2016-08-18  112.470  112.130   2158276.0
2016-08-19  111.830  112.160   2916819.0
2016-08-22  112.820  114.200   2672799.0
2016-08-23  114.490  114.010   2303075.0
2016-08-24  113.860  110.600   4764025.0
2016-08-25  110.770  107.910   5627823.0
2016-08-26  107.930  108.790   4728358.0
2016-08-29  109.080  107.950   2607239.0
2016-08-30  107.890  107.020   3196596.0
2016-08-31  107.170  106.740   3087710.0
2016-09-01  107.040  106.370   3487171.0
2016-09-02  107.000  105.490   3274753.0
2016-09-06  105.780  106.710   3544722.0
2016-09-07  106.730  106.960   3095699.0
2016-09-08  106.500  107.650   2819391.0
2016-09-09  106.800  104.470   4339122.0
2016-09-12  104.490  106.850   5557016.0
2016-09-13  105.680  104.530   3632060.0
2016-09-14  104.770  106.060   3998008.0
2016-09-15  106.130  107.350   3487408.0
2016-09-16  107.130  108.540   5923959.0
2016-09-19  108.670  107.730   2705194.0
2016-09-20  108.420  108.420   2615950.0
2016-09-21  109.000  109.580   3122472.0
2016-09-22  110.000  110.570   4458373.0
2016-09-23  110.870  109.430   3071064.0
2016-09-26  109.000  106.310   4134051.0
2016-09-27  106.375  107.400   3273022.0
2016-09-28  107.620  105.830   4713821.0
2016-09-29  105.830  102.770   5545237.0
2016-09-30  103.420  104.530   4666676.0
2016-10-03  104.150  104.270   2592304.0
2016-10-04  104.380  104.670   2681343.0
2016-10-05  104.820  105.290   2600009.0
2016-10-06  104.840  104.030   3189995.0
2016-10-07  104.460  104.070   1871956.0
2016-10-10  104.430  104.270   2074445.0
2016-10-11  103.600  101.640   3428438.0
2016-10-12  101.780  100.100   3215886.0
2016-10-13   99.550  100.630   3779786.0
2016-10-14  101.250   98.500   4317515.0
2016-10-17   98.990   99.640   4505285.0
2016-10-18  100.350  100.060   2878140.0
2016-10-19   99.860  100.020   2934111.0
2016-10-20  100.130  100.020   3628814.0
2016-10-21   99.530   98.910   4660808.0
2016-10-24   99.650   98.070   4154623.0
2016-10-25   98.100   97.630   4768930.0
2016-10-26   97.770   98.410   5016849.0
2016-10-27  101.810  104.720  11213821.0
2016-10-28  104.020  103.900   6962527.0
2016-10-31  103.960  102.180   4787494.0
2016-11-01  102.000  104.090   4473848.0
2016-11-02  103.900  102.850   3428042.0
2016-11-03  102.610  102.350   4476487.0
2016-11-04  100.970  103.440   3733229.0
2016-11-07  104.860  107.490   6445842.0
2016-11-08  106.580  108.450   4289002.0
2016-11-09  115.750  120.070  22699805.0
2016-11-10  119.970  121.060  12026664.0
2016-11-11  119.300  119.450   5731512.0
2016-11-14  119.340  120.680   4695178.0
2016-11-15  120.080  120.910   3508337.0
2016-11-16  120.080  119.690   2626848.0
2016-11-17  119.640  122.080   3990315.0
2016-11-18  121.870  121.970   5048365.0
2016-11-21  122.180  124.160   6876528.0
2016-11-22  124.790  120.970   6606086.0
2016-11-23  118.430  120.850   4840886.0
2016-11-25  121.000  121.060   1792549.0
2016-11-28  120.310  120.300   3357961.0
2016-11-29  120.910  122.130   4450672.0
2016-11-30  122.960  118.510   5514032.0
2016-12-01  119.740  118.870   4297427.0
2016-12-02  118.620  117.630   3866633.0
2016-12-05  118.200  116.560   5112500.0
2016-12-06  117.340  117.390   4459478.0
2016-12-07  114.880  112.660  10177928.0
2016-12-08  112.580  113.060   5101587.0
2016-12-09  113.680  113.470   3587123.0
2016-12-12  112.900  113.220   3701876.0
2016-12-13  113.400  115.090   3969328.0
2016-12-14  115.000  115.830   3380960.0
2016-12-15  116.390  117.180   4581284.0
2016-12-16  117.330  116.620   7040540.0
2016-12-19  116.700  115.730   2971241.0
2016-12-20  117.300  118.520   3560644.0
2016-12-21  118.030  115.850   4451826.0
2016-12-22  116.140  117.870   3453548.0
2016-12-23  117.950  118.930   2577735.0
2016-12-27  119.110  117.920   2176239.0
2016-12-28  117.860  117.290   1889158.0
2016-12-29  117.170  116.930   1665253.0
2016-12-30  117.200  115.750   2988222.0
2017-01-03  116.500  118.750   4051809.0
2017-01-04  119.240  118.550   4014479.0
2017-01-05  118.490  118.760   3913088.0
2017-01-06  119.560  119.640   5301916.0
2017-01-09  120.050  120.210   7734824.0
2017-01-10  120.410  119.980   4688116.0
2017-01-11  120.000  117.240   7612374.0
2017-01-12  117.110  117.080   3977966.0
2017-01-13  117.150  117.480   3548478.0
2017-01-17  116.360  114.950   5371436.0
2017-01-18  115.100  115.220   4041063.0
2017-01-19  115.070  113.620   4701297.0
2017-01-20  114.280  112.660   5288587.0
2017-01-23  112.730  112.310   3577137.0
2017-01-24  112.750  112.450   3251341.0
2017-01-25  113.360  113.980   5333010.0
2017-01-26  114.580  111.530   7107318.0
2017-01-27  112.010  113.620   4069884.0
2017-01-30  113.480  113.180   4290322.0
2017-01-31  112.030  116.150   5976809.0
2017-02-01  116.110  117.410   4674361.0
2017-02-02  116.340  115.540   4244553.0
2017-02-03  116.030  115.640   2571146.0
2017-02-06  115.690  116.090   3526910.0
2017-02-07  116.340  116.260   2605288.0
2017-02-08  115.710  115.350   3285859.0
2017-02-09  116.455  116.740   3409345.0
2017-02-10  116.700  115.610   3102837.0
2017-02-13  116.020  116.420   2350847.0
2017-02-14  116.130  117.020   3536621.0
2017-02-15  117.130  120.470   5229593.0
2017-02-16  120.160  118.660   3384330.0
2017-02-17  119.130  121.160   4858957.0
2017-02-21  121.390  119.440   4641754.0
2017-02-22  119.480  119.270   3834874.0
2017-02-23  119.860  119.460   4410062.0
2017-02-24  118.500  118.230   4485995.0
2017-02-27  118.300  121.780   4220447.0
2017-02-28  121.860  123.510   6513617.0
2017-03-01  124.790  123.700   4528950.0
2017-03-02  123.640  122.240   3782542.0
2017-03-03  122.080  123.660   3229181.0
2017-03-06  123.450  123.520   2809430.0
2017-03-07  122.170  122.080   3590991.0
2017-03-08  122.010  123.040   3529555.0
2017-03-09  123.300  125.130   5599524.0
2017-03-10  126.500  124.000   5096906.0
2017-03-13  124.180  124.430   2833523.0
2017-03-14  124.400  124.680   2955071.0
2017-03-15  124.950  126.880   4879019.0
2017-03-16  127.050  126.620   4110071.0
2017-03-17  126.730  125.770   6142409.0
2017-03-20  125.570  126.510   2878400.0
2017-03-21  126.670  123.820   4435918.0
2017-03-22  124.050  123.370   3991773.0
2017-03-23  123.190  123.220   2785755.0
2017-03-24  123.720  123.380   2845493.0
2017-03-27  122.250  124.860   4370158.0
2017-03-28  124.610  124.430   3059647.0
2017-03-29  124.280  124.090   2055284.0
2017-03-30  123.930  124.340   1908686.0
2017-03-31  124.030  124.430   2866309.0
2017-04-03  124.920  124.050   3728614.0
2017-04-04  123.640  124.770   2293700.0
2017-04-05  125.280  124.180   3406185.0
2017-04-06  124.100  124.300   2883292.0
2017-04-07  124.460  125.580   2675036.0
2017-04-10  125.810  125.920   3279121.0
2017-04-11  125.690  125.060   3095371.0
2017-04-12  125.180  125.150   3249154.0
2017-04-13  125.250  124.450   2623661.0
2017-04-17  124.500  125.070   1883724.0
2017-04-18  124.480  123.010   3064526.0
2017-04-19  123.530  122.920   3265194.0
2017-04-20  123.350  123.270   2972267.0
2017-04-21  123.550  122.260   2913961.0
2017-04-24  123.630  123.150   3265737.0
2017-04-25  124.000  125.520   3904182.0
2017-04-26  126.260  125.200   3567542.0
2017-04-27  122.480  123.970   4597432.0
2017-04-28  124.210  124.050   3412026.0
2017-05-01  124.090  124.120   3314087.0
2017-05-02  123.960  123.820   3183660.0
2017-05-03  123.870  123.430   2405900.0
2017-05-04  123.690  124.460   2391308.0
2017-05-05  123.970  122.410   3898923.0
2017-05-08  122.090  118.360   6126682.0
2017-05-09  118.810  120.100   4294441.0
2017-05-10  120.040  119.680   3201417.0
2017-05-11  119.070  119.520   2573716.0
2017-05-12  119.850  119.320   2615522.0
2017-05-15  119.330  119.040   2942800.0
2017-05-16  119.170  119.360   2991441.0
2017-05-17  118.450  117.100   3630148.0
2017-05-18  117.070  117.400   3623018.0
2017-05-19  117.730  116.930   3068174.0
2017-05-22  116.500  115.710   5663372.0
2017-05-23  115.900  117.310   4359938.0
2017-05-24  117.730  117.750   2658115.0
2017-05-25  117.940  116.740   3662073.0
2017-05-26  116.930  116.780   2552327.0
2017-05-30  116.460  115.130   3424616.0
2017-05-31  115.010  114.410   4637852.0
2017-06-01  114.510  116.410   4245924.0
2017-06-02  116.710  118.730   4343695.0
2017-06-05  119.510  118.100   2909409.0
2017-06-06  117.730  116.880   3172548.0
2017-06-07  116.910  117.570   2682501.0
2017-06-08  117.700  117.060   3838619.0
2017-06-09  117.020  118.190   4549344.0
2017-06-12  117.940  119.350   3467037.0
2017-06-13  119.450  119.620   2937871.0
2017-06-14  119.800  121.040   4640992.0
2017-06-15  120.630  120.610   3086565.0
2017-06-16  120.670  122.360   7183199.0
2017-06-19  122.880  125.160   5760568.0
2017-06-20  124.750  126.220   6098689.0
2017-06-21  126.960  132.830  13669083.0
2017-06-22  133.000  133.680   8758111.0
2017-06-23  133.500  134.310   4469023.0
2017-06-26  134.230  133.850   3869766.0
2017-06-27  133.720  130.930   4462027.0
2017-06-28  131.410  134.230   5225032.0
2017-06-29  133.530  131.700   3996530.0
2017-06-30  131.810  129.870   3855934.0
2017-07-03  130.610  130.180   1761146.0
2017-07-05  130.980  133.200   3533393.0
2017-07-06  132.180  131.950   3242652.0
2017-07-07  132.250  132.560   2843702.0
2017-07-10  132.610  131.930   2385025.0
2017-07-11  132.480  132.250   2722150.0
2017-07-12  133.250  133.560   2346262.0
2017-07-13  133.680  134.470   4980703.0
2017-07-14  134.980  134.570   3338198.0
2017-07-17  134.310  134.870   2714635.0
2017-07-18  134.800  134.270   2081442.0
2017-07-19  134.950  135.000   3075067.0
2017-07-20  135.150  136.310   3832269.0
2017-07-21  136.230  137.740   3604482.0
2017-07-24  138.000  137.840   4273888.0
2017-07-25  138.700  136.440   3568881.0
2017-07-26  136.570  137.750   3161239.0
2017-07-27  138.480  134.150   6014146.0
2017-07-28  133.950  134.100   3763138.0
2017-07-31  134.750  135.410   4232381.0
2017-08-01  135.630  135.180   2966357.0
2017-08-02  135.110  134.850   2999402.0
2017-08-03  135.500  135.900   2818193.0
2017-08-04  136.000  136.700   3177215.0
2017-08-08  136.670  135.270   2741822.0
2017-08-09  133.760  135.570   3066896.0
2017-08-10  135.050  130.370   4207595.0
2017-08-11  130.300  130.610   2712212.0
2017-08-14  132.050  132.960   2886981.0
2017-08-15  133.620  131.370   2434961.0
2017-08-16  131.770  131.260   2188862.0
2017-08-17  130.570  127.580   4371913.0
2017-08-18  127.430  127.650   4241239.0
2017-08-21  127.450  127.430   2744543.0
2017-08-22  128.140  130.290   2751549.0
2017-08-23  129.550  129.190   1981686.0
2017-08-24  129.500  130.050   2400943.0
2017-08-25  130.700  129.680   2305751.0
2017-08-28  130.650  131.650   3241560.0
2017-08-29  130.740  132.440   2195552.0
2017-08-30  132.420  134.340   3507071.0
2017-08-31  135.460  138.985   6342662.0
2017-09-01  139.000  139.380   3895525.0
2017-09-05  138.350  139.350   4160648.0
2017-09-06  139.910  140.160   3431857.0
2017-09-07  139.500  141.760   4924960.0
2017-09-08  141.330  140.500   3672565.0
2017-09-11  140.560  140.920   2886650.0
2017-09-12  140.890  142.040   2229283.0
2017-09-13  141.670  141.260   2581718.0
2017-09-14  140.660  140.610   3063909.0
2017-09-15  141.500  142.040   5779847.0
2017-09-18  142.550  142.840   2567705.0
2017-09-19  142.930  143.470   2956790.0
2017-09-20  143.270  144.240   3819024.0
2017-09-21  143.840  143.780   2650892.0
2017-09-22  143.310  143.890   3541171.0
2017-09-25  143.890  144.940   4668450.0
2017-09-26  145.030  143.690   3252752.0
2017-09-27  144.120  142.970   2592680.0
2017-09-28  142.500  142.760   2080942.0
2017-09-29  143.000  145.820   4179389.0
2017-10-02  146.200  146.040   4464809.0
2017-10-03  146.470  146.080   2070286.0
2017-10-04  146.200  146.520   2035708.0
2017-10-05  142.940  140.010  13137115.0
2017-10-06  140.480  139.210   5686711.0
2017-10-09  139.720  139.270   3436507.0
2017-10-10  139.270  139.690   4470056.0
2017-10-11  138.660  139.560   3624686.0
2017-10-12  139.870  138.500   4173332.0
2017-10-13  138.470  136.460   5129924.0
2017-10-16  136.500  136.710   4072824.0
2017-10-17  137.830  138.860   4273930.0
2017-10-18  138.800  137.170   3207248.0
2017-10-19  136.890  135.960   4884568.0
2017-10-20  124.500  121.330  27644626.0
2017-10-23  121.760  122.370   7489889.0
2017-10-24  123.250  120.340   8218053.0
2017-10-25  120.370  119.520   7057912.0
2017-10-26   98.950   99.990  69358822.0
2017-10-27   99.640   98.170  23958514.0
2017-10-30   98.630  100.970  15768227.0
2017-10-31  101.930  100.970  12611288.0
2017-11-01  101.890  100.530   8143543.0
2017-11-02  101.000   98.200  10421746.0
2017-11-03   98.200  100.040   7010679.0
2017-11-06   99.890  101.640   9135881.0
2017-11-07  101.870  102.330   7011121.0
2017-11-09  101.010  102.460   6768441.0
2017-11-10  102.060  102.340   5848629.0
2017-11-13  101.930  101.160   5441940.0
2017-11-14  101.700   98.860   8798235.0
2017-11-15   98.560  100.340   5932212.0
2017-11-16  100.820  103.350   7260075.0
2017-11-17  103.490  104.100   5806616.0
2017-11-20  104.600  103.150   6021000.0
2017-11-21  103.690  104.500   7050637.0
2017-11-22  104.960  105.160   4025173.0
2017-11-24  105.200  104.500   2524415.0
2017-11-27  104.410  103.330   4268381.0
2017-11-28  103.530  103.990   4218770.0
2017-11-29  104.060  103.120   5708073.0
2017-11-30  103.540  100.830  10313362.0
2017-12-01  100.500  102.140   6210343.0
2017-12-04  103.000  102.610   5296971.0
2017-12-05  101.890  102.560   5250971.0
2017-12-06  102.880  102.170   4256954.0
2017-12-07  102.090  102.730   3835551.0
2017-12-08  103.740  106.090   5758460.0
2017-12-11  110.070  108.000   7991262.0
2017-12-12  108.420  109.040   5080593.0
2017-12-13  109.280  108.200   5431902.0
2017-12-14  108.150  108.240   5343301.0
2017-12-15  109.280  109.410   9719225.0
2017-12-18  109.660  108.040   5731065.0
2017-12-19  107.960  107.060   4916586.0
2017-12-20  107.500  108.270   3841088.0
2017-12-21  108.190  107.880   5013602.0
2017-12-22  102.890  106.330   9592699.0
2017-12-26  105.960  106.970   2677846.0
2017-12-27  106.570  104.460   5897676.0
2017-12-28  104.740  104.750   3896797.0
2017-12-29  104.270  104.360   4424672.0
2018-01-02  105.290  106.160   4724190.0
2018-01-03  106.220  109.140   5358201.0
2018-01-04  109.950  106.680   5875947.0
2018-01-05  106.010  104.990  10547492.0
2018-01-08  106.000  104.180  11369851.0
2018-01-09  104.330  105.490   7162279.0
2018-01-10  105.260  105.460   8392478.0
2018-01-11  105.620  104.490   6631356.0
2018-01-12  104.760  106.000   8591273.0
2018-01-16  106.720  104.820   5929120.0
2018-01-17  103.000  102.020  11718622.0
2018-01-18  102.400  101.720   8770009.0
2018-01-19  102.000  102.650   7714583.0
2018-01-22  100.000  102.910  12743693.0
2018-01-23  103.000  104.550   9864389.0
2018-01-24  104.970  103.110   8158290.0
2018-01-25  106.100  104.390  10875848.0
2018-01-26  104.940  105.170   7575881.0
2018-01-29  104.760  103.260   7029430.0
2018-01-30  102.640  101.580   5933959.0
2018-01-31  102.060  101.200   7001217.0
2018-02-01  100.540  100.340   7274474.0
2018-02-02   99.750   99.800   5430138.0