date    open    close     volume
                                     
2014-10-06   70.00   69.810   776235.0
2014-10-07   69.23   69.400  1073047.0
2014-10-08   69.78   70.260  1051252.0
2014-10-09   70.03   68.790  1133212.0
2014-10-10   68.46   66.270  1728582.0
2014-10-13   65.94   66.400  1313702.0
2014-10-14   66.64   66.490  1211543.0
2014-10-15   65.96   67.030  1287798.0
2014-10-16   66.49   67.000  1122182.0
2014-10-17   67.59   68.020   743077.0
2014-10-20   68.17   68.350   685672.0
2014-10-21   68.51   68.630  2015598.0
2014-10-22   68.89   67.380  1346586.0
2014-10-23   70.08   71.000  2786834.0
2014-10-24   71.77   72.700  1130524.0
2014-10-27   72.56   72.840  1400564.0
2014-10-28   73.00   73.470  1279906.0
2014-10-29   73.61   73.590  1041434.0
2014-10-30   73.02   73.910  1019101.0
2014-10-31   74.80   74.250   835895.0
2014-11-03   74.01   73.700   976167.0
2014-11-04   73.34   73.840   889647.0
2014-11-05   74.00   73.890   819653.0
2014-11-06   73.95   74.510   877385.0
2014-11-07   74.62   74.665   551304.0
2014-11-10   74.40   74.730   655599.0
2014-11-11   74.87   74.850   773483.0
2014-11-12   75.28   75.800  1306251.0
2014-11-13   76.01   76.640  1020209.0
2014-11-14   76.25   76.390   828293.0
2014-11-17   76.44   76.670   917190.0
2014-11-18   76.51   76.530   594606.0
2014-11-19   76.21   76.210  1022487.0
2014-11-20   76.21   76.030  1019087.0
2014-11-21   77.35   76.720   953591.0
2014-11-24   77.00   76.740   876824.0
2014-11-25   77.36   76.820   743386.0
2014-11-26   76.76   76.810   577100.0
2014-11-28   76.67   77.310   449785.0
2014-12-01   76.73   76.590   758047.0
2014-12-02   76.65   76.620   592813.0
2014-12-03   76.88   76.860   842505.0
2014-12-04   76.59   76.930   449685.0
2014-12-05   77.28   77.410   883607.0
2014-12-08   77.43   77.540   887732.0
2014-12-09   76.84   77.470  1069185.0
2014-12-10   77.48   77.240  1225801.0
2014-12-11   77.45   77.745   957602.0
2014-12-12   76.82   76.680   692187.0
2014-12-15   76.80   76.590  1078293.0
2014-12-16   76.67   75.370  1192273.0
2014-12-17   76.63   77.110  1953367.0
2014-12-18   78.27   78.290  1268832.0
2014-12-19   78.18   78.330  1818672.0
2014-12-22   78.46   79.800  2142893.0
2014-12-23   79.80   79.930  1052826.0
2014-12-24   80.29   80.440   333790.0
2014-12-26   80.46   80.060   319979.0
2014-12-29   79.42   79.610   527082.0
2014-12-30   79.63   79.110   357924.0
2014-12-31   79.12   78.570   438726.0
2015-01-02   78.78   78.460   569187.0
2015-01-05   78.35   78.010   721108.0
2015-01-06   78.96   77.950  1642428.0
2015-01-07   78.33   78.590   751676.0
2015-01-08   78.95   80.530  1566754.0
2015-01-09   80.90   80.580  1012244.0
2015-01-12   81.12   80.680  1202617.0
2015-01-13   80.78   79.470  1640669.0
2015-01-14   78.59   79.660   766559.0
2015-01-15   79.88   79.000  1077349.0
2015-01-16   79.04   80.810   930277.0
2015-01-20   81.52   80.190  1391211.0
2015-01-21   80.37   80.670  1169689.0
2015-01-22   79.16   79.990  1228274.0
2015-01-23   79.50   80.060  1339815.0
2015-01-26   80.12   80.030   885566.0
2015-01-27   79.41   79.190  1168927.0
2015-01-28   79.79   77.080  2241777.0
2015-01-29   78.62   78.500  2892607.0
2015-01-30   78.00   77.170  1592571.0
2015-02-02   77.15   76.500  2098743.0
2015-02-03   77.00   77.410  2765045.0
2015-02-04   77.00   76.840  1449147.0
2015-02-05   77.03   77.240  1358151.0
2015-02-06   77.91   76.720  1800736.0
2015-02-09   76.30   76.170  2312500.0
2015-02-10   76.46   76.960  2453733.0
2015-02-11   77.06   77.180  1530385.0
2015-02-12   78.59   78.200  1768774.0
2015-02-13   79.05   80.330  1232969.0
2015-02-17   80.89   80.740   904412.0
2015-02-18   80.62   81.290   842138.0
2015-02-19   81.41   82.100   806335.0
2015-02-20   82.22   82.480   716776.0
2015-02-23   82.48   82.390   683559.0
2015-02-24   82.65   82.840  1810637.0
2015-02-25   82.95   83.380   955042.0
2015-02-26   83.32   83.910  1067139.0
2015-02-27   83.86   83.490   889391.0
2015-03-02   83.37   84.350  1197791.0
2015-03-03   84.20   83.220   714208.0
2015-03-04   83.21   82.470   781632.0
2015-03-05   82.27   83.145   707084.0
2015-03-06   83.16   81.995   802929.0
2015-03-09   82.23   82.430   783201.0
2015-03-10   81.89   82.030  1126923.0
2015-03-11   81.99   81.630   763246.0
2015-03-12   81.76   81.460   967629.0
2015-03-13   80.96   81.220  1082924.0
2015-03-16   81.30   83.090  1049975.0
2015-03-17   82.59   83.460   564851.0
2015-03-18   83.44   84.600   937085.0
2015-03-19   84.68   84.960  1470679.0
2015-03-20   86.00   85.120  1437715.0
2015-03-23   85.38   84.690   722114.0
2015-03-24   84.89   83.780   832746.0
2015-03-25   84.30   81.380   871024.0
2015-03-26   80.69   82.190  1283767.0
2015-03-27   82.37   82.365   665471.0
2015-03-30   82.99   83.480   819473.0
2015-03-31   83.25   81.970   692186.0
2015-04-01   81.82   81.870   733870.0
2015-04-02   81.80   82.490   580719.0
2015-04-06   81.71   82.840   621781.0
2015-04-07   83.25   83.990   610334.0
2015-04-08   83.62   85.220   857635.0
2015-04-09   85.37   85.140   913071.0
2015-04-10   85.59   84.925  1104488.0
2015-04-13   85.17   82.910  1604148.0
2015-04-14   83.00   83.770  1219683.0
2015-04-15   83.98   84.620   948507.0
2015-04-16   84.70   84.760  1275074.0
2015-04-17   83.60   81.750  2488425.0
2015-04-20   83.00   85.880  3091695.0
2015-04-21   87.50   86.690  2175491.0
2015-04-22   87.09   87.170  1117487.0
2015-04-23   86.91   87.120  1085905.0
2015-04-24   87.46   87.550   780529.0
2015-04-27   87.99   87.380   883629.0
2015-04-28   87.63   87.320   673293.0
2015-04-29   87.00   85.720  1303587.0
2015-04-30   85.38   83.480  1890619.0
2015-05-01   83.77   83.950  2280010.0
2015-05-04   84.28   83.990  2060508.0
2015-05-05   83.57   84.105  1502569.0
2015-05-06   84.55   84.540  1056988.0
2015-05-07   84.34   85.010   691752.0
2015-05-08   86.04   85.700  1124377.0
2015-05-11   84.94   86.250  1106484.0
2015-05-12   85.85   86.010   979458.0
2015-05-13   86.69   86.900   957974.0
2015-05-14   86.93   88.030   776713.0
2015-05-15   88.42   86.860   763855.0
2015-05-18   86.58   86.710  1055679.0
2015-05-19   87.11   86.830   740879.0
2015-05-20   86.86   87.360  1001475.0
2015-05-21   87.34   86.700   717149.0
2015-05-22   86.55   87.220   607450.0
2015-05-26   87.20   85.780  1341548.0
2015-05-27   84.24   83.840  3340709.0
2015-05-28   83.74   85.190  1702123.0
2015-05-29   85.30   84.720   934077.0
2015-06-01   85.44   84.680   861307.0
2015-06-02   84.61   83.630  1278637.0
2015-06-03   84.23   83.700  1353592.0
2015-06-04   83.76   83.660   989217.0
2015-06-05   83.90   83.790  1258067.0
2015-06-08   83.98   83.210   822724.0
2015-06-09   83.94   83.590   925845.0
2015-06-10   84.12   84.770   862669.0
2015-06-11   85.00   84.780   751426.0
2015-06-12   84.60   83.710   875867.0
2015-06-15   83.12   82.820  1243960.0
2015-06-16   82.88   83.490   760075.0
2015-06-17   83.84   83.960  1503802.0
2015-06-18   84.34   84.700  1260715.0
2015-06-19   84.77   83.730  1095774.0
2015-06-22   84.69   83.940   729928.0
2015-06-23   84.46   83.160  1215190.0
2015-06-24   83.13   81.540  2005623.0
2015-06-25   81.93   80.730  1539304.0
2015-06-26   80.71   79.660  1591398.0
2015-06-29   78.99   78.220  1214366.0
2015-06-30   78.64   79.550  1500439.0
2015-07-01   80.20   80.210  1169319.0
2015-07-02   79.88   80.310   994332.0
2015-07-06   79.52   79.790  1016927.0
2015-07-07   79.86   79.360  1611124.0
2015-07-08   78.87   78.700  1512143.0
2015-07-09   79.70   80.660  1995732.0
2015-07-10   81.29   80.900  2055040.0
2015-07-13   80.86   79.940  2559468.0
2015-07-14   79.95   80.120  1523756.0
2015-07-15   80.30   80.030  1361235.0
2015-07-16   79.78   78.650  2571275.0
2015-07-17   78.93   78.000  3144611.0
2015-07-20   78.23   77.020  2699449.0
2015-07-21   76.88   78.740  3629281.0
2015-07-22   84.44   84.230  5769668.0
2015-07-23   84.49   84.100  2337056.0
2015-07-24   83.47   83.550  1269526.0
2015-07-27   82.59   82.220  1199478.0
2015-07-28   82.16   82.690  1463836.0
2015-07-29   82.31   81.350  1868295.0
2015-07-30   81.24   80.080  1790690.0
2015-07-31   80.73   80.770  1360255.0
2015-08-03   80.81   79.820   904985.0
2015-08-04   79.60   81.630  1855006.0
2015-08-05   81.40   82.180  1282070.0
2015-08-06   82.05   81.250  1811772.0
2015-08-07   81.49   80.860   793210.0
2015-08-10   81.60   82.590  1344067.0
2015-08-11   81.91   81.290  1318848.0
2015-08-12   80.36   80.780  1055615.0
2015-08-13   80.53   80.490   705761.0
2015-08-14   79.94   80.820   688058.0
2015-08-17   80.55   82.210  1133829.0
2015-08-18   82.18   82.540  1049014.0
2015-08-19   81.88   81.140   561638.0
2015-08-20   80.55   79.890  1141373.0
2015-08-21   78.61   76.900  1606801.0
2015-08-24   72.26   74.790  2483719.0
2015-08-25   76.97   77.600  3000845.0
2015-08-26   79.85   79.520  2006152.0
2015-08-27   79.83   79.610  1775204.0
2015-08-28   79.36   78.860  1179433.0
2015-08-31   78.28   78.010  1358502.0
2015-09-01   76.74   77.240  2065755.0
2015-09-02   77.58   78.350  1647774.0
2015-09-03   78.93   78.090  1108740.0
2015-09-04   76.99   77.610  1479307.0
2015-09-08   78.53   78.290   934658.0
2015-09-09   79.02   77.730   898439.0
2015-09-10   77.45   78.730   975246.0
2015-09-11   78.50   79.180   986201.0
2015-09-14   79.13   78.660   651093.0
2015-09-15   78.65   79.510   861220.0
2015-09-16   79.17   79.540   741339.0
2015-09-17   79.65   79.570   744019.0
2015-09-18   78.87   79.900  1190728.0
2015-09-21   80.46   80.590  1027920.0
2015-09-22   79.98   80.050  1044212.0
2015-09-23   79.60   80.090   770336.0
2015-09-24   79.35   79.370  1821597.0
2015-09-25   80.13   79.640   958841.0
2015-09-28   79.15   78.510   952594.0
2015-09-29   78.48   78.810  1159251.0
2015-09-30   79.24   79.330  1254347.0
2015-10-01   79.64   79.950  1967712.0
2015-10-02   79.38   80.520  1905179.0
2015-10-05   80.71   82.360  1532374.0
2015-10-06   82.18   80.370  1547984.0
2015-10-07   80.60   79.990  1213005.0
2015-10-08   79.49   79.690   979856.0
2015-10-09   79.60   79.480  1079290.0
2015-10-12   79.63   80.150   506168.0
2015-10-13   80.02   79.030   808903.0
2015-10-14   78.81   78.550  1185213.0
2015-10-15   78.82   79.720  1135807.0
2015-10-16   80.04   80.900  1257260.0
2015-10-19   81.00   80.590  1106794.0
2015-10-20   80.65   81.310   876627.0
2015-10-21   81.99   80.180  1628996.0
2015-10-22   80.56   82.040  1211865.0
2015-10-23   81.32   80.430  3019897.0
2015-10-26   82.23   80.980  2674059.0
2015-10-27   80.58   83.020  1870779.0
2015-10-28   83.48   84.810  2530464.0
2015-10-29   84.40   84.680  1326689.0
2015-10-30   85.00   84.940  1270737.0
2015-11-02   85.41   84.370  1654855.0
2015-11-03   84.10   84.390  1139335.0
2015-11-04   84.59   83.800  1085666.0
2015-11-05   83.39   81.800  1808260.0
2015-11-06   81.93   83.670  1877757.0
2015-11-09   82.84   81.760  1344125.0
2015-11-10   81.71   82.530  1147408.0
2015-11-11   83.10   82.110   732888.0
2015-11-12   81.93   82.340   970834.0
2015-11-13   81.90   80.830  1052251.0
2015-11-16   81.00   81.430  1092163.0
2015-11-17   81.86   82.590  1033106.0
2015-11-18   82.25   81.430  1855147.0
2015-11-19   81.05   83.600  1631083.0
2015-11-20   84.05   84.450  1309629.0
2015-11-23   84.05   84.400  1286915.0
2015-11-24   83.75   84.310  1113362.0
2015-11-25   84.62   85.860  1628707.0
2015-11-27   85.57   86.420  1131332.0
2015-11-30   85.81   87.290  7990897.0
2015-12-01   86.83   86.500  2028943.0
2015-12-02   85.66   86.930  1642573.0
2015-12-03   86.43   84.700  1759508.0
2015-12-04   84.52   86.905   944199.0
2015-12-07   86.25   86.450   720427.0
2015-12-08   85.75   86.630  1182728.0
2015-12-09   86.53   85.290  1171168.0
2015-12-10   85.38   84.800  1499026.0
2015-12-11   83.83   84.310  1022073.0
2015-12-14   83.61   85.240  1609656.0
2015-12-15   85.35   86.970  2247476.0
2015-12-16   87.36   86.510  1578606.0
2015-12-17   86.87   82.680  2531807.0
2015-12-18   82.50   80.620  2924070.0
2015-12-21   81.61   81.710  1005673.0
2015-12-22   82.23   82.660  1063434.0
2015-12-23   83.37   82.350   711325.0
2015-12-24   82.56   82.600   232294.0
2015-12-28   81.98   82.540   729459.0
2015-12-29   83.28   83.660  1003708.0
2015-12-30   83.75   82.360   872618.0
2015-12-31   82.17   81.380   820911.0
2016-01-04   78.91   79.480  3022835.0
2016-01-05   80.06   79.080  1931454.0
2016-01-06   77.74   77.780  1920283.0
2016-01-07   76.38   77.510  1676850.0
2016-01-08   77.72   76.710  1442457.0
2016-01-11   77.21   76.990  1146369.0
2016-01-12   77.52   78.750  2678774.0
2016-01-13   79.29   76.950  2410389.0
2016-01-14   76.94   77.630  1512584.0
2016-01-15   75.13   75.950  2037135.0
2016-01-19   77.04   75.920  2039090.0
2016-01-20   74.44   74.550  3990662.0
2016-01-21   74.56   72.760  2744176.0
2016-01-22   74.77   75.430  1876545.0
2016-01-25   75.41   75.450  2446620.0
2016-01-26   76.41   76.050  1530143.0
2016-01-27   76.10   75.200  2077576.0
2016-01-28   78.94   76.840  3182287.0
2016-01-29   77.19   78.810  2373789.0
2016-02-01   79.55   80.630  2020517.0
2016-02-02   79.80   78.580  1383094.0
2016-02-03   80.03   79.770  1852599.0
2016-02-04   79.72   79.690  1353102.0
2016-02-05   79.00   78.020  1699104.0
2016-02-08   76.72   76.910  1993084.0
2016-02-09   75.41   76.690  1518865.0
2016-02-10   77.32   77.330  1270531.0
2016-02-11   75.93   77.910  1265037.0
2016-02-12   78.09   78.670  1431014.0
2016-02-16   79.86   80.400  1420366.0
2016-02-17   80.79   81.390  1214767.0
2016-02-18   81.74   81.460  1532660.0
2016-02-19   81.18   81.610  1888655.0
2016-02-22   82.26   82.310  1917187.0
2016-02-23   82.39   82.000  1110230.0
2016-02-24   81.32   82.800   853474.0
2016-02-25   83.24   83.620  1070472.0
2016-02-26   84.51   82.680  1377273.0
2016-02-29   82.94   83.070  1686260.0
2016-03-01   83.92   84.690  1564410.0
2016-03-02   84.50   83.980  1110582.0
2016-03-03   85.23   85.190  1156538.0
2016-03-04   85.51   84.350  2403385.0
2016-03-07   84.30   83.400  1355975.0
2016-03-08   82.77   83.100  1062193.0
2016-03-09   83.72   83.780   826712.0
2016-03-10   84.58   82.900  1041295.0
2016-03-11   82.74   83.000  1878260.0
2016-03-14   82.93   82.260  1238364.0
2016-03-15   82.04   82.420  1100863.0
2016-03-16   81.78   82.900  1106630.0
2016-03-17   82.55   82.540  1260264.0
2016-03-18   82.83   82.980  1856514.0
2016-03-21   83.35   83.250  1259827.0
2016-03-22   82.90   83.350  1356589.0
2016-03-23   83.49   83.190  1070867.0
2016-03-24   82.86   82.830   610504.0
2016-03-28   82.91   83.140   580979.0
2016-03-29   83.00   83.830   521862.0
2016-03-30   84.72   86.340  1868898.0
2016-03-31   85.78   87.470  2312080.0
2016-04-01   86.80   86.770   910125.0
2016-04-04   87.06   85.710  1259862.0
2016-04-05   84.81   84.770  1112611.0
2016-04-06   85.31   86.290   978481.0
2016-04-07   86.70   85.640  1362695.0
2016-04-08   85.92   85.140   826078.0
2016-04-11   84.95   84.910   698070.0
2016-04-12   85.10   85.520  1382001.0
2016-04-13   85.88   88.070  1835977.0
2016-04-14   87.90   88.330  2421544.0
2016-04-15   88.50   88.400  1353924.0
2016-04-18   87.78   89.660  1734615.0
2016-04-19   89.93   88.880  2526054.0
2016-04-20   83.73   86.060  5539641.0
2016-04-21   86.79   84.220  2966341.0
2016-04-22   83.29   82.930  2476420.0
2016-04-25   82.93   84.340  1661388.0
2016-04-26   84.47   83.830  1239052.0
2016-04-27   83.34   83.500  1227110.0
2016-04-28   83.57   82.600   838713.0
2016-04-29   82.42   82.870   888663.0
2016-05-02   82.78   82.790  1381306.0
2016-05-03   82.68   82.160  1099665.0
2016-05-04   81.55   82.010  1213064.0
2016-05-05   82.01   81.850   631418.0
2016-05-06   81.01   81.890   815428.0
2016-05-09   83.13   82.480  1032723.0
2016-05-10   81.25   82.500  1420149.0
2016-05-11   82.60   81.210  1409699.0
2016-05-12   81.72   81.620   729531.0
2016-05-13   81.87   82.420  1170815.0
2016-05-16   82.87   82.990   967568.0
2016-05-17   83.00   82.520   828202.0
2016-05-18   82.26   83.210   804123.0
2016-05-19   82.65   82.370  1311110.0
2016-05-20   82.54   83.450  1366987.0
2016-05-23   83.26   83.400  1125751.0
2016-05-24   83.88   86.060  1446574.0
2016-05-25   86.22   85.930  1446476.0
2016-05-26   85.93   85.810  1263014.0
2016-05-27   84.24   83.600  2580516.0
2016-05-31   83.49   84.970  7987938.0
2016-06-01   84.50   84.800  1391379.0
2016-06-02   84.71   85.770  1268089.0
2016-06-03   85.23   84.970  1085101.0
2016-06-06   85.01   85.300  1346429.0
2016-06-07   85.32   84.770  1201677.0
2016-06-08   84.80   85.590  1337144.0
2016-06-09   85.65   85.200   880078.0
2016-06-10   84.55   84.400   926048.0
2016-06-13   83.84   84.400   594930.0
2016-06-14   83.64   84.330   751677.0
2016-06-15   84.37   84.280   794010.0
2016-06-16   82.40   81.700  2714724.0
2016-06-17   81.96   81.150  2110956.0
2016-06-20   81.54   81.240  1930459.0
2016-06-21   81.50   81.520  1075257.0
2016-06-22   81.42   80.980  1013277.0
2016-06-23   81.75   81.980  1264754.0
2016-06-24   79.01   78.170  1735334.0
2016-06-27   77.49   77.070  1758576.0
2016-06-28   78.27   77.400  1592287.0
2016-06-29   77.88   77.990  2807858.0
2016-06-30   78.11   79.680  2011213.0
2016-07-01   80.00   79.620  1238940.0
2016-07-05   79.00   79.740  1243815.0
2016-07-06   79.26   81.630  2788372.0
2016-07-07   81.48   81.860  1600285.0
2016-07-08   82.06   83.150  1275989.0
2016-07-11   82.10   82.480  1325111.0
2016-07-12   82.45   81.450  2537115.0
2016-07-13   81.76   81.920  1209301.0
2016-07-14   82.19   81.670  1022671.0
2016-07-15   82.15   81.160   907024.0
2016-07-18   81.58   81.970   928668.0
2016-07-19   81.51   81.190   876709.0
2016-07-20   81.97   82.260  1035949.0
2016-07-21   81.90   81.350   882785.0
2016-07-22   81.67   81.730  1636651.0
2016-07-25   81.82   83.640  2926588.0
2016-07-26   79.50   80.530  4574757.0
2016-07-27   80.38   78.100  2828254.0
2016-07-28   78.20   77.910  2030783.0
2016-07-29   77.70   76.880  2096723.0
2016-08-01   76.88   76.090  2816118.0
2016-08-02   75.86   75.050  3183272.0
2016-08-03   74.94   75.600  2025299.0
2016-08-04   75.81   75.890  1621670.0
2016-08-05   76.10   75.880  1206175.0
2016-08-08   76.21   75.100  1421944.0
2016-08-09   75.29   74.910  2373057.0
2016-08-10   74.89   74.600  1104526.0
2016-08-11   74.77   75.180  1689904.0
2016-08-12   74.87   74.830  1132101.0
2016-08-15   74.87   75.320  2148039.0
2016-08-16   75.31   75.120  1758427.0
2016-08-17   75.40   74.820  1357877.0
2016-08-18   75.04   75.910  1987944.0
2016-08-19   75.71   75.970  1963964.0
2016-08-22   75.86   75.400  1593222.0
2016-08-23   75.97   76.190  1101968.0
2016-08-24   75.73   76.050  1102190.0
2016-08-25   75.99   75.940   785856.0
2016-08-26   76.15   77.330  2232964.0
2016-08-29   77.02   76.220  1061288.0
2016-08-30   76.28   76.020   920859.0
2016-08-31   76.23   76.740  2514873.0
2016-09-01   76.68   76.960  1426786.0
2016-09-02   77.46   77.980  1565764.0
2016-09-06   78.32   77.750  1763265.0
2016-09-07   77.62   77.640   656334.0
2016-09-08   77.59   76.680  1700770.0
2016-09-09   76.31   76.770  2278869.0
2016-09-12   75.00   77.460  1595993.0
2016-09-13   76.55   76.760  1698235.0
2016-09-14   76.23   75.040  2167857.0
2016-09-15   74.85   75.510  1577277.0
2016-09-16   75.74   75.000  1399529.0
2016-09-19   75.58   75.030  1419175.0
2016-09-20   75.06   74.810   816051.0
2016-09-21   75.05   75.890  1024626.0
2016-09-22   76.00   76.050   842674.0
2016-09-23   76.24   75.700  2077238.0
2016-09-26   75.09   74.960   854320.0
2016-09-27   74.86   76.300   807251.0
2016-09-28   76.62   77.060  1023740.0
2016-09-29   77.03   76.730   947096.0
2016-09-30   76.99   77.610  1131983.0
2016-10-03   77.26   77.570   971041.0
2016-10-04   77.54   78.180  1852955.0
2016-10-05   78.20   78.690  1260843.0
2016-10-06   78.38   77.760  2698898.0
2016-10-07   78.13   78.070  1415972.0
2016-10-10   78.50   77.590  1163172.0
2016-10-11   77.59   76.630  1133685.0
2016-10-12   75.03   76.770  1653512.0
2016-10-13   76.50   76.350  1110192.0
2016-10-14   76.53   76.170  1175661.0
2016-10-17   75.84   76.200  1024575.0
2016-10-18   76.75   77.230   828940.0
2016-10-19   77.34   77.180   808637.0
2016-10-20   77.36   77.100   893346.0
2016-10-21   77.36   77.670   788845.0
2016-10-24   77.83   78.380   756832.0
2016-10-25   78.45   78.520   934282.0
2016-10-26   78.42   78.850  1011256.0
2016-10-27   79.00   79.050  1302368.0
2016-10-28   78.98   80.980  3612067.0
2016-10-31   83.74   84.560  3960135.0
2016-11-01   84.28   83.100  3322638.0
2016-11-02   83.00   83.330  1425083.0
2016-11-03   83.42   82.830   963903.0
2016-11-04   82.03   82.650   924871.0
2016-11-07   83.74   84.120  1258604.0
2016-11-08   83.84   83.400  1356690.0
2016-11-09   82.40   84.780  1827397.0
2016-11-10   84.82   85.150  1218120.0
2016-11-11   84.99   84.440  1792431.0
2016-11-14   84.07   84.070   954659.0
2016-11-15   84.28   82.700  1830442.0
2016-11-16   82.08   83.150  1553641.0
2016-11-17   83.06   83.800   824628.0
2016-11-18   83.84   83.410   708617.0
2016-11-21   83.84   83.960   774097.0
2016-11-22   83.00   83.740  1214936.0
2016-11-23   83.69   83.030  1014223.0
2016-11-25   83.38   83.230   327752.0
2016-11-28   82.94   82.530   956497.0
2016-11-29   82.36   81.590  1318226.0
2016-11-30   81.85   82.330  1316722.0
2016-12-01   82.28   81.310  2050552.0
2016-12-02   81.20   81.890  1043270.0
2016-12-05   81.99   83.360  1174578.0
2016-12-06   83.69   83.850   992544.0
2016-12-07   83.89   84.590   766603.0
2016-12-08   84.72   84.590   841466.0
2016-12-09   84.29   85.220   844907.0
2016-12-12   85.18   84.640   748288.0
2016-12-13   84.78   84.580  1179989.0
2016-12-14   84.39   84.920  1135598.0
2016-12-15   84.81   85.050  1366449.0
2016-12-16   85.46   84.990  1562288.0
2016-12-19   85.22   85.380   787600.0
2016-12-20   85.70   85.900  1095892.0
2016-12-21   85.69   85.660   947548.0
2016-12-22   85.93   84.950  1262018.0
2016-12-23   84.77   84.890   446014.0
2016-12-27   85.16   86.330   788805.0
2016-12-28   86.25   85.180   729709.0
2016-12-29   84.89   85.050  1140390.0
2016-12-30   85.25   84.460   754528.0
2017-01-03   84.73   84.570  1318079.0
2017-01-04   84.52   84.920  1896696.0
2017-01-05   84.68   86.660  1144867.0
2017-01-06   86.66   87.240  1876180.0
2017-01-09   87.33   87.200  1104937.0
2017-01-10   87.19   88.210  1681453.0
2017-01-11   88.48   88.490  2276146.0
2017-01-12   88.35   89.190  1131071.0
2017-01-13   89.46   90.710  3289086.0
2017-01-17   90.57   90.390  1588644.0
2017-01-18   90.90   89.610  2929728.0
2017-01-19   95.00   96.340  7119767.0
2017-01-20   96.99   97.790  2354085.0
2017-01-23   97.27   97.790  1941583.0
2017-01-24   98.07   98.890  2012990.0
2017-01-25   99.74   96.630  2345616.0
2017-01-26   96.60   98.150  1555187.0
2017-01-27   98.00   99.460  2338333.0
2017-01-30   99.21   98.450  1345603.0
2017-01-31   98.54   98.770  1059399.0
2017-02-01   98.56   97.910  1281962.0
2017-02-02   97.33   98.430   972488.0
2017-02-03   98.69   99.400  1399580.0
2017-02-06   98.82   98.960  1661492.0
2017-02-07  100.52  100.270  2215108.0
2017-02-08  100.45   99.560  1521362.0
2017-02-09   99.68  100.450  1378837.0
2017-02-10  100.25  101.190  1057629.0
2017-02-13  101.77  100.940   782946.0
2017-02-14  100.38  100.970   678287.0
2017-02-15  101.00  100.850  1107626.0
2017-02-16  100.70  101.000   869555.0
2017-02-17  100.57  101.210   922119.0
2017-02-21  101.31  101.110  1535617.0
2017-02-22  101.12  100.560   783096.0
2017-02-23  100.94   99.810  1324437.0
2017-02-24   99.20   99.450  1773646.0
2017-02-27   99.53   99.220  1385847.0
2017-02-28   99.20   98.910  1005374.0
2017-03-01   98.98   99.340  1299183.0
2017-03-02   99.56   99.170   950521.0
2017-03-03   99.20   99.360   873540.0
2017-03-06   98.84   98.960   692509.0
2017-03-07   98.63   98.680   738033.0
2017-03-08   98.59   99.800   909426.0
2017-03-09   99.65   98.800   762897.0
2017-03-10   99.41   99.920   732527.0
2017-03-13   99.97  100.400   815233.0
2017-03-14   99.90   99.540   698717.0
2017-03-15   99.47  100.730   644783.0
2017-03-16  100.90  101.920  1228347.0
2017-03-17  102.09  101.420  1330723.0
2017-03-20  101.61  101.690   836562.0
2017-03-21  101.80  101.110  1366208.0
2017-03-22  100.95  102.840  1344474.0
2017-03-23  102.80  103.400  1129462.0
2017-03-24  103.87  103.380  1164260.0
2017-03-27  102.56  103.710   858628.0
2017-03-28  103.89  103.790   880850.0
2017-03-29  103.66  103.420   708184.0
2017-03-30  103.40  103.120   526512.0
2017-03-31  102.98  102.660   950799.0
2017-04-03  102.74  103.210  1530593.0
2017-04-04  103.01  102.800   474299.0
2017-04-05  103.14  102.870   738394.0
2017-04-06  102.93  102.600   620841.0
2017-04-07  102.85  103.160   561804.0
2017-04-10  103.23  103.300   485071.0
2017-04-11  103.35  103.360   489554.0
2017-04-12  103.94  104.000   946626.0
2017-04-13  103.85  103.530   888785.0
2017-04-17  103.35  103.100  1253959.0
2017-04-18  104.45  102.470  1625976.0
2017-04-19  102.91  102.820  1127040.0
2017-04-20  102.87  102.640   778083.0
2017-04-21  103.10  103.410  1035638.0
2017-04-24  104.87  104.380  1041587.0
2017-04-25  104.70  105.360   910666.0
2017-04-26  105.01  104.220  2053760.0
2017-04-27  103.00  104.390  1601570.0
2017-04-28  105.19  104.010  1116778.0
2017-05-01  104.04  103.810  1227716.0
2017-05-02  104.11  104.440   735444.0
2017-05-03  104.70  104.380   665535.0
2017-05-04  104.87  106.250   908959.0
2017-05-05  106.10  106.000   693009.0
2017-05-08  105.67  106.320   731055.0
2017-05-09  106.18  106.040   656371.0
2017-05-10  106.04  106.050   704422.0
2017-05-11  105.57  105.720   631777.0
2017-05-12  106.01  107.600   963281.0
2017-05-15  110.50  110.360  2610368.0
2017-05-16  110.84  110.470  1174706.0
2017-05-17  109.86  108.380   953990.0
2017-05-18  108.37  108.690   824994.0
2017-05-19  108.65  108.420   870831.0
2017-05-22  108.59  109.570   691859.0
2017-05-23  109.88  109.620   669647.0
2017-05-24  109.85  109.950   862560.0
2017-05-25  110.21  111.400   873259.0
2017-05-26  111.16  111.210   642349.0
2017-05-30  111.30  111.420  1318651.0
2017-05-31  112.00  112.050  2015375.0
2017-06-01  112.35  111.590  1506590.0
2017-06-02  112.13  112.840   945803.0
2017-06-05  113.92  113.470   618021.0
2017-06-06  113.53  113.710   845929.0
2017-06-07  114.42  114.950  1075381.0
2017-06-08  115.36  115.470   707561.0
2017-06-09  115.26  110.800  1331834.0
2017-06-12  110.16  109.650  1694548.0
2017-06-13  110.03  111.060   934626.0
2017-06-14  111.62  111.090  1009338.0
2017-06-15  109.98  110.180   689406.0
2017-06-16  110.07  110.000  1356253.0
2017-06-19  110.51  111.770   610582.0
2017-06-20  111.91  111.170   730924.0
2017-06-21  111.35  112.570   817670.0
2017-06-22  113.20  113.510  1196105.0
2017-06-23  113.24  113.950   863943.0
2017-06-26  114.62  112.570   751454.0
2017-06-27  112.35  111.220  1020239.0
2017-06-28  111.80  112.400   967570.0
2017-06-29  111.87  109.590   922870.0
2017-06-30  110.26  109.080  1015456.0
2017-07-03  109.20  108.100   574183.0
2017-07-05  109.50  110.340   917632.0
2017-07-06  109.48  109.860   934274.0
2017-07-07  109.21  111.440   895400.0
2017-07-10  111.68  111.850   846730.0
2017-07-11  112.04  113.030   980056.0
2017-07-12  113.95  114.490   869561.0
2017-07-13  114.51  114.010   656446.0
2017-07-14  113.84  114.080   866104.0
2017-07-17  113.96  114.320   600151.0
2017-07-18  114.52  114.650   950486.0
2017-07-19  115.00  115.720  1609760.0
2017-07-20  108.80  107.410  4312100.0
2017-07-21  106.43  106.390  1932277.0
2017-07-24  107.19  106.740  1172330.0
2017-07-25  106.74  106.340  1102578.0
2017-07-26  106.28  107.570  1123406.0
2017-07-27  107.65  106.420  1813704.0
2017-07-28  106.26  106.570   667419.0
2017-07-31  106.60  105.780  1072042.0
2017-08-01  105.84  106.990  1074165.0
2017-08-02  107.00  105.340  1002462.0
2017-08-03  105.79  106.090   666320.0
2017-08-04  106.25  106.140   478019.0
2017-08-07  106.81  106.870   772127.0
2017-08-08  106.26  106.460   740080.0
2017-08-09  106.00  107.420   901598.0
2017-08-10  106.88  104.990   895386.0
2017-08-11  105.38  105.940   937016.0
2017-08-14  107.01  108.250   933844.0
2017-08-15  107.97  107.760   704296.0
2017-08-16  108.52  108.890   760360.0
2017-08-17  108.93  106.820   874425.0
2017-08-18  106.83  107.290   608486.0
2017-08-21  107.24  107.440   461497.0
2017-08-22  108.50  108.910   759226.0
2017-08-23  108.53  108.060   406177.0
2017-08-24  108.42  109.170   775732.0
2017-08-25  109.42  108.710   462171.0
2017-08-28  109.00  109.030   522612.0
2017-08-29  108.47  109.050   701752.0
2017-08-30  109.07  110.170   620130.0
2017-08-31  110.50  111.870   873814.0
2017-09-01  111.89  110.890  1043956.0
2017-09-05  110.05  110.020   942932.0
2017-09-06  110.43  111.020   613686.0
2017-09-07  111.45  111.420   427219.0
2017-09-08  112.49  112.630  1059263.0
2017-09-11  113.71  112.700   823298.0
2017-09-12  112.70  112.350   564128.0
2017-09-13  112.30  113.340   549411.0
2017-09-14  112.76  112.760   536883.0
2017-09-15  112.48  113.000   961672.0
2017-09-18  113.00  112.910   547106.0
2017-09-19  113.24  112.980   551993.0
2017-09-20  112.08  111.270  1004187.0
2017-09-21  111.51  110.820   456669.0
2017-09-22  110.43  111.990   482151.0
2017-09-25  111.08  110.960   513407.0
2017-09-26  111.69  111.740   819848.0
2017-09-27  112.37  112.720   701610.0
2017-09-28  112.67  112.370   515646.0
2017-09-29  112.61  114.020   743131.0
2017-10-02  113.51  115.210  1224499.0
2017-10-03  115.47  115.840   594963.0
2017-10-04  115.63  115.760   309579.0
2017-10-05  116.22  116.000   625819.0
2017-10-06  116.12  116.750   718578.0
2017-10-09  116.64  116.110   445213.0
2017-10-10  116.25  117.280   579463.0
2017-10-11  116.95  117.710   490884.0
2017-10-12  117.72  117.760   520670.0
2017-10-13  118.68  119.130   745162.0
2017-10-16  118.64  118.070   668081.0
2017-10-17  117.49  116.950  1913148.0
2017-10-18  117.62  118.005   767028.0
2017-10-19  117.74  117.900   557317.0
2017-10-20  118.66  118.500   771560.0
2017-10-23  119.00  117.520  1081665.0
2017-10-24  118.05  117.270   880733.0
2017-10-25  117.36  115.560  1010818.0
2017-10-26  116.62  115.880  1183616.0
2017-10-27  116.33  117.500  1361818.0
2017-10-30  117.22  116.490  1277131.0
2017-10-31  116.75  117.710  1746547.0
2017-11-01  107.00  103.010  9130069.0
2017-11-02  103.73  106.620  2962634.0
2017-11-03  106.65  105.650  1926874.0
2017-11-06  105.80  105.210  1097152.0
2017-11-07  105.62  104.990   912320.0
2017-11-09  105.36  103.630  1098233.0
2017-11-10  103.50  102.510  1150782.0
2017-11-13  102.35  102.800  2333949.0
2017-11-14  102.19  102.400  2332013.0
2017-11-15  102.35  103.050  1270371.0
2017-11-16  103.59  103.010  1348419.0
2017-11-17  103.21  102.150  1140313.0
2017-11-20  102.61  102.980  1003168.0
2017-11-21  103.66  103.950   765316.0
2017-11-22  104.23  103.620   756113.0
2017-11-24  103.60  104.020   380943.0
2017-11-27  105.18  104.720   953963.0
2017-11-28  104.79  104.220   967759.0
2017-11-29  104.38  102.060   980364.0
2017-11-30  102.53  104.290  1281160.0
2017-12-01  103.32  104.300   925434.0
2017-12-04  104.73  102.650   929901.0
2017-12-05  102.51  103.590  1099338.0
2017-12-06  104.47  103.540   741071.0
2017-12-07  103.62  103.530  1745767.0
2017-12-08  104.18  104.780   786891.0
2017-12-11  104.82  105.850  1086442.0
2017-12-12  104.87  105.430  1015931.0
2017-12-13  106.14  106.430   966882.0
2017-12-14  106.90  106.300  1141092.0
2017-12-15  106.73  107.220  1734543.0
2017-12-18  107.50  105.500  1245266.0
2017-12-19  106.00  104.940   970092.0
2017-12-20  104.98  104.370   815393.0
2017-12-21  105.07  103.210  1342106.0
2017-12-22  103.02  101.920  1271594.0
2017-12-26  101.43  102.700  1252804.0
2017-12-27  102.84  103.310   664149.0
2017-12-28  103.14  103.680   391762.0
2017-12-29  103.60  103.620   350239.0
2018-01-02  104.35  103.770   741387.0
2018-01-03  104.36  105.210   748346.0
2018-01-04  105.93  105.620   823587.0
2018-01-05  105.58  103.420  1517183.0
2018-01-08  103.33  103.600  1487778.0
2018-01-09  103.54  103.200  2368509.0
2018-01-10  104.06  103.140   985417.0
2018-01-11  104.01  102.940   843266.0
2018-01-12  102.72  103.000   977990.0
2018-01-16  102.98  102.490  1624855.0
2018-01-17  104.29  103.570  1482554.0
2018-01-18  103.33  103.200  1214904.0
2018-01-19  103.09  104.480  1796623.0
2018-01-22  104.80  105.000  1263188.0
2018-01-23  104.88  105.340  1246510.0
2018-01-24  105.97  105.140   957224.0
2018-01-25  103.40  103.970  1556985.0
2018-01-26  104.75  104.580  2310018.0
2018-01-29  104.50  105.330  1800861.0
2018-01-30  105.03  104.350  2117185.0
2018-01-31  101.96  103.410  4827135.0
2018-02-01  101.11  103.040  2196200.0
2018-02-02  102.15  101.380  2068551.0