date    open    close      volume
                                      
2013-01-02  34.700  34.7200   1638500.0
2013-01-03  34.750  34.5726   1460700.0
2013-01-04  34.670  34.3600   1111600.0
2013-01-07  33.230  31.8000   4087900.0
2013-01-08  31.770  31.4400   1845100.0
2013-01-09  31.660  32.1100   1213500.0
2013-01-10  32.500  31.8600   1098600.0
2013-01-11  32.020  32.0600   1125600.0
2013-01-14  31.930  31.8100   1181000.0
2013-01-15  31.770  32.1800    902000.0
2013-01-16  32.280  32.6100   1304300.0
2013-01-17  32.150  32.5800   1927100.0
2013-01-18  32.360  33.7600   2416500.0
2013-01-22  33.670  33.4700   3473000.0
2013-01-23  38.380  40.8500  14248300.0
2013-01-24  40.380  41.0400   3507900.0
2013-01-25  41.120  41.9700   2691900.0
2013-01-28  42.000  42.3900   1732100.0
2013-01-29  42.400  42.9600   2281300.0
2013-01-30  42.790  43.3000   2680500.0
2013-01-31  42.880  43.1500   2230400.0
2013-02-01  43.330  43.9400   3000100.0
2013-02-04  43.680  43.7500   1914800.0
2013-02-05  43.210  44.0500   2080600.0
2013-02-06  43.750  44.7200   2159300.0
2013-02-07  44.380  44.6100   2105400.0
2013-02-08  44.650  45.3400   1367500.0
2013-02-11  45.500  44.9600   1561200.0
2013-02-12  45.000  45.2500   1420800.0
2013-02-13  45.500  45.7500   1573900.0
2013-02-14  45.510  46.4100   1290400.0
2013-02-15  46.450  45.7200   1881000.0
2013-02-19  44.580  45.9600   2381400.0
2013-02-20  46.030  45.3300   2594600.0
2013-02-21  45.100  44.2700   2560100.0
2013-02-22  44.590  44.7500   1275100.0
2013-02-25  45.100  43.4700   2289500.0
2013-02-26  43.500  44.4000   1771500.0
2013-02-27  44.500  45.2900   1609900.0
2013-02-28  45.450  45.2300   1651600.0
2013-03-01  45.350  45.4200   1482900.0
2013-03-04  45.430  44.7200   1336700.0
2013-03-05  47.800  51.1600  13275200.0
2013-03-06  51.330  52.6900   5088600.0
2013-03-07  52.740  52.8500   2353700.0
2013-03-08  53.000  52.3100   2528200.0
2013-03-11  52.240  52.5300   1300900.0
2013-03-12  52.570  52.6200   1435000.0
2013-03-13  52.530  53.8750   3888200.0
2013-03-14  54.130  53.4500   1623000.0
2013-03-15  53.220  52.6500   2074000.0
2013-03-18  51.730  53.5000   2708900.0
2013-03-19  53.580  52.7900   1630600.0
2013-03-20  53.280  54.1750   1536900.0
2013-03-21  53.790  53.9900   2099300.0
2013-03-22  54.130  55.2800   1913700.0
2013-03-25  54.770  54.3400   2028900.0
2013-03-26  54.530  54.3500   1154600.0
2013-03-27  54.080  54.3700   1289700.0
2013-03-28  54.190  54.7100   1152600.0
2013-04-01  54.580  53.3700   1746900.0
2013-04-02  53.440  52.1290   2351200.0
2013-04-03  52.580  49.2000   4977500.0
2013-04-04  49.340  50.8100   2293000.0
2013-04-05  49.600  50.7100   1641100.0
2013-04-08  50.700  51.1800   1245600.0
2013-04-09  51.040  53.0300   2926800.0
2013-04-10  53.120  53.6800   1796000.0
2013-04-11  53.430  53.3900    982900.0
2013-04-12  52.940  54.2140   1885100.0
2013-04-15  53.860  52.7100   3547000.0
2013-04-16  53.430  55.5200   3023600.0
2013-04-17  54.570  53.6000   3787400.0
2013-04-18  54.100  53.1200   2249000.0
2013-04-19  53.210  53.3900   1747600.0
2013-04-22  52.820  55.5400   2817000.0
2013-04-23  56.450  57.6900   4672800.0
2013-04-24  53.780  56.4600   8551700.0
2013-04-25  56.850  56.3600   3466200.0
2013-04-26  56.310  55.1600   2349100.0
2013-04-29  55.800  56.2400   2445000.0
2013-04-30  56.280  56.5700   2250700.0
2013-05-01  55.890  54.2600   2245100.0
2013-05-02  54.680  56.2400   2063700.0
2013-05-03  56.980  58.1300   3330700.0
2013-05-06  58.100  59.6000   1943200.0
2013-05-07  59.500  59.0000   1905500.0
2013-05-08  58.830  59.6900   1886400.0
2013-05-09  59.430  60.2600   1720200.0
2013-05-10  60.000  61.6200   2313200.0
2013-05-13  61.280  61.1100   1499700.0
2013-05-14  58.880  59.9800   3055400.0
2013-05-15  59.660  60.5700   2101600.0
2013-05-16  60.690  59.8700   1835000.0
2013-05-17  60.050  60.3100   1109400.0
2013-05-20  60.240  59.6600   1037900.0
2013-05-21  59.910  59.8500   1668800.0
2013-05-22  61.740  60.4100   3937800.0
2013-05-23  59.620  60.6800   1796300.0
2013-05-24  60.480  59.0800   1360600.0
2013-05-28  60.480  60.6600   1455600.0
2013-05-29  60.100  62.1200   2321500.0
2013-05-30  62.510  63.6300   2577600.0
2013-05-31  63.410  62.3500   1734500.0
2013-06-03  62.490  61.8200   1951400.0
2013-06-04  61.980  62.3600   1919800.0
2013-06-05  61.850  60.1200   1626100.0
2013-06-06  60.310  60.9800   1156800.0
2013-06-07  61.600  62.8400   2009000.0
2013-06-10  63.200  63.5300   1420400.0
2013-06-11  62.680  60.9200   2061100.0
2013-06-12  61.680  61.3100   1291100.0
2013-06-13  61.030  62.2800   1483400.0
2013-06-14  62.290  62.3500   1076800.0
2013-06-17  62.950  62.9300   1042400.0
2013-06-18  63.440  65.7000   2654400.0
2013-06-19  65.770  65.0500   2829600.0
2013-06-20  64.340  62.9400   2472900.0
2013-06-21  63.210  61.0400   2622100.0
2013-06-24  60.140  58.4200   3176600.0
2013-06-25  59.660  60.3000   1620100.0
2013-06-26  60.880  62.9700   2122900.0
2013-06-27  63.340  62.4600   1841400.0
2013-06-28  61.740  63.8300   4610200.0
2013-07-01  64.890  64.2000   1459100.0
2013-07-02  64.600  66.6400   2971900.0
2013-07-03  66.150  67.1000   1073500.0
2013-07-05  67.810  69.2400   1732100.0
2013-07-08  69.300  67.1600   1974100.0
2013-07-09  67.990  68.5500   1317100.0
2013-07-10  68.700  68.7000   1423800.0
2013-07-11  69.900  69.2300   2163600.0
2013-07-12  69.590  69.6300   1552100.0
2013-07-15  69.740  69.8500   1749300.0
2013-07-16  70.370  68.7500   1469900.0
2013-07-17  68.370  68.8700   1185900.0
2013-07-18  69.200  67.9700   1314100.0
2013-07-19  67.740  69.5600   1141300.0
2013-07-22  70.000  70.0300   1266000.0
2013-07-23  70.030  68.8900   1187700.0
2013-07-24  69.700  68.5500   1442100.0
2013-07-25  68.470  68.7700   1302000.0
2013-07-26  68.360  68.0300    968800.0
2013-07-29  67.420  67.9200    760400.0
2013-07-30  68.250  68.8300   1141100.0
2013-07-31  69.290  69.9000   1173300.0
2013-08-01  70.550  73.0000   2662800.0
2013-08-02  72.030  72.1300   1301400.0
2013-08-05  71.920  72.8800    790200.0
2013-08-06  72.760  72.5200   1076100.0
2013-08-07  72.120  71.4500   1144400.0
2013-08-08  72.000  72.4300   1165900.0
2013-08-09  72.670  73.0600   1812300.0
2013-08-12  73.210  74.7500   2132300.0
2013-08-13  74.850  75.7600   4545100.0
2013-08-14  61.740  58.8290  22198600.0
2013-08-15  58.510  55.9300   7769700.0
2013-08-16  56.200  57.1200   4816400.0
2013-08-19  56.910  56.0100   3256600.0
2013-08-20  56.280  56.6700   2513300.0
2013-08-21  57.210  56.7100   2343900.0
2013-08-22  57.040  57.3600   1222100.0
2013-08-23  57.700  57.0000   1940400.0
2013-08-26  57.000  56.6000   1451600.0
2013-08-27  55.610  53.9000   3147900.0
2013-08-28  53.850  55.9800   3050900.0
2013-08-29  56.630  56.7600   1824100.0
2013-08-30  56.800  55.4900   1845700.0
2013-09-03  56.250  54.6000   3515500.0
2013-09-04  54.490  56.0050   1966700.0
2013-09-05  56.010  56.1800   1345300.0
2013-09-06  56.330  55.5800   1333100.0
2013-09-09  55.610  57.3000   1632800.0
2013-09-10  57.940  60.0400   3540600.0
2013-09-11  59.680  59.0300   1931400.0
2013-09-12  59.100  58.9200   1378400.0
2013-09-13  59.330  59.3100    933200.0
2013-09-16  60.000  59.3300   1539500.0
2013-09-17  59.420  59.4700    906600.0
2013-09-18  59.370  60.9080   2028600.0
2013-09-19  61.520  61.0100   1354000.0
2013-09-20  61.370  60.1900   2358100.0
2013-09-23  60.060  58.6800   1275700.0
2013-09-24  58.750  59.2600    999100.0
2013-09-25  59.240  59.1400   1132600.0
2013-09-26  59.280  59.4900   1016800.0
2013-09-27  59.200  59.2600    878800.0
2013-09-30  58.540  60.1900   1974000.0
2013-10-01  62.815  69.7600  11002400.0
2013-10-02  68.570  68.5900   4741300.0
2013-10-03  68.470  73.0900   6088100.0
2013-10-04  72.970  72.7100   2895500.0
2013-10-07  71.800  71.4900   2331300.0
2013-10-08  71.610  70.1000   2995100.0
2013-10-09  70.170  69.0200   2646600.0
2013-10-10  70.490  72.0900   2383900.0
2013-10-11  71.710  72.2800   1357600.0
2013-10-14  72.080  73.1900   2073600.0
2013-10-15  72.720  72.3700   1845600.0
2013-10-16  73.010  73.2100   2064500.0
2013-10-17  72.340  72.8400   1879500.0
2013-10-18  73.290  73.8620   2760100.0
2013-10-21  73.920  73.4000   3780700.0
2013-10-22  73.960  74.3200   4533400.0
2013-10-23  62.320  61.7700  15403500.0
2013-10-24  62.230  61.1100   3723900.0
2013-10-25  61.580  60.8300   2642700.0
2013-10-28  61.180  60.3700   1900000.0
2013-10-29  60.350  61.3900   2057100.0
2013-10-30  61.670  61.1600   1896000.0
2013-10-31  61.130  60.7400   1763100.0
2013-11-01  60.750  59.9280   2117600.0
2013-11-04  60.290  59.9100   1562000.0
2013-11-05  59.750  60.1800   1386300.0
2013-11-06  60.460  59.0420   2296300.0
2013-11-07  59.170  55.6800   3877400.0
2013-11-08  56.140  56.4800   2798600.0
2013-11-11  56.210  57.3400   2413600.0
2013-11-12  57.440  57.9400   2299100.0
2013-11-13  57.810  58.0100   1680600.0
2013-11-14  58.010  57.1100   2459900.0
2013-11-15  57.280  56.9000   2160700.0
2013-11-18  57.020  55.3900   2420400.0
2013-11-19  55.520  54.3100   2420100.0
2013-11-20  54.350  54.0100   3322700.0
2013-11-21  54.390  55.5000   2013100.0
2013-11-22  55.730  55.6300   1367900.0
2013-11-25  55.880  55.7800   1361600.0
2013-11-26  55.780  56.1500   1614500.0
2013-11-27  56.090  56.5400   1443300.0
2013-11-29  56.720  55.8000    727500.0
2013-12-02  55.880  57.3600   2592500.0
2013-12-03  57.290  58.1700   2321900.0
2013-12-04  58.020  58.0600   1734400.0
2013-12-05  57.960  58.2500   1268400.0
2013-12-06  58.240  58.0300   1843000.0
2013-12-09  58.790  58.0500   1735400.0
2013-12-10  57.820  58.1800    939700.0
2013-12-11  58.370  56.9300   1116500.0
2013-12-12  56.860  55.9200   1665900.0
2013-12-13  56.090  56.0700   1082600.0
2013-12-16  56.600  56.9200   1548900.0
2013-12-17  57.390  57.7100   1639600.0
2013-12-18  58.000  58.1200   1645900.0
2013-12-19  57.820  57.9800   1229400.0
2013-12-20  58.040  59.6500   2722200.0
2013-12-23  60.000  60.9000   1857900.0
2013-12-24  60.720  60.8300    741600.0
2013-12-26  61.120  61.7100   1460600.0
2013-12-27  61.910  61.4900   1408400.0
2013-12-30  61.280  61.5400   1158100.0
2013-12-31  61.820  62.5200   1188000.0
2014-01-02  62.000  61.7200   1809800.0
2014-01-03  62.000  62.4600   1679000.0
2014-01-06  62.500  62.0700   1397900.0
2014-01-07  62.660  64.5500   2570300.0
2014-01-08  64.990  65.7900   2084000.0
2014-01-09  66.850  66.6300   2940800.0
2014-01-10  66.600  67.1700   1931600.0
2014-01-13  64.500  61.0600   4966800.0
2014-01-14  61.690  63.2500   2736100.0
2014-01-15  63.800  64.1800   2215800.0
2014-01-16  64.180  63.8700   1630900.0
2014-01-17  64.000  62.5000   2695700.0
2014-01-21  62.230  62.8300   4203200.0
2014-01-22  64.300  67.3300   6427600.0
2014-01-23  65.680  63.3400   5658700.0
2014-01-24  63.010  61.6200   2671200.0
2014-01-27  61.640  60.3400   2108700.0
2014-01-28  60.770  62.7500   2087800.0
2014-01-29  61.810  61.8100   1702900.0
2014-01-30  62.380  62.5800   1481200.0
2014-01-31  61.460  60.4200   1825600.0
2014-02-03  60.490  57.2100   3966500.0
2014-02-04  58.100  57.9900   1974300.0
2014-02-05  57.160  57.1100   2873000.0
2014-02-06  57.630  58.7600   1569200.0
2014-02-07  59.420  59.3500   2453400.0
2014-02-10  59.210  58.9800   1282400.0
2014-02-11  59.000  60.0100   1811300.0
2014-02-12  60.060  60.5500   1233700.0
2014-02-13  60.020  60.8100   1336400.0
2014-02-14  60.980  60.8200   1146600.0
2014-02-18  60.800  62.2200   1521600.0
2014-02-19  62.110  61.2300   1034800.0
2014-02-20  61.250  61.6900   1049300.0
2014-02-21  61.550  60.2800   1447700.0
2014-02-24  60.090  61.0600    990200.0
2014-02-25  61.000  61.1100   1247800.0
2014-02-26  61.220  62.9100   2206000.0
2014-02-27  61.840  61.5500   1573800.0
2014-02-28  61.820  61.4300   1283300.0
2014-03-03  60.390  59.4700   2166500.0
2014-03-04  60.320  60.8500   1552600.0
2014-03-05  60.550  60.5300   1423800.0
2014-03-06  60.730  60.1200   1598000.0
2014-03-07  60.170  59.5400   1917800.0
2014-03-10  59.500  60.1600   1608400.0
2014-03-11  60.410  58.9100   1481700.0
2014-03-12  58.500  58.7000   1056200.0
2014-03-13  58.870  60.2400   2927700.0
2014-03-14  60.010  60.3400   1572100.0
2014-03-17  60.320  60.2400   1249800.0
2014-03-18  60.410  61.9400   1543700.0
2014-03-19  61.770  61.3100    903500.0
2014-03-20  61.270  61.6400    760200.0
2014-03-21  61.900  60.0300   2841500.0
2014-03-24  60.460  59.7000   1775500.0
2014-03-25  60.150  58.9100   1674400.0
2014-03-26  59.330  57.7700   2303200.0
2014-03-27  57.700  55.0100   4841800.0
2014-03-28  55.380  55.0200   2995100.0
2014-03-31  55.580  56.5600   1810800.0
2014-04-01  57.010  58.1000   1640400.0
2014-04-02  57.910  57.3900   2093300.0
2014-04-03  57.450  57.6500   1808900.0
2014-04-04  58.080  55.7200   2269000.0
2014-04-07  55.380  55.1900   2279300.0
2014-04-08  55.180  56.3800   1388800.0
2014-04-09  56.710  57.4200   1116400.0
2014-04-10  57.230  55.9400   1900500.0
2014-04-11  55.320  54.7300   1854200.0
2014-04-14  55.250  54.9200   1416500.0
2014-04-15  55.100  55.5100   1664600.0
2014-04-16  57.200  56.3800   1624000.0
2014-04-17  56.380  56.5400   1659900.0
2014-04-21  56.620  57.5600   2172500.0
2014-04-22  57.940  58.0500   4769700.0
2014-04-23  53.050  51.0400  13447500.0
2014-04-24  51.420  50.0300   5469700.0
2014-04-25  49.870  47.9400   5034500.0
2014-04-28  48.100  46.6300   5744000.0
2014-04-29  46.860  46.5100   3132200.0
2014-04-30  46.320  47.1700   3373000.0
2014-05-01  47.030  46.5200   2566400.0
2014-05-02  46.520  46.3900   1718100.0
2014-05-05  46.000  45.6000   2472500.0
2014-05-06  45.570  46.1700   4567800.0
2014-05-07  46.100  44.9900   2676600.0
2014-05-08  45.070  45.4000   3076400.0
2014-05-09  45.220  45.5400   1276800.0
2014-05-12  45.770  46.1600   1236300.0
2014-05-13  46.160  45.7500   1409900.0
2014-05-14  45.580  45.6100   1599100.0
2014-05-15  45.490  45.4100   2043200.0
2014-05-16  45.410  45.5500   1233900.0
2014-05-19  45.390  46.2600   1314400.0
2014-05-20  46.320  46.0800   1557500.0
2014-05-21  46.230  46.1700   1342800.0
2014-05-22  46.120  47.6300   4113100.0
2014-05-23  47.650  48.5000   1784100.0
2014-05-27  48.860  48.7300   1370300.0
2014-05-28  48.730  48.6900   1246200.0
2014-05-29  48.870  48.6300    970300.0
2014-05-30  48.770  48.1200   1246400.0
2014-06-02  48.140  47.8000    782900.0
2014-06-03  47.680  47.4100   1110800.0
2014-06-04  47.160  47.3100   1020700.0
2014-06-05  47.280  47.3100   1085400.0
2014-06-06  47.340  47.4600   1064500.0
2014-06-09  47.570  47.7200    981200.0
2014-06-10  47.920  47.1000   1372700.0
2014-06-11  46.910  47.7200   1056400.0
2014-06-12  47.780  47.2900    924600.0
2014-06-13  47.570  49.6600   3716000.0
2014-06-16  49.500  48.8800   1560000.0
2014-06-17  48.730  50.1900   1800400.0
2014-06-18  50.520  50.2300   1892700.0
2014-06-19  50.780  49.4700   1304900.0
2014-06-20  49.580  48.7700   2142900.0
2014-06-23  48.770  48.5900   1177500.0
2014-06-24  48.630  47.7900   1233100.0
2014-06-25  47.730  48.5400   1292600.0
2014-06-26  48.600  48.5300   1372300.0
2014-06-27  48.370  48.4800   1876000.0
2014-06-30  48.800  49.9500   2437500.0
2014-07-01  50.380  50.3500   2511300.0
2014-07-02  50.300  50.3100   1038600.0
2014-07-03  52.160  52.8300   2899900.0
2014-07-07  52.400  50.8600   1947900.0
2014-07-08  50.920  49.5400   2366400.0
2014-07-09  49.470  49.6200   1687900.0
2014-07-10  48.880  48.9200   1692800.0
2014-07-11  48.800  48.8300   1082800.0
2014-07-14  49.340  49.2300   1428000.0
2014-07-15  49.330  48.9200   1308900.0
2014-07-16  49.370  48.9400   1175100.0
2014-07-17  49.090  48.3200   1527200.0
2014-07-18  48.590  49.4000   1216400.0
2014-07-21  49.170  49.9900   1122200.0
2014-07-22  50.220  50.0900   1076100.0
2014-07-23  50.270  48.9500   1431400.0
2014-07-24  49.070  48.5500   1199000.0
2014-07-25  48.590  48.0200   1028500.0
2014-07-28  48.200  48.5100   1071800.0
2014-07-29  48.550  48.2500    965100.0
2014-07-30  48.390  48.7100    931100.0
2014-07-31  48.260  47.2300   1888000.0
2014-08-01  47.390  47.3300   1353100.0
2014-08-04  47.550  47.4900    872600.0
2014-08-05  47.300  48.0200   1085600.0
2014-08-06  47.850  48.7400   1085600.0
2014-08-07  49.090  48.5200    901200.0
2014-08-08  48.790  49.4000   1339600.0
2014-08-11  49.700  49.6900   1985700.0
2014-08-12  49.540  49.2000   3577200.0
2014-08-13  44.850  44.8150  11245700.0
2014-08-14  44.750  44.7300   2053800.0
2014-08-15  45.050  44.0000   3479600.0
2014-08-18  44.220  44.9200   2750900.0
2014-08-19  44.950  45.5250   1765400.0
2014-08-20  45.370  45.3900   1113700.0
2014-08-21  44.550  45.0700   1562800.0
2014-08-22  45.100  45.1500   1043900.0
2014-08-25  45.460  45.3300   1156300.0
2014-08-26  45.570  45.4700    832900.0
2014-08-27  45.460  45.5500   1532300.0
2014-08-28  45.250  45.4500   1012900.0
2014-08-29  45.640  45.5600    881500.0
2014-09-02  45.030  45.1300   1455200.0
2014-09-03  45.210  44.7800   1708600.0
2014-09-04  44.650  44.6200   1347000.0
2014-09-05  44.340  44.4900   1027000.0
2014-09-08  44.380  44.0000   1835000.0
2014-09-09  43.790  43.4000   2023500.0
2014-09-10  43.390  42.7900   2729600.0
2014-09-11  42.410  43.2400   1154600.0
2014-09-12  43.110  42.6750   1338000.0
2014-09-15  41.500  41.1050   3411200.0
2014-09-16  40.850  41.6300   1952000.0
2014-09-17  41.620  42.3850   1480500.0
2014-09-18  42.530  43.2200   1141200.0
2014-09-19  43.350  42.1600   1947500.0
2014-09-22  42.070  41.3500   1389100.0
2014-09-23  41.220  42.0000   1584400.0
2014-09-24  42.160  42.3400   1191352.0
2014-09-25  42.250  41.1300   1688172.0
2014-09-26  41.290  41.3150   1120483.0
2014-09-29  40.940  41.4150    876938.0
2014-09-30  41.380  40.9500   1144897.0
2014-10-01  40.880  39.6200   2973165.0
2014-10-02  34.450  34.8550  12084642.0
2014-10-03  34.990  33.7300   4816762.0
2014-10-06  33.790  33.5400   2929909.0
2014-10-07  33.340  31.7600   3255112.0
2014-10-08  31.820  32.7000   2874146.0
2014-10-09  32.500  30.8600   2987305.0
2014-10-10  30.720  30.7700   3139415.0
2014-10-13  30.790  31.2000   2680133.0
2014-10-14  31.410  32.3100   2885113.0
2014-10-15  32.040  32.9600   2879834.0
2014-10-16  32.310  33.0700   2528647.0
2014-10-17  33.470  33.1300   2106848.0
2014-10-20  33.080  32.9000   1591425.0
2014-10-21  33.100  33.1500   4512644.0
2014-10-22  29.500  27.2800  14149638.0
2014-10-23  27.410  29.4000   7321978.0
2014-10-24  29.300  29.6700   3307893.0
2014-10-27  29.480  30.4800   2854854.0
2014-10-28  30.750  32.1550   4126125.0
2014-10-29  32.150  31.8400   2909307.0
2014-10-30  32.110  31.5100   3709085.0
2014-10-31  31.960  31.4800   3227263.0
2014-11-03  31.300  32.0700   3654486.0
2014-11-04  31.910  32.2900   2018022.0
2014-11-05  32.430  32.6250   2474597.0
2014-11-06  32.620  32.4900   2182033.0
2014-11-07  32.430  32.6200   2398737.0
2014-11-10  32.670  33.6750   2785679.0
2014-11-11  33.630  33.9200   1761495.0
2014-11-12  33.640  34.8800   3936365.0
2014-11-13  34.990  35.0700   5138086.0
2014-11-14  35.080  35.5700   2629615.0
2014-11-17  35.340  35.0550   2602109.0
2014-11-18  35.110  35.1000   2341350.0
2014-11-19  35.100  35.1400   1676343.0
2014-11-20  34.950  34.8000   2184514.0
2014-11-21  35.200  35.5100   2415741.0
2014-11-24  35.360  36.5600   2835987.0
2014-11-25  36.760  36.4600   2154907.0
2014-11-26  36.440  36.7400   1954030.0
2014-11-28  36.770  36.3400   1274923.0
2014-12-01  36.080  34.2800   3002550.0
2014-12-02  34.320  34.1700   2441063.0
2014-12-03  34.050  35.2200   2254574.0
2014-12-04  35.250  33.9300   2406980.0
2014-12-05  34.080  34.2700   1805804.0
2014-12-08  34.200  31.5200   4061758.0
2014-12-09  31.000  31.7800   2443740.0
2014-12-10  31.480  31.7250   2514060.0
2014-12-11  31.570  30.3300   3584806.0
2014-12-12  30.160  30.1600   2464833.0
2014-12-15  30.340  30.2700   2047883.0
2014-12-16  30.170  30.0300   2143113.0
2014-12-17  30.050  30.1600   4308431.0
2014-12-18  30.550  30.9000   1792939.0
2014-12-19  31.040  31.2100   3034797.0
2014-12-22  31.220  32.1300   1650953.0
2014-12-23  32.230  32.5600   2105518.0
2014-12-24  32.520  32.6400    714448.0
2014-12-26  32.790  31.9900   1109731.0
2014-12-29  31.920  31.8600   1293188.0
2014-12-30  31.650  31.8100   1250633.0
2014-12-31  31.820  32.2200   1316994.0
2015-01-02  32.440  32.0700   1344709.0
2015-01-05  32.240  30.6700   1488116.0
2015-01-06  30.740  29.7500   3531118.0
2015-01-07  30.040  30.4400   1243655.0
2015-01-08  30.670  31.6500   1282610.0
2015-01-09  31.800  31.8450   1165367.0
2015-01-12  31.730  31.8700   1185557.0
2015-01-13  32.060  31.5300   1306022.0
2015-01-14  31.170  29.9700   2727910.0
2015-01-15  30.000  29.8200   1511157.0
2015-01-16  29.700  30.9000   2042530.0
2015-01-20  31.300  32.3400   6254478.0
2015-01-21  34.150  33.8800   9759838.0
2015-01-22  34.060  36.6100   4524912.0
2015-01-23  36.560  36.8100   2339708.0
2015-01-26  36.810  38.0200   2456555.0
2015-01-27  37.520  36.8600   2423525.0
2015-01-28  37.350  35.8300   2154760.0
2015-01-29  35.790  35.7500   1510054.0
2015-01-30  35.450  35.3600   1530313.0
2015-02-02  35.400  35.1800   1929284.0
2015-02-03  35.290  36.2600   1515366.0
2015-02-04  35.770  35.7100   1310367.0
2015-02-05  35.290  36.6100   1696159.0
2015-02-06  36.710  35.8800   2654468.0
2015-02-09  35.670  35.9400   1023568.0
2015-02-10  36.360  37.0300   1060686.0
2015-02-11  36.900  36.8600   1318696.0
2015-02-12  37.000  37.4300   1270395.0
2015-02-13  37.440  37.5100   1393214.0
2015-02-17  37.400  37.9400   1278765.0
2015-02-18  37.950  37.8400   1575625.0
2015-02-19  37.780  38.2600   1076338.0
2015-02-20  38.400  39.1850   1888643.0
2015-02-23  39.260  38.4650   1364744.0
2015-02-24  38.710  39.5550   1549955.0
2015-02-25  39.490  39.4000   1188140.0
2015-02-26  39.500  39.4800    937421.0
2015-02-27  39.120  39.2600   1498479.0
2015-03-02  39.460  39.5000   1494321.0
2015-03-03  39.210  39.4900   1544396.0
2015-03-04  39.220  38.9900   1163647.0
2015-03-05  39.200  38.8600   1154884.0
2015-03-06  39.040  39.1100   1146060.0
2015-03-09  39.210  38.8100   1187293.0
2015-03-10  38.480  38.7500   2181443.0
2015-03-11  38.750  37.5200   1605379.0
2015-03-12  37.500  37.0500   1291702.0
2015-03-13  36.800  36.6200   1558147.0
2015-03-16  36.710  37.1000   1179420.0
2015-03-17  36.990  37.5400   1148892.0
2015-03-18  37.330  37.4000   1065436.0
2015-03-19  37.330  37.3100   1328958.0
2015-03-20  37.580  38.2900   2081554.0
2015-03-23  38.360  38.6700   1148200.0
2015-03-24  38.660  38.4300    965438.0
2015-03-25  38.530  36.4200   1505707.0
2015-03-26  35.940  35.0100   2315169.0
2015-03-27  34.980  35.0300   2147003.0
2015-03-30  34.920  35.4050   1543828.0
2015-03-31  35.160  35.4900   1832614.0
2015-04-01  35.230  35.1700   1706633.0
2015-04-02  35.460  34.1300   1679080.0
2015-04-06  33.280  34.5800   3129446.0
2015-04-07  34.660  35.0500   1255838.0
2015-04-08  35.040  35.0850   1303290.0
2015-04-09  35.060  35.6700    733495.0
2015-04-10  35.640  35.2800    844620.0
2015-04-13  35.300  35.0000   1416568.0
2015-04-14  35.010  34.6650   1795688.0
2015-04-15  34.850  35.9000   1308729.0
2015-04-16  35.670  35.5550   1245621.0
2015-04-17  35.270  35.1600   1677915.0
2015-04-20  35.310  35.1000   1878227.0
2015-04-21  35.340  35.4000   3843041.0
2015-04-22  33.750  32.3600   9019939.0
2015-04-23  32.100  32.2300   4204701.0
2015-04-24  32.100  31.8700   2585003.0
2015-04-27  31.790  32.3200   3317205.0
2015-04-28  32.300  32.6000   2456599.0
2015-04-29  32.440  32.3500   2414024.0
2015-04-30  32.160  31.6800   2003482.0
2015-05-01  31.680  31.1200   2262175.0
2015-05-04  31.160  30.9800   1405881.0
2015-05-05  30.840  30.4600   2148267.0
2015-05-06  30.580  29.2950   3168487.0
2015-05-07  29.390  29.7300   1522993.0
2015-05-08  30.130  30.3600   1203172.0
2015-05-11  30.410  31.4150   2689534.0
2015-05-12  31.260  31.2200   1689648.0
2015-05-13  31.200  30.0300   3118572.0
2015-05-14  30.140  30.0600   1671892.0
2015-05-15  30.130  29.7450   1430766.0
2015-05-18  30.280  31.4800   3198552.0
2015-05-19  31.530  30.8000   1448023.0
2015-05-20  30.790  29.9050   1778632.0
2015-05-21  30.190  30.5600   1719720.0
2015-05-22  30.490  30.4700   1107624.0
2015-05-26  30.290  29.2400   3199693.0
2015-05-27  29.470  30.0400   1854993.0
2015-05-28  30.360  30.9200   2294574.0
2015-05-29  30.780  30.2800   6784774.0
2015-06-01  30.400  30.5550   1300272.0
2015-06-02  30.410  30.5100   1241296.0
2015-06-03  30.650  30.6350    935676.0
2015-06-04  30.530  30.3500   1097826.0
2015-06-05  30.240  30.0000   1624264.0
2015-06-08  29.910  29.3500   2271587.0
2015-06-09  29.450  29.5900   1220836.0
2015-06-10  29.720  30.0200    981748.0
2015-06-11  30.110  30.2000   1024086.0
2015-06-12  30.020  30.1200   1107096.0
2015-06-15  29.730  29.9600   1192718.0
2015-06-16  30.040  30.8200   1992156.0
2015-06-17  30.890  30.4500   1308522.0
2015-06-18  30.480  30.7300   1022238.0
2015-06-19  30.730  30.6900   1451583.0
2015-06-22  30.860  30.9600    810495.0
2015-06-23  31.020  31.0400    884482.0
2015-06-24  30.980  30.5600   1089034.0
2015-06-25  28.480  27.5100  10347319.0
2015-06-26  27.260  27.0000   3651343.0
2015-06-29  26.540  25.9600   3212992.0
2015-06-30  26.250  26.0300   2106248.0
2015-07-01  26.270  25.6200   2813058.0
2015-07-02  25.610  25.5200   1737695.0
2015-07-06  25.180  24.5200   3115324.0
2015-07-07  24.480  25.5400   3043242.0
2015-07-08  25.230  24.8700   2656837.0
2015-07-09  25.200  24.8000   2054552.0
2015-07-10  25.120  25.2300   1377261.0
2015-07-13  25.340  25.1000   1985314.0
2015-07-14  24.970  25.4300   1410465.0
2015-07-15  25.380  25.4800   1935681.0
2015-07-16  25.570  25.9200   1573239.0
2015-07-17  25.670  25.2500   1406001.0
2015-07-20  25.190  24.6800   1169534.0
2015-07-21  24.600  24.7200    838281.0
2015-07-22  24.410  24.7000   1066413.0
2015-07-23  24.670  24.4700   1526975.0
2015-07-24  24.420  24.3200   1596092.0
2015-07-27  24.060  24.6000   1507824.0
2015-07-28  24.760  24.9300   1586265.0
2015-07-29  24.940  25.2700   1261012.0
2015-07-30  25.240  25.3400   1124658.0
2015-07-31  25.300  24.6500   1605781.0
2015-08-03  24.620  24.6600   1861362.0
2015-08-04  24.560  24.7800   1138636.0
2015-08-05  25.010  24.9100   1274062.0
2015-08-06  24.940  25.3000   1602176.0
2015-08-07  25.300  25.5200   1397020.0
2015-08-10  25.650  25.8400   2295764.0
2015-08-11  25.730  25.2000   3997483.0
2015-08-12  23.760  26.5900   7357964.0
2015-08-13  26.380  26.9400   2405270.0
2015-08-14  27.000  27.0000   1494088.0
2015-08-17  27.000  27.5600   1426162.0
2015-08-18  27.580  27.0500   2259193.0
2015-08-19  27.020  27.1000   1448660.0
2015-08-20  26.890  25.3600   1856184.0
2015-08-21  24.990  25.4500   1895853.0
2015-08-24  24.440  26.3100   3064881.0
2015-08-25  27.340  25.4400   2579253.0
2015-08-26  26.010  25.6600   2009996.0
2015-08-27  26.130  26.9300   1552792.0
2015-08-28  26.830  26.9900   1506575.0
2015-08-31  26.720  27.2200    995784.0
2015-09-01  26.630  26.0700   1747262.0
2015-09-02  26.380  26.4300   1232093.0
2015-09-03  26.500  26.4700   1129067.0
2015-09-04  26.120  25.8500   1480002.0
2015-09-08  26.320  27.0000   1362807.0
2015-09-09  27.080  26.5500    894254.0
2015-09-10  26.490  26.4600    825022.0
2015-09-11  26.230  26.5800    700683.0
2015-09-14  26.560  26.0600    878903.0
2015-09-15  26.090  26.7100   1005126.0
2015-09-16  26.690  26.7800    683105.0
2015-09-17  26.640  26.1200   1085284.0
2015-09-18  25.850  25.4100   3199077.0
2015-09-21  25.600  25.2900    958813.0
2015-09-22  24.990  24.6800    972044.0
2015-09-23  24.600  24.2100   1606359.0
2015-09-24  24.000  24.1800   1521505.0
2015-09-25  24.500  23.9500    988907.0
2015-09-28  23.890  23.7500    924501.0
2015-09-29  23.710  23.8700   1149535.0
2015-09-30  24.210  24.2300   2201927.0
2015-10-01  24.180  23.8600   1203973.0
2015-10-02  23.550  24.4000   1026210.0
2015-10-05  24.470  24.9300   1090268.0
2015-10-06  24.990  25.1800   1646834.0
2015-10-07  25.390  25.8200   1327432.0
2015-10-08  25.720  25.8800    786265.0
2015-10-09  25.780  25.8200    705687.0
2015-10-12  25.720  25.5800    527005.0
2015-10-13  25.310  25.2500   1016289.0
2015-10-14  25.370  26.1800   2257697.0
2015-10-15  26.190  25.0000   2409901.0
2015-10-16  24.990  24.6850   1557290.0
2015-10-19  24.750  25.4800   1997244.0
2015-10-20  25.470  24.9100   2172564.0
2015-10-21  25.320  23.9600   3491427.0
2015-10-22  24.100  24.9600   2265760.0
2015-10-23  25.310  26.0000   2069746.0
2015-10-26  25.930  25.8300   1078073.0
2015-10-27  25.640  25.7200   1974004.0
2015-10-28  25.440  25.9500   1683972.0
2015-10-29  25.640  25.1100   1081351.0
2015-10-30  25.280  25.1900   1123706.0
2015-11-02  24.910  25.5400   1126248.0
2015-11-03  25.410  26.5700   1247056.0
2015-11-04  26.630  26.9600   1196805.0
2015-11-05  26.960  27.0200   1077354.0
2015-11-06  25.860  24.7600   3139991.0
2015-11-09  24.670  25.3600   1122689.0
2015-11-10  25.150  25.3600   1050957.0
2015-11-11  25.460  24.2500   1171360.0
2015-11-12  24.050  23.2600   2066332.0
2015-11-13  22.980  22.1200   1663635.0
2015-11-16  22.470  23.3300   1638286.0
2015-11-17  23.470  23.5800   1216555.0
2015-11-18  23.650  24.5700   1514185.0
2015-11-19  24.510  24.9200   1140680.0
2015-11-20  24.990  25.6600   1402830.0
2015-11-23  25.610  26.2600   1386564.0
2015-11-24  26.060  27.0300   1946185.0
2015-11-25  26.960  27.1000   1298918.0
2015-11-27  27.050  27.0900    579254.0
2015-11-30  27.050  27.6400   1489148.0
2015-12-01  27.810  27.8300    856610.0
2015-12-02  27.590  28.1600   2231595.0
2015-12-03  28.300  27.1200   1356502.0
2015-12-04  27.210  26.7100   1354145.0
2015-12-07  26.540  26.5600    757151.0
2015-12-08  26.260  26.2700    722035.0
2015-12-09  26.190  26.1400    926099.0
2015-12-10  26.060  26.1000    732640.0
2015-12-11  25.890  25.9100    549107.0
2015-12-14  25.870  25.3600   1043227.0
2015-12-15  25.450  25.4500    752634.0
2015-12-16  25.630  26.3900   1006867.0
2015-12-17  26.540  26.1000    834391.0
2015-12-18  26.140  26.5500   1722323.0
2015-12-21  26.670  26.7700    877490.0
2015-12-22  26.770  27.2600    879891.0
2015-12-23  27.330  27.6700   1022085.0
2015-12-24  27.690  27.9600    538908.0
2015-12-28  27.900  28.0900    783347.0
2015-12-29  28.050  27.6100    861714.0
2015-12-30  27.630  27.5100    620995.0
2015-12-31  27.370  26.6700    949087.0
2016-01-04  26.250  26.8200   1086962.0
2016-01-05  26.940  26.3500    979836.0
2016-01-06  25.960  25.8100    838856.0
2016-01-07  25.300  25.1400   1001937.0
2016-01-08  25.350  24.6600   1033287.0
2016-01-11  24.660  24.0700   1065460.0
2016-01-12  24.440  24.4400    739116.0
2016-01-13  24.460  24.2300   1176375.0
2016-01-14  24.310  24.5500   1070139.0
2016-01-15  23.500  24.1400   1874105.0
2016-01-19  24.500  24.2900   2682122.0
2016-01-20  25.250  26.3100   5409556.0
2016-01-21  26.320  27.7100   2653098.0
2016-01-22  28.060  28.0300   2206685.0
2016-01-25  28.110  27.5400   1481147.0
2016-01-26  27.780  27.7200   1349259.0
2016-01-27  27.640  26.9100   1503835.0
2016-01-28  26.610  27.0500   1083074.0
2016-01-29  27.120  28.0300   2015088.0
2016-02-01  27.870  28.1100   1133167.0
2016-02-02  27.810  27.8600   1109311.0
2016-02-03  28.020  28.0400    782156.0
2016-02-04  28.250  29.5500   1617251.0
2016-02-05  28.710  28.8800   2118472.0
2016-02-08  28.350  28.9300   2512347.0
2016-02-09  28.620  29.3600   2548657.0
2016-02-10  29.600  29.3000   1666691.0
2016-02-11  29.010  28.4400   1254574.0
2016-02-12  28.720  29.2300   1827120.0
2016-02-16  29.570  30.6200   1608662.0
2016-02-17  31.000  30.8900   1683710.0
2016-02-18  31.060  30.5700    866859.0
2016-02-19  30.320  30.3000   1133230.0
2016-02-22  31.700  31.4900   1720081.0
2016-02-23  31.420  31.3300    872465.0
2016-02-24  31.080  30.6000   2013398.0
2016-02-25  30.590  31.1900    956577.0
2016-02-26  31.370  31.5300    610627.0
2016-02-29  31.510  31.7400    901388.0
2016-03-01  32.170  32.4400   1070901.0
2016-03-02  32.270  32.4400    747059.0
2016-03-03  32.450  31.7600   1341860.0
2016-03-04  31.560  31.3900   1202813.0
2016-03-07  31.000  28.5700   4145415.0
2016-03-08  28.420  28.3500   1213043.0
2016-03-09  28.530  28.9900   1224701.0
2016-03-10  29.090  29.5400   1165346.0
2016-03-11  29.870  29.9000   1069472.0
2016-03-14  29.750  29.3100    793363.0
2016-03-15  29.170  28.9600    970998.0
2016-03-16  29.090  29.3900    607327.0
2016-03-17  29.320  29.6700    651211.0
2016-03-18  29.620  29.7700   1239118.0
2016-03-21  29.620  29.6900    668705.0
2016-03-22  29.520  29.6400    789046.0
2016-03-23  29.600  28.9700    807872.0
2016-03-24  28.770  29.1600    724609.0
2016-03-28  29.200  29.1500    474133.0
2016-03-29  29.020  29.4600    940713.0
2016-03-30  29.510  30.1400   1078701.0
2016-03-31  30.150  29.1000   1324686.0
2016-04-01  29.000  29.5500   1141668.0
2016-04-04  29.490  29.2200    751663.0
2016-04-05  29.000  29.0500    944419.0
2016-04-06  23.840  24.8100  14769444.0
2016-04-07  24.630  25.0800   4135616.0
2016-04-08  25.120  24.1500   1965805.0
2016-04-11  24.250  24.3400   1439899.0
2016-04-12  24.520  24.1800    998087.0
2016-04-13  24.150  24.5000   1207923.0
2016-04-14  24.400  24.4700    595327.0
2016-04-15  24.470  24.5100   1036654.0
2016-04-18  24.400  24.0200   1382190.0
2016-04-19  23.980  24.1900   2135030.0
2016-04-20  24.240  24.3700   1452333.0
2016-04-21  24.470  24.3100    857645.0
2016-04-22  24.250  24.5000    902596.0
2016-04-25  24.270  24.1900   1329558.0
2016-04-26  24.480  24.5900   1748476.0
2016-04-27  25.250  26.0000   2964723.0
2016-04-28  25.720  25.2600   1715967.0
2016-04-29  25.120  24.5100   1165904.0
2016-05-02  24.400  24.3200   1375571.0
2016-05-03  24.050  23.5700   1840704.0
2016-05-04  23.430  23.2100   1306122.0
2016-05-05  23.350  23.0100   1153937.0
2016-05-06  22.960  23.2400    956365.0
2016-05-09  23.270  23.1500    874847.0
2016-05-10  23.140  23.2100    920672.0
2016-05-11  23.080  22.9000    810642.0
2016-05-12  22.970  22.4700   1554546.0
2016-05-13  22.520  22.4300    762301.0
2016-05-16  22.420  22.5500    987597.0
2016-05-17  22.540  22.7500   1180226.0
2016-05-18  22.600  22.6600    804861.0
2016-05-19  22.640  22.5200   1029076.0
2016-05-20  22.780  23.2500   1387576.0
2016-05-23  23.290  23.2800   1295484.0
2016-05-24  23.300  23.8400    747853.0
2016-05-25  23.900  24.1800    834451.0
2016-05-26  24.260  24.0300    847548.0
2016-05-27  23.990  24.0600    759785.0
2016-05-31  24.180  24.0800    728476.0
2016-06-01  23.920  23.9500    769993.0
2016-06-02  23.850  24.1800    782487.0
2016-06-03  24.170  23.9700    737279.0
2016-06-06  24.050  24.3700    588299.0
2016-06-07  24.320  24.6500    813842.0
2016-06-08  24.650  24.6500    785300.0
2016-06-09  24.340  24.3700    886620.0
2016-06-10  24.010  24.2400    955304.0
2016-06-13  24.050  24.1600    819178.0
2016-06-14  23.980  24.6200    983988.0
2016-06-15  24.710  24.6700    931313.0
2016-06-16  24.500  24.7500    892257.0
2016-06-17  24.810  24.6900   1401117.0
2016-06-20  24.990  25.3500   1814180.0
2016-06-21  25.500  25.4200    915998.0
2016-06-22  25.380  25.1400    594117.0
2016-06-23  25.460  25.2000    796964.0
2016-06-24  24.170  23.9000   1909333.0
2016-06-27  23.700  23.1900   1057411.0
2016-06-28  23.470  23.4800    705681.0
2016-06-29  23.800  23.8200    725488.0
2016-06-30  23.880  24.4400    935319.0
2016-07-01  24.320  24.5100    544825.0
2016-07-05  24.290  23.9600    873145.0
2016-07-06  23.770  24.4500    953858.0
2016-07-07  24.400  24.8700    857393.0
2016-07-08  25.130  25.6100    947298.0
2016-07-11  25.640  25.0400   1087770.0
2016-07-12  25.110  25.2300    637560.0
2016-07-13  25.280  25.0800    429543.0
2016-07-14  27.380  27.7400   5434351.0
2016-07-15  27.870  27.6200   1077197.0
2016-07-18  27.810  27.8300    764912.0
2016-07-19  27.790  28.4100   1004217.0
2016-07-20  28.360  28.4700    727516.0
2016-07-21  28.410  28.4400    517786.0
2016-07-22  28.360  28.4800    644582.0
2016-07-25  28.460  28.7400    718953.0
2016-07-26  28.750  28.9100    576889.0
2016-07-27  28.910  28.9800    514508.0
2016-07-28  28.900  28.6600    619922.0
2016-07-29  28.740  28.6000    746232.0
2016-08-01  28.530  28.6300   1408720.0
2016-08-02  28.630  27.8500    739077.0
2016-08-03  27.750  27.4600    708498.0
2016-08-04  27.470  27.3300    632345.0
2016-08-05  27.500  27.9300    780373.0
2016-08-08  27.940  27.7800    524840.0
2016-08-09  27.770  27.8600    494568.0
2016-08-10  27.960  27.9000    389109.0
2016-08-11  28.100  27.8300    288518.0
2016-08-12  27.650  27.7600    501995.0
2016-08-15  27.910  28.0400    835600.0
2016-08-16  28.140  27.4800   2250243.0
2016-08-17  25.270  23.3800   9836321.0
2016-08-18  23.330  23.6300   2158236.0
2016-08-19  23.740  24.0000   1550981.0
2016-08-22  23.780  23.9700   1472599.0
2016-08-23  24.110  23.8200    838354.0
2016-08-24  23.830  23.5300    916825.0
2016-08-25  23.900  23.8800   1405995.0
2016-08-26  24.010  24.0000   1036270.0
2016-08-29  24.020  24.2300    868283.0
2016-08-30  24.290  24.1700    874225.0
2016-08-31  24.050  24.0100    934050.0
2016-09-01  23.980  24.3800    894936.0
2016-09-02  24.240  24.6500   1040333.0
2016-09-06  24.810  24.6300    618053.0
2016-09-07  24.560  25.1500   1867870.0
2016-09-08  24.890  24.8600    776299.0
2016-09-09  24.700  24.1600    872611.0
2016-09-12  23.780  24.0100   1121649.0
2016-09-13  23.790  23.9400    927267.0
2016-09-14  24.040  23.8000    618101.0
2016-09-15  23.750  23.9700   1178932.0
2016-09-16  23.960  23.9600   1138367.0
2016-09-19  24.160  24.3400    546198.0
2016-09-20  24.420  24.2800    632964.0
2016-09-21  24.370  24.5800    399523.0
2016-09-22  24.650  25.0400    716461.0
2016-09-23  24.930  24.9700    537263.0
2016-09-26  24.790  24.8900    416622.0
2016-09-27  24.940  25.3600    527185.0
2016-09-28  25.490  25.5200    855439.0
2016-09-29  25.490  25.3300    846275.0
2016-09-30  25.490  25.7200    962005.0
2016-10-03  25.600  25.5300    837201.0
2016-10-04  25.510  25.2100    879654.0
2016-10-05  25.200  25.3000    822699.0
2016-10-06  25.200  25.4600    621372.0
2016-10-07  25.440  25.2900    785804.0
2016-10-10  25.450  25.4700    403907.0
2016-10-11  25.310  24.9800    924671.0
2016-10-12  24.910  25.0000    708836.0
2016-10-13  24.860  24.6400    544465.0
2016-10-14  24.800  24.9200    563807.0
2016-10-17  24.790  24.8000    558756.0
2016-10-18  25.060  25.2000   2201344.0
2016-10-19  22.550  22.4100  11273856.0
2016-10-20  22.260  22.3100   2995648.0
2016-10-21  22.310  22.1200   2220561.0
2016-10-24  22.200  22.8500   2810210.0
2016-10-25  23.000  22.8300   1857934.0
2016-10-26  22.800  22.7300   1370537.0
2016-10-27  22.990  22.6700    965037.0
2016-10-28  22.780  22.1900   1158081.0
2016-10-31  22.190  22.3000   1224995.0
2016-11-01  22.170  21.6800   1390056.0
2016-11-02  21.600  21.2500   1307274.0
2016-11-03  21.390  21.1200   1078766.0
2016-11-04  21.000  21.1200   1136260.0
2016-11-07  21.380  21.7000   1219259.0
2016-11-08  21.590  21.8200    825539.0
2016-11-09  21.440  22.7200   1470520.0
2016-11-10  22.960  23.2100   2047326.0
2016-11-11  23.190  24.1800   1489623.0
2016-11-14  24.180  24.4900   1287225.0
2016-11-15  24.510  24.6900   1195932.0
2016-11-16  24.680  24.9600   1074711.0
2016-11-17  24.850  25.1500    856428.0
2016-11-18  25.260  24.9500    672646.0
2016-11-21  25.080  25.1400   1059241.0
2016-11-22  25.170  25.4100   1293324.0
2016-11-23  25.380  25.2400    997673.0
2016-11-25  25.340  25.7200    355174.0
2016-11-28  25.610  25.6100    678249.0
2016-11-29  25.530  25.6300   1031452.0
2016-11-30  25.650  25.3200    715749.0
2016-12-01  25.360  25.1800   1143423.0
2016-12-02  24.960  25.0800    952637.0
2016-12-05  25.250  25.6400   1060063.0
2016-12-06  25.620  26.0700    680987.0
2016-12-07  26.090  26.6800    950749.0
2016-12-08  26.990  26.8500   1266091.0
2016-12-09  26.720  26.8600    819667.0
2016-12-12  26.730  26.9800    708316.0
2016-12-13  27.000  27.2500    993506.0
2016-12-14  27.220  26.8200    974610.0
2016-12-15  26.830  27.0700    897542.0
2016-12-16  27.060  27.0700   2751226.0
2016-12-19  27.090  27.4700    800970.0
2016-12-20  27.520  27.5800   1031439.0
2016-12-21  27.460  27.4000    868849.0
2016-12-22  27.550  27.2400    874505.0
2016-12-23  27.210  27.4600    628092.0
2016-12-27  27.450  27.7200    589471.0
2016-12-28  27.830  26.9700    673385.0
2016-12-29  26.870  26.9500    882461.0
2016-12-30  26.940  26.3900    934041.0
2017-01-03  26.630  26.6000   1034856.0
2017-01-04  26.670  27.3500   1121298.0
2017-01-05  27.340  27.1400    874452.0
2017-01-06  27.070  27.2800    563911.0
2017-01-09  26.700  27.1300    878790.0
2017-01-10  27.260  27.4800    506472.0
2017-01-11  27.480  27.5700    663050.0
2017-01-12  27.560  27.5000    552700.0
2017-01-13  27.500  27.5900    783651.0
2017-01-17  27.510  27.4500    701951.0
2017-01-18  27.620  27.7800    552723.0
2017-01-19  27.850  27.6200    729249.0
2017-01-20  27.820  28.0450    716706.0
2017-01-23  27.820  27.4900   1100687.0
2017-01-24  27.520  27.4100   2638964.0
2017-01-25  28.710  28.8300  11420933.0
2017-01-26  28.980  28.5200   3014746.0
2017-01-27  28.630  28.3200   1159683.0
2017-01-30  28.290  27.7300   1797995.0
2017-01-31  27.560  27.5800   1283059.0
2017-02-01  27.780  27.8200   1222865.0
2017-02-02  27.800  27.8300   1280513.0
2017-02-03  27.990  28.1900    657042.0
2017-02-06  28.140  28.0800    444073.0
2017-02-07  28.100  27.9400    666749.0
2017-02-08  27.930  27.9500    537713.0
2017-02-09  26.280  25.7100   3008111.0
2017-02-10  25.750  25.7900   1292990.0
2017-02-13  25.770  25.7100    989941.0
2017-02-14  25.560  25.5600    791883.0
2017-02-15  25.550  25.9300    883837.0
2017-02-16  25.930  26.2100    703293.0
2017-02-17  26.050  26.4900    644773.0
2017-02-21  27.000  27.1400   1384631.0
2017-02-22  27.000  27.5600   3403509.0
2017-02-23  27.550  27.6700    893247.0
2017-02-24  27.410  27.4100    898075.0
2017-02-27  27.300  27.5300    704941.0
2017-02-28  27.390  27.1400    949404.0
2017-03-01  27.450  27.6400   1120838.0
2017-03-02  27.570  27.7500    788219.0
2017-03-03  27.680  27.1200    653566.0
2017-03-06  26.900  26.8800    794962.0
2017-03-07  26.780  26.8000    573106.0
2017-03-08  26.710  26.9100    560096.0
2017-03-09  26.830  26.7400    474373.0
2017-03-10  26.940  26.9300    519452.0
2017-03-13  26.920  26.9000    377581.0
2017-03-14  26.860  26.5600    398256.0
2017-03-15  26.620  26.8900    536215.0
2017-03-16  27.000  26.9800    337640.0
2017-03-17  26.880  26.8300    964351.0
2017-03-20  26.880  26.7900    522033.0
2017-03-21  26.970  26.1500    836881.0
2017-03-22  26.090  26.2200    745102.0
2017-03-23  26.190  26.6600    977006.0
2017-03-24  26.980  27.1300    824361.0
2017-03-27  26.840  27.0900    451810.0
2017-03-28  27.100  27.1400    599865.0
2017-03-29  27.060  27.1800    471664.0
2017-03-30  27.180  27.2400    630453.0
2017-03-31  27.210  26.7300    937609.0
2017-04-03  26.840  26.4000    617778.0
2017-04-04  25.850  24.4500   2567877.0
2017-04-05  24.530  24.2200   1679435.0
2017-04-06  24.190  24.6600   1021974.0
2017-04-07  24.230  24.6900    589784.0
2017-04-10  24.690  24.9900    616983.0
2017-04-11  24.930  24.9400    488082.0
2017-04-12  24.890  24.4900    641441.0
2017-04-13  24.340  24.1000    655254.0
2017-04-17  24.160  24.2400    566058.0
2017-04-18  24.090  24.2900    387425.0
2017-04-19  24.470  24.6000    480667.0
2017-04-20  24.730  24.8100    518487.0
2017-04-21  24.910  24.6600    439797.0
2017-04-24  24.950  24.7500    590989.0
2017-04-25  24.890  24.8200   1000752.0
2017-04-26  22.550  22.0700   7750228.0
2017-04-27  22.100  22.1500   2302569.0
2017-04-28  22.070  21.8800   1825184.0
2017-05-01  21.820  21.8500   1093437.0
2017-05-02  21.860  21.9900   1084487.0
2017-05-03  21.900  21.9900    891785.0
2017-05-04  22.000  22.0000    932727.0
2017-05-05  22.000  22.1200    993929.0
2017-05-08  22.050  22.1800    810418.0
2017-05-09  22.250  22.9650   1740764.0
2017-05-10  22.970  22.7900   1201008.0
2017-05-11  22.720  22.9000    908209.0
2017-05-12  22.900  22.4900    816512.0
2017-05-15  22.580  22.7500    992983.0
2017-05-16  22.740  22.5600    866287.0
2017-05-17  22.340  21.7300   1384949.0
2017-05-18  21.800  21.7000    717935.0
2017-05-19  21.770  23.0900   2573251.0
2017-05-22  23.930  24.4600   1761104.0
2017-05-23  24.500  24.2300   1305930.0
2017-05-24  23.990  24.3200    991879.0
2017-05-25  24.460  24.3000    700254.0
2017-05-26  24.240  23.9300    637788.0
2017-05-30  23.950  24.3200    820198.0
2017-05-31  24.440  23.8450    684266.0
2017-06-01  23.870  24.0400    477732.0
2017-06-02  24.140  24.1400    620805.0
2017-06-05  24.130  24.2400    669343.0
2017-06-06  24.050  24.5400    616583.0
2017-06-07  24.560  24.2700    495863.0
2017-06-08  24.390  24.9000    675871.0
2017-06-09  24.910  24.4200    718446.0
2017-06-12  24.260  24.6400    840361.0
2017-06-13  24.740  24.9700    597946.0
2017-06-14  25.030  24.9200    844696.0
2017-06-15  24.590  24.3900    918588.0
2017-06-16  24.310  24.1700   1408704.0
2017-06-19  24.100  24.3600   1045176.0
2017-06-20  24.480  24.0600    949591.0
2017-06-21  24.150  24.4400    918278.0
2017-06-22  24.430  24.8300    630206.0
2017-06-23  24.850  25.3500   5068225.0
2017-06-26  25.370  25.2900   1156552.0
2017-06-27  25.250  24.7000    927345.0
2017-06-28  24.870  25.2500    928049.0
2017-06-29  25.400  24.7900   1031840.0
2017-06-30  24.870  24.6500   1196889.0
2017-07-03  24.790  24.5300    537663.0
2017-07-05  24.540  24.8300    773604.0
2017-07-06  24.710  25.0000   1616225.0
2017-07-07  25.100  25.6600   1010704.0
2017-07-10  25.640  25.9600   1420770.0
2017-07-11  25.970  26.0900    968225.0
2017-07-12  26.210  26.3100    793018.0
2017-07-13  26.350  26.1400    623590.0
2017-07-14  26.190  26.1300    507220.0
2017-07-17  26.070  26.1700    680581.0
2017-07-18  26.080  26.1600    470746.0
2017-07-19  26.220  26.2500    508553.0
2017-07-20  26.160  26.4600    563656.0
2017-07-21  26.550  26.2700    614614.0
2017-07-24  26.260  26.1500    706273.0
2017-07-25  26.270  26.4400    877627.0
2017-07-26  26.510  26.5100    486161.0
2017-07-27  26.590  26.2900    665117.0
2017-07-28  26.160  26.4100    584924.0
2017-07-31  26.400  25.9100    576699.0
2017-08-01  26.050  26.1500    598095.0
2017-08-02  26.140  24.4900   1223165.0
2017-08-03  24.470  23.9900    814443.0
2017-08-04  23.980  24.1900    479890.0
2017-08-07  24.180  24.3100    670778.0
2017-08-08  24.210  23.7200    907758.0
2017-08-09  23.540  23.5000    703489.0
2017-08-10  23.380  22.8000    875456.0
2017-08-11  22.830  22.9800    890771.0
2017-08-14  23.200  23.5800   1319414.0
2017-08-15  23.690  23.7800    928186.0
2017-08-16  23.800  23.7300    922389.0
2017-08-17  23.580  23.0500    793357.0
2017-08-18  22.940  22.8500    777518.0
2017-08-21  22.820  22.5700   1090787.0
2017-08-22  22.750  23.0300   1994845.0
2017-08-23  20.760  22.2100  11305485.0
2017-08-24  22.320  23.3600   1970865.0
2017-08-25  23.460  23.4600   1213204.0
2017-08-28  23.480  23.5000   1046331.0
2017-08-29  23.260  23.2900    796922.0
2017-08-30  23.320  24.0800   1349610.0
2017-08-31  24.190  24.3300   1159599.0
2017-09-01  24.330  24.4100    816669.0
2017-09-05  24.300  24.5900   1223287.0
2017-09-06  24.640  24.6800    970926.0
2017-09-07  24.650  24.4800    706562.0
2017-09-08  24.420  23.8500    779895.0
2017-09-11  24.090  24.2000   1174839.0
2017-09-12  24.240  24.6800    639097.0
2017-09-13  24.600  24.4500    745513.0
2017-09-14  24.440  24.2500    665752.0
2017-09-15  24.270  24.5900   1522417.0
2017-09-18  24.650  24.8800    947597.0
2017-09-19  24.930  24.9700    745185.0
2017-09-20  25.000  24.6400    816946.0
2017-09-21  24.630  24.6300    514967.0
2017-09-22  24.570  24.9800    871969.0
2017-09-25  24.790  26.2000   2732656.0
2017-09-26  26.260  26.2900   1283927.0
2017-09-27  26.500  27.7300   2352057.0
2017-09-28  27.730  28.1600   1040862.0
2017-09-29  28.110  28.1900   1114687.0
2017-10-02  28.250  28.5900   1399176.0
2017-10-03  28.670  29.2500   1557540.0
2017-10-04  28.930  29.8100   1797301.0
2017-10-05  29.800  29.5700   1672536.0
2017-10-06  28.230  29.4600   2673949.0
2017-10-09  29.310  29.4900   1415644.0
2017-10-10  29.780  29.4600   1052345.0
2017-10-11  29.450  29.3900   1534858.0
2017-10-12  29.240  29.2100    930783.0
2017-10-13  29.360  29.3600   1081322.0
2017-10-16  29.540  29.2800   1345513.0
2017-10-17  29.200  29.3400   1725946.0
2017-10-18  29.310  34.1600  21525006.0
2017-10-19  33.340  34.1800   7165223.0
2017-10-20  34.170  33.8500   2689511.0
2017-10-23  33.850  33.9000   2375728.0
2017-10-24  34.150  33.6700   1414219.0
2017-10-25  33.560  32.5200   2541173.0
2017-10-26  32.760  32.8200   1340228.0
2017-10-27  33.090  32.6400   2581431.0
2017-10-30  32.500  34.3200   2933914.0
2017-10-31  34.560  35.7000   9168070.0
2017-11-01  35.360  34.5500   2635587.0
2017-11-02  34.350  34.1400   1419569.0
2017-11-03  34.200  34.0800    699917.0
2017-11-06  35.540  36.2500   2969349.0
2017-11-07  36.250  35.4200   1132886.0
2017-11-09  34.080  34.4700   2271409.0
2017-11-10  34.460  34.4500   2073116.0
2017-11-13  34.300  35.0700   1168294.0
2017-11-14  34.890  35.5000   1139336.0
2017-11-15  35.330  35.2400   1068517.0
2017-11-16  35.440  36.4200   1446993.0
2017-11-17  36.000  36.9300   1411645.0
2017-11-20  37.080  37.0300   1191287.0
2017-11-21  37.350  37.2900    998653.0
2017-11-22  37.330  36.6100    517048.0
2017-11-24  36.630  36.7700    336680.0
2017-11-27  36.550  36.2300    678413.0
2017-11-28  36.250  36.4900    965600.0
2017-11-29  35.810  34.5900   1837943.0
2017-11-30  34.810  35.5400    957146.0
2017-12-01  35.420  35.6600   1589230.0
2017-12-04  36.000  35.0200   1124725.0
2017-12-05  35.080  34.7800   1146285.0
2017-12-06  34.600  34.3500    779592.0
2017-12-07  34.390  34.8500    590254.0
2017-12-08  35.160  34.7700    426749.0
2017-12-11  35.110  34.5300   1077379.0
2017-12-12  35.000  36.1200   1934811.0
2017-12-13  36.090  36.8100   1674535.0
2017-12-14  36.770  38.0400   2206580.0
2017-12-15  38.130  39.1300   2596541.0
2017-12-18  39.500  39.6300   1796206.0
2017-12-19  37.450  37.6300   2663415.0
2017-12-20  37.960  37.7300   1105779.0
2017-12-21  37.700  37.7500    835348.0
2017-12-22  37.890  37.3300    642730.0
2017-12-26  37.130  37.6000    480683.0
2017-12-27  37.590  37.5100    628297.0
2017-12-28  37.740  37.2600    988016.0
2017-12-29  37.390  37.1400    564551.0
2018-01-02  37.000  38.1400    907746.0
2018-01-03  38.000  37.8900    614978.0
2018-01-04  38.110  38.6200    763321.0
2018-01-05  38.670  38.3500    532377.0
2018-01-08  38.250  38.5700    745389.0
2018-01-09  38.060  36.0200   1806512.0
2018-01-10  35.770  35.8000    992553.0
2018-01-11  35.820  36.4600   1197055.0
2018-01-12  36.630  36.8400    768587.0
2018-01-16  37.240  35.6000    989899.0
2018-01-17  35.880  36.6000    784740.0
2018-01-18  36.460  36.1800    476549.0
2018-01-19  36.170  36.2900    519787.0
2018-01-22  36.090  36.6900    991128.0
2018-01-23  35.880  35.0200   2777688.0
2018-01-24  36.170  35.9800   6215106.0
2018-01-25  36.580  34.7200   2203189.0
2018-01-26  34.840  35.2000   1785633.0
2018-01-29  34.870  34.7500   1050828.0
2018-01-30  34.440  34.2600   1296564.0
2018-01-31  34.490  34.5100   1228235.0
2018-02-01  34.440  34.5000   1287597.0
2018-02-02  34.250  33.2600   1496451.0
2018-02-05  32.930  32.1600   1413158.0
2018-02-06  31.290  32.3200   2200433.0
2018-02-07  32.150  32.6200   1237634.0
2018-02-08  32.350  32.5400   1971119.0
2018-02-09  32.200  32.7600   1395115.0
2018-02-12  32.990  33.5400   1603832.0
2018-02-13  33.430  34.6700   1497732.0
2018-02-14  34.410  35.9900   2323407.0
2018-02-15  36.430  36.5000   1150392.0
2018-02-16  36.170  36.7100    962220.0
2018-02-20  36.600  37.0900   1859740.0
2018-02-21  37.380  37.8300   1488034.0
2018-02-22  38.020  37.3400    920554.0
2018-02-23  37.580  37.3400   1199168.0
2018-02-26  38.000  37.2600   1160402.0
2018-02-27  37.120  38.3100   1560096.0
2018-02-28  38.250  37.8300   1054801.0
2018-03-01  37.830  37.1100   1066608.0
2018-03-02  36.760  37.2100   1046920.0
2018-03-05  37.150  38.0600   1305424.0
2018-03-06  38.630  41.7600   6373786.0
2018-03-07  41.480  42.8900   2485441.0
2018-03-08  43.020  42.8600   1886051.0
2018-03-09  42.970  41.9500   1510180.0
2018-03-12  41.970  42.1300   1057104.0
2018-03-13  42.270  42.1700   1064790.0
2018-03-14  42.300  42.4900   1243027.0
2018-03-15  42.800  42.2900   4929794.0
2018-03-16  42.300  42.6800   1240382.0
2018-03-19  42.320  42.6200    936273.0
2018-03-20  42.880  43.2100   1058908.0
2018-03-21  43.410  42.9900    734788.0
2018-03-22  42.400  41.3300   1177341.0
2018-03-23  41.220  40.3800    805052.0
2018-03-26  41.240  41.4400    837824.0
2018-03-27  41.610  40.0800   1367518.0