date     open   close     volume
                                     
2013-01-02   56.460   56.66  1144000.0
2013-01-03   56.550   56.91  1005400.0
2013-01-04   56.930   57.63   705700.0
2013-01-07   57.470   58.43   651500.0
2013-01-08   58.210   58.40   753400.0
2013-01-09   58.620   58.24   622200.0
2013-01-10   58.260   58.35   594400.0
2013-01-11   58.470   58.25   419100.0
2013-01-14   58.170   58.30   496100.0
2013-01-15   58.190   58.47   831900.0
2013-01-16   58.490   58.76   631900.0
2013-01-17   59.000   59.66   558400.0
2013-01-18   59.230   58.66   825200.0
2013-01-22   58.670   58.41   763100.0
2013-01-23   58.250   58.39   932800.0
2013-01-24   58.300   58.24   946000.0
2013-01-25   58.500   58.75  1254500.0
2013-01-28   58.770   58.76   548200.0
2013-01-29   58.660   58.97   882200.0
2013-01-30   58.890   58.92   534500.0
2013-01-31   59.190   60.23  1012900.0
2013-02-01   60.780   60.54   764300.0
2013-02-04   60.160   59.65   825100.0
2013-02-05   59.800   60.23   400200.0
2013-02-06   60.160   60.30   736600.0
2013-02-07   60.260   60.83   302300.0
2013-02-08   61.020   60.84   278600.0
2013-02-11   60.940   60.66   446000.0
2013-02-12   60.860   60.48   763000.0
2013-02-13   60.610   60.49   508100.0
2013-02-14   60.270   60.10   498800.0
2013-02-15   60.230   60.56   490300.0
2013-02-19   60.500   60.08   753600.0
2013-02-20   60.220   59.27   562400.0
2013-02-21   59.160   58.66   537400.0
2013-02-22   58.850   58.41   437000.0
2013-02-25   58.690   57.84   763000.0
2013-02-26   58.050   58.89  1020300.0
2013-02-27   56.400   55.55  3880300.0
2013-02-28   55.510   56.41  1395100.0
2013-03-01   56.260   55.73  1686300.0
2013-03-04   55.640   56.72   864900.0
2013-03-05   57.020   56.68   683300.0
2013-03-06   56.850   56.18   468600.0
2013-03-07   56.240   56.19   369800.0
2013-03-08   56.470   56.97   530900.0
2013-03-11   56.800   57.18   673800.0
2013-03-12   56.860   56.47  1077300.0
2013-03-13   56.470   57.58   817700.0
2013-03-14   57.650   57.60   541600.0
2013-03-15   57.690   58.25   999600.0
2013-03-18   57.820   57.62   627500.0
2013-03-19   57.790   56.77   520700.0
2013-03-20   57.200   58.05   454200.0
2013-03-21   57.750   57.41   481700.0
2013-03-22   57.560   57.96   637800.0
2013-03-25   58.030   57.62   602900.0
2013-03-26   56.720   56.99   925000.0
2013-03-27   56.880   56.87   411300.0
2013-03-28   56.890   57.27   510300.0
2013-04-01   57.190   56.84   704200.0
2013-04-02   56.880   57.37   524200.0
2013-04-03   57.240   58.50  1481900.0
2013-04-04   58.510   59.02  1528400.0
2013-04-05   58.530   59.11   915500.0
2013-04-08   59.150   59.30  1312400.0
2013-04-09   59.360   58.98   722000.0
2013-04-10   59.210   59.58   773800.0
2013-04-11   59.760   60.69   879100.0
2013-04-12   60.670   60.72   465600.0
2013-04-15   60.500   58.92   726600.0
2013-04-16   59.250   59.64   843300.0
2013-04-17   59.500   59.39   634800.0
2013-04-18   59.480   58.95   649000.0
2013-04-19   59.100   59.22   585200.0
2013-04-22   59.420   59.43   878400.0
2013-04-23   59.900   60.71  1271900.0
2013-04-24   60.830   60.49  1034200.0
2013-04-25   63.000   64.12  3494100.0
2013-04-26   64.440   64.78   948800.0
2013-04-29   65.290   64.95   744500.0
2013-04-30   64.910   65.39  1207200.0
2013-05-01   65.340   65.04   731800.0
2013-05-02   64.990   65.39   534100.0
2013-05-03   65.760   65.56   351600.0
2013-05-06   65.410   65.26   542700.0
2013-05-07   65.280   66.11   392100.0
2013-05-08   65.500   65.91   590500.0
2013-05-09   65.760   66.79  1037100.0
2013-05-10   67.050   69.79  1629300.0
2013-05-13   69.450   69.10  1125200.0
2013-05-14   69.130   70.25   635700.0
2013-05-15   70.260   69.89   711500.0
2013-05-16   69.890   68.98  1685900.0
2013-05-17   69.310   70.06   357700.0
2013-05-20   70.050   71.05   784000.0
2013-05-21   70.950   71.03  1137100.0
2013-05-22   71.100   70.18   396100.0
2013-05-23   69.900   69.89   593800.0
2013-05-24   69.220   70.20   651700.0
2013-05-28   70.850   70.26   813800.0
2013-05-29   69.720   70.67   747000.0
2013-05-30   70.650   71.50   830700.0
2013-05-31   71.120   72.07   871700.0
2013-06-03   72.000   71.83   702100.0
2013-06-04   71.690   71.22   353700.0
2013-06-05   71.120   70.46   252500.0
2013-06-06   70.590   70.99   264000.0
2013-06-07   71.580   71.65   268200.0
2013-06-10   71.910   72.60   536800.0
2013-06-11   71.560   71.02   860200.0
2013-06-12   71.340   71.80   900700.0
2013-06-13   71.930   72.65   397200.0
2013-06-14   72.100   72.39   786100.0
2013-06-17   72.860   73.29   897300.0
2013-06-18   73.310   73.55   349700.0
2013-06-19   73.380   73.38   206700.0
2013-06-20   71.870   71.75   308100.0
2013-06-21   72.670   73.15  1739400.0
2013-06-24   72.470   72.48   551500.0
2013-06-25   72.920   72.59   326600.0
2013-06-26   73.180   72.84   381900.0
2013-06-27   73.280   73.44   394000.0
2013-06-28   73.410   74.07   757200.0
2013-07-01   74.180   74.58   413800.0
2013-07-02   74.710   73.67   513200.0
2013-07-03   73.500   73.44   476600.0
2013-07-05   73.990   74.00   427200.0
2013-07-08   74.370   74.49   349800.0
2013-07-09   74.980   73.98   718500.0
2013-07-10   73.950   74.10   644500.0
2013-07-11   74.900   74.57   652800.0
2013-07-12   74.590   74.72   334200.0
2013-07-15   74.700   74.65   318700.0
2013-07-16   74.570   73.80   243000.0
2013-07-17   73.970   73.27   487200.0
2013-07-18   73.380   72.98   479500.0
2013-07-19   72.690   72.95   334600.0
2013-07-22   73.080   73.45   277200.0
2013-07-23   73.470   74.27   515600.0
2013-07-24   74.660   74.22   851800.0
2013-07-25   74.400   73.50  1159300.0
2013-07-26   73.120   73.50  1274300.0
2013-07-29   73.180   71.63   684500.0
2013-07-30   71.640   71.30   511800.0
2013-07-31   71.430   71.32   402200.0
2013-08-01   72.500   73.09   866600.0
2013-08-02   73.040   73.42   494900.0
2013-08-05   74.000   73.32   426500.0
2013-08-06   73.070   72.05   456100.0
2013-08-07   71.660   70.47   668000.0
2013-08-08   70.720   70.82   321900.0
2013-08-09   70.560   70.41   189300.0
2013-08-12   70.470   70.35   428800.0
2013-08-13   70.330   70.20   255000.0
2013-08-14   70.000   69.69   255700.0
2013-08-15   69.220   68.02   584600.0
2013-08-16   67.830   68.84   641700.0
2013-08-19   68.880   69.17   508800.0
2013-08-20   69.350   69.75   587400.0
2013-08-21   69.510   70.00   376200.0
2013-08-22   70.130   70.64   309900.0
2013-08-23   71.410   71.33   751000.0
2013-08-26   71.460   71.49   438100.0
2013-08-27   70.710   70.25   399700.0
2013-08-28   70.200   70.71   372800.0
2013-08-29   70.550   71.00   291400.0
2013-08-30   71.600   73.64  1582700.0
2013-09-03   74.280   74.46   942600.0
2013-09-04   74.500   74.05   661400.0
2013-09-05   74.210   73.55   657200.0
2013-09-06   73.550   72.96   539900.0
2013-09-09   73.080   73.43   365500.0
2013-09-10   73.610   73.41   540900.0
2013-09-11   73.480   73.69   491000.0
2013-09-12   73.570   73.80   450500.0
2013-09-13   73.990   74.38   561600.0
2013-09-16   74.860   74.53   529800.0
2013-09-17   74.560   75.14   441700.0
2013-09-18   75.260   77.04   520200.0
2013-09-19   77.070   77.28   555600.0
2013-09-20   77.380   77.33  1289200.0
2013-09-23   77.090   76.93   469900.0
2013-09-24   76.970   76.14   705100.0
2013-09-25   76.210   75.73   518400.0
2013-09-26   75.970   76.36   544800.0
2013-09-27   76.160   76.03   340200.0
2013-09-30   75.430   75.89   288600.0
2013-10-01   77.020   76.55  1452100.0
2013-10-02   76.270   76.05   453200.0
2013-10-03   75.940   75.72   612600.0
2013-10-04   75.810   76.87   432200.0
2013-10-07   76.240   76.44   693100.0
2013-10-08   76.290   73.66   750800.0
2013-10-09   73.720   73.43   478900.0
2013-10-10   74.110   74.32   416000.0
2013-10-11   74.050   73.25   502600.0
2013-10-14   72.780   73.79   528700.0
2013-10-15   73.720   73.31   395600.0
2013-10-16   73.680   73.29   555800.0
2013-10-17   73.070   73.78   325300.0
2013-10-18   73.900   74.53   482300.0
2013-10-21   74.670   74.33   446500.0
2013-10-22   74.350   74.51   553600.0
2013-10-23   74.090   74.68   903700.0
2013-10-24   72.170   68.28  3811600.0
2013-10-25   68.500   68.00  1925300.0
2013-10-28   67.860   68.04   858700.0
2013-10-29   68.130   68.07   889200.0
2013-10-30   68.020   68.03   935200.0
2013-10-31   67.900   69.15  1295300.0
2013-11-01   69.170   69.98   807800.0
2013-11-04   70.410   70.47   545800.0
2013-11-05   70.310   70.06   490400.0
2013-11-06   70.300   69.45   814900.0
2013-11-07   69.780   68.27   725700.0
2013-11-08   68.390   68.77  1085500.0
2013-11-11   68.910   69.64   590100.0
2013-11-12   69.430   69.42   576900.0
2013-11-13   69.260   70.05   606600.0
2013-11-14   69.870   70.20   419600.0
2013-11-15   70.390   70.18   525700.0
2013-11-18   70.380   69.84   572500.0
2013-11-19   69.720   69.91   427500.0
2013-11-20   70.360   69.96   354600.0
2013-11-21   70.130   70.36   276500.0
2013-11-22   70.260   70.22   309800.0
2013-11-25   70.450   70.69   381300.0
2013-11-26   70.720   70.62   229100.0
2013-11-27   70.630   70.86   277900.0
2013-11-29   70.910   70.67   116800.0
2013-12-02   70.490   70.07   419200.0
2013-12-03   69.790   69.89  1021200.0
2013-12-04   69.630   70.46   939900.0
2013-12-05   70.370   70.45   339600.0
2013-12-06   70.500   70.25   749900.0
2013-12-09   70.430   70.33   288400.0
2013-12-10   70.130   69.96   573800.0
2013-12-11   70.070   69.75   472600.0
2013-12-12   69.730   69.68   632500.0
2013-12-13   69.830   69.69   403300.0
2013-12-16   69.830   70.05   376600.0
2013-12-17   70.100   70.30   812600.0
2013-12-18   70.350   70.71   683500.0
2013-12-19   70.730   70.32   653100.0
2013-12-20   70.370   70.36   976900.0
2013-12-23   70.720   71.03   378700.0
2013-12-24   71.040   71.03   192400.0
2013-12-26   71.050   71.13   278200.0
2013-12-27   71.310   71.07   167800.0
2013-12-30   71.270   71.93   512200.0
2013-12-31   71.930   71.79   501000.0
2014-01-02   71.850   72.34   464100.0
2014-01-03   72.270   72.37   281700.0
2014-01-06   72.450   72.52   650800.0
2014-01-07   72.690   72.65   542400.0
2014-01-08   72.620   72.63   561300.0
2014-01-09   72.710   72.77   358500.0
2014-01-10   72.660   72.91   407100.0
2014-01-13   72.760   71.65   922900.0
2014-01-14   71.770   71.63   944800.0
2014-01-15   71.850   71.48   504700.0
2014-01-16   71.330   70.83   738000.0
2014-01-17   70.840   70.30   597000.0
2014-01-21   70.720   70.07   500900.0
2014-01-22   70.140   69.73   557700.0
2014-01-23   69.490   69.70   851500.0
2014-01-24   69.430   69.16   733900.0
2014-01-27   69.180   68.44   945800.0
2014-01-28   68.560   67.85  1114800.0
2014-01-29   67.500   66.82   805300.0
2014-01-30   67.390   67.72   896000.0
2014-01-31   67.230   67.25   695000.0
2014-02-03   67.140   65.50  1114500.0
2014-02-04   65.920   65.51  1160800.0
2014-02-05   65.480   64.84   473100.0
2014-02-06   64.780   65.34   449800.0
2014-02-07   65.520   66.67   376400.0
2014-02-10   66.610   66.40   201900.0
2014-02-11   66.480   67.16   379700.0
2014-02-12   67.150   67.47   484400.0
2014-02-13   67.770   68.02   338600.0
2014-02-14   67.780   67.80   330000.0
2014-02-18   67.950   68.49   408700.0
2014-02-19   68.300   68.00   739000.0
2014-02-20   67.720   66.83   676700.0
2014-02-21   66.930   67.89  1221400.0
2014-02-24   67.920   67.99   869400.0
2014-02-25   67.790   68.75  1222100.0
2014-02-26   70.000   73.78  3191500.0
2014-02-27   73.860   75.08  1119300.0
2014-02-28   75.150   75.33   859800.0
2014-03-03   74.990   75.39   656800.0
2014-03-04   75.720   77.97  1050900.0
2014-03-05   77.880   77.56   696500.0
2014-03-06   77.210   77.13   551200.0
2014-03-07   77.240   77.48   435600.0
2014-03-10   77.560   77.32   413600.0
2014-03-11   77.370   77.05   388100.0
2014-03-12   76.750   76.42   478800.0
2014-03-13   76.540   76.60   698600.0
2014-03-14   76.530   77.01   413200.0
2014-03-17   77.380   77.25   350300.0
2014-03-18   77.200   77.47   275900.0
2014-03-19   77.310   76.34   342000.0
2014-03-20   76.070   76.30   293400.0
2014-03-21   76.270   76.36   618000.0
2014-03-24   76.650   75.92   372200.0
2014-03-25   76.340   74.91   374800.0
2014-03-26   75.330   74.75   307300.0
2014-03-27   74.650   75.68   418600.0
2014-03-28   75.760   76.05   235100.0
2014-03-31   76.390   77.65   490300.0
2014-04-01   77.790   76.88   448500.0
2014-04-02   78.690   79.36   717100.0
2014-04-03   79.410   78.59   608900.0
2014-04-04   79.000   77.21   405000.0
2014-04-07   76.910   75.98   405400.0
2014-04-08   75.840   76.07   363000.0
2014-04-09   76.090   76.37   253600.0
2014-04-10   76.500   74.56   375100.0
2014-04-11   74.080   73.32   315800.0
2014-04-14   73.980   73.54   364500.0
2014-04-15   73.540   73.46   475000.0
2014-04-16   73.860   74.08   312600.0
2014-04-17   73.980   73.67   503100.0
2014-04-21   73.850   73.42   407300.0
2014-04-22   73.580   74.03   387500.0
2014-04-23   74.120   73.36   448200.0
2014-04-24   73.710   73.90   931200.0
2014-04-25   73.920   73.55   973400.0
2014-04-28   74.550   74.14   983500.0
2014-04-29   74.370   73.51   747200.0
2014-04-30   73.450   73.66   620100.0
2014-05-01   73.690   73.49   392900.0
2014-05-02   73.550   73.77   431400.0
2014-05-05   73.460   73.49   451700.0
2014-05-06   73.360   72.57   303500.0
2014-05-07   72.730   72.04   461900.0
2014-05-08   72.040   71.83   793200.0
2014-05-09   71.780   72.95   345900.0
2014-05-12   73.190   74.10   412700.0
2014-05-13   74.160   73.48   295700.0
2014-05-14   73.650   72.72   653600.0
2014-05-15   72.590   71.63   765000.0
2014-05-16   71.810   73.83   661700.0
2014-05-19   73.760   73.30   310400.0
2014-05-20   73.020   72.23   302600.0
2014-05-21   72.300   71.88   282400.0
2014-05-22   72.320   73.05   899000.0
2014-05-23   73.190   73.59   446200.0
2014-05-27   73.590   73.91   285500.0
2014-05-28   72.290   71.88  2253300.0
2014-05-29   72.090   72.25   637500.0
2014-05-30   72.200   72.13   415200.0
2014-06-02   72.190   72.51   612800.0
2014-06-03   72.300   72.01   411700.0
2014-06-04   72.020   71.76   624600.0
2014-06-05   71.660   71.15   997000.0
2014-06-06   71.480   72.12   656400.0
2014-06-09   72.090   72.00   447400.0
2014-06-10   71.830   71.16   309100.0
2014-06-11   70.970   70.29   324700.0
2014-06-12   70.250   69.00   430500.0
2014-06-13   69.190   69.25   356400.0
2014-06-16   69.090   69.28   215100.0
2014-06-17   69.140   69.90   299200.0
2014-06-18   69.880   70.33   385700.0
2014-06-19   70.450   69.48   477200.0
2014-06-20   69.470   67.83   643300.0
2014-06-23   67.800   68.75   546300.0
2014-06-24   68.840   69.38   780700.0
2014-06-25   69.470   69.99   555500.0
2014-06-26   69.980   69.10   449400.0
2014-06-27   69.060   68.97   407200.0
2014-06-30   68.880   68.93   827700.0
2014-07-01   69.510   69.81   501100.0
2014-07-02   69.600   70.36   520000.0
2014-07-03   70.460   71.10   501600.0
2014-07-07   70.870   70.70   380000.0
2014-07-08   70.730   69.16   905400.0
2014-07-09   69.080   69.50   683300.0
2014-07-10   68.620   67.94  2437700.0
2014-07-11   68.030   67.99   491400.0
2014-07-14   68.100   68.00   435300.0
2014-07-15   67.850   68.14   615200.0
2014-07-16   68.860   68.16   933700.0
2014-07-17   67.900   68.40   873900.0
2014-07-18   68.550   69.08   493700.0
2014-07-21   68.930   69.12   512100.0
2014-07-22   69.670   71.79   746600.0
2014-07-23   72.180   73.18  2127800.0
2014-07-24   74.550   78.96  3779000.0
2014-07-25   78.640   78.00   958800.0
2014-07-28   77.750   78.36   751000.0
2014-07-29   78.360   78.09   660300.0
2014-07-30   78.110   78.56   442200.0
2014-07-31   77.560   76.56   536800.0
2014-08-01   76.540   75.68   754100.0
2014-08-04   75.840   76.72   696200.0
2014-08-05   76.250   76.82   342700.0
2014-08-06   76.320   77.93   514200.0
2014-08-07   78.200   77.00   557800.0
2014-08-08   77.300   79.50   726200.0
2014-08-11   79.690   80.52  1131400.0
2014-08-12   80.230   78.91   571400.0
2014-08-13   78.930   78.52   413400.0
2014-08-14   78.850   79.55   292000.0
2014-08-15   79.670   79.71   471300.0
2014-08-18   80.030   80.95   474900.0
2014-08-19   81.160   81.91   508700.0
2014-08-20   81.560   82.32   496800.0
2014-08-21   82.240   82.58   418700.0
2014-08-22   82.480   82.91   592100.0
2014-08-25   83.040   83.17   699200.0
2014-08-26   83.370   83.52   401100.0
2014-08-27   83.710   83.31   436100.0
2014-08-28   82.870   82.73   702600.0
2014-08-29   82.960   82.78   301000.0
2014-09-02   82.920   82.86   453000.0
2014-09-03   83.080   81.48   608800.0
2014-09-04   81.810   82.11   429300.0
2014-09-05   81.850   82.25   308600.0
2014-09-08   81.910   81.48   324700.0
2014-09-09   81.650   80.82   280900.0
2014-09-10   81.010   81.13   382400.0
2014-09-11   80.910   81.31   282400.0
2014-09-12   81.220   80.80   336400.0
2014-09-15   80.750   80.22   345500.0
2014-09-16   80.350   80.32   325300.0
2014-09-17   80.270   80.14   281200.0
2014-09-18   80.480   80.44   345800.0
2014-09-19   80.820   79.92   456900.0
2014-09-22   79.800   78.22   346497.0
2014-09-23   78.200   77.99   595329.0
2014-09-24   78.180   78.00   733045.0
2014-09-25   77.980   77.24   628391.0
2014-09-26   77.180   77.76   383845.0
2014-09-29   76.940   77.74   718742.0
2014-09-30   78.130   77.52  2578744.0
2014-10-01   77.570   79.11  1100264.0
2014-10-02   79.400   80.83  1041150.0
2014-10-03   81.150   83.01  2433364.0
2014-10-06   83.620   82.32  1231640.0
2014-10-07   81.590   81.55  1246782.0
2014-10-08   81.650   82.77  1070005.0
2014-10-09   82.280   81.68   709819.0
2014-10-10   81.680   82.12   785503.0
2014-10-13   82.020   80.65   881196.0
2014-10-14   81.090   79.78   885828.0
2014-10-15   79.020   79.94  1864268.0
2014-10-16   78.270   79.36  1182642.0
2014-10-17   80.130   77.28  1166327.0
2014-10-20   77.510   77.57  1635982.0
2014-10-21   77.930   79.20  1899181.0
2014-10-22   79.470   77.44  2367317.0
2014-10-23   74.000   75.10  4104440.0
2014-10-24   74.840   76.79  1419683.0
2014-10-27   76.570   76.90   640082.0
2014-10-28   77.100   78.12   766532.0
2014-10-29   78.400   78.24   650288.0
2014-10-30   77.990   78.98   595217.0
2014-10-31   79.990   78.13   767145.0
2014-11-03   78.330   79.40   667290.0
2014-11-04   79.060   78.04   693353.0
2014-11-05   78.410   78.02   532238.0
2014-11-06   78.230   79.57   478906.0
2014-11-07   79.540   79.16   515812.0
2014-11-10   78.160   77.73   869253.0
2014-11-11   77.990   78.49   614828.0
2014-11-12   78.420   79.27   834768.0
2014-11-13   79.130   78.63   678682.0
2014-11-14   79.250   80.18   629049.0
2014-11-17   79.980   80.71   576745.0
2014-11-18   80.350   80.09   504855.0
2014-11-19   80.300   80.68   603738.0
2014-11-20   80.590   82.21   601996.0
2014-11-21   82.850   82.18   483266.0
2014-11-24   82.330   82.78  1113605.0
2014-11-25   83.320   82.82   617593.0
2014-11-26   82.940   82.65   217409.0
2014-11-28   82.980   83.21   229810.0
2014-12-01   83.030   80.99   532847.0
2014-12-02   80.970   80.00   569463.0
2014-12-03   79.760   81.34   671943.0
2014-12-04   80.990   81.44   609363.0
2014-12-05   81.460   81.39   362747.0
2014-12-08   81.120   80.50   298080.0
2014-12-09   79.580   80.77   341213.0
2014-12-10   80.900   79.78   309090.0
2014-12-11   80.500   80.29   355736.0
2014-12-12   79.770   80.28   256964.0
2014-12-15   80.500   80.53   573278.0
2014-12-16   80.070   79.82   623791.0
2014-12-17   80.030   80.99   420946.0
2014-12-18   81.850   82.67   430390.0
2014-12-19   82.530   83.19   715411.0
2014-12-22   83.580   84.17   430581.0
2014-12-23   84.120   84.63   474403.0
2014-12-24   84.990   84.50   182812.0
2014-12-26   84.820   84.72   178641.0
2014-12-29   84.690   86.42   283146.0
2014-12-30   86.330   86.74   393864.0
2014-12-31   87.110   87.31   594288.0
2015-01-02   87.720   86.00   406859.0
2015-01-05   85.750   84.37   548261.0
2015-01-06   84.190   82.88   674047.0
2015-01-07   83.360   84.89   402721.0
2015-01-08   85.200   85.79   394859.0
2015-01-09   85.720   84.81   346025.0
2015-01-12   84.820   86.41   397972.0
2015-01-13   87.170   86.65   415762.0
2015-01-14   86.020   85.49   526578.0
2015-01-15   85.510   83.79   387980.0
2015-01-16   83.800   84.62   258166.0
2015-01-20   84.620   84.30   415323.0
2015-01-21   84.110   84.60   250051.0
2015-01-22   85.060   86.36   374380.0
2015-01-23   86.520   84.78   519603.0
2015-01-26   84.280   84.46   727241.0
2015-01-27   83.690   84.14   590767.0
2015-01-28   84.500   83.19   442854.0
2015-01-29   83.550   83.85   753879.0
2015-01-30   83.120   81.49   812980.0
2015-02-02   81.700   81.41   593096.0
2015-02-03   81.870   83.70   568952.0
2015-02-04   82.850   82.07   735474.0
2015-02-05   81.970   81.35   758086.0
2015-02-06   81.720   83.15   616862.0
2015-02-09   82.980   82.68   374587.0
2015-02-10   83.270   83.57   398368.0
2015-02-11   83.500   83.07   430541.0
2015-02-12   83.920   83.13   267142.0
2015-02-13   83.400   83.65   556631.0
2015-02-17   83.750   83.01   227467.0
2015-02-18   82.650   82.40   364961.0
2015-02-19   82.420   80.98   924295.0
2015-02-20   81.090   82.02   566435.0
2015-02-23   81.960   82.40   708294.0
2015-02-24   81.900   81.97   664306.0
2015-02-25   81.740   83.07  1580907.0
2015-02-26   83.520   87.31  3580810.0
2015-02-27   87.790   88.77  2111682.0
2015-03-02   89.040   90.29  1125174.0
2015-03-03   90.130   90.88  1073820.0
2015-03-04   90.840   90.53   809398.0
2015-03-05   90.560   89.63   942578.0
2015-03-06   89.220   88.83   554274.0
2015-03-09   89.000   88.93   450110.0
2015-03-10   88.220   88.85   421697.0
2015-03-11   89.030   87.60   637892.0
2015-03-12   88.100   88.78   435230.0
2015-03-13   88.610   88.35   327352.0
2015-03-16   89.000   90.13   456107.0
2015-03-17   90.000   91.16   626368.0
2015-03-18   90.850   91.68   768608.0
2015-03-19   91.770   91.71   489803.0
2015-03-20   91.900   93.89  1097842.0
2015-03-23   93.750   93.55   534988.0
2015-03-24   94.020   93.11   608671.0
2015-03-25   93.660   91.65   526043.0
2015-03-26   91.280   91.28   623298.0
2015-03-27   91.430   91.72   567729.0
2015-03-30   91.970   91.84   519848.0
2015-03-31   91.630   92.47   716152.0
2015-04-01   92.380   92.25   603079.0
2015-04-02   92.000   92.00   675391.0
2015-04-06   91.500   92.30   951019.0
2015-04-07   92.350   91.92   611579.0
2015-04-08   92.260   93.97   757880.0
2015-04-09   94.060   93.17   369132.0
2015-04-10   92.970   93.82   433310.0
2015-04-13   93.680   93.69   371889.0
2015-04-14   93.610   93.79   526653.0
2015-04-15   94.190   94.45   638816.0
2015-04-16   94.270   94.51   508765.0
2015-04-17   94.000   93.66   376704.0
2015-04-20   94.280   94.98   484260.0
2015-04-21   95.440   94.94   606654.0
2015-04-22   95.230   94.79   350826.0
2015-04-23   94.600   94.98   303052.0
2015-04-24   95.280   94.08   467797.0
2015-04-27   94.640   94.40   510064.0
2015-04-28   94.010   92.97   863459.0
2015-04-29   99.000   98.49  2127393.0
2015-04-30   99.240   99.86  1407712.0
2015-05-01  100.140  100.17  1122484.0
2015-05-04  100.550  100.93   636121.0
2015-05-05  100.650  100.75   629150.0
2015-05-06  100.870  100.20   509106.0
2015-05-07  100.110  100.21   463726.0
2015-05-08  100.520   99.80   572514.0
2015-05-11   99.630   99.40   556751.0
2015-05-12   98.990   98.89   490532.0
2015-05-13   98.770   98.42   285951.0
2015-05-14   98.480   98.91   358247.0
2015-05-15   99.020   99.17   282586.0
2015-05-18   99.440  100.25   910447.0
2015-05-19  100.630  100.48   682309.0
2015-05-20  101.070  100.95   657431.0
2015-05-21  100.850  100.69   354162.0
2015-05-22  100.620  100.68   370761.0
2015-05-26  100.600   99.14   459963.0
2015-05-27   98.950  100.77   477306.0
2015-05-28  100.830  103.18  1068095.0
2015-05-29  102.870  103.22   922749.0
2015-06-01  103.620  103.88   630468.0
2015-06-02  103.980  103.58   475364.0
2015-06-03  103.890  104.09   630464.0
2015-06-04  103.460  104.44   766733.0
2015-06-05  104.410  105.07   527426.0
2015-06-08  105.190  103.98   470136.0
2015-06-09  104.100  105.31   760305.0
2015-06-10  105.780  104.96   568901.0
2015-06-11  104.920  105.77   565378.0
2015-06-12  105.530  106.10   611797.0
2015-06-15  105.660  105.41   744977.0
2015-06-16  105.150  106.47   604174.0
2015-06-17  106.670  107.28   650119.0
2015-06-18  106.650  107.10   671380.0
2015-06-19  107.200  106.63  1022895.0
2015-06-22  107.230  107.35   417757.0
2015-06-23  107.300  108.25   745748.0
2015-06-24  108.050  107.38   302459.0
2015-06-25  107.500  108.01   410628.0
2015-06-26  108.290  108.84   657614.0
2015-06-29  108.290  106.02   621861.0
2015-06-30  106.780  106.30   501628.0
2015-07-01  107.970  108.04   946869.0
2015-07-02  108.600  107.80   473592.0
2015-07-06  107.290  107.96   555967.0
2015-07-07  108.160  107.76   643809.0
2015-07-08  107.690  106.25   639785.0
2015-07-09  107.330  105.37   838495.0
2015-07-10  106.200  106.40   774795.0
2015-07-13  107.340  108.39   687506.0
2015-07-14  108.340  107.96   386411.0
2015-07-15  107.960  106.15   560709.0
2015-07-16  106.790  105.26   887457.0
2015-07-17  105.240  105.53   849694.0
2015-07-20  105.910  106.41   475796.0
2015-07-21  106.540  105.96   403092.0
2015-07-22  105.940  108.98   742280.0
2015-07-23  108.770  107.98   503860.0
2015-07-24  108.180  108.25   615956.0
2015-07-27  107.810  106.70   603222.0
2015-07-28  106.800  107.89   861741.0
2015-07-29  107.760  101.45  4479009.0
2015-07-30  101.790  100.42  1647925.0
2015-07-31  100.330  101.41   889755.0
2015-08-03  101.410  100.68   872125.0
2015-08-04  101.320  100.33   581781.0
2015-08-05  100.980  101.28   577484.0
2015-08-06  100.960   98.01   924283.0
2015-08-07   97.780   98.62   668207.0
2015-08-10   99.000   98.93   638895.0
2015-08-11   98.000   98.40   528483.0
2015-08-12   98.000   98.00   575769.0
2015-08-13   98.160   98.07   298492.0
2015-08-14   98.220   99.29   372618.0
2015-08-17   99.140   99.30   427961.0
2015-08-18   99.380   98.74   448912.0
2015-08-19   98.720   98.82   493186.0
2015-08-20   97.730   98.01   928666.0
2015-08-21   97.380   95.40   727602.0
2015-08-24   92.190   93.38   821827.0
2015-08-25   95.260   94.83   854603.0
2015-08-26   96.490   96.96   854499.0
2015-08-27   97.360   98.38   552376.0
2015-08-28   97.130   98.54   370272.0
2015-08-31   98.480   98.31   463872.0
2015-09-01   96.850   96.54   413969.0
2015-09-02   97.560   98.27   387121.0
2015-09-03   98.750   97.75   524946.0
2015-09-04   97.000   97.21   390093.0
2015-09-08   98.480   97.12   628886.0
2015-09-09   97.830   95.65   678975.0
2015-09-10   95.230   97.04   691138.0
2015-09-11   96.760   97.65   459390.0
2015-09-14   97.670   97.34   308211.0
2015-09-15   97.790   98.17   301150.0
2015-09-16   96.010   97.97   740304.0
2015-09-17   97.960   96.98   408062.0
2015-09-18   96.110   97.14   744878.0
2015-09-21   97.350   98.34   485100.0
2015-09-22   97.130   97.04   363558.0
2015-09-23   97.440   96.44   441737.0
2015-09-24   96.060   93.89   704914.0
2015-09-25   94.560   93.79   603449.0
2015-09-28   93.270   89.59  1002480.0
2015-09-29   89.570   87.67  1067645.0
2015-09-30   88.500   90.64   585775.0
2015-10-01   90.960   89.58   724290.0
2015-10-02   88.640   90.96   736529.0
2015-10-05   91.530   92.12   805937.0
2015-10-06   92.070   91.17   515613.0
2015-10-07   91.620   92.54   631864.0
2015-10-08   92.570   94.00   421965.0
2015-10-09   93.810   92.83   365047.0
2015-10-12   93.080   92.40   504604.0
2015-10-13   92.080   91.76   640544.0
2015-10-14   92.370   90.34   539828.0
2015-10-15   90.300   89.61  1051298.0
2015-10-16   89.940   89.36   685695.0
2015-10-19   89.460   90.04   608474.0
2015-10-20   90.000   90.58   593150.0
2015-10-21   90.630   89.84   850580.0
2015-10-22   91.640   88.98   767378.0
2015-10-23   89.510   87.49  1405571.0
2015-10-26   87.500   88.80   660094.0
2015-10-27   88.530   86.84   952742.0
2015-10-28   86.770   89.01  1465306.0
2015-10-29   82.220   87.78  3604988.0
2015-10-30   87.630   90.88  1329436.0
2015-11-02   90.780   88.99   870505.0
2015-11-03   89.260   90.31   730384.0
2015-11-04   90.300   90.86   655696.0
2015-11-05   90.970   93.02   836432.0
2015-11-06   92.400   90.05   590120.0
2015-11-09   89.980   87.75   764482.0
2015-11-10   87.280   89.07   666452.0
2015-11-11   88.750   86.88   345139.0
2015-11-12   86.520   86.37   482914.0
2015-11-13   85.500   85.03   867723.0
2015-11-16   84.350   85.20   435332.0
2015-11-17   85.600   84.08   707480.0
2015-11-18   84.480   85.86   496474.0
2015-11-19   85.780   86.36   495299.0
2015-11-20   87.020   87.47   546373.0
2015-11-23   87.360   88.81   498552.0
2015-11-24   88.230   88.98   369801.0
2015-11-25   89.300   88.96   439590.0
2015-11-27   89.340   88.56   209527.0
2015-11-30   88.360   86.23   665699.0
2015-12-01   86.480   86.22   660570.0
2015-12-02   86.450   86.95   399899.0
2015-12-03   87.590   86.14   619872.0
2015-12-04   86.480   87.90   764310.0
2015-12-07   87.880   88.11   546971.0
2015-12-08   88.000   90.29   557529.0
2015-12-09   89.820   88.85   687410.0
2015-12-10   89.000   90.97   876525.0
2015-12-11   89.910   89.07   671372.0
2015-12-14   89.230   90.31   441599.0
2015-12-15   90.990   89.93   874490.0
2015-12-16   90.780   89.74   520251.0
2015-12-17   88.610   89.31   773125.0
2015-12-18   89.360   89.73  1037007.0
2015-12-21   90.010   89.73   689355.0
2015-12-22   90.000   90.21   806133.0
2015-12-23   91.050   90.52   462503.0
2015-12-24   90.160   89.65   436265.0
2015-12-28   89.460   90.49   523358.0
2015-12-29   91.000   91.28   438692.0
2015-12-30   91.360   90.46   273645.0
2015-12-31   90.140   89.03   461606.0
2016-01-04   88.910   93.19  1100815.0
2016-01-05   93.690   92.90   807037.0
2016-01-06   91.865   91.52   757288.0
2016-01-07   90.530   93.86   777277.0
2016-01-08   94.000   92.31   828758.0
2016-01-11   92.590   92.08   695211.0
2016-01-12   93.610   92.70   548941.0
2016-01-13   92.600   91.71   789552.0
2016-01-14   91.830   91.60   587906.0
2016-01-15   89.850   89.57   558261.0
2016-01-19   90.290   89.09   504339.0
2016-01-20   88.010   89.18   777317.0
2016-01-21   89.170   89.23   996271.0
2016-01-22   90.100   92.22   575289.0
2016-01-25   92.180   92.64   512369.0
2016-01-26   93.110   95.43   876892.0
2016-01-27   95.220   95.23   794268.0
2016-01-28   96.510   95.31   629510.0
2016-01-29   95.680   97.22  1002834.0
2016-02-01   96.290   98.41   749082.0
2016-02-02   98.390   98.28   961128.0
2016-02-03   98.900   97.05   793242.0
2016-02-04   96.300   94.77   840884.0
2016-02-05   94.290   91.39  1265011.0
2016-02-08   90.170   88.61  1032368.0
2016-02-09   87.500   85.81  1514991.0
2016-02-10   86.170   85.04   768813.0
2016-02-11   84.540   84.16  1272987.0
2016-02-12   85.280   86.63  1099854.0
2016-02-16   87.730   90.66   696552.0
2016-02-17   91.110   90.89   639739.0
2016-02-18   90.410   91.14   546931.0
2016-02-19   89.660   87.47  1277638.0
2016-02-22   87.940   88.40  2376479.0
2016-02-23   88.410   87.96  1456290.0
2016-02-24   87.680   88.19  1301068.0
2016-02-25   93.890   99.44  4373256.0
2016-02-26   99.700  101.00  1326064.0
2016-02-29  100.780  101.63  1301475.0
2016-03-01  102.100  102.62  1102637.0
2016-03-02  101.840  103.16   756711.0
2016-03-03  102.770  102.73   654124.0
2016-03-04  102.710  103.02   666901.0
2016-03-07  102.980  102.20   523052.0
2016-03-08  102.070  101.44   438433.0
2016-03-09  101.840  100.76   378596.0
2016-03-10  101.310  100.50   628108.0
2016-03-11  101.540  101.37   433799.0
2016-03-14  101.330  102.23   723411.0
2016-03-15  102.580  102.13   736911.0
2016-03-16  102.130  102.08   818773.0
2016-03-17  101.850  102.92  1313421.0
2016-03-18  101.770  102.11   850645.0
2016-03-21  102.250  102.89   750995.0
2016-03-22  103.300  102.14   680356.0
2016-03-23  102.070  100.99   572977.0
2016-03-24  100.870  101.25   587348.0
2016-03-28  101.350  103.38   644058.0
2016-03-29  103.490  103.61  1029854.0
2016-03-30  103.670  104.72   574227.0
2016-03-31  104.640  105.38   828017.0
2016-04-01  104.910  104.87   483822.0
2016-04-04  104.620  103.45   659006.0
2016-04-05  103.110  101.77  1210887.0
2016-04-06  102.220  104.00   766963.0
2016-04-07  104.070  103.81   866525.0
2016-04-08  104.010  102.31   505859.0
2016-04-11  102.520  102.50   619095.0
2016-04-12  102.430  102.56   617412.0
2016-04-13  103.210  103.97   457849.0
2016-04-14  103.920  103.30   461981.0
2016-04-15  103.070  104.08   413672.0
2016-04-18  104.020  105.02   390757.0
2016-04-19  105.120  104.51   852672.0
2016-04-20  104.640  105.10   609982.0
2016-04-21  105.310  104.98   578258.0
2016-04-22  104.830  104.79   566887.0
2016-04-25  105.210  104.03   619671.0
2016-04-26  103.400  103.93   744541.0
2016-04-27  103.960  104.98   996008.0
2016-04-28  103.800  103.92  1347165.0
2016-04-29  103.840  106.67  1039216.0
2016-05-02  107.090  107.46   514091.0
2016-05-03  107.220  105.53   460892.0
2016-05-04  105.380  105.05   339673.0
2016-05-05  104.660  102.77   349227.0
2016-05-06  102.440  103.04   406739.0
2016-05-09  103.040  103.73   310362.0
2016-05-10  103.370  103.53   438051.0
2016-05-11  102.020  100.91   528344.0
2016-05-12  101.770  101.26   942028.0
2016-05-13  100.900   99.34   496346.0
2016-05-16   99.290   99.72   474572.0
2016-05-17   99.810   99.29   466211.0
2016-05-18   99.270   98.41   677060.0
2016-05-19   98.240   99.26   465474.0
2016-05-20   99.760  100.97   565039.0
2016-05-23  101.140  100.04   259548.0
2016-05-24  100.110  101.27   546473.0
2016-05-25  101.070  101.35   237716.0
2016-05-26  101.250  101.35   349062.0
2016-05-27  101.270  101.97   217844.0
2016-05-31  102.200  100.54   558486.0
2016-06-01   99.920  101.91   507574.0
2016-06-02  101.940  102.89   532262.0
2016-06-03  102.440  102.99   425968.0
2016-06-06  102.860  103.77   458501.0
2016-06-07  103.280  103.95   289418.0
2016-06-08  103.800  104.36   182766.0
2016-06-09  104.230  104.34   232214.0
2016-06-10  103.130  101.72   362072.0
2016-06-13  100.940  101.57   409094.0
2016-06-14  101.720  101.26   365690.0
2016-06-15  102.700  103.51   522000.0
2016-06-16  103.110  103.51   475403.0
2016-06-17  103.150  103.87   794025.0
2016-06-20  105.000  105.64   356210.0
2016-06-21  106.000  105.92   309693.0
2016-06-22  105.830  104.42   385132.0
2016-06-23  105.200  106.45   403666.0
2016-06-24  103.260  103.20   683042.0
2016-06-27  102.560  101.40   702674.0
2016-06-28  101.640  102.85   407396.0
2016-06-29  103.510  104.99   274710.0
2016-06-30  104.780  106.47   572518.0
2016-07-01  106.500  106.32   373842.0
2016-07-05  106.060  105.21   424890.0
2016-07-06  105.020  107.38   887582.0
2016-07-07  107.320  107.58   354264.0
2016-07-08  108.720  108.20   616167.0
2016-07-11  108.510  108.29   356649.0
2016-07-12  108.500  110.00   565441.0
2016-07-13  110.430  108.73   329506.0
2016-07-14  109.730  108.07   511790.0
2016-07-15  108.580  108.85   505879.0
2016-07-18  109.310  109.38   657681.0
2016-07-19  109.500  109.78   280637.0
2016-07-20  110.000  110.71   331464.0
2016-07-21  110.640  111.16   348976.0
2016-07-22  110.850  110.93   262210.0
2016-07-25  111.150  111.39   725630.0
2016-07-26  111.260  111.47  1005445.0
2016-07-27  107.160  100.84  3973933.0
2016-07-28  100.650  102.10  1127169.0
2016-07-29  101.880  101.25   782216.0
2016-08-01  101.060  100.89   626067.0
2016-08-02  100.180   98.14   697222.0
2016-08-03   96.850   99.09   871548.0
2016-08-04   99.020   98.83   748947.0
2016-08-05   99.660  100.72   574235.0
2016-08-08  102.140  101.23   809717.0
2016-08-09  101.000  100.00   716725.0
2016-08-10  100.410  100.98   739166.0
2016-08-11  102.620  103.07   973658.0
2016-08-12  103.000  102.40   738153.0
2016-08-15  102.660  101.95   351123.0
2016-08-16  101.660  100.79   406920.0
2016-08-17  100.520   98.98  1196648.0
2016-08-18   99.160   99.25   970739.0
2016-08-19   99.370   99.70   399465.0
2016-08-22   99.830   98.84   535800.0
2016-08-23   99.280  100.45   500826.0
2016-08-24  100.340   99.35   329088.0
2016-08-25   98.930   97.89   366901.0
2016-08-26   97.810   96.73   595572.0
2016-08-29   96.790   97.43   427282.0
2016-08-30   97.420   95.53   510824.0
2016-08-31   95.390   95.29   471574.0
2016-09-01   95.400   95.84   565540.0
2016-09-02   95.830   95.12   338088.0
2016-09-06   95.180   93.64   830043.0
2016-09-07   94.330   97.19   841016.0
2016-09-08   96.650   96.63   635160.0
2016-09-09   96.080   94.72   924517.0
2016-09-12   94.000   97.12   879309.0
2016-09-13   96.700   95.14   487785.0
2016-09-14   95.300   95.90   607816.0
2016-09-15   95.350   97.19   546456.0
2016-09-16   97.070   97.32   738439.0
2016-09-19   96.880   97.56   462506.0
2016-09-20   97.840   96.03   588772.0
2016-09-21   96.050   95.66  1014513.0
2016-09-22   96.060   93.94  1124924.0
2016-09-23   93.930   94.64   622570.0
2016-09-26   94.250   93.37   659879.0
2016-09-27   91.300   89.87  2322522.0
2016-09-28   90.110   88.16  1001783.0
2016-09-29   87.500   87.33  1023978.0
2016-09-30   88.000   86.71   944059.0
2016-10-03   86.770   87.62   859320.0
2016-10-04   87.660   87.83   549351.0
2016-10-05   87.880   88.43   832276.0
2016-10-06   88.200   88.64   832020.0
2016-10-07   88.930   88.31   525820.0
2016-10-10   88.930   88.42   454418.0
2016-10-11   88.580   86.99   636328.0
2016-10-12   87.210   87.80   837286.0
2016-10-13   87.350   87.29   561710.0
2016-10-14   87.740   87.01   529930.0
2016-10-17   87.100   85.80   703813.0
2016-10-18   86.240   85.92   653588.0
2016-10-19   86.250   86.39   721524.0
2016-10-20   86.370   85.97   714546.0
2016-10-21   85.430   85.97   580308.0
2016-10-24   87.050   86.13   648261.0
2016-10-25   85.150   85.00   834021.0
2016-10-26   84.310   84.82  1036626.0
2016-10-27   87.350   88.28  2693631.0
2016-10-28   87.930   86.18  1360482.0
2016-10-31   86.510   86.34   718146.0
2016-11-01   86.270   85.72   455068.0
2016-11-02   85.150   86.18   622293.0
2016-11-03   86.430   84.91   439319.0
2016-11-04   85.150   86.09   593070.0
2016-11-07   87.280   87.54   574648.0
2016-11-08   87.550   87.42   456984.0
2016-11-09   86.320   88.33   684229.0
2016-11-10   89.020   87.67   737200.0
2016-11-11   87.330   88.09   480033.0
2016-11-14   88.930   92.71  1338036.0
2016-11-15   92.980   92.55   568636.0
2016-11-16   92.530   92.01   738073.0
2016-11-17   93.040   93.16   742054.0
2016-11-18   92.620   90.28   475142.0
2016-11-21   90.160   90.97   492800.0
2016-11-22   90.990   93.22   647870.0
2016-11-23   92.660   91.99   325264.0
2016-11-25   92.450   92.27    83371.0
2016-11-28   91.890   92.36   376044.0
2016-11-29   93.000   94.63   713566.0
2016-11-30   94.210   91.29   710090.0
2016-12-01   91.670   92.08   714264.0
2016-12-02   91.730   91.90   333500.0
2016-12-05   92.320   92.94   408419.0
2016-12-06   93.380   92.90   311686.0
2016-12-07   92.300   92.98   551928.0
2016-12-08   93.810   93.99   596326.0
2016-12-09   94.500   94.17   275812.0
2016-12-12   93.610   93.05   357144.0
2016-12-13   93.380   92.41   352424.0
2016-12-14   92.560   92.18   389013.0
2016-12-15   92.830   92.32   375516.0
2016-12-16   92.580   90.42   903442.0
2016-12-19   92.510   91.22   457196.0
2016-12-20   91.520   91.39   414452.0
2016-12-21   90.910   90.54   444432.0
2016-12-22   90.840   87.67   716030.0
2016-12-23   87.960   87.48   790519.0
2016-12-27   87.470   89.76   602815.0
2016-12-28   89.990   89.24   538108.0
2016-12-29   89.250   88.08   567184.0
2016-12-30   88.070   86.39   841344.0
2017-01-03   87.650   86.94   589195.0
2017-01-04   87.660   89.51   853991.0
2017-01-05   88.350   86.34  1322167.0
2017-01-06   86.530   85.48   879466.0
2017-01-09   85.560   86.50   475023.0
2017-01-10   85.940   85.97   532706.0
2017-01-11   86.060   85.22   568180.0
2017-01-12   84.500   84.84   490905.0
2017-01-13   84.990   84.90   444240.0
2017-01-17   85.310   88.08  1196094.0
2017-01-18   88.000   86.00   622982.0
2017-01-19   86.080   83.83   485082.0
2017-01-20   83.580   84.59   440383.0
2017-01-23   84.100   84.55   287869.0
2017-01-24   84.320   85.08   348318.0
2017-01-25   86.190   86.79   937580.0
2017-01-26   86.990   85.72   440173.0
2017-01-27   86.000   82.17   962832.0
2017-01-30   82.200   83.43   932499.0
2017-01-31   82.510   83.75   572444.0
2017-02-01   84.100   82.70   690087.0
2017-02-02   82.630   82.45   537065.0
2017-02-03   82.350   79.80  1579117.0
2017-02-06   80.010   79.74  1250292.0
2017-02-07   80.270   78.32   918222.0
2017-02-08   78.220   79.72  1150011.0
2017-02-09   79.890   81.08   799130.0
2017-02-10   81.740   83.03  1072427.0
2017-02-13   83.140   83.01   710697.0
2017-02-14   83.830   83.84  1116513.0
2017-02-15   84.050   83.41   899901.0
2017-02-16   83.840   82.92   685569.0
2017-02-17   82.820   83.72   843892.0
2017-02-21   84.040   83.98   691524.0
2017-02-22   83.970   83.58  1822392.0
2017-02-23   90.950   87.06  4040700.0
2017-02-24   86.860   90.04  1869140.0
2017-02-27   89.950   90.09   988592.0
2017-02-28   89.850   88.01   806140.0
2017-03-01   89.160   87.92   753690.0
2017-03-02   88.010   88.50   986448.0
2017-03-03   88.340   87.22   891608.0
2017-03-06   87.340   87.51   809313.0
2017-03-07   87.180   86.83   717508.0
2017-03-08   87.130   87.86  1355361.0
2017-03-09   87.970   87.24   513434.0
2017-03-10   87.480   88.68   791249.0
2017-03-13   88.340   88.94  1538434.0
2017-03-14   89.090   88.37  1078987.0
2017-03-15   88.400   89.72  1737526.0
2017-03-16   89.730   90.80  1027563.0
2017-03-17   91.060   91.16   907277.0
2017-03-20   91.000   89.29   595492.0
2017-03-21   89.820   89.25   699841.0
2017-03-22   88.760   89.25   621403.0
2017-03-23   89.760   89.76   739125.0
2017-03-24   89.810   89.68   755042.0
2017-03-27   88.620   88.79   646392.0
2017-03-28   88.780   89.88   738854.0
2017-03-29   89.890   90.83   624487.0
2017-03-30   90.070   89.84   556328.0
2017-03-31   89.500   89.80   697736.0
2017-04-03   89.800   90.07   832090.0
2017-04-04   89.660   88.11   626295.0
2017-04-05   87.970   88.10   585528.0
2017-04-06   88.690   89.03   379750.0
2017-04-07   88.840   88.32   494951.0
2017-04-10   88.440   88.80   883687.0
2017-04-11   88.810   89.80   796655.0
2017-04-12   90.120   89.98   544310.0
2017-04-13   90.060   88.26   703669.0
2017-04-17   88.040   89.41   626264.0
2017-04-18   89.170   89.40   585732.0
2017-04-19   89.650   90.75   431464.0
2017-04-20   91.240   92.17   621392.0
2017-04-21   92.200   91.41   324748.0
2017-04-24   92.210   91.48   639835.0
2017-04-25   91.790   92.48   534956.0
2017-04-26   92.790   92.15   870482.0
2017-04-27   94.560   94.55  1419084.0
2017-04-28   94.290   92.04  1230682.0
2017-05-01   92.120   90.29   989894.0
2017-05-02   90.730   92.16   746408.0
2017-05-03   92.260   91.54   563107.0
2017-05-04   91.650   92.11   825126.0
2017-05-05   92.200   93.29   392790.0
2017-05-08   93.640   92.33   558881.0
2017-05-09   92.270   92.38   398765.0
2017-05-10   91.690   92.39   488329.0
2017-05-11   92.370   90.36   485191.0
2017-05-12   89.780   89.20   524187.0
2017-05-15   88.740   88.83   381024.0
2017-05-16   88.170   86.25   807270.0
2017-05-17   85.520   84.46   781052.0
2017-05-18   85.050   83.29   774683.0
2017-05-19   83.500   82.75   936339.0
2017-05-22   82.700   81.97   767759.0
2017-05-23   82.270   80.35   868421.0
2017-05-24   80.230   81.11   874203.0
2017-05-25   81.320   83.04   965049.0
2017-05-26   83.170   83.03   398161.0
2017-05-30   83.020   82.07   445320.0
2017-05-31   82.200   82.16   551960.0
2017-06-01   82.580   83.88   725962.0
2017-06-02   84.150   84.33   767732.0
2017-06-05   84.200   84.45   630149.0
2017-06-06   83.950   84.61   717230.0
2017-06-07   84.820   84.44   880024.0
2017-06-08   85.000   85.00   581714.0
2017-06-09   84.930   86.08   436788.0
2017-06-12   85.880   86.99   655950.0
2017-06-13   87.230   87.95   940211.0
2017-06-14   88.240   88.10   600446.0
2017-06-15   87.300   88.49  1056661.0
2017-06-16   88.060   88.22   806848.0
2017-06-19   88.320   88.71   416692.0
2017-06-20   88.470   88.10  1005983.0
2017-06-21   88.140   85.72   973189.0
2017-06-22   85.740   86.16   823915.0
2017-06-23   85.990   87.88  1003145.0
2017-06-26   87.950   88.21  1222637.0
2017-06-27   88.160   88.66   817252.0
2017-06-28   89.060   88.23   591198.0
2017-06-29   88.420   88.51   607578.0
2017-06-30   89.070   88.95  1043081.0
2017-07-03   89.050   89.86   278491.0
2017-07-05   89.660   88.89   531773.0
2017-07-06   88.490   86.94   509171.0
2017-07-07   87.090   87.84   400743.0
2017-07-10   87.860   86.17   759443.0
2017-07-11   86.080   85.31   739554.0
2017-07-12   85.720   86.11   577429.0
2017-07-13   86.530   86.31   554886.0
2017-07-14   86.390   85.89   310188.0
2017-07-17   86.240   86.18   653663.0
2017-07-18   85.880   85.49   459768.0
2017-07-19   85.620   86.27   498271.0
2017-07-20   86.620   87.17   417125.0
2017-07-21   87.170   88.65   643742.0
2017-07-24   87.870   87.85  1195596.0
2017-07-25   87.890   87.93  1047406.0
2017-07-26   87.950   88.64  1010642.0
2017-07-27   88.370   87.28  1463547.0
2017-07-28   87.300   86.27   733593.0
2017-07-31   86.430   86.73   655910.0
2017-08-01   86.780   88.42   716133.0
2017-08-02   88.500   89.15   761074.0
2017-08-03   89.450   89.67   536749.0
2017-08-04   89.800   91.10   604010.0
2017-08-07   91.430   90.91   432872.0
2017-08-08   91.910   91.15   686973.0
2017-08-09   89.880   90.43   431539.0
2017-08-10   89.750   87.31   593564.0
2017-08-11   86.730   86.81   427442.0
2017-08-14   87.590   86.86   384501.0
2017-08-15   86.620   85.74   466359.0
2017-08-16   86.190   85.71   388808.0
2017-08-17   85.330   85.20   431487.0
2017-08-18   84.870   84.28   492296.0
2017-08-21   84.590   84.34   726139.0
2017-08-22   84.730   85.97   577527.0
2017-08-23   85.610   85.42   474000.0
2017-08-24   86.520   85.91   594964.0
2017-08-25   85.880   87.03   387500.0
2017-08-28   87.120   85.92   567935.0
2017-08-29   85.830   85.30   336317.0
2017-08-30   85.170   85.19   233660.0
2017-08-31   85.290   86.71   528516.0
2017-09-01   87.130   88.83   525837.0
2017-09-05   89.190   89.95   923783.0
2017-09-06   90.380   91.28   540336.0
2017-09-07   91.440   90.38   565810.0
2017-09-08   90.250   89.65   423814.0
2017-09-11   89.840   91.12   501837.0
2017-09-12   91.500   92.00   309153.0
2017-09-13   91.980   92.85   425417.0
2017-09-14   92.500   91.80   337030.0
2017-09-15   91.970   92.47   619549.0
2017-09-18   92.710   92.07   359539.0
2017-09-19   92.450   93.06   466612.0
2017-09-20   92.860   93.87   629912.0
2017-09-21   93.810   93.24   621233.0
2017-09-22   92.900   94.49   760514.0
2017-09-25   94.480   95.43   705704.0
2017-09-26   95.770   96.56   587946.0
2017-09-27   96.720   98.45   588290.0
2017-09-28   98.340   98.13   794972.0
2017-09-29   98.190   98.75   675627.0
2017-10-02   98.920   98.58   715703.0
2017-10-03   98.750   97.39   443224.0
2017-10-04   97.570   97.15   644899.0
2017-10-05   97.090   95.90  1096856.0
2017-10-06   95.500   95.70   567894.0
2017-10-09   95.810   93.97   322608.0
2017-10-10   94.230   95.21   466552.0
2017-10-11   94.880   92.69   749237.0
2017-10-12   92.360   92.76   489568.0
2017-10-13   92.760   92.86   455188.0
2017-10-16   92.860   91.90   564752.0
2017-10-17   92.090   92.01   475488.0
2017-10-18   92.430   93.24   697598.0
2017-10-19   92.530   93.60   690617.0
2017-10-20   94.300   93.73   642809.0
2017-10-23   93.610   92.96   874599.0
2017-10-24   93.580   93.77   770676.0
2017-10-25   93.410   93.85   882546.0
2017-10-26   93.350   97.92  1127401.0
2017-10-27   97.760   97.79   660142.0
2017-10-30   97.360   97.33   467910.0
2017-10-31   97.350   96.73   558877.0
2017-11-01   97.200   98.48   923849.0
2017-11-02   98.500   97.59   616524.0
2017-11-03   97.550   97.98   426283.0
2017-11-06   98.360   99.59   501731.0
2017-11-07   99.560   99.19   531349.0
2017-11-09   98.830  100.82   686738.0
2017-11-10  101.000  101.21   942837.0
2017-11-13  101.030  101.90   577337.0
2017-11-14  101.370  102.31   352656.0
2017-11-15  101.900  104.15   964002.0
2017-11-16  104.460  104.31   633968.0
2017-11-17  104.640  105.07  1029283.0
2017-11-20  105.210  106.35   777950.0
2017-11-21  106.880  107.06   464117.0
2017-11-22  107.070  106.50   406636.0
2017-11-24  106.660  106.90   241806.0
2017-11-27  107.330  107.05   450119.0
2017-11-28  106.750  109.10   435372.0
2017-11-29  109.310  110.29   856217.0
2017-11-30  110.620  108.32  1332520.0
2017-12-01  108.090  108.06   672663.0
2017-12-04  109.130  108.87   934351.0
2017-12-05  109.230  109.56   546284.0
2017-12-06  109.040  110.00   342037.0
2017-12-07  110.350  111.26   508910.0
2017-12-08  111.280  112.06   553663.0
2017-12-11  111.880  111.37   615690.0
2017-12-12  111.740  112.35   557971.0
2017-12-13  112.690  112.70   513457.0
2017-12-14  112.345  111.92   305006.0
2017-12-15  113.000  112.89   796645.0
2017-12-18  114.590  115.57  1146662.0
2017-12-19  115.460  113.18   722298.0
2017-12-20  113.640  115.04   779370.0
2017-12-21  114.070  114.83   248001.0
2017-12-22  115.070  115.54   338339.0
2017-12-26  115.250  116.94   236868.0
2017-12-27  117.020  117.25   296318.0
2017-12-28  117.470  117.59   210185.0
2017-12-29  117.900  117.49   362935.0
2018-01-02  118.470  117.85   707037.0
2018-01-03  117.980  116.57   437887.0
2018-01-04  116.890  117.39   740173.0
2018-01-05  117.700  117.13   393589.0
2018-01-08  117.580  117.40   537274.0
2018-01-09  117.300  116.89   365669.0
2018-01-10  116.670  117.58   424482.0
2018-01-11  118.370  118.35   796476.0
2018-01-12  119.080  118.79  1050398.0
2018-01-16  119.270  117.68   475529.0
2018-01-17  118.410  118.95   585639.0
2018-01-18  119.370  119.24   464361.0
2018-01-19  120.060  120.45   614100.0
2018-01-22  120.860  119.39   502185.0
2018-01-23  119.260  121.05   674566.0
2018-01-24  121.610  119.62   372217.0
2018-01-25  128.990  121.65  1113077.0
2018-01-26  122.050  120.72   890241.0
2018-01-29  120.100  120.71   638228.0
2018-01-30  120.170  119.73   602240.0
2018-01-31  119.980  120.30   604460.0
2018-02-01  119.820  120.99   501468.0
2018-02-02  120.860  120.31   535054.0
2018-02-05  119.870  117.47   619856.0
2018-02-06  114.940  118.02   985670.0
2018-02-07  118.020  120.32   544630.0
2018-02-08  119.960  116.47   519487.0
2018-02-09  117.280  117.32   946430.0
2018-02-12  118.380  118.92   768506.0
2018-02-13  118.900  119.61   474300.0
2018-02-14  119.230  121.25   526999.0
2018-02-15  121.760  121.74   776081.0
2018-02-16  121.470  121.00   313473.0
2018-02-20  120.160  118.76   489620.0
2018-02-21  118.810  120.25   516830.0
2018-02-22  120.990  121.19   507724.0
2018-02-23  122.060  120.86   394805.0
2018-02-26  121.250  122.77   955834.0
2018-02-27  120.120  116.98  2802440.0
2018-02-28  116.880  116.68  1173712.0
2018-03-01  117.110  116.03   847318.0
2018-03-02  114.960  116.73   608548.0
2018-03-05  116.700  115.81   665197.0
2018-03-06  115.910  117.81   786674.0
2018-03-07  116.690  116.17   759098.0
2018-03-08  116.290  114.22   753400.0
2018-03-09  114.220  114.12  1131702.0
2018-03-12  114.130  111.82  1061974.0
2018-03-13  112.610  111.78  1872349.0
2018-03-14  112.350  112.56  1050442.0
2018-03-15  112.370  110.54  1101777.0
2018-03-16  110.660  111.67   787231.0
2018-03-19  110.380  109.73   671026.0
2018-03-20  108.650  109.06   804493.0
2018-03-21  108.940  108.61   655994.0
2018-03-22  107.340  105.67   810187.0
2018-03-23  105.790  103.82   927059.0
2018-03-26  105.600  105.78   618680.0
2018-03-27  106.440  104.08   716883.0