date   open   close     volume
                                   
2013-01-02  18.49  18.640   266000.0
2013-01-03  18.64  18.550   114400.0
2013-01-04  18.61  18.610   109900.0
2013-01-07  18.58  18.480   122200.0
2013-01-08  18.50  18.580   163700.0
2013-01-09  18.59  18.760   202800.0
2013-01-10  18.80  18.830   168600.0
2013-01-11  18.89  19.070   215700.0
2013-01-14  19.10  19.150   236700.0
2013-01-15  19.13  19.110   110300.0
2013-01-16  19.11  19.010   195000.0
2013-01-17  19.07  19.120   102600.0
2013-01-18  19.16  19.160   178000.0
2013-01-22  19.20  19.390   310200.0
2013-01-23  19.41  19.350   201800.0
2013-01-24  19.50  19.500   215700.0
2013-01-25  19.53  19.350   206600.0
2013-01-28  19.37  19.410   248800.0
2013-01-29  19.46  19.540   159000.0
2013-01-30  19.56  19.520   189700.0
2013-01-31  19.55  19.500   285700.0
2013-02-01  19.58  19.810   166900.0
2013-02-04  19.63  19.330   370500.0
2013-02-05  19.43  19.370   156100.0
2013-02-06  19.30  19.600   118300.0
2013-02-07  19.53  19.570   157900.0
2013-02-08  19.61  19.560   107200.0
2013-02-11  19.62  19.620   148400.0
2013-02-12  19.61  19.810   136300.0
2013-02-13  19.89  19.940   171900.0
2013-02-14  19.89  19.920   113100.0
2013-02-15  19.88  19.950   168100.0
2013-02-19  20.00  20.190   197000.0
2013-02-20  20.20  20.030   180700.0
2013-02-21  20.03  20.100   116700.0
2013-02-22  20.19  20.300   119700.0
2013-02-25  20.33  20.030   149100.0
2013-02-26  20.11  20.020   226900.0
2013-02-27  20.04  20.100   223400.0
2013-02-28  20.13  20.060   371400.0
2013-03-01  20.06  20.450   236900.0
2013-03-04  20.35  20.650   231700.0
2013-03-05  20.76  20.620   185100.0
2013-03-06  20.66  20.630   131900.0
2013-03-07  20.60  20.780   200300.0
2013-03-08  20.91  21.110   199100.0
2013-03-11  21.01  21.080   146900.0
2013-03-12  20.85  20.560   301200.0
2013-03-13  20.53  20.670   247000.0
2013-03-14  20.66  20.720   199300.0
2013-03-15  20.69  20.340   656900.0
2013-03-18  20.20  20.090   354100.0
2013-03-19  20.16  20.370   266100.0
2013-03-20  20.39  19.730   825600.0
2013-03-21  19.25  19.700  4631000.0
2013-03-22  19.70  19.690   458000.0
2013-03-25  19.68  19.770   348000.0
2013-03-26  19.86  19.600   377900.0
2013-03-27  19.62  19.800   372000.0
2013-03-28  19.85  19.900   636900.0
2013-04-01  19.87  19.630   418200.0
2013-04-02  19.68  19.730   314400.0
2013-04-03  19.84  19.690   333100.0
2013-04-04  19.76  19.680   201900.0
2013-04-05  19.49  19.740   236600.0
2013-04-08  19.82  19.870   264800.0
2013-04-09  19.95  19.750   259200.0
2013-04-10  19.82  20.210   232000.0
2013-04-11  20.12  20.160   165300.0
2013-04-12  20.06  19.980   198700.0
2013-04-15  19.97  19.410   322800.0
2013-04-16  19.51  19.690   344300.0
2013-04-17  19.52  19.670   472900.0
2013-04-18  19.67  19.660   270700.0
2013-04-19  19.64  19.820   243200.0
2013-04-22  19.79  19.680   239900.0
2013-04-23  19.72  19.710   269800.0
2013-04-24  19.65  19.800   203900.0
2013-04-25  19.90  19.780   186800.0
2013-04-26  19.72  19.630   241600.0
2013-04-29  19.63  20.100   323000.0
2013-04-30  20.04  20.050   295600.0
2013-05-01  20.04  19.710   422100.0
2013-05-02  19.21  19.240  1082100.0
2013-05-03  19.71  20.150   683300.0
2013-05-06  20.22  20.110   301100.0
2013-05-07  20.12  20.270   303600.0
2013-05-08  20.18  20.370   233200.0
2013-05-09  20.26  20.010   235700.0
2013-05-10  20.07  20.010   232900.0
2013-05-13  20.04  19.860   135900.0
2013-05-14  19.82  20.030   172100.0
2013-05-15  20.07  20.200   165200.0
2013-05-16  20.20  20.150   125600.0
2013-05-17  20.27  20.370   255500.0
2013-05-20  20.26  20.400   268000.0
2013-05-21  20.32  20.400   102400.0
2013-05-22  20.42  19.900   287700.0
2013-05-23  19.68  19.860   134300.0
2013-05-24  19.79  20.180   229900.0
2013-05-28  20.39  20.270   265700.0
2013-05-29  20.16  19.820   139600.0
2013-05-30  19.88  20.010   112200.0
2013-05-31  19.95  19.730   122400.0
2013-06-03  19.79  20.180   355300.0
2013-06-04  20.14  19.870   209100.0
2013-06-05  19.87  19.690   212700.0
2013-06-06  19.74  19.890   159800.0
2013-06-07  20.04  19.780   216400.0
2013-06-10  19.77  19.900   114900.0
2013-06-11  19.71  19.740    81800.0
2013-06-12  19.86  19.670   146100.0
2013-06-13  19.65  19.910   179700.0
2013-06-14  19.89  19.880   109200.0
2013-06-17  20.00  19.960   217100.0
2013-06-18  19.96  20.350   254700.0
2013-06-19  20.28  19.720   345800.0
2013-06-20  19.54  19.270   335600.0
2013-06-21  19.23  19.240   965900.0
2013-06-24  19.04  19.140   212900.0
2013-06-25  19.19  19.280   209200.0
2013-06-26  19.35  19.340   134100.0
2013-06-27  19.45  19.440   172500.0
2013-06-28  19.42  19.510   767200.0
2013-07-01  19.59  19.380   174300.0
2013-07-02  19.32  19.570   220600.0
2013-07-03  19.41  19.590    56000.0
2013-07-05  19.82  19.650    91000.0
2013-07-08  19.74  19.870   118500.0
2013-07-09  19.94  20.100   207000.0
2013-07-10  20.09  20.420   417500.0
2013-07-11  20.55  20.680   303600.0
2013-07-12  20.61  20.780   249400.0
2013-07-15  20.74  21.210   190200.0
2013-07-16  21.21  20.940   332100.0
2013-07-17  21.06  20.990   189000.0
2013-07-18  20.98  21.160   131700.0
2013-07-19  21.10  21.390   142900.0
2013-07-22  21.36  21.500   131000.0
2013-07-23  21.54  21.610   132900.0
2013-07-24  21.71  21.260   140000.0
2013-07-25  21.17  21.850   154300.0
2013-07-26  21.76  21.930   181300.0
2013-07-29  21.90  21.800   104400.0
2013-07-30  21.93  21.800    88100.0
2013-07-31  21.84  21.800   206500.0
2013-08-01  21.98  21.940   285400.0
2013-08-02  21.96  21.950   163500.0
2013-08-05  21.97  21.940   112100.0
2013-08-06  21.95  21.810   150200.0
2013-08-07  21.74  21.860   322200.0
2013-08-08  21.83  21.730   200500.0
2013-08-09  21.74  21.630   203200.0
2013-08-12  21.41  21.640   121500.0
2013-08-13  21.72  21.560    93700.0
2013-08-14  21.64  21.350   170300.0
2013-08-15  21.18  21.150   171400.0
2013-08-16  21.04  21.050   165600.0
2013-08-19  21.03  20.800   190400.0
2013-08-20  20.77  20.800   121300.0
2013-08-21  20.68  20.540    90900.0
2013-08-22  20.62  20.660   126700.0
2013-08-23  20.72  20.900   109100.0
2013-08-26  20.88  20.710    82300.0
2013-08-27  20.52  20.420   146100.0
2013-08-28  20.39  20.420    95900.0
2013-08-29  20.37  20.310   119900.0
2013-08-30  20.38  19.950   172800.0
2013-09-03  20.20  19.660   112000.0
2013-09-04  19.62  19.520   251300.0
2013-09-05  19.48  19.450   100800.0
2013-09-06  19.59  19.550   130800.0
2013-09-09  19.49  19.610   111100.0
2013-09-10  19.66  19.760   140700.0
2013-09-11  19.80  19.770   235100.0
2013-09-12  19.78  19.420   121600.0
2013-09-13  19.27  19.080   428800.0
2013-09-16  19.08  19.130   572500.0
2013-09-17  19.13  19.220   201100.0
2013-09-18  19.17  19.490   262100.0
2013-09-19  19.50  19.370   263500.0
2013-09-20  19.36  19.450   812800.0
2013-09-23  19.40  19.800   188800.0
2013-09-24  19.80  19.790   154800.0
2013-09-25  19.77  20.050   299100.0
2013-09-26  20.12  20.320   298800.0
2013-09-27  20.23  20.150   111800.0
2013-09-30  20.00  20.320   177100.0
2013-10-01  20.32  20.370   179600.0
2013-10-02  20.24  20.220   133900.0
2013-10-03  20.15  19.940   158200.0
2013-10-04  19.93  19.950   130100.0
2013-10-07  19.84  19.780   134600.0
2013-10-08  19.78  19.730   189600.0
2013-10-09  19.77  19.790   149600.0
2013-10-10  19.95  20.210   120800.0
2013-10-11  20.10  20.430   124500.0
2013-10-14  20.30  20.200   158300.0
2013-10-15  20.20  19.900   132000.0
2013-10-16  19.95  20.000    97800.0
2013-10-17  19.99  20.390  1033900.0
2013-10-18  20.57  20.910   362700.0
2013-10-21  20.90  21.080   143200.0
2013-10-22  21.09  21.230   176800.0
2013-10-23  21.19  21.280   179000.0
2013-10-24  21.27  21.250   111400.0
2013-10-25  21.34  21.440   123000.0
2013-10-28  21.49  21.660   140300.0
2013-10-29  21.70  21.700   178700.0
2013-10-30  21.75  21.560   126500.0
2013-10-31  22.00  21.800   375500.0
2013-11-01  21.96  21.370   325100.0
2013-11-04  21.40  21.590   145000.0
2013-11-05  21.47  21.480   104600.0
2013-11-06  21.60  22.540   222100.0
2013-11-07  22.44  22.160   243800.0
2013-11-08  22.13  22.390   281100.0
2013-11-11  22.39  22.410   354700.0
2013-11-12  22.40  22.380   141900.0
2013-11-13  22.29  22.490   349000.0
2013-11-14  22.55  22.550   124100.0
2013-11-15  22.61  22.670   109900.0
2013-11-18  22.76  22.640    88400.0
2013-11-19  22.58  22.430   103900.0
2013-11-20  22.45  22.300   119400.0
2013-11-21  22.34  22.700    99700.0
2013-11-22  22.76  22.630   130800.0
2013-11-25  22.73  22.590    96500.0
2013-11-26  22.66  22.640   166000.0
2013-11-27  22.71  22.850    98900.0
2013-11-29  23.00  22.860    88700.0
2013-12-02  22.80  21.900   289400.0
2013-12-03  21.93  22.110   169600.0
2013-12-04  22.06  22.070   123900.0
2013-12-05  22.07  22.130    89600.0
2013-12-06  22.33  22.410    87600.0
2013-12-09  22.47  22.120   160800.0
2013-12-10  22.12  21.880   167600.0
2013-12-11  21.90  21.550   173100.0
2013-12-12  21.58  21.840   151100.0
2013-12-13  21.83  21.830   197100.0
2013-12-16  21.86  21.940   236500.0
2013-12-17  21.98  22.150   152300.0
2013-12-18  22.21  22.370   284100.0
2013-12-19  22.37  22.150   291000.0
2013-12-20  22.29  22.620   894200.0
2013-12-23  22.77  23.230   259600.0
2013-12-24  23.32  23.210   103200.0
2013-12-26  23.25  23.050   154500.0
2013-12-27  23.20  23.190   122200.0
2013-12-30  23.20  23.090   116800.0
2013-12-31  23.17  23.070   127200.0
2014-01-02  22.99  22.380   143100.0
2014-01-03  22.37  22.260   183900.0
2014-01-06  22.36  22.430   230200.0
2014-01-07  22.56  22.470   191800.0
2014-01-08  22.42  22.250   179500.0
2014-01-09  22.36  22.320   157900.0
2014-01-10  22.38  22.410   131900.0
2014-01-13  22.30  22.100   178800.0
2014-01-14  22.22  22.220   120500.0
2014-01-15  22.30  22.490   180600.0
2014-01-16  22.51  22.410   103300.0
2014-01-17  22.46  22.480    93500.0
2014-01-21  22.52  22.970   246000.0
2014-01-22  22.92  22.630   174100.0
2014-01-23  22.60  23.200   222400.0
2014-01-24  23.09  23.130   268900.0
2014-01-27  23.12  23.520   340100.0
2014-01-28  23.52  23.050   383600.0
2014-01-29  22.92  22.710   177500.0
2014-01-30  22.83  23.510   256500.0
2014-01-31  23.29  23.290   322900.0
2014-02-03  23.32  22.800   332500.0
2014-02-04  22.86  22.590   368400.0
2014-02-05  22.50  21.930   288300.0
2014-02-06  21.88  21.850   225000.0
2014-02-07  21.89  21.940   193700.0
2014-02-10  21.95  21.850   136800.0
2014-02-11  21.86  22.430   161200.0
2014-02-12  22.41  22.470   224800.0
2014-02-13  22.34  23.020   159600.0
2014-02-14  23.03  23.030   237800.0
2014-02-18  23.04  23.040   204100.0
2014-02-19  23.00  22.670   193600.0
2014-02-20  22.62  23.390   237200.0
2014-02-21  23.51  23.590   249500.0
2014-02-24  23.59  23.650   231100.0
2014-02-25  23.68  23.400   160000.0
2014-02-26  23.48  23.080   233000.0
2014-02-27  23.08  23.630   230000.0
2014-02-28  23.71  23.510   305500.0
2014-03-03  23.30  23.080   249200.0
2014-03-04  23.26  23.610   316500.0
2014-03-05  23.56  23.260   139300.0
2014-03-06  23.24  23.120   115600.0
2014-03-07  23.18  22.840   120700.0
2014-03-10  22.79  22.980   304300.0
2014-03-11  22.97  22.750   250900.0
2014-03-12  22.62  22.770   312500.0
2014-03-13  22.87  23.030   273400.0
2014-03-14  23.02  23.470   144600.0
2014-03-17  23.52  23.500   218700.0
2014-03-18  23.49  23.710   159700.0
2014-03-19  23.75  23.480   134900.0
2014-03-20  23.43  23.820   163500.0
2014-03-21  23.96  24.110   674500.0
2014-03-24  24.14  23.750   161400.0
2014-03-25  23.90  24.140   133600.0
2014-03-26  24.32  23.660   124200.0
2014-03-27  23.64  23.570   131500.0
2014-03-28  23.57  23.530    86700.0
2014-03-31  23.72  23.940   182600.0
2014-04-01  24.04  23.930   153800.0
2014-04-02  23.91  23.850    87700.0
2014-04-03  23.82  23.680   112400.0
2014-04-04  23.85  23.410   187000.0
2014-04-07  23.36  23.350    88700.0
2014-04-08  23.33  23.490    83900.0
2014-04-09  23.59  23.430    78000.0
2014-04-10  23.43  22.870   136500.0
2014-04-11  22.69  22.530   126300.0
2014-04-14  22.76  22.580   100100.0
2014-04-15  22.58  22.530   126000.0
2014-04-16  22.69  22.810   111300.0
2014-04-17  22.71  22.870   113900.0
2014-04-21  22.95  23.010    99000.0
2014-04-22  23.03  23.190   115000.0
2014-04-23  23.12  23.270   150100.0
2014-04-24  23.45  23.110    94000.0
2014-04-25  23.00  22.750   139100.0
2014-04-28  22.76  22.600    85400.0
2014-04-29  22.72  22.540   150000.0
2014-04-30  22.51  22.500   192200.0
2014-05-01  22.38  22.270   348000.0
2014-05-02  22.24  21.870   256400.0
2014-05-05  21.70  21.690   193900.0
2014-05-06  21.57  21.680   228800.0
2014-05-07  21.77  21.630   167400.0
2014-05-08  21.45  21.020   178800.0
2014-05-09  20.86  21.500   263700.0
2014-05-12  21.53  21.640   202200.0
2014-05-13  21.64  21.190   202900.0
2014-05-14  21.09  20.440   212700.0
2014-05-15  20.33  21.250   493900.0
2014-05-16  21.20  20.920   306400.0
2014-05-19  20.88  21.090   158900.0
2014-05-20  21.05  20.710   229900.0
2014-05-21  20.83  20.840   177100.0
2014-05-22  20.90  21.100   128200.0
2014-05-23  21.20  21.300   114200.0
2014-05-27  21.51  21.730   145500.0
2014-05-28  21.73  21.760   165800.0
2014-05-29  21.63  21.670   104300.0
2014-05-30  21.74  22.060   258500.0
2014-06-02  22.15  21.820   115200.0
2014-06-03  21.78  21.500   153900.0
2014-06-04  21.50  22.020   346700.0
2014-06-05  22.00  22.920   435200.0
2014-06-06  23.00  22.630   113100.0
2014-06-09  22.56  22.740   172700.0
2014-06-10  22.67  22.660   126800.0
2014-06-11  22.52  22.980   254600.0
2014-06-12  22.93  22.840   206500.0
2014-06-13  22.98  23.140   197200.0
2014-06-16  23.14  23.270   128300.0
2014-06-17  23.19  23.430   162400.0
2014-06-18  23.49  23.780   106900.0
2014-06-19  23.79  23.780   116600.0
2014-06-20  23.82  23.550   350500.0
2014-06-23  23.66  23.350    95600.0
2014-06-24  23.27  23.330   125800.0
2014-06-25  23.22  23.570   129400.0
2014-06-26  23.59  23.580   109500.0
2014-06-27  23.41  24.270   407700.0
2014-06-30  24.18  24.200   294800.0
2014-07-01  24.31  24.540   175200.0
2014-07-02  24.53  23.820   136500.0
2014-07-03  23.79  23.870    69500.0
2014-07-07  23.75  23.600   111400.0
2014-07-08  23.56  23.820   142100.0
2014-07-09  23.81  23.650    88100.0
2014-07-10  23.29  23.670   163800.0
2014-07-11  23.73  23.580   155500.0
2014-07-14  23.74  23.520   179400.0
2014-07-15  23.64  23.330   102600.0
2014-07-16  23.45  23.130    87900.0
2014-07-17  22.98  22.770   107100.0
2014-07-18  22.72  23.470   152600.0
2014-07-21  23.37  23.260    80900.0
2014-07-22  23.41  23.370    84700.0
2014-07-23  23.39  23.340    94200.0
2014-07-24  23.35  23.230   102100.0
2014-07-25  23.03  22.710   118200.0
2014-07-28  22.74  22.930    81600.0
2014-07-29  22.97  22.790    88400.0
2014-07-30  22.87  22.620   128000.0
2014-07-31  22.43  22.770   217400.0
2014-08-01  22.83  23.040   177900.0
2014-08-04  23.15  23.170   221000.0
2014-08-05  23.10  23.030   211800.0
2014-08-06  22.97  23.440   123300.0
2014-08-07  23.30  23.110   128800.0
2014-08-08  23.10  23.590   123100.0
2014-08-11  23.76  23.760    85400.0
2014-08-12  23.63  23.400   120500.0
2014-08-13  23.55  23.710    96800.0
2014-08-14  23.74  23.960    72200.0
2014-08-15  24.21  23.980   146800.0
2014-08-18  24.22  24.160   102500.0
2014-08-19  24.25  24.380    64800.0
2014-08-20  24.32  24.010    94600.0
2014-08-21  24.03  24.040   259300.0
2014-08-22  24.07  24.160   143400.0
2014-08-25  24.25  23.990   129000.0
2014-08-26  24.00  24.180    99300.0
2014-08-27  24.10  24.220   120400.0
2014-08-28  24.23  24.050    78100.0
2014-08-29  24.17  24.360   209100.0
2014-09-02  24.47  24.100   129600.0
2014-09-03  24.14  24.110   116700.0
2014-09-04  24.09  24.110   120800.0
2014-09-05  24.02  24.260    79400.0
2014-09-08  24.19  23.980    61800.0
2014-09-09  24.02  23.620   109200.0
2014-09-10  23.65  23.530    85500.0
2014-09-11  23.51  23.890   118700.0
2014-09-12  23.86  23.690   149700.0
2014-09-15  23.80  23.510   106400.0
2014-09-16  23.40  23.680    95600.0
2014-09-17  23.68  23.520    81000.0
2014-09-18  23.60  23.400   121300.0
2014-09-19  23.42  23.180   350100.0
2014-09-22  23.18  23.170    86428.0
2014-09-23  23.16  23.000   125129.0
2014-09-24  22.98  22.930    92548.0
2014-09-25  22.97  22.570   124647.0
2014-09-26  22.58  22.690   117185.0
2014-09-29  22.65  22.840   153916.0
2014-09-30  22.80  22.440   198842.0
2014-10-01  22.53  22.170   364951.0
2014-10-02  22.08  22.990   201284.0
2014-10-03  23.18  23.150   113748.0
2014-10-06  23.17  22.920   111484.0
2014-10-07  22.84  22.740    84942.0
2014-10-08  22.70  23.450   149091.0
2014-10-09  23.36  23.050    99163.0
2014-10-10  22.92  23.180   126035.0
2014-10-13  23.29  23.890   200587.0
2014-10-14  23.99  24.110   249089.0
2014-10-15  24.08  24.190   214581.0
2014-10-16  23.93  24.410   201073.0
2014-10-17  24.60  23.910   147701.0
2014-10-20  23.91  24.300   120907.0
2014-10-21  24.32  24.330   107883.0
2014-10-22  24.40  24.160   153436.0
2014-10-23  24.32  24.410   150267.0
2014-10-24  24.43  24.290    83687.0
2014-10-27  24.31  24.360   110886.0
2014-10-28  24.40  25.000   306619.0
2014-10-29  25.08  25.000   199419.0
2014-10-30  25.24  25.460   292111.0
2014-10-31  25.88  26.030   288187.0
2014-11-03  26.06  26.080   189286.0
2014-11-04  26.09  26.090   218120.0
2014-11-05  26.29  25.960   149455.0
2014-11-06  25.73  25.750   121760.0
2014-11-07  25.74  25.910   151467.0
2014-11-10  25.86  25.630   160034.0
2014-11-11  25.69  25.520   132487.0
2014-11-12  25.34  25.500   135554.0
2014-11-13  25.59  24.890   121832.0
2014-11-14  24.86  24.740    94967.0
2014-11-17  24.65  24.680   146501.0
2014-11-18  24.76  24.960   261067.0
2014-11-19  24.86  24.710   127794.0
2014-11-20  24.71  24.680   116491.0
2014-11-21  25.09  24.600   139526.0
2014-11-24  24.60  24.770   173581.0
2014-11-25  24.87  25.050   219588.0
2014-11-26  24.91  25.470   123772.0
2014-11-28  25.56  25.070   149608.0
2014-12-01  25.08  24.840   140263.0
2014-12-02  24.84  25.050   308487.0
2014-12-03  25.00  24.290   322507.0
2014-12-04  24.35  24.140   352945.0
2014-12-05  24.06  24.300   361320.0
2014-12-08  24.20  23.820   374007.0
2014-12-09  23.69  24.830   277868.0
2014-12-10  24.68  24.090   191085.0
2014-12-11  24.13  23.990   139371.0
2014-12-12  23.70  23.500   130573.0
2014-12-15  23.70  23.510   248167.0
2014-12-16  23.50  23.330   483497.0
2014-12-17  23.35  23.540   447398.0
2014-12-18  23.75  24.410   621705.0
2014-12-19  24.38  24.210   497488.0
2014-12-22  24.19  24.540   177963.0
2014-12-23  24.74  24.620   209178.0
2014-12-24  24.66  24.960    58897.0
2014-12-26  25.04  25.190   122449.0
2014-12-29  25.24  25.600   321417.0
2014-12-30  25.58  25.170   141303.0
2014-12-31  25.30  24.610   100471.0
2015-01-02  24.77  24.630   103229.0
2015-01-05  24.43  24.340   147146.0
2015-01-06  24.44  24.080   141180.0
2015-01-07  24.26  24.330    98915.0
2015-01-08  24.60  24.400   233195.0
2015-01-09  24.36  24.110   106702.0
2015-01-12  24.17  24.130   163958.0
2015-01-13  24.23  24.500   441029.0
2015-01-14  24.30  24.710   168323.0
2015-01-15  24.82  24.590   500196.0
2015-01-16  24.47  25.170   185547.0
2015-01-20  25.24  25.080   150009.0
2015-01-21  25.03  25.030   139153.0
2015-01-22  25.21  25.480   155852.0
2015-01-23  25.43  25.710   154710.0
2015-01-26  25.61  25.660   236993.0
2015-01-27  25.43  25.540   170339.0
2015-01-28  25.66  25.150   135893.0
2015-01-29  25.16  25.960   146693.0
2015-01-30  25.76  24.540   254591.0
2015-02-02  24.53  25.020   254361.0
2015-02-03  25.00  25.580   214422.0
2015-02-04  25.49  24.990   179836.0
2015-02-05  24.88  25.230   312474.0
2015-02-06  25.16  24.460   194257.0
2015-02-09  24.46  24.290   128149.0
2015-02-10  24.33  24.590   295815.0
2015-02-11  24.57  24.120    78549.0
2015-02-12  24.20  24.010   141701.0
2015-02-13  23.98  23.910   155169.0
2015-02-17  23.97  23.850   279341.0
2015-02-18  23.76  24.480   242806.0
2015-02-19  24.50  23.950   179665.0
2015-02-20  23.99  23.950   231450.0
2015-02-23  23.95  24.400   166408.0
2015-02-24  24.36  24.540   187886.0
2015-02-25  24.54  24.610   217311.0
2015-02-26  25.00  25.320   227278.0
2015-02-27  25.28  25.430   416048.0
2015-03-02  25.47  24.680   301727.0
2015-03-03  24.56  24.300   231873.0
2015-03-04  24.12  24.540   192266.0
2015-03-05  24.55  24.530   183264.0
2015-03-06  24.27  23.910   271509.0
2015-03-09  23.94  24.130   205231.0
2015-03-10  23.94  23.980   146186.0
2015-03-11  24.06  24.540   495497.0
2015-03-12  24.75  24.850   168693.0
2015-03-13  24.90  24.810   234387.0
2015-03-16  24.97  24.860   206949.0
2015-03-17  24.76  24.900   169655.0
2015-03-18  24.89  25.290   239944.0
2015-03-19  25.19  25.390   201140.0
2015-03-20  25.55  25.450   577659.0
2015-03-23  25.45  25.430   153198.0
2015-03-24  25.39  25.270   116810.0
2015-03-25  25.31  25.030   128973.0
2015-03-26  25.00  24.610   130701.0
2015-03-27  24.67  24.630   200319.0
2015-03-30  24.74  24.810   181272.0
2015-03-31  24.72  24.510   579008.0
2015-04-01  24.42  24.730   225771.0
2015-04-02  24.72  24.840   162685.0
2015-04-06  24.85  25.110   211349.0
2015-04-07  25.08  24.760   200546.0
2015-04-08  24.81  24.460   224754.0
2015-04-09  24.49  24.170   121746.0
2015-04-10  24.32  24.470   120769.0
2015-04-13  24.50  24.550   179335.0
2015-04-14  24.59  24.790   261330.0
2015-04-15  24.85  24.490   152525.0
2015-04-16  24.48  24.460   101308.0
2015-04-17  24.28  24.130   227137.0
2015-04-20  24.33  24.490   208135.0
2015-04-21  24.56  24.270   149843.0
2015-04-22  24.21  24.370   261268.0
2015-04-23  24.38  24.260   292528.0
2015-04-24  24.34  24.730   150661.0
2015-04-27  24.86  24.500   173844.0
2015-04-28  24.53  24.910   136504.0
2015-04-29  24.77  24.450   280757.0
2015-04-30  24.40  23.870   305979.0
2015-05-01  23.94  23.850   209859.0
2015-05-04  24.62  24.530   302399.0
2015-05-05  24.54  23.940   298766.0
2015-05-06  24.00  23.910   274046.0
2015-05-07  23.73  23.660   269907.0
2015-05-08  23.80  23.750   317490.0
2015-05-11  23.59  24.060   231463.0
2015-05-12  23.89  23.750   167116.0
2015-05-13  23.80  23.560   236533.0
2015-05-14  23.71  23.900   162042.0
2015-05-15  23.97  23.900   292790.0
2015-05-18  23.77  24.050   194462.0
2015-05-19  23.98  24.060   199163.0
2015-05-20  24.05  24.150   122379.0
2015-05-21  24.15  24.170   118397.0
2015-05-22  24.17  24.010   165120.0
2015-05-26  23.85  23.550   113026.0
2015-05-27  23.59  23.820   142731.0
2015-05-28  23.83  23.870   172209.0
2015-05-29  23.82  23.890   288152.0
2015-06-01  23.90  24.140   162264.0
2015-06-02  24.00  24.340   195144.0
2015-06-03  24.31  24.140   193925.0
2015-06-04  24.00  23.700   292312.0
2015-06-05  23.63  23.830   300680.0
2015-06-08  23.76  23.660   118643.0
2015-06-09  23.65  23.660   101987.0
2015-06-10  23.77  23.860   175162.0
2015-06-11  23.96  23.860   169409.0
2015-06-12  23.81  23.830   110478.0
2015-06-15  23.58  22.920   401752.0
2015-06-16  22.87  22.900   263694.0
2015-06-17  22.92  23.000   163294.0
2015-06-18  22.99  23.400   225301.0
2015-06-19  23.41  23.240   603985.0
2015-06-22  23.29  23.340   189130.0
2015-06-23  23.36  23.490   182260.0
2015-06-24  23.47  23.430   153683.0
2015-06-25  23.48  23.210   165242.0
2015-06-26  23.24  23.510   329624.0
2015-06-29  23.42  23.070   193479.0
2015-06-30  23.21  22.850   209242.0
2015-07-01  22.93  23.110   190684.0
2015-07-02  23.27  23.240    99140.0
2015-07-06  23.22  23.540   244867.0
2015-07-07  23.60  23.700   135554.0
2015-07-08  23.59  23.590   120868.0
2015-07-09  23.74  23.240   139331.0
2015-07-10  23.36  23.630   151391.0
2015-07-13  23.68  23.650    89759.0
2015-07-14  23.65  23.630   196246.0
2015-07-15  23.68  23.630   149187.0
2015-07-16  23.78  24.200   175601.0
2015-07-17  24.20  23.910   126152.0
2015-07-20  23.97  23.630    91380.0
2015-07-21  23.66  23.190   172415.0
2015-07-22  23.18  23.300   105359.0
2015-07-23  23.35  22.840   148567.0
2015-07-24  22.82  22.780   137917.0
2015-07-27  22.79  22.920   157801.0
2015-07-28  23.02  22.770   246136.0
2015-07-29  22.77  22.730   187137.0
2015-07-30  22.25  20.420   662829.0
2015-07-31  20.10  21.530   530637.0
2015-08-03  21.50  21.730   343994.0
2015-08-04  21.75  21.480   327921.0
2015-08-05  21.51  21.600   273199.0
2015-08-06  21.50  21.320   196053.0
2015-08-07  21.15  21.160   167142.0
2015-08-10  21.21  20.950   237585.0
2015-08-11  20.88  21.290   254133.0
2015-08-12  21.27  21.790   302979.0
2015-08-13  21.73  22.110   258651.0
2015-08-14  22.10  22.540   244834.0
2015-08-17  22.49  22.120   167213.0
2015-08-18  22.18  22.040   239547.0
2015-08-19  22.03  22.340   174392.0
2015-08-20  22.21  21.910   140289.0
2015-08-21  21.53  22.200   320303.0
2015-08-24  21.37  20.940   318964.0
2015-08-25  21.45  20.350   376473.0
2015-08-26  20.64  20.490   311614.0
2015-08-27  20.75  20.680   211568.0
2015-08-28  20.65  20.750   140599.0
2015-08-31  20.67  20.630   393162.0
2015-09-01  20.34  20.000   223717.0
2015-09-02  20.11  20.010   199003.0
2015-09-03  20.04  19.940   124065.0
2015-09-04  19.73  19.680   149819.0
2015-09-08  19.91  20.060   174755.0
2015-09-09  20.17  19.970   292181.0
2015-09-10  19.94  20.050   146508.0
2015-09-11  19.99  20.320   139031.0
2015-09-14  20.33  20.550   249126.0
2015-09-15  20.58  20.960   215076.0
2015-09-16  20.94  20.900   148886.0
2015-09-17  20.88  21.170   140167.0
2015-09-18  20.94  21.250   483114.0
2015-09-21  21.34  21.550   293927.0
2015-09-22  21.39  21.370   306770.0
2015-09-23  21.41  21.730   359384.0
2015-09-24  21.66  22.010   242461.0
2015-09-25  22.08  21.970   250630.0
2015-09-28  21.87  22.000   253751.0
2015-09-29  22.00  22.060   174347.0
2015-09-30  22.13  22.120   255637.0
2015-10-01  22.16  22.150   333563.0
2015-10-02  22.09  22.290   356087.0
2015-10-05  22.35  22.700   192256.0
2015-10-06  22.65  22.480   232684.0
2015-10-07  22.53  22.500   238109.0
2015-10-08  22.44  22.710   174533.0
2015-10-09  22.72  22.390   201724.0
2015-10-12  22.41  22.690   130662.0
2015-10-13  22.66  22.560    96486.0
2015-10-14  22.57  22.590   132540.0
2015-10-15  22.65  23.140   212848.0
2015-10-16  23.21  23.230   227333.0
2015-10-19  23.15  23.500   132553.0
2015-10-20  23.47  23.830   284588.0
2015-10-21  23.89  23.340   393814.0
2015-10-22  23.45  23.770   216877.0
2015-10-23  23.80  23.790   184671.0
2015-10-26  23.80  23.800   179517.0
2015-10-27  23.69  23.940   207730.0
2015-10-28  23.94  24.350   314426.0
2015-10-29  24.05  22.820   378853.0
2015-10-30  22.59  22.360   378578.0
2015-11-02  22.36  22.510   365612.0
2015-11-03  22.41  22.610   265969.0
2015-11-04  22.60  22.720   224527.0
2015-11-05  22.52  22.720   250401.0
2015-11-06  22.50  21.850   385400.0
2015-11-09  21.75  21.880   227834.0
2015-11-10  21.90  21.830   224813.0
2015-11-11  21.83  21.720   164071.0
2015-11-12  21.67  21.500   210704.0
2015-11-13  21.41  21.350   244565.0
2015-11-16  21.35  21.600   162796.0
2015-11-17  21.58  21.220   127682.0
2015-11-18  21.20  21.330   184684.0
2015-11-19  21.38  21.790   207634.0
2015-11-20  21.86  21.900   209900.0
2015-11-23  21.86  21.790   131834.0
2015-11-24  21.71  21.710   117405.0
2015-11-25  21.73  21.910   170422.0
2015-11-27  21.87  22.510   138825.0
2015-11-30  22.52  22.530   241937.0
2015-12-01  22.60  22.590   232208.0
2015-12-02  22.52  22.530   206123.0
2015-12-03  22.50  22.550   198959.0
2015-12-04  22.56  22.820   157177.0
2015-12-07  22.76  22.650   179390.0
2015-12-08  22.61  22.730   122470.0
2015-12-09  22.66  22.580   100444.0
2015-12-10  22.58  22.470   197851.0
2015-12-11  22.16  22.360   231537.0
2015-12-14  22.36  22.440   316379.0
2015-12-15  22.51  22.660   184927.0
2015-12-16  22.78  23.340   131055.0
2015-12-17  23.35  23.440   164853.0
2015-12-18  23.41  23.290   439037.0
2015-12-21  23.36  23.360   180659.0
2015-12-22  23.42  23.570   113332.0
2015-12-23  23.64  23.620    92494.0
2015-12-24  23.64  23.790    52283.0
2015-12-28  23.74  23.920   120955.0
2015-12-29  24.00  24.100    80200.0
2015-12-30  24.03  23.880   183486.0
2015-12-31  23.81  23.270   147812.0
2016-01-04  23.05  23.150   282997.0
2016-01-05  23.13  23.240   200065.0
2016-01-06  23.03  23.510   202792.0
2016-01-07  23.17  23.230   139028.0
2016-01-08  23.31  23.420   252558.0
2016-01-11  23.48  23.510   164702.0
2016-01-12  23.60  23.400   327195.0
2016-01-13  23.49  23.400   289067.0
2016-01-14  23.41  23.570   162507.0
2016-01-15  23.09  22.960   236611.0
2016-01-19  23.08  23.260   157512.0
2016-01-20  23.08  23.300   224135.0
2016-01-21  23.32  23.310   345005.0
2016-01-22  23.39  23.880   195797.0
2016-01-25  23.85  23.810   145237.0
2016-01-26  23.89  23.700   156222.0
2016-01-27  23.70  23.740   242101.0
2016-01-28  23.87  24.450   181561.0
2016-01-29  24.61  25.090   232044.0
2016-02-01  24.99  25.180   258188.0
2016-02-02  25.05  24.960   248729.0
2016-02-03  25.08  24.980   264245.0
2016-02-04  24.70  24.000   239058.0
2016-02-05  23.93  23.530   350387.0
2016-02-08  23.42  24.250   261472.0
2016-02-09  24.12  24.550   219898.0
2016-02-10  24.60  24.830   193946.0
2016-02-11  24.56  24.880   185285.0
2016-02-12  24.87  25.090   238340.0
2016-02-16  25.36  25.470   228759.0
2016-02-17  25.50  25.580   261988.0
2016-02-18  25.57  25.690   279361.0
2016-02-19  25.70  25.360   501662.0
2016-02-22  25.18  24.730   537676.0
2016-02-23  24.61  24.720   310170.0
2016-02-24  24.65  24.880   225258.0
2016-02-25  24.20  24.970   338895.0
2016-02-26  24.17  23.630  1087098.0
2016-02-29  24.58  24.720  1120164.0
2016-03-01  24.82  25.170   508317.0
2016-03-02  25.12  25.930   731242.0
2016-03-03  25.87  26.150   632101.0
2016-03-04  26.24  26.250   808777.0
2016-03-07  25.75  26.050  5972475.0
2016-03-08  26.53  26.250   593730.0
2016-03-09  26.31  26.420   628470.0
2016-03-10  26.44  26.250   316086.0
2016-03-11  26.38  25.980   551516.0
2016-03-14  25.89  25.890   436179.0
2016-03-15  25.88  25.930   423267.0
2016-03-16  25.90  25.690   542236.0
2016-03-17  25.63  26.180   390667.0
2016-03-18  26.29  25.830   708645.0
2016-03-21  25.71  25.660   319102.0
2016-03-22  25.61  25.820   285542.0
2016-03-23  25.84  25.630   303137.0
2016-03-24  25.64  26.220   356705.0
2016-03-28  26.20  25.920   680597.0
2016-03-29  25.91  27.080   371978.0
2016-03-30  27.08  27.060   328717.0
2016-03-31  27.03  26.720   326506.0
2016-04-01  26.69  26.830   298167.0
2016-04-04  26.38  27.010   308470.0
2016-04-05  26.94  26.590   255645.0
2016-04-06  26.62  26.630   218596.0
2016-04-07  26.52  26.720   208811.0
2016-04-08  26.81  27.190   272844.0
2016-04-11  27.29  27.280   156252.0
2016-04-12  27.26  27.370   143995.0
2016-04-13  27.55  27.560   279700.0
2016-04-14  27.53  27.620   198026.0
2016-04-15  27.57  28.000   181941.0
2016-04-18  27.99  28.090   275218.0
2016-04-19  27.53  27.940   305366.0
2016-04-20  27.90  27.630   180183.0
2016-04-21  27.61  27.310   250397.0
2016-04-22  27.27  27.460   944253.0
2016-04-25  27.44  27.630   240003.0
2016-04-26  27.63  27.930   412955.0
2016-04-27  27.93  28.060   358392.0
2016-04-28  27.60  27.800   294885.0
2016-04-29  27.70  27.930   282454.0
2016-05-02  28.01  28.430   455550.0
2016-05-03  28.40  28.510   236677.0
2016-05-04  28.52  28.990   334627.0
2016-05-05  28.82  28.230   356365.0
2016-05-06  28.17  28.760   355152.0
2016-05-09  28.76  28.740   230065.0
2016-05-10  28.88  28.730   161963.0
2016-05-11  28.77  28.740   125772.0
2016-05-12  28.79  28.570   256897.0
2016-05-13  28.59  28.680   169201.0
2016-05-16  28.81  28.750   235263.0
2016-05-17  28.73  27.640   244504.0
2016-05-18  27.49  27.450   182228.0
2016-05-19  27.42  27.840   159253.0
2016-05-20  27.97  28.220   333223.0
2016-05-23  28.21  28.000   175773.0
2016-05-24  28.17  28.700   220554.0
2016-05-25  28.73  28.320   115129.0
2016-05-26  28.46  28.850   115874.0
2016-05-27  28.60  29.080   151412.0
2016-05-31  29.16  29.150   190284.0
2016-06-01  29.24  29.520   222126.0
2016-06-02  29.53  29.560   147496.0
2016-06-03  29.73  29.970   209931.0
2016-06-06  30.00  29.830   237891.0
2016-06-07  29.88  30.160   127262.0
2016-06-08  30.21  30.970   178151.0
2016-06-09  30.97  31.460   178664.0
2016-06-10  31.39  31.910   198618.0
2016-06-13  31.90  31.920   180766.0
2016-06-14  31.84  32.290   265914.0
2016-06-15  32.39  31.670   249148.0
2016-06-16  31.64  31.900   248778.0
2016-06-17  31.98  31.900   705501.0
2016-06-20  32.11  31.930   164066.0
2016-06-21  31.95  32.190   145670.0
2016-06-22  32.17  32.120   300064.0
2016-06-23  32.14  32.720   269639.0
2016-06-24  31.62  33.450  1346940.0
2016-06-27  33.50  34.040   404602.0
2016-06-28  34.02  34.080   412737.0
2016-06-29  34.41  33.540   499839.0
2016-06-30  33.72  34.930   502113.0
2016-07-01  35.00  34.480   304096.0
2016-07-05  34.60  35.440   387970.0
2016-07-06  35.44  34.960   301222.0
2016-07-07  34.74  33.730   300381.0
2016-07-08  33.69  34.100   385483.0
2016-07-11  34.07  34.000   335920.0
2016-07-12  33.98  33.480   403072.0
2016-07-13  33.53  33.650   315716.0
2016-07-14  33.46  32.650   467772.0
2016-07-15  32.81  33.010   238980.0
2016-07-18  32.91  32.830   191663.0
2016-07-19  32.88  32.930   200778.0
2016-07-20  32.86  33.040   252738.0
2016-07-21  32.93  33.070   166074.0
2016-07-22  33.06  33.470   122755.0
2016-07-25  33.53  33.560    97319.0
2016-07-26  33.57  33.420   101233.0
2016-07-27  33.39  33.060   312993.0
2016-07-28  32.75  33.150   271570.0
2016-07-29  33.23  33.730   262158.0
2016-08-01  33.68  33.970   344715.0
2016-08-02  33.98  33.200   245623.0
2016-08-03  33.11  32.560   231422.0
2016-08-04  32.50  32.330   295225.0
2016-08-05  32.34  32.180   226474.0
2016-08-08  32.22  31.600   217290.0
2016-08-09  31.50  31.430   272527.0
2016-08-10  31.54  31.500   221950.0
2016-08-11  31.54  31.680   201699.0
2016-08-12  31.77  31.690   108928.0
2016-08-15  31.81  31.390   130214.0
2016-08-16  31.39  30.910   333365.0
2016-08-17  30.86  31.270   320041.0
2016-08-18  31.27  31.560   198869.0
2016-08-19  31.48  31.650   257595.0
2016-08-22  31.73  31.740   110010.0
2016-08-23  31.69  31.400   159494.0
2016-08-24  31.43  31.360   154117.0
2016-08-25  31.43  31.580    98241.0
2016-08-26  31.75  31.010   104524.0
2016-08-29  31.11  31.090   108793.0
2016-08-30  31.11  30.730   109912.0
2016-08-31  30.83  30.490   180075.0
2016-09-01  30.46  30.340   104581.0
2016-09-02  30.51  31.040   114914.0
2016-09-06  31.06  31.170   124284.0
2016-09-07  31.25  31.980   216626.0
2016-09-08  31.93  32.020   219675.0
2016-09-09  31.70  30.570   258194.0
2016-09-12  30.38  30.720   221526.0
2016-09-13  30.65  30.140   244980.0
2016-09-14  30.31  30.050   155640.0
2016-09-15  29.93  30.530   119208.0
2016-09-16  30.61  31.030   502017.0
2016-09-19  31.25  31.930   117515.0
2016-09-20  32.16  32.200   129685.0
2016-09-21  32.41  32.930   185448.0
2016-09-22  33.12  33.680   302657.0
2016-09-23  33.44  33.110   167578.0
2016-09-26  33.07  32.890   119965.0
2016-09-27  33.03  32.650   123996.0
2016-09-28  32.65  32.560   111996.0
2016-09-29  32.42  32.130   130151.0
2016-09-30  32.48  32.090   199617.0
2016-10-03  32.01  31.760   190493.0
2016-10-04  31.68  30.960   126571.0
2016-10-05  31.10  30.840   149672.0
2016-10-06  30.64  30.490   219798.0
2016-10-07  30.76  30.280   167068.0
2016-10-10  30.83  31.750   255381.0
2016-10-11  31.86  31.960   267062.0
2016-10-12  32.00  32.380   129290.0
2016-10-13  32.49  32.530   181265.0
2016-10-14  32.11  32.210   179478.0
2016-10-17  32.00  32.110   113001.0
2016-10-18  32.30  32.450    91605.0
2016-10-19  32.60  32.500   134049.0
2016-10-20  32.65  32.500   131971.0
2016-10-21  32.25  32.250   131323.0
2016-10-24  32.35  32.700   100764.0
2016-10-25  32.60  32.850   119624.0
2016-10-26  32.65  32.430   163090.0
2016-10-27  31.85  32.200   157544.0
2016-10-28  31.65  30.400   504605.0
2016-10-31  30.30  31.000   316566.0
2016-11-01  31.05  31.000   294940.0
2016-11-02  31.10  30.850   187200.0
2016-11-03  30.55  30.700   166367.0
2016-11-04  30.80  30.300   285252.0
2016-11-07  30.40  30.650   325112.0
2016-11-08  30.75  31.250   131534.0
2016-11-09  30.80  31.350   235937.0
2016-11-10  31.40  31.100   238446.0
2016-11-11  31.00  32.550   290840.0
2016-11-14  32.55  33.050   210484.0
2016-11-15  33.20  33.500   152272.0
2016-11-16  33.30  34.450   303764.0
2016-11-17  34.40  34.300   156960.0
2016-11-18  34.45  34.550   246251.0
2016-11-21  34.85  34.860   144649.0
2016-11-22  35.00  36.800   268972.0
2016-11-23  35.95  34.200   255324.0
2016-11-25  34.15  35.400    68189.0
2016-11-28  35.55  36.000   174093.0
2016-11-29  36.10  36.100   170891.0
2016-11-30  35.70  34.550   221999.0
2016-12-01  34.45  34.350   213168.0
2016-12-02  34.65  34.350   228065.0
2016-12-05  34.55  34.800   237533.0
2016-12-06  34.75  34.450   254905.0
2016-12-07  34.40  34.500   270785.0
2016-12-08  34.40  34.850   290884.0
2016-12-09  34.95  34.900   276478.0
2016-12-12  34.75  34.950   425670.0
2016-12-13  35.15  34.750   356187.0
2016-12-14  34.75  33.750   216528.0
2016-12-15  33.80  33.950   354318.0
2016-12-16  34.10  34.100  1693974.0
2016-12-19  34.30  34.350   413414.0
2016-12-20  34.40  34.200   298272.0
2016-12-21  34.25  34.000   196400.0
2016-12-22  34.05  33.500   216917.0
2016-12-23  33.70  34.100   215583.0
2016-12-27  33.90  34.450   217135.0
2016-12-28  34.75  33.950   129271.0
2016-12-29  33.95  34.300   138561.0
2016-12-30  34.30  33.900   141536.0
2017-01-03  34.00  33.750   225592.0
2017-01-04  33.60  34.300   287978.0
2017-01-05  34.25  34.000   167422.0
2017-01-06  33.95  33.450   164992.0
2017-01-09  33.50  32.500   162611.0
2017-01-10  32.60  33.000   177038.0
2017-01-11  32.90  33.350   184528.0
2017-01-12  33.25  32.650   110376.0
2017-01-13  32.75  33.000   146722.0
2017-01-17  32.90  33.050    91204.0
2017-01-18  32.95  33.100   119038.0
2017-01-19  32.90  32.950   134421.0
2017-01-20  32.90  33.400   170521.0
2017-01-23  33.45  33.550   107736.0
2017-01-24  33.55  34.050   147289.0
2017-01-25  34.30  35.100   243675.0
2017-01-26  35.20  34.850   162186.0
2017-01-27  35.00  34.750   113517.0
2017-01-30  34.70  33.950   144927.0
2017-01-31  34.00  34.500   159896.0
2017-02-01  34.45  33.650   160210.0
2017-02-02  33.50  33.900   133230.0
2017-02-03  34.05  34.000   140823.0
2017-02-06  34.00  33.750   196666.0
2017-02-07  33.75  33.800   101899.0
2017-02-08  33.60  33.850    93725.0
2017-02-09  33.75  34.150   100217.0
2017-02-10  34.25  34.650    93317.0
2017-02-13  34.55  35.000   135915.0
2017-02-14  35.15  34.450   180002.0
2017-02-15  34.10  34.750   127858.0
2017-02-16  34.65  34.600   147209.0
2017-02-17  34.70  34.900   523661.0
2017-02-21  34.90  35.550   139360.0
2017-02-22  35.60  35.500   107276.0
2017-02-23  35.60  37.600   238154.0
2017-02-24  36.25  37.000   366696.0
2017-02-27  36.95  36.950   232852.0
2017-02-28  36.90  36.750   229013.0
2017-03-01  36.80  37.000   313734.0
2017-03-02  36.95  37.100   174534.0
2017-03-03  37.15  36.500   157580.0
2017-03-06  36.35  36.000   121952.0
2017-03-07  36.00  35.650   146522.0
2017-03-08  35.65  34.550   139223.0
2017-03-09  34.45  34.300   121753.0
2017-03-10  34.55  34.450   161843.0
2017-03-13  34.30  34.550   135342.0
2017-03-14  34.50  34.450   130924.0
2017-03-15  34.55  34.900   441314.0
2017-03-16  34.95  34.450   301475.0
2017-03-17  34.45  34.750   655309.0
2017-03-20  34.90  34.900   166075.0
2017-03-21  34.90  34.900   166251.0
2017-03-22  35.05  34.900   141582.0
2017-03-23  34.90  34.800   164555.0
2017-03-24  34.80  35.050   147886.0
2017-03-27  35.05  34.700   151285.0
2017-03-28  34.55  34.550   287481.0
2017-03-29  34.55  35.000   121975.0
2017-03-30  35.00  35.050   157432.0
2017-03-31  35.00  35.850   290227.0
2017-04-03  36.00  34.950   212518.0
2017-04-04  35.00  35.400   159178.0
2017-04-05  35.25  36.050   222946.0
2017-04-06  35.95  36.000   173717.0
2017-04-07  36.05  35.900   159929.0
2017-04-10  35.95  36.150   107314.0
2017-04-11  36.10  36.600   133695.0
2017-04-12  36.70  36.800    96018.0
2017-04-13  36.85  36.350   113824.0
2017-04-17  36.60  36.850   130354.0
2017-04-18  36.85  36.800   156510.0
2017-04-19  36.95  36.750   152343.0
2017-04-20  36.75  36.900   136192.0
2017-04-21  36.85  37.350   179853.0
2017-04-24  37.60  37.400   193532.0
2017-04-25  37.45  37.625   104186.0
2017-04-26  37.70  38.300   189392.0
2017-04-27  37.30  37.150   224766.0
2017-04-28  37.00  35.700   225681.0
2017-05-01  35.90  35.400   130334.0
2017-05-02  35.45  35.800   242785.0
2017-05-03  35.75  35.150   157464.0
2017-05-04  34.95  34.550   121292.0
2017-05-05  34.60  34.900   156638.0
2017-05-08  34.90  34.200   134111.0
2017-05-09  34.10  33.250   300596.0
2017-05-10  33.25  34.150   146814.0
2017-05-11  34.05  34.150   103068.0
2017-05-12  34.20  34.100    83542.0
2017-05-15  34.30  34.500   146502.0
2017-05-16  34.65  34.350   136805.0
2017-05-17  33.90  33.800   158285.0
2017-05-18  33.80  33.600   157738.0
2017-05-19  33.70  34.200   191087.0
2017-05-22  34.20  33.900   182053.0
2017-05-23  34.10  34.600   177524.0
2017-05-24  34.65  34.300    87441.0
2017-05-25  34.40  34.850   157829.0
2017-05-26  34.85  34.450    69568.0
2017-05-30  34.40  34.400    62334.0
2017-05-31  34.55  34.650    78590.0
2017-06-01  34.60  35.500   116805.0
2017-06-02  35.70  35.750   139291.0
2017-06-05  35.65  35.500    71490.0
2017-06-06  35.35  35.800   130329.0
2017-06-07  35.80  36.000    85735.0
2017-06-08  36.05  36.350   120364.0
2017-06-09  36.40  37.500   172045.0
2017-06-12  37.45  36.950   160667.0
2017-06-13  37.00  37.250    86182.0
2017-06-14  37.45  37.600    96133.0
2017-06-15  37.35  37.350   154344.0
2017-06-16  37.15  37.450   434082.0
2017-06-19  37.65  37.050   101763.0
2017-06-20  36.95  36.250   157227.0
2017-06-21  36.30  35.800    80608.0
2017-06-22  35.85  36.300   122869.0
2017-06-23  36.35  36.450   209980.0
2017-06-26  36.35  36.250   102592.0
2017-06-27  36.05  35.900   171827.0
2017-06-28  36.15  36.050   155072.0
2017-06-29  35.95  36.300   138006.0
2017-06-30  36.40  36.800   272015.0
2017-07-03  37.05  36.850    95544.0
2017-07-05  36.70  36.800   183348.0
2017-07-06  36.65  36.800   204725.0
2017-07-07  36.90  36.900    94809.0
2017-07-10  36.90  36.800   133985.0
2017-07-11  36.90  37.100   161521.0
2017-07-12  37.35  37.700   145679.0
2017-07-13  37.75  37.200   131401.0
2017-07-14  37.25  37.350   134000.0
2017-07-17  37.20  37.250   111936.0
2017-07-18  37.15  37.650    81504.0
2017-07-19  37.65  38.150    82281.0
2017-07-20  38.25  38.800    95855.0
2017-07-21  39.60  39.500   219441.0
2017-07-24  39.45  38.400   128943.0
2017-07-25  38.45  38.450   147995.0
2017-07-26  38.40  38.500   117673.0
2017-07-27  38.50  38.250   188662.0
2017-07-28  38.20  39.150   134302.0
2017-07-31  39.25  38.900   136947.0
2017-08-01  39.10  39.150    98571.0
2017-08-02  38.95  38.300   133929.0
2017-08-03  38.10  38.500    97758.0
2017-08-04  38.50  38.850   117715.0
2017-08-07  38.90  38.500   131680.0
2017-08-08  38.45  38.650   185488.0
2017-08-09  38.50  38.400   153402.0
2017-08-10  38.25  38.250   115890.0
2017-08-11  38.00  37.900   165315.0
2017-08-14  37.90  38.600    86050.0
2017-08-15  38.50  38.350    68915.0
2017-08-16  38.45  37.950    79601.0
2017-08-17  37.85  37.150   113667.0
2017-08-18  36.85  36.800   212032.0
2017-08-21  36.85  36.900   184193.0
2017-08-22  37.00  36.600   215353.0
2017-08-23  36.50  36.600   173497.0
2017-08-24  36.65  37.000    90771.0
2017-08-25  37.10  36.650   108883.0
2017-08-28  36.75  36.700   275327.0
2017-08-29  36.70  37.000   134002.0
2017-08-30  36.90  37.000   100374.0
2017-08-31  36.95  37.450   180076.0
2017-09-01  37.55  37.250    67687.0
2017-09-05  37.20  36.950   142363.0
2017-09-06  37.00  36.850   105809.0
2017-09-07  36.80  37.300   142707.0
2017-09-08  37.25  37.700   154594.0
2017-09-11  37.80  38.400    94697.0
2017-09-12  38.45  37.000   114555.0
2017-09-13  36.95  36.900    80868.0
2017-09-14  36.95  37.550    73901.0
2017-09-15  37.65  37.600   388458.0
2017-09-18  37.60  38.050   115868.0
2017-09-19  37.95  38.200   121495.0
2017-09-20  38.30  38.050   110734.0
2017-09-21  38.15  37.800    95636.0
2017-09-22  38.00  38.050    71456.0
2017-09-25  37.95  38.600   123126.0
2017-09-26  38.60  38.550    86931.0
2017-09-27  38.50  37.850   176908.0
2017-09-28  37.85  38.250   121728.0
2017-09-29  38.35  38.150   188457.0
2017-10-02  38.25  39.600   129203.0
2017-10-03  39.50  39.650   160414.0
2017-10-04  39.75  40.200   109266.0
2017-10-05  40.30  40.550    80453.0
2017-10-06  40.35  40.600   111292.0
2017-10-09  40.60  40.950   119084.0
2017-10-10  41.15  41.350   121442.0
2017-10-11  41.35  41.750   121904.0
2017-10-12  41.85  41.750   143959.0
2017-10-13  41.90  41.350   130423.0
2017-10-16  41.60  41.750   118082.0
2017-10-17  41.75  42.200    71376.0
2017-10-18  42.20  42.900    81132.0
2017-10-19  42.85  43.350   102352.0
2017-10-20  43.55  43.250   163491.0
2017-10-23  43.15  42.900    69454.0
2017-10-24  43.00  41.800   146701.0
2017-10-25  41.75  41.605   207458.0
2017-10-26  41.95  42.550   193811.0
2017-10-27  42.80  43.050   248390.0
2017-10-30  43.10  42.350   177685.0
2017-10-31  42.50  42.000   274821.0
2017-11-01  42.20  42.450   119493.0
2017-11-02  42.50  43.450    99846.0
2017-11-03  43.20  43.000    90067.0
2017-11-06  43.00  43.550   149984.0
2017-11-07  43.75  43.000   264771.0
2017-11-09  43.15  42.900    80528.0
2017-11-10  42.90  42.900    91688.0
2017-11-13  42.95  43.000   145257.0
2017-11-14  43.00  43.400   223753.0
2017-11-15  43.35  43.400   145130.0
2017-11-16  43.40  43.950   129725.0
2017-11-17  43.60  44.100   348007.0
2017-11-20  44.40  44.050   129125.0
2017-11-21  44.30  44.750   195265.0
2017-11-22  44.75  44.450   120228.0
2017-11-24  44.50  44.000    64685.0
2017-11-27  44.00  44.000   142026.0
2017-11-28  44.20  44.600   140384.0
2017-11-29  44.60  45.350   160591.0
2017-11-30  45.55  45.600   163313.0
2017-12-01  45.75  45.000   243459.0
2017-12-04  45.40  44.900   140624.0
2017-12-05  44.80  43.650   127586.0
2017-12-06  43.65  43.800    95608.0
2017-12-07  43.70  43.800   195993.0
2017-12-08  44.00  43.750    85752.0
2017-12-11  43.70  43.300   129406.0
2017-12-12  43.25  42.500   238027.0
2017-12-13  42.50  42.800   175502.0
2017-12-14  42.55  42.350   179178.0
2017-12-15  42.70  43.700   622499.0
2017-12-18  43.95  43.850   279425.0
2017-12-19  43.25  42.600   123350.0
2017-12-20  43.00  43.200   108105.0
2017-12-21  43.45  43.650   132509.0
2017-12-22  43.65  43.850   115157.0
2017-12-26  43.85  44.300   158047.0
2017-12-27  44.50  44.800   163525.0
2017-12-28  44.90  45.300   241498.0
2017-12-29  45.50  45.350   186523.0
2018-01-02  45.70  44.700   244679.0
2018-01-03  44.50  44.250   203830.0
2018-01-04  43.90  43.850   152603.0
2018-01-05  43.85  43.500   195934.0
2018-01-08  43.45  44.150   226104.0
2018-01-09  44.15  43.650   150636.0
2018-01-10  43.50  42.600   225109.0
2018-01-11  42.55  43.100   196573.0
2018-01-12  43.20  42.850   235926.0
2018-01-16  43.15  43.350   278543.0
2018-01-17  42.95  43.250   391169.0
2018-01-18  43.15  42.750   257357.0
2018-01-19  42.70  43.800   228473.0
2018-01-22  43.95  43.900   258382.0
2018-01-23  43.90  44.700   320057.0
2018-01-24  44.90  45.100   444106.0
2018-01-25  45.40  43.350   624401.0
2018-01-26  43.30  41.700   363825.0
2018-01-29  41.60  41.450   280016.0
2018-01-30  41.25  41.050   326138.0
2018-01-31  41.30  40.700  3891684.0
2018-02-01  40.85  41.450   468830.0
2018-02-02  41.05  41.550   252599.0
2018-02-05  41.45  40.150   257864.0
2018-02-06  39.55  39.750   420265.0
2018-02-07  39.70  38.950   479793.0
2018-02-08  38.95  37.250   491174.0
2018-02-09  37.25  37.850   619659.0
2018-02-12  37.90  38.200   346872.0
2018-02-13  38.10  38.100   251608.0
2018-02-14  37.80  38.150   285455.0
2018-02-15  38.30  38.800   210345.0
2018-02-16  38.80  39.500   432407.0
2018-02-20  39.40  39.050   303248.0
2018-02-21  39.10  38.900   262479.0
2018-02-22  39.05  39.200   132134.0
2018-02-23  39.45  40.150   107816.0
2018-02-26  40.15  40.450   105063.0
2018-02-27  40.45  39.100   289893.0
2018-02-28  39.20  37.950   263712.0
2018-03-01  38.40  37.950   231363.0
2018-03-02  38.05  36.400   328017.0
2018-03-05  36.15  36.700  1115735.0
2018-03-06  36.95  35.400   708429.0
2018-03-07  35.35  37.300   373247.0
2018-03-08  37.10  37.000   289690.0
2018-03-09  37.30  37.750   426764.0
2018-03-12  37.80  38.500   281415.0
2018-03-13  38.60  37.600   240746.0
2018-03-14  37.80  37.100   723944.0
2018-03-15  37.20  37.100   608531.0
2018-03-16  37.20  37.400  1594627.0
2018-03-19  37.40  37.600   431122.0
2018-03-20  37.65  38.500   580648.0
2018-03-21  38.50  38.100   211882.0
2018-03-22  38.05  37.700   599538.0
2018-03-23  37.40  35.950   440074.0
2018-03-26  36.55  36.900   314503.0
2018-03-27  37.10  36.800   300816.0