date      open   close      volume
                                       
2013-01-02   50.8000   51.10  11674700.0
2013-01-03   51.0500   51.21   7566600.0
2013-01-04   51.3800   52.19   8745900.0
2013-01-07   51.7600   50.97   9472100.0
2013-01-08   50.8800   50.76   8637600.0
2013-01-09   50.9300   50.78   8389000.0
2013-01-10   50.8700   50.79   8097400.0
2013-01-11   50.8200   50.58   7149000.0
2013-01-14   50.4000   50.59   9308800.0
2013-01-15   50.4700   51.09   7299500.0
2013-01-16   50.8500   51.53   7371800.0
2013-01-17   51.8400   52.41  10132100.0
2013-01-18   52.2400   52.34   8490900.0
2013-01-22   52.3900   52.73   6635200.0
2013-01-23   52.8600   53.95  13842700.0
2013-01-24   54.0300   53.95  13608000.0
2013-01-25   53.8000   54.38   7939400.0
2013-01-28   54.2800   54.36   7133500.0
2013-01-29   54.1500   53.99   7786400.0
2013-01-30   53.8500   53.79   9821800.0
2013-01-31   53.8400   53.88   7333900.0
2013-02-01   54.1800   54.59   9552300.0
2013-02-04   54.1600   53.90   7717400.0
2013-02-05   54.3600   54.29  10246400.0
2013-02-06   55.4000   54.52  26833600.0
2013-02-07   54.0700   54.36  11723200.0
2013-02-08   54.3800   54.66   9584300.0
2013-02-11   54.6500   54.75   6358600.0
2013-02-12   54.7700   54.95   8758100.0
2013-02-13   55.0800   54.96   5701400.0
2013-02-14   54.9200   54.88   8564500.0
2013-02-15   55.0500   55.61  17783400.0
2013-02-19   55.5800   55.73   7780500.0
2013-02-20   55.6200   54.60   8460700.0
2013-02-21   54.5800   54.17   6802500.0
2013-02-22   54.3900   54.25   7603600.0
2013-02-25   54.6000   53.59   9830200.0
2013-02-26   53.8100   53.90   6238300.0
2013-02-27   53.9000   54.48   7243500.0
2013-02-28   54.5400   54.59   6605000.0
2013-03-01   54.3100   55.33   8311500.0
2013-03-04   55.1600   55.80   6357400.0
2013-03-05   55.9500   56.48   7067900.0
2013-03-06   56.5300   56.36   5572600.0
2013-03-07   56.3600   56.32   4813700.0
2013-03-08   56.5600   57.39   8157800.0
2013-03-11   57.3900   57.66   7155200.0
2013-03-12   57.5200   57.11   7159100.0
2013-03-13   57.1600   57.34   5209800.0
2013-03-14   57.3500   57.75   5908200.0
2013-03-15   57.5000   57.58  13788100.0
2013-03-18   57.0800   56.83   5125800.0
2013-03-19   56.8300   56.31   8884200.0
2013-03-20   56.5900   56.94   6018700.0
2013-03-21   56.7400   56.31   5168500.0
2013-03-22   56.6500   56.78   5500200.0
2013-03-25   57.0000   56.21   7881500.0
2013-03-26   56.4100   56.63   4675600.0
2013-03-27   56.3400   56.47   6392400.0
2013-03-28   56.5900   56.80   6705600.0
2013-04-01   56.8900   56.69   6722400.0
2013-04-02   57.0400   57.46   6575300.0
2013-04-03   57.6400   57.25   8101000.0
2013-04-04   57.2800   57.59   6412400.0
2013-04-05   56.8900   57.70   7034700.0
2013-04-08   57.8300   58.82   9796200.0
2013-04-09   58.7200   59.14   8864800.0
2013-04-10   59.3700   60.11   8438100.0
2013-04-11   60.1100   60.55   9241800.0
2013-04-12   60.2900   60.55   8533000.0
2013-04-15   60.2600   58.88  12027900.0
2013-04-16   59.2600   60.75  10309400.0
2013-04-17   60.3500   60.68  11531200.0
2013-04-18   60.6400   59.99   9203200.0
2013-04-19   60.2500   61.56   9488300.0
2013-04-22   61.5900   62.01   6306900.0
2013-04-23   62.4000   62.59   6260800.0
2013-04-24   62.7100   61.94   7335400.0
2013-04-25   62.0100   62.00   6680900.0
2013-04-26   62.0600   61.87   7038500.0
2013-04-29   62.8200   63.00   7203900.0
2013-04-30   62.9300   62.84   8528800.0
2013-05-01   62.8800   63.21   7468900.0
2013-05-02   63.4000   63.88   5249600.0
2013-05-03   64.1801   64.80   9196000.0
2013-05-06   65.0900   65.06  10239600.0
2013-05-07   65.4400   66.07  14539100.0
2013-05-08   66.0000   65.99  17803200.0
2013-05-09   65.7301   66.67  11325000.0
2013-05-10   66.6900   67.20   8654000.0
2013-05-13   66.9600   67.32   5195000.0
2013-05-14   67.4300   67.47   9675400.0
2013-05-15   67.4200   67.67   7925900.0
2013-05-16   67.6200   66.47   8473100.0
2013-05-17   66.1600   66.58   9160100.0
2013-05-20   66.5800   66.12   5893300.0
2013-05-21   66.3500   65.83   7359100.0
2013-05-22   65.7600   65.57   8142400.0
2013-05-23   64.8700   65.23   7536200.0
2013-05-24   64.7500   65.49   8846100.0
2013-05-28   65.9800   66.69   8280000.0
2013-05-29   66.3700   66.26   6954000.0
2013-05-30   66.4400   64.65  13052700.0
2013-05-31   64.5700   63.08  11280900.0
2013-06-03   63.0600   63.80   8705600.0
2013-06-04   63.9300   64.35   8147700.0
2013-06-05   64.0500   63.12   8893600.0
2013-06-06   63.1000   63.14   8661900.0
2013-06-07   63.6300   64.85   7611300.0
2013-06-10   64.9100   63.83   6729500.0
2013-06-11   63.3200   63.80   6454800.0
2013-06-12   64.3200   62.99   7663200.0
2013-06-13   62.9900   64.30   5584900.0
2013-06-14   64.0100   63.80   5311800.0
2013-06-17   64.3000   64.49   6752000.0
2013-06-18   64.6100   65.29   5234400.0
2013-06-19   65.1900   64.33   6871400.0
2013-06-20   63.2200   61.98  12260800.0
2013-06-21   62.6200   62.73  11892400.0
2013-06-24   62.2500   62.44   6494500.0
2013-06-25   62.8800   62.57   6776700.0
2013-06-26   62.9500   63.21   5720400.0
2013-06-27   63.6500   63.72   4875900.0
2013-06-28   63.7600   63.15  10560300.0
2013-07-01   63.8400   63.93   8221600.0
2013-07-02   63.8300   63.26   7690500.0
2013-07-03   62.8500   63.61   3351800.0
2013-07-05   63.8800   63.82   5645800.0
2013-07-08   64.2800   64.71   6679700.0
2013-07-09   65.3200   64.94   4556400.0
2013-07-10   64.8600   64.91   5761700.0
2013-07-11   65.6500   66.58   8329800.0
2013-07-12   66.3900   66.98   5889900.0
2013-07-15   67.0200   65.93   6458000.0
2013-07-16   65.9500   65.03   7470900.0
2013-07-17   65.4200   65.36   6846700.0
2013-07-18   65.7000   65.82   4962800.0
2013-07-19   65.8900   65.16   7220400.0
2013-07-22   65.1500   64.40   5973600.0
2013-07-23   64.6000   64.45   4534500.0
2013-07-24   64.5900   64.64   5326800.0
2013-07-25   64.3200   64.55   5407800.0
2013-07-26   64.4699   64.98   4949600.0
2013-07-29   64.8000   64.61   3805800.0
2013-07-30   64.7001   64.18   6210500.0
2013-07-31   64.4300   64.65   7155300.0
2013-08-01   65.1600   65.36   6338100.0
2013-08-02   65.5600   66.51   6098500.0
2013-08-05   66.5000   66.02   7265800.0
2013-08-06   66.0900   67.05  11546300.0
2013-08-07   64.9300   65.91  16970500.0
2013-08-08   66.3400   65.75   8826400.0
2013-08-09   65.4700   64.73   7945500.0
2013-08-12   64.2600   63.93   8004900.0
2013-08-13   64.2600   63.98   6025100.0
2013-08-14   63.9500   63.96   6413700.0
2013-08-15   63.2800   62.38   9014100.0
2013-08-16   61.9700   62.17   8238800.0
2013-08-19   62.1500   61.83   5659900.0
2013-08-20   61.7900   61.88   5192100.0
2013-08-21   61.6200   61.14   7185400.0
2013-08-22   61.3200   61.64   5302300.0
2013-08-23   61.9600   61.73   5505900.0
2013-08-26   61.7600   61.35   4499100.0
2013-08-27   60.9000   60.69   7734500.0
2013-08-28   60.4400   60.81   7161700.0
2013-08-29   60.7700   61.08   5396200.0
2013-08-30   61.1400   60.83   5404100.0
2013-09-03   61.4200   60.93   7016400.0
2013-09-04   60.9200   61.11  14014600.0
2013-09-05   61.0700   61.30   6356600.0
2013-09-06   61.4700   61.39   7319400.0
2013-09-09   61.6000   61.59   7224500.0
2013-09-10   62.0900   62.83   9919600.0
2013-09-11   63.1200   63.94   9439700.0
2013-09-12   63.8000   65.49  22426500.0
2013-09-13   65.8700   66.69  12718700.0
2013-09-16   67.3200   66.94   9716500.0
2013-09-17   66.8300   66.98   6450700.0
2013-09-18   66.6700   67.11   9865600.0
2013-09-19   66.3900   65.72  11864800.0
2013-09-20   65.6100   65.01  29076200.0
2013-09-23   65.0400   64.75   8286600.0
2013-09-24   64.9400   64.32   8272800.0
2013-09-25   64.4200   64.45   7281400.0
2013-09-26   64.3600   65.24   6971200.0
2013-09-27   64.9700   65.19   5586000.0
2013-09-30   64.7300   64.49   7463200.0
2013-10-01   64.3700   64.83   4881200.0
2013-10-02   64.4500   64.88   7218800.0
2013-10-03   64.7200   64.02   7264100.0
2013-10-04   64.0200   65.30   6546000.0
2013-10-07   64.8100   64.59   5840900.0
2013-10-08   64.5200   64.00   8636300.0
2013-10-09   64.0200   63.59   8746900.0
2013-10-10   64.4800   65.58   7676600.0
2013-10-11   65.6600   66.21   6735000.0
2013-10-14   65.8800   66.83   6461500.0
2013-10-15   66.7300   66.44   5943100.0
2013-10-16   66.6400   66.35   7724800.0
2013-10-17   66.1900   66.42   6952100.0
2013-10-18   66.5000   67.15   7587000.0
2013-10-21   67.2700   67.61   4845800.0
2013-10-22   67.9400   69.00   7860700.0
2013-10-23   68.8100   68.12   5864500.0
2013-10-24   68.1800   69.05   6045400.0
2013-10-25   69.3200   69.26   6613300.0
2013-10-28   69.3500   69.00   4469200.0
2013-10-29   69.1200   68.92   4450200.0
2013-10-30   69.2200   68.47   5816100.0
2013-10-31   68.4700   68.59   5706100.0
2013-11-01   68.7100   69.01   5008600.0
2013-11-04   69.4100   68.81   4790200.0
2013-11-05   68.7700   68.85   5140600.0
2013-11-06   69.1800   69.00   6503200.0
2013-11-07   69.3400   67.15  10496300.0
2013-11-08   66.8700   68.58  16182800.0
2013-11-11   68.4800   68.34   4954000.0
2013-11-12   68.3300   67.77   6586700.0
2013-11-13   67.4300   68.97   5681000.0
2013-11-14   69.1400   70.02   7246600.0
2013-11-15   69.7700   70.00   6184400.0
2013-11-18   70.0600   69.50   4904400.0
2013-11-19   69.4900   69.12   4801700.0
2013-11-20   69.1200   69.23   4726800.0
2013-11-21   69.4600   69.94   4498300.0
2013-11-22   69.9500   70.20   4667500.0
2013-11-25   70.5400   69.74   5830600.0
2013-11-26   69.9200   71.18   8850000.0
2013-11-27   71.2100   70.77   5446100.0
2013-11-29   71.0400   70.54   4801000.0
2013-12-02   70.7900   70.91   6774600.0
2013-12-03   70.2200   69.90   8304700.0
2013-12-04   69.4200   69.97   4883800.0
2013-12-05   70.2900   70.23   5587000.0
2013-12-06   70.9700   71.46   5542000.0
2013-12-09   71.3600   71.11   6477100.0
2013-12-10   70.9100   71.57   7112200.0
2013-12-11   71.7300   70.52   9519200.0
2013-12-12   69.2800   69.63   8756300.0
2013-12-13   69.9000   69.62   5784300.0
2013-12-16   69.9100   70.51   6246600.0
2013-12-17   70.6900   70.66   6829100.0
2013-12-18   70.9600   72.20   7971400.0
2013-12-19   72.1400   72.97   6768100.0
2013-12-20   73.1000   72.40  12989700.0
2013-12-23   72.8900   73.28   5621900.0
2013-12-24   73.2500   73.85   2883600.0
2013-12-26   73.9500   74.62   4620100.0
2013-12-27   74.6500   74.35   3844800.0
2013-12-30   74.9900   76.23   8578900.0
2013-12-31   76.2800   76.40   4692300.0
2014-01-02   76.0400   76.27   5200900.0
2014-01-03   76.3000   76.11   4060700.0
2014-01-06   76.5300   75.82   6816200.0
2014-01-07   76.1200   76.34   4494900.0
2014-01-08   76.1300   75.22  10900300.0
2014-01-09   75.4600   74.90   8052900.0
2014-01-10   75.0800   75.39   6219000.0
2014-01-13   74.9000   73.27   8232800.0
2014-01-14   73.7100   74.45   5996500.0
2014-01-15   74.3000   74.28   7283900.0
2014-01-16   74.3900   74.21   5597400.0
2014-01-17   74.4300   73.98   6624800.0
2014-01-21   73.9900   74.20   7507100.0
2014-01-22   74.0800   75.31   6795100.0
2014-01-23   74.5300   74.79   6280900.0
2014-01-24   74.1000   72.72   7334900.0
2014-01-27   72.4700   72.25   7415100.0
2014-01-28   72.2600   72.88   5508400.0
2014-01-29   71.9700   71.33   8604800.0
2014-01-30   72.0900   73.22   7550500.0
2014-01-31   72.2000   72.61   7748500.0
2014-02-03   72.6600   69.99  11964800.0
2014-02-04   70.9400   71.05  11278800.0
2014-02-05   72.0500   71.76  11573300.0
2014-02-06   75.6100   75.56  19821900.0
2014-02-07   75.0800   75.67  11480100.0
2014-02-10   75.6700   77.06   8781600.0
2014-02-11   77.1500   77.79   8186200.0
2014-02-12   77.6600   77.91   6329500.0
2014-02-13   77.5200   77.90   5955400.0
2014-02-14   77.8800   79.23   7001100.0
2014-02-18   79.5000   79.58   6136500.0
2014-02-19   79.5000   78.87   7024000.0
2014-02-20   79.2100   79.19   5748700.0
2014-02-21   79.0700   80.13   8252300.0
2014-02-24   80.5000   80.73   6635200.0
2014-02-25   80.7200   80.21   6064300.0
2014-02-26   80.6300   80.08   5775600.0
2014-02-27   80.0000   80.48   4919800.0
2014-02-28   80.8400   80.81   7030700.0
2014-03-03   80.3000   79.46   8449400.0
2014-03-04   80.6000   81.71   8021400.0
2014-03-05   82.2200   82.68   7709700.0
2014-03-06   82.8600   83.34   5774400.0
2014-03-07   83.6000   82.21   7478100.0
2014-03-10   82.1800   81.97   5209700.0
2014-03-11   82.1900   81.05   7171600.0
2014-03-12   80.5900   81.38   6378300.0
2014-03-13   81.7500   79.93   8570600.0
2014-03-14   79.8500   80.07   7754700.0
2014-03-17   80.5000   81.39   7280700.0
2014-03-18   81.5300   81.99   5395900.0
2014-03-19   82.2500   80.52   6403200.0
2014-03-20   80.5900   80.81   5968200.0
2014-03-21   81.9600   80.35   7840900.0
2014-03-24   80.7100   79.49   7642900.0
2014-03-25   80.2400   79.55   6692400.0
2014-03-26   79.9300   78.62   6750800.0
2014-03-27   78.2950   78.48   9194700.0
2014-03-28   78.7300   78.99   5281700.0
2014-03-31   79.7000   80.07   6848800.0
2014-04-01   80.3900   81.57   6555000.0
2014-04-02   81.7200   81.67   6073500.0
2014-04-03   81.9200   81.69   4930100.0
2014-04-04   82.3200   80.43   8894400.0
2014-04-07   80.4200   79.13   9000800.0
2014-04-08   79.2700   79.57   7085100.0
2014-04-09   79.9700   80.47   7004800.0
2014-04-10   80.9200   77.51  10160200.0
2014-04-11   77.5100   77.01   9204100.0
2014-04-14   77.7000   77.62   5964700.0
2014-04-15   77.8900   77.66   6398700.0
2014-04-16   78.3800   78.95   5958800.0
2014-04-17   78.7000   79.99   7627700.0
2014-04-21   79.9600   79.11   7080300.0
2014-04-22   79.2200   79.45   5876000.0
2014-04-23   79.5300   79.52   4148600.0
2014-04-24   79.7400   79.59   4632700.0
2014-04-25   79.4600   78.23   6193300.0
2014-04-28   78.7600   77.78   7522700.0
2014-04-29   78.3500   78.64   4608700.0
2014-04-30   78.5000   79.34   6550200.0
2014-05-01   79.3500   79.56   6486800.0
2014-05-02   79.6200   80.31   7599300.0
2014-05-05   80.4200   81.22   5669800.0
2014-05-06   81.5900   81.03  10696500.0
2014-05-07   81.6500   80.29  11906800.0
2014-05-08   80.2100   81.60   9257700.0
2014-05-09   81.2700   81.95   5376600.0
2014-05-12   82.0800   82.42   5704400.0
2014-05-13   82.4300   82.08   5274700.0
2014-05-14   81.7700   80.92   6192000.0
2014-05-15   80.6400   80.15   7687700.0
2014-05-16   80.1700   80.39   5823700.0
2014-05-19   80.4300   81.05   4896900.0
2014-05-20   80.9400   81.09   6023200.0
2014-05-21   81.4200   82.19   4736400.0
2014-05-22   82.1900   82.35   4652000.0
2014-05-23   82.1900   83.32   4580300.0
2014-05-27   83.5600   83.74   5197700.0
2014-05-28   83.8000   83.60   4652100.0
2014-05-29   83.9200   84.03   6522000.0
2014-05-30   83.8100   84.01   6352400.0
2014-06-02   84.2700   84.27   3933800.0
2014-06-03   84.0700   83.88   4541400.0
2014-06-04   83.8500   84.24   5800100.0
2014-06-05   84.3700   84.78   5956000.0
2014-06-06   84.9100   84.61   5302800.0
2014-06-09   84.6000   85.48   5667600.0
2014-06-10   85.4000   84.75   4632600.0
2014-06-11   84.6000   84.31   4300900.0
2014-06-12   84.0300   82.80   7231400.0
2014-06-13   82.7500   82.80   4711100.0
2014-06-16   82.6400   83.30   5181100.0
2014-06-17   82.9800   83.16   4535900.0
2014-06-18   83.1800   83.58   4536300.0
2014-06-19   83.6500   83.77   4326900.0
2014-06-20   84.0700   82.82  11073400.0
2014-06-23   82.8500   82.76   3946600.0
2014-06-24   82.6800   82.68   5057100.0
2014-06-25   82.6700   83.90   7899200.0
2014-06-26   84.6800   84.45   6424000.0
2014-06-27   84.1300   85.30  17932200.0
2014-06-30   85.4400   85.74   6991400.0
2014-07-01   85.8100   86.47   5608200.0
2014-07-02   86.5800   86.44   4439600.0
2014-07-03   86.7000   86.84   3210400.0
2014-07-07   86.6100   86.59   4897800.0
2014-07-08   86.1900   85.86   4733600.0
2014-07-09   86.0000   87.22   6311200.0
2014-07-10   86.5300   86.86   7249700.0
2014-07-11   87.0000   86.89   5016000.0
2014-07-14   87.4600   86.76   4012300.0
2014-07-15   86.5800   86.15   7001300.0
2014-07-16   86.6900   85.35  10679300.0
2014-07-17   85.3300   85.03   6885900.0
2014-07-18   85.4400   85.81   4719100.0
2014-07-21   85.8100   85.74   4799800.0
2014-07-22   86.3700   86.21   4984200.0
2014-07-23   86.3100   86.04   3650200.0
2014-07-24   86.5000   86.80   4168200.0
2014-07-25   86.3000   86.23   4659800.0
2014-07-28   86.4300   87.15   4546800.0
2014-07-29   87.2900   86.20   5478700.0
2014-07-30   86.6200   87.21   7294200.0
2014-07-31   86.5900   85.88   6342400.0
2014-08-01   85.3900   85.38   6759200.0
2014-08-04   86.1700   87.24   8262700.0
2014-08-05   87.1400   86.75   9361800.0
2014-08-06   86.1800   86.59   9789500.0
2014-08-07   86.9900   85.51   7916900.0
2014-08-08   85.6500   86.85   6382700.0
2014-08-11   87.0700   87.50   5047900.0
2014-08-12   87.1500   87.21   4510100.0
2014-08-13   87.7400   87.60   4533200.0
2014-08-14   88.0300   88.61   8218000.0
2014-08-15   89.0200   89.28   8211000.0
2014-08-18   89.6600   89.97   4973300.0
2014-08-19   90.1300   90.09   4153000.0
2014-08-20   89.9200   89.84   3894500.0
2014-08-21   90.0600   90.38   4688600.0
2014-08-22   90.1300   90.49   4756400.0
2014-08-25   90.9500   90.38   3501400.0
2014-08-26   90.6100   90.02   4104300.0
2014-08-27   90.1400   90.37   3728300.0
2014-08-28   91.0600   90.94   2667200.0
2014-08-29   90.3200   89.88   4168500.0
2014-09-02   90.1800   90.80   5567300.0
2014-09-03   91.0600   90.94   3667600.0
2014-09-04   90.8700   90.14   5418500.0
2014-09-05   90.1400   90.94   4597100.0
2014-09-08   90.7600   90.56   4310500.0
2014-09-09   90.5000   89.60   4771000.0
2014-09-10   89.5400   89.52   5053300.0
2014-09-11   89.2000   89.97   4065500.0
2014-09-12   90.1000   89.67   3870200.0
2014-09-15   89.7400   90.08   4881800.0
2014-09-16   89.7100   90.27   4324600.0
2014-09-17   90.5800   90.33   4037000.0
2014-09-18   90.3100   90.34   4326200.0
2014-09-19   90.8000   90.49  13345100.0
2014-09-22   90.4900   89.29   4986436.0
2014-09-23   89.1200   88.31   6024128.0
2014-09-24   88.3600   89.45   5605638.0
2014-09-25   89.2600   88.07   7053024.0
2014-09-26   88.1500   88.74   5796117.0
2014-09-29   88.1200   88.83   5190768.0
2014-09-30   88.8400   89.03   4832528.0
2014-10-01   89.0800   87.49   7512382.0
2014-10-02   87.5000   86.79  11051144.0
2014-10-03   88.1000   88.45   7552860.0
2014-10-06   88.7900   88.56   4051853.0
2014-10-07   88.0000   87.11   6225508.0
2014-10-08   87.0600   88.11   7007555.0
2014-10-09   88.0300   85.71   8726491.0
2014-10-10   85.9200   86.27  12675447.0
2014-10-13   85.9200   83.91   9039814.0
2014-10-14   84.7500   84.14   8607117.0
2014-10-15   82.3900   82.08  21844427.0
2014-10-16   79.9300   81.74  13216497.0
2014-10-17   82.6800   83.83  12386547.0
2014-10-20   84.2300   85.52   8306047.0
2014-10-21   86.3200   87.54   9167193.0
2014-10-22   87.9400   87.10   9313765.0
2014-10-23   88.2100   87.99   7245248.0
2014-10-24   87.9100   88.61   4937482.0
2014-10-27   88.4700   88.45   5644461.0
2014-10-28   89.0400   89.93   4554351.0
2014-10-29   89.8400   89.53   5442103.0
2014-10-30   89.4400   90.22   4445321.0
2014-10-31   91.5100   91.38   7472216.0
2014-11-03   91.2400   91.71   5447634.0
2014-11-04   91.9700   90.35   7927458.0
2014-11-05   91.6000   91.00   7020452.0
2014-11-06   91.2900   92.00   9897295.0
2014-11-07   89.3900   90.00  16176328.0
2014-11-10   90.2400   89.78   8149919.0
2014-11-11   90.0100   89.98   5896789.0
2014-11-12   89.7700   89.90   5261034.0
2014-11-13   90.1000   90.49   5098761.0
2014-11-14   90.6800   90.80   4280320.0
2014-11-17   90.5000   90.41   4147903.0
2014-11-18   90.3300   90.28   4466404.0
2014-11-19   90.2600   89.82   7709580.0
2014-11-20   89.2500   88.90   8603426.0
2014-11-21   89.6900   88.96   7383121.0
2014-11-24   89.3200   90.58   6503298.0
2014-11-25   90.7100   91.65   7404151.0
2014-11-26   91.9600   91.92   4607258.0
2014-11-28   92.5300   92.51   3852961.0
2014-12-01   92.6300   92.70   6714729.0
2014-12-02   92.6500   93.47   6664201.0
2014-12-03   93.5400   93.11   5492376.0
2014-12-04   93.6100   93.23   6049051.0
2014-12-05   93.6900   93.76   5226807.0
2014-12-08   94.2100   93.80   6681945.0
2014-12-09   93.5100   92.94   9519892.0
2014-12-10   92.5200   91.63  10345840.0
2014-12-11   91.0900   91.75   8227028.0
2014-12-12   91.1800   91.49   7890417.0
2014-12-15   92.0300   90.90   6746824.0
2014-12-16   90.5000   90.17   6548540.0
2014-12-17   90.3600   91.38   6890832.0
2014-12-18   92.1900   92.61   9386648.0
2014-12-19   92.3400   92.89  12837921.0
2014-12-22   93.3900   94.20   7477466.0
2014-12-23   94.4800   94.69   5385610.0
2014-12-24   94.6900   94.42   2166034.0
2014-12-26   94.7400   95.03   3142181.0
2014-12-29   94.7400   95.50   3584362.0
2014-12-30   95.2100   94.70   3490053.0
2014-12-31   95.1300   94.19   4797034.0
2015-01-02   94.9100   93.75   5865382.0
2015-01-05   93.2800   92.38   7789422.0
2015-01-06   92.5700   91.89   6802241.0
2015-01-07   92.7200   92.83   6589438.0
2015-01-08   93.8700   93.79   7571727.0
2015-01-09   94.0500   94.25   8585750.0
2015-01-12   94.6900   94.46   6586223.0
2015-01-13   95.2800   95.19   9373595.0
2015-01-14   94.0000   94.23   6509193.0
2015-01-15   94.6100   94.35   5661480.0
2015-01-16   94.0000   95.18   6117011.0
2015-01-20   95.2200   94.74   7941665.0
2015-01-21   94.3700   94.17   7388268.0
2015-01-22   94.5800   95.15   7013617.0
2015-01-23   94.9200   94.72   4664712.0
2015-01-26   94.4500   94.97   5446896.0
2015-01-27   93.9400   93.97   5390006.0
2015-01-28   94.1400   92.67   6198356.0
2015-01-29   93.1100   93.22   7680479.0
2015-01-30   92.5000   90.96  10210374.0
2015-02-02   91.3000   91.93   9389632.0
2015-02-03   92.4300   94.10  12329105.0
2015-02-04   99.3900  101.28  32637064.0
2015-02-05  100.7600  102.64  14088483.0
2015-02-06  102.6700  102.02   8535097.0
2015-02-09  101.8000  101.73   5461981.0
2015-02-10  101.9600  101.92   5726347.0
2015-02-11  102.0100  101.87   5868122.0
2015-02-12  102.1600  103.58   6816814.0
2015-02-13  103.7300  104.17   5175636.0
2015-02-17  104.2300  104.12   4759134.0
2015-02-18  103.4000  103.86   3760147.0
2015-02-19  104.0000  103.89   5094087.0
2015-02-20  103.8600  104.55   5196821.0
2015-02-23  104.7600  104.99   5585519.0
2015-02-24  104.5400  104.67   4099805.0
2015-02-25  104.6800  105.57   6547243.0
2015-02-26  105.5000  104.56   5048899.0
2015-02-27  104.6700  104.08   4161605.0
2015-03-02  104.3500  105.89   5634906.0
2015-03-03  105.7800  106.35   4671924.0
2015-03-04  105.8600  105.57   4972787.0
2015-03-05  105.5400  105.03   3954726.0
2015-03-06  104.6700  103.82   5704232.0
2015-03-09  103.9400  105.26   4868861.0
2015-03-10  104.2700  103.09   6472601.0
2015-03-11  103.5100  102.89   4822763.0
2015-03-12  103.8500  107.17  10730363.0
2015-03-13  107.2800  106.44   8023267.0
2015-03-16  106.8400  107.37   6406928.0
2015-03-17  107.0000  106.96   4490044.0
2015-03-18  106.9000  107.97   5520550.0
2015-03-19  107.8400  107.37   4884499.0
2015-03-20  107.8300  108.43   8710075.0
2015-03-23  108.6000  108.22   5666684.0
2015-03-24  107.7200  107.11   4493028.0
2015-03-25  107.4500  105.00   6963270.0
2015-03-26  104.4700  105.24   5915304.0
2015-03-27  105.2000  105.48   5326220.0
2015-03-30  106.0600  106.12   3830678.0
2015-03-31  105.6000  104.89   5701494.0
2015-04-01  105.4300  105.44   6117195.0
2015-04-02  105.4900  106.00   3651641.0
2015-04-06  105.3100  105.63   4154208.0
2015-04-07  105.8000  105.43   4694555.0
2015-04-08  105.2300  106.36   4277383.0
2015-04-09  106.5100  106.77   3924416.0
2015-04-10  106.7300  106.95   3251107.0
2015-04-13  107.0700  106.51   4201467.0
2015-04-14  106.4100  106.66   5389283.0
2015-04-15  106.9200  106.98   4307798.0
2015-04-16  107.1500  108.10   6379102.0
2015-04-17  107.8000  106.69   9655384.0
2015-04-20  107.8300  108.22   8094174.0
2015-04-21  108.9300  107.68   4579838.0
2015-04-22  108.0200  107.94   4059840.0
2015-04-23  107.9600  109.00   5983097.0
2015-04-24  109.5300  109.53   6355616.0
2015-04-27  111.5000  110.16   8474231.0
2015-04-28  110.7500  109.92   7324143.0
2015-04-29  109.6600  109.81   6024681.0
2015-04-30  109.6800  108.72   7769124.0
2015-05-01  109.9500  110.52   6205116.0
2015-05-04  111.4800  111.03   7527249.0
2015-05-05  113.2700  110.81  14610817.0
2015-05-06  111.5600  109.72   8969943.0
2015-05-07  109.6000  109.26   8290227.0
2015-05-08  110.2600  110.11   6259191.0
2015-05-11  110.1400  108.60   6726429.0
2015-05-12  108.2800  109.24   6344998.0
2015-05-13  109.7000  109.19   4141357.0
2015-05-14  109.6900  109.93   4661702.0
2015-05-15  110.1000  110.30   5852043.0
2015-05-18  110.4700  110.33   4868898.0
2015-05-19  110.6900  110.56   4549640.0
2015-05-20  110.7800  110.20   4393459.0
2015-05-21  110.0400  110.39   4878059.0
2015-05-22  110.3000  110.26   4267697.0
2015-05-26  110.1700  109.44   5970371.0
2015-05-27  109.5100  110.37   3983520.0
2015-05-28  110.1100  110.53   3391980.0
2015-05-29  110.3300  110.37   5263858.0
2015-06-01  111.4800  110.96   6778313.0
2015-06-02  110.9200  110.75   4424832.0
2015-06-03  111.2800  111.17   4510344.0
2015-06-04  110.9500  110.30   5748198.0
2015-06-05  110.3000  110.30   4323537.0
2015-06-08  110.0300  109.29   6068142.0
2015-06-09  109.3500  108.52   7711756.0
2015-06-10  108.9000  110.00   5128742.0
2015-06-11  110.0100  110.62   5036279.0
2015-06-12  110.3300  109.95   4009859.0
2015-06-15  109.2700  110.18   5742208.0
2015-06-16  110.3500  111.06   3848346.0
2015-06-17  111.2000  111.49   4732297.0
2015-06-18  111.8300  113.22   6928982.0
2015-06-19  112.8300  112.62   9586676.0
2015-06-22  113.4000  113.53   5901862.0
2015-06-23  113.9300  114.41   6003070.0
2015-06-24  114.3000  113.77   5633279.0
2015-06-25  114.6200  114.45   6210535.0
2015-06-26  114.9700  114.99   9509028.0
2015-06-29  114.1600  113.05   7615215.0
2015-06-30  113.9300  114.14   6946744.0
2015-07-01  114.9500  115.13   5435397.0
2015-07-02  115.3800  114.97   5549504.0
2015-07-06  114.4700  115.70   5878566.0
2015-07-07  116.4200  117.10   8356811.0
2015-07-08  116.5000  115.19   8445169.0
2015-07-09  116.8300  115.60   7016849.0
2015-07-10  117.0500  116.44   7020301.0
2015-07-13  117.7500  118.05   7595237.0
2015-07-14  118.0300  117.85   5060059.0
2015-07-15  118.0400  118.30   4845200.0
2015-07-16  119.0000  119.07   6303045.0
2015-07-17  118.6900  118.86   5109793.0
2015-07-20  119.2900  119.58   6950180.0
2015-07-21  119.7600  119.31   4784966.0
2015-07-22  119.2800  119.33   4713693.0
2015-07-23  119.3000  118.80   3347184.0
2015-07-24  119.3500  118.91   4320834.0
2015-07-27  118.6300  118.25   5179267.0
2015-07-28  118.6800  118.46   6447089.0
2015-07-29  118.8500  119.84   6083479.0
2015-07-30  119.7100  120.03   4429287.0
2015-07-31  120.1200  120.00   5767280.0
2015-08-03  120.8800  121.12   8415463.0
2015-08-04  121.5000  121.69  12624387.0
2015-08-05  110.8300  110.53  60905927.0
2015-08-06  110.4000  108.55  57162413.0
2015-08-07  108.7500  109.35  15791550.0
2015-08-10  110.0000  111.00  11616188.0
2015-08-11  110.3400  108.00  13573984.0
2015-08-12  107.0000  106.99  17020546.0
2015-08-13  107.2100  107.52   9751253.0
2015-08-14  107.6100  107.16   7104463.0
2015-08-17  107.3000  109.05   7954040.0
2015-08-18  108.0400  106.94  12020035.0
2015-08-19  106.5800  106.45   9484026.0
2015-08-20  104.3400  100.02  34651279.0
2015-08-21   97.5000   98.84  30869858.0
2015-08-24   93.3800   95.36  30135991.0
2015-08-25   99.7300   95.89  19070248.0
2015-08-26   98.6900   99.23  13730657.0
2015-08-27  101.2400  102.17  17527311.0
2015-08-28  102.3900  102.48  11003023.0
2015-08-31  102.2200  101.88   8513824.0
2015-09-01   99.4900   99.51  14210086.0
2015-09-02  100.7500  101.89  12143244.0
2015-09-03  102.2000  101.99   8953299.0
2015-09-04  100.9600  100.97   9213799.0
2015-09-08  102.9500  104.01   8570239.0
2015-09-09  104.7500  101.91   9577524.0
2015-09-10  101.8500  102.60   9025537.0
2015-09-11  102.3500  104.48   9528234.0
2015-09-14  104.6500  103.82   6959805.0
2015-09-15  103.2500  103.43   9171441.0
2015-09-16  103.3200  103.96   6509278.0
2015-09-17  104.2000  104.20   7792632.0
2015-09-18  103.2000  102.84  13559400.0
2015-09-21  103.6800  103.41   7144675.0
2015-09-22  102.1800  102.49   8328799.0
2015-09-23  102.4400  101.57   5817994.0
2015-09-24  101.0000  100.62  10703995.0
2015-09-25  101.5100  100.30   7176641.0
2015-09-28   99.9000   98.49   8190734.0
2015-09-29   98.5100   99.42   9465281.0
2015-09-30  100.7800  102.20   9125415.0
2015-10-01  102.9700  102.67   7502246.0
2015-10-02  101.2100  103.00   9105121.0
2015-10-05  103.7000  103.85   7144600.0
2015-10-06  104.1900  103.77   5660139.0
2015-10-07  104.4900  103.39   7006810.0
2015-10-08  103.2000  104.61   7499092.0
2015-10-09  105.0900  105.56   7341822.0
2015-10-12  105.9100  106.35   5179044.0
2015-10-13  105.7400  106.59   8342685.0
2015-10-14  106.5000  105.73   5563643.0
2015-10-15  106.5000  107.89   6739184.0
2015-10-16  108.2700  108.24   5907809.0
2015-10-19  108.2500  109.47   8001900.0
2015-10-20  109.5500  109.84   9674422.0
2015-10-21  110.6700  110.09   8778723.0
2015-10-22  110.6700  113.25  10023792.0
2015-10-23  114.2100  113.09   7928447.0
2015-10-26  113.0700  113.52   5729552.0
2015-10-27  113.2900  113.77   5857367.0
2015-10-28  113.9700  114.34   6452336.0
2015-10-29  114.3400  115.04   6125017.0
2015-10-30  115.0000  113.74   8501634.0
2015-11-02  114.4900  115.04   6948178.0
2015-11-03  114.9700  115.54   7122525.0
2015-11-04  116.6400  113.25  20735237.0
2015-11-05  113.2600  113.00  14802125.0
2015-11-06  114.6000  115.67  16799160.0
2015-11-09  115.9000  116.42   9305639.0
2015-11-10  116.1700  117.42   8240273.0
2015-11-11  117.5500  116.52   6381663.0
2015-11-12  115.6000  116.21   7221172.0
2015-11-13  115.9200  114.84   8070303.0
2015-11-16  113.4700  115.92   5769657.0
2015-11-17  116.1100  116.13   6434320.0
2015-11-18  116.2200  118.14   6744009.0
2015-11-19  118.1500  118.71   6100938.0
2015-11-20  119.1100  120.07  10820776.0
2015-11-23  120.3000  119.42   6986322.0
2015-11-24  117.9000  117.95   9152287.0
2015-11-25  118.2900  118.67   4750814.0
2015-11-27  116.0000  115.13  14912040.0
2015-11-30  115.5600  113.47  16552049.0
2015-12-01  114.1500  115.39   8895492.0
2015-12-02  115.3900  114.00   7787454.0
2015-12-03  114.1700  111.89  10446197.0
2015-12-04  112.7400  114.24   8769655.0
2015-12-07  114.5600  113.83   6735033.0
2015-12-08  113.3500  112.48   7473807.0
2015-12-09  112.3900  111.47   9050676.0
2015-12-10  111.1500  110.76   7027327.0
2015-12-11  109.9100  108.04  12333768.0
2015-12-14  108.6800  109.35   9694951.0
2015-12-15  112.0500  112.16  13361688.0
2015-12-16  114.6900  113.79  12298950.0
2015-12-17  114.1300  112.01   9375035.0
2015-12-18  112.0100  107.72  28291181.0
2015-12-21  108.8000  106.59  22840727.0
2015-12-22  106.9900  106.74   8641887.0
2015-12-23  107.2100  105.56  12368561.0
2015-12-24  105.2000  105.86   4356193.0
2015-12-28  106.5000  107.25   9092488.0
2015-12-29  107.8800  107.08   8606732.0
2015-12-30  106.8900  106.34   4915609.0
2015-12-31  106.1400  105.08   6668989.0
2016-01-04  103.1200  102.98  12531100.0
2016-01-05  102.6700  100.90  16188391.0
2016-01-06   99.3800  100.36  13934302.0
2016-01-07   98.9600   99.50  14670264.0
2016-01-08  100.6300   99.25  10688672.0
2016-01-11  100.2100   99.92   9581234.0
2016-01-12  100.9700  101.46   8860839.0
2016-01-13  101.8800   98.48  11615434.0
2016-01-14   98.6500   99.11  11145983.0
2016-01-15   95.6200   93.90  22283157.0
2016-01-19   95.0000   93.97  13283882.0
2016-01-20   92.1800   92.54  16917304.0
2016-01-21   92.8700   94.02  12069069.0
2016-01-22   95.9500   96.90  12303429.0
2016-01-25   96.4200   95.29   7812047.0
2016-01-26   95.4900   96.27   6914130.0
2016-01-27   96.3100   94.32   6326207.0
2016-01-28   95.2000   93.53   7311875.0
2016-01-29   94.2100   95.82   8210972.0
2016-02-01   95.0800   95.15   7026480.0
2016-02-02   94.0000   93.12   7244189.0
2016-02-03   94.1000   95.14  10877825.0
2016-02-04   94.8700   95.43   8350263.0
2016-02-05   95.3200   93.90   8896896.0
2016-02-08   92.5600   92.12  13749432.0
2016-02-09   90.1500   92.32  19148862.0
2016-02-10   88.0000   88.85  32638635.0
2016-02-11   87.0000   90.31  17520744.0
2016-02-12   91.5200   91.15  10784252.0
2016-02-16   92.4700   92.91   9048786.0
2016-02-17   93.6700   95.50  12608323.0
2016-02-18   96.3400   95.17   8772183.0
2016-02-19   95.2300   95.01   6834628.0
2016-02-22   96.2300   96.37   6980088.0
2016-02-23   96.5000   95.38   6250555.0
2016-02-24   94.6500   95.43   6945227.0
2016-02-25   95.9200   95.65   4560826.0
2016-02-26   95.7100   95.31   5276200.0
2016-02-29   95.3100   95.52   7791827.0
2016-03-01   95.9000   97.65   7139669.0
2016-03-02   97.6700   97.00   6498261.0
2016-03-03   97.7900   98.82   8580110.0
2016-03-04   99.0000   98.48   6738845.0
2016-03-07   98.5700   99.39   7217436.0
2016-03-08   98.9300   97.82   6156707.0
2016-03-09   98.0000   97.66   7010242.0
2016-03-10   97.9400   97.04   5453451.0
2016-03-11   97.5700   97.94   5605668.0
2016-03-14   97.9400   98.81   6174350.0
2016-03-15   98.0200   98.24   5942388.0
2016-03-16   98.1600   98.44   6079376.0
2016-03-17   98.2800   99.60   6384279.0
2016-03-18   99.9800   99.20  10204581.0
2016-03-21   98.9200   98.46   7070113.0
2016-03-22   97.5900   97.58   6475422.0
2016-03-23   97.7200   96.83   5517292.0
2016-03-24   96.5500   97.22   5575848.0
2016-03-28   97.5000   98.09   5317022.0
2016-03-29   98.0000   98.16   5170836.0
2016-03-30   98.9000   98.91   5675871.0
2016-03-31   99.0100   99.31   7038603.0
2016-04-01   98.8000   99.07   5895452.0
2016-04-04   99.3000   98.68   5277465.0
2016-04-05   96.8500   97.00  10818004.0
2016-04-06   96.9600   97.48   6949134.0
2016-04-07   97.1100   96.16   7524546.0
2016-04-08   96.6300   96.42   6981295.0
2016-04-11   96.9300   96.27   5902511.0
2016-04-12   96.2800   97.35   6276839.0
2016-04-13   98.0300   99.48   7967141.0
2016-04-14   99.7900   98.63   6675862.0
2016-04-15   98.5000   98.59   6146734.0
2016-04-18   99.6000  101.48  10661685.0
2016-04-19  102.0000  102.64  10638654.0
2016-04-20  103.0200  103.27   7711541.0
2016-04-21  103.3600  102.91   6823859.0
2016-04-22  103.0600  103.77   5731255.0
2016-04-25  103.5000  104.57   6117068.0
2016-04-26  104.5800  104.89   6451819.0
2016-04-27  105.1900  105.28   5994523.0
2016-04-28  104.5400  104.03   5657511.0
2016-04-29  103.9500  103.26   7006259.0
2016-05-02  103.3000  104.36   5285731.0
2016-05-03  103.8800  103.78   6242924.0
2016-05-04  103.3100  103.67   6444965.0
2016-05-05  103.9800  104.93   6464365.0
2016-05-06  104.5100  105.54   7405117.0
2016-05-09  106.0100  105.34   8128904.0
2016-05-10  105.5300  106.60  15104470.0
2016-05-11  101.4600  102.29  27065558.0
2016-05-12  102.5000  101.71  11250355.0
2016-05-13  101.7100  100.52   9569828.0
2016-05-16  100.4100  100.36   9112952.0
2016-05-17  100.7900   99.94   8692475.0
2016-05-18   99.5900   99.00   9323116.0
2016-05-19   98.5800   98.41   7063535.0
2016-05-20   99.0000   99.78   7296926.0
2016-05-23   99.6000   99.18   5588550.0
2016-05-24   99.4500   99.51   5250483.0
2016-05-25   99.9200   99.86   5678987.0
2016-05-26   99.8900   99.81   3852030.0
2016-05-27   99.8100  100.29   4585969.0
2016-05-31   99.8500   99.22  10395445.0
2016-06-01   98.6700   98.52   7243674.0
2016-06-02   98.0700   98.72   4830090.0
2016-06-03   98.6600   98.75   6857440.0
2016-06-06   98.9600   98.78   4985735.0
2016-06-07   99.0000   98.35   5608418.0
2016-06-08   98.4900   98.04   5466157.0
2016-06-09   97.8200   97.84   5379153.0
2016-06-10   97.1500   97.34   7204388.0
2016-06-13   96.7500   97.57   8766186.0
2016-06-14   97.2000   98.40   6125297.0
2016-06-15   98.1900   98.27   6662123.0
2016-06-16   97.8000   98.38   7129263.0
2016-06-17   98.4100   99.00   8959401.0
2016-06-20  100.0800   99.57   8268636.0
2016-06-21   99.7300   98.82   5201712.0
2016-06-22   99.0800   98.79   4947349.0
2016-06-23   99.4400   99.02   5825280.0
2016-06-24   96.0100   95.72  15062765.0
2016-06-27   94.9100   94.38   9485245.0
2016-06-28   95.4600   96.05   7141694.0
2016-06-29   96.9100   96.98   6563579.0
2016-06-30   97.1000   97.82   7189489.0
2016-07-01   97.7500   98.03   5681452.0
2016-07-05   97.7700   97.66   5846196.0
2016-07-06   97.0000   98.45   6222792.0
2016-07-07   97.6300   98.41   5146032.0
2016-07-08   99.2500   99.62   6045805.0
2016-07-11   99.8000   99.98   5427829.0
2016-07-12  100.1750  100.20   8507935.0
2016-07-13  100.4600   99.88   5489574.0
2016-07-14  100.4200   99.97   7459838.0
2016-07-15  100.4200   99.80   5763595.0
2016-07-18   99.9000  100.15   5050907.0
2016-07-19   99.8100   99.47   5737015.0
2016-07-20   98.6500   98.22  10633122.0
2016-07-21   98.1700   98.01   7069552.0
2016-07-22   98.3900   97.71   5381662.0
2016-07-25   97.9000   97.39   4825496.0
2016-07-26   97.0200   96.69   6274581.0
2016-07-27   96.7000   96.33   6907268.0
2016-07-28   96.4000   95.91   7713512.0
2016-07-29   95.8500   95.95   8263651.0
2016-08-01   96.1500   95.54   7131587.0
2016-08-02   95.3500   95.01   7644091.0
2016-08-03   95.0600   96.09   9065763.0
2016-08-04   95.5300   95.16  10036881.0
2016-08-05   95.4000   95.83   6528537.0
2016-08-08   96.1100   95.75   7782135.0
2016-08-09   95.6100   96.67  15548695.0
2016-08-10   96.7000   97.86  27181275.0
2016-08-11   98.2000   97.77   9233890.0
2016-08-12   97.8200   96.84   9356523.0
2016-08-15   97.3500   97.10   5299588.0
2016-08-16   96.8600   96.88   5777756.0
2016-08-17   96.8400   96.87   5697173.0
2016-08-18   96.8700   96.65   5250741.0
2016-08-19   96.4000   96.39   6362284.0
2016-08-22   96.4700   95.87   5495336.0
2016-08-23   96.1300   95.97   4996251.0
2016-08-24   96.0100   95.82   5912459.0
2016-08-25   95.6200   95.55   4518655.0
2016-08-26   95.6600   95.21   6019553.0
2016-08-29   95.0700   94.87   7902666.0
2016-08-30   94.7700   94.86   6845002.0
2016-08-31   94.6900   94.46   7375228.0
2016-09-01   94.7300   94.26   6274204.0
2016-09-02   94.7500   94.42   5381671.0
2016-09-06   94.5300   93.80   8435043.0
2016-09-07   93.9800   93.71   6280746.0
2016-09-08   93.4900   94.09   7438081.0
2016-09-09   93.5100   92.42  10248373.0
2016-09-12   91.9600   93.64   9367303.0
2016-09-13   93.0400   92.70   7795172.0
2016-09-14   92.5900   92.26   6385472.0
2016-09-15   92.1200   92.50   7566351.0
2016-09-16   92.2700   92.56  10568535.0
2016-09-19   92.8000   92.63   5421467.0
2016-09-20   92.7000   92.95   6199463.0
2016-09-21   93.0000   92.39  12049468.0
2016-09-22   92.7300   93.41   6470442.0
2016-09-23   93.0700   93.27   4407675.0
2016-09-26   92.4700   91.96  10445975.0
2016-09-27   91.9300   91.72   9167391.0
2016-09-28   91.7500   92.20   8272345.0
2016-09-29   92.1400   91.80   7476594.0
2016-09-30   92.2800   92.86   8908409.0
2016-10-03   92.4700   92.49   5832935.0
2016-10-04   92.4500   92.59   5903392.0
2016-10-05   92.9400   92.45   5365007.0
2016-10-06   92.7500   92.83   7483841.0
2016-10-07   93.0600   92.49   6143309.0
2016-10-10   92.7000   92.49   4241028.0
2016-10-11   92.3300   91.86   6650588.0
2016-10-12   91.8800   91.41   6835069.0
2016-10-13   90.9500   91.12   5725154.0
2016-10-14   91.7700   91.30   4345622.0
2016-10-17   91.3500   90.83   5134605.0
2016-10-18   91.4000   91.17   4890775.0
2016-10-19   91.2700   91.93   6140496.0
2016-10-20   91.6600   92.03   6153205.0
2016-10-21   91.3300   93.03  13812328.0
2016-10-24   93.4900   93.37   7280974.0
2016-10-25   93.1400   92.75   6378954.0
2016-10-26   92.3900   93.49   7152828.0
2016-10-27   93.8000   94.02   6646969.0
2016-10-28   93.8900   93.85   7308553.0
2016-10-31   93.7200   92.69   9957559.0
2016-11-01   92.7800   92.39   6449806.0
2016-11-02   91.9100   91.91   6715911.0
2016-11-03   92.2600   93.37   7750800.0
2016-11-04   93.5000   92.45   7455920.0
2016-11-07   93.7700   94.43   6996093.0
2016-11-08   94.5300   94.38   6226219.0
2016-11-09   92.2900   94.64   8635729.0
2016-11-10   94.8900   94.96  13708270.0
2016-11-11   97.1800   97.68  23008062.0
2016-11-14   97.5600   97.92  13208417.0
2016-11-15   97.9000   97.70   7184595.0
2016-11-16   98.3300   99.12   9699637.0
2016-11-17   99.0500   99.37   8662057.0
2016-11-18   99.0500   98.24   8586121.0
2016-11-21   98.1100   97.63  10771076.0
2016-11-22   97.5000   97.71   5323652.0
2016-11-23   97.6700   98.26   6165977.0
2016-11-25   98.7100   98.82   4396763.0
2016-11-28   98.5200   98.97   7106669.0
2016-11-29   99.2300   99.67   8396628.0
2016-11-30   99.4000   99.12  11368462.0
2016-12-01   99.1300   98.94   9956254.0
2016-12-02   98.7900   98.50   7737143.0
2016-12-05   98.9800   99.96  11331542.0
2016-12-06   99.9500  100.66   8427531.0
2016-12-07  100.5100  101.99  12255742.0
2016-12-08  101.4700  103.38  16524513.0
2016-12-09  103.4900  104.86  12173909.0
2016-12-12  104.6100  104.06   7879703.0
2016-12-13  104.2000  103.85   7393171.0
2016-12-14  103.6200  104.05   7959458.0
2016-12-15  103.8500  104.39   8745434.0
2016-12-16  104.7100  103.91  12635016.0
2016-12-19  105.7000  105.30  11473052.0
2016-12-20  105.6400  105.46   8947285.0
2016-12-21  104.6100  105.56   5202235.0
2016-12-22  104.9600  105.42   5230549.0
2016-12-23  105.2400  105.15   3238753.0
2016-12-27  104.8500  105.17   3639539.0
2016-12-28  104.9900  104.30   5178595.0
2016-12-29  104.2300  104.56   5896763.0
2016-12-30  104.5700  104.22   6982680.0
2017-01-03  105.3000  106.08   8884273.0
2017-01-04  106.6400  107.44   8321566.0
2017-01-05  107.1700  107.38   6301645.0
2017-01-06  108.0150  108.98   9551309.0
2017-01-09  108.5800  108.36   6194980.0
2017-01-10  107.9000  108.38   7901886.0
2017-01-11  108.5400  109.44   7616804.0
2017-01-12  108.1200  107.53   8218590.0
2017-01-13  107.1600  108.06   6488323.0
2017-01-17  107.9100  107.97   7586483.0
2017-01-18  106.9300  108.16   7162759.0
2017-01-19  107.9200  107.28   5350191.0
2017-01-20  107.3500  107.66   5648910.0
2017-01-23  107.3400  107.12   5716282.0
2017-01-24  107.2000  107.90   5456146.0
2017-01-25  108.2300  108.04   6180212.0
2017-01-26  108.2100  108.06   6079494.0
2017-01-27  108.4900  109.30   5577657.0
2017-01-30  109.8600  110.94  13792322.0
2017-01-31  110.5900  110.65   8484214.0
2017-02-01  110.7100  111.30  10497859.0
2017-02-02  111.2100  110.61   6515922.0
2017-02-03  110.9000  110.30   7923085.0
2017-02-06  109.9200  109.57   6892699.0
2017-02-07  109.6500  109.00  10157451.0
2017-02-08  109.5600  109.00  13613377.0
2017-02-09  109.0700  109.49   6369737.0
2017-02-10  109.3500  109.26   7671800.0
2017-02-13  108.9500  109.65   5654040.0
2017-02-14  109.8000  110.33   4768197.0
2017-02-15  109.9100  110.18   7087135.0
2017-02-16  110.3400  110.71   7179625.0
2017-02-17  110.2400  110.06   6349061.0
2017-02-21  109.9400  110.01   5431830.0
2017-02-22  109.6900  110.12   5478398.0
2017-02-23  110.3000  109.73   5470661.0
2017-02-24  109.6200  110.32   4786814.0
2017-02-27  109.9300  110.23   3547459.0
2017-02-28  110.0000  110.09   4765738.0
2017-03-01  110.6600  111.04   7418101.0
2017-03-02  111.0000  110.59   4715623.0
2017-03-03  110.3400  111.24   5843886.0
2017-03-06  110.7720  110.67   4983166.0
2017-03-07  110.7000  110.86   5114392.0
2017-03-08  110.8700  110.84   4929881.0
2017-03-09  110.9000  111.03   4005660.0
2017-03-10  111.4000  110.92   4027005.0
2017-03-13  110.9200  111.52   5213562.0
2017-03-14  111.7300  112.31   7273535.0
2017-03-15  112.4300  111.87   5319516.0
2017-03-16  112.1800  111.71   4409419.0
2017-03-17  111.8700  111.76   9061194.0
2017-03-20  112.0700  112.71   8156325.0
2017-03-21  112.9700  111.75   7109766.0
2017-03-22  111.8500  112.08   5044710.0
2017-03-23  111.7100  112.24   8307922.0
2017-03-24  112.4000  112.14   4706397.0
2017-03-27  111.8100  112.38   4469820.0
2017-03-28  112.6000  113.05   6280839.0
2017-03-29  112.6600  112.53   3781206.0
2017-03-30  112.5300  113.18   4192753.0
2017-03-31  113.0000  113.39   4617427.0
2017-04-03  113.1800  113.20   4643409.0
2017-04-04  113.1500  113.04   3385987.0
2017-04-05  113.5800  113.00   4795081.0
2017-04-06  112.8500  113.05   4744006.0
2017-04-07  112.8200  112.58   4300468.0
2017-04-10  112.8000  112.43   4053564.0
2017-04-11  113.6800  113.07   5230127.0
2017-04-12  113.0300  113.04   4086275.0
2017-04-13  113.0400  113.20   6530791.0
2017-04-17  113.3300  113.78   5120176.0
2017-04-18  113.4800  114.19   6191132.0
2017-04-19  114.5600  113.73   5303424.0
2017-04-20  114.1700  114.79   5278817.0
2017-04-21  114.3800  114.44   6654516.0
2017-04-24  115.2600  113.70   7294620.0
2017-04-25  113.7300  115.16   5641941.0
2017-04-26  115.4000  115.58   4638217.0
2017-04-27  115.8000  115.84   3874615.0
2017-04-28  115.8700  115.60   3947362.0
2017-05-01  115.5900  114.73   4910312.0
2017-05-02  114.8700  114.37   6534126.0
2017-05-03  114.0300  111.62  11506867.0
2017-05-04  110.5800  111.17  10578710.0
2017-05-05  111.4900  111.99   5631820.0
2017-05-08  112.3900  111.42   5975428.0
2017-05-09  111.5500  112.07   8248743.0
2017-05-10  109.0000  109.66  17045219.0
2017-05-11  109.7400  109.58   7938863.0
2017-05-12  109.8000  109.69   4967734.0
2017-05-15  109.7300  109.13   5913123.0
2017-05-16  109.1200  107.98  10016682.0
2017-05-17  106.0000  106.31  12677467.0
2017-05-18  105.9800  106.68   6516621.0
2017-05-19  106.7600  107.52   5962236.0
2017-05-22  107.6500  107.63   5484423.0
2017-05-23  107.6800  107.02   7513934.0
2017-05-24  107.1500  107.71   4366699.0
2017-05-25  108.1300  107.27   7562356.0
2017-05-26  107.7100  108.41   6184061.0
2017-05-30  108.4900  108.34   4654441.0
2017-05-31  108.4000  107.94   9704143.0
2017-06-01  107.7300  108.21   5790198.0
2017-06-02  108.4600  107.18  10713469.0
2017-06-05  107.0400  106.52   6359282.0
2017-06-06  106.1700  105.50   9571810.0
2017-06-07  105.7900  105.92   5684989.0
2017-06-08  105.4700  104.32  10952971.0
2017-06-09  104.2800  105.62   9270565.0
2017-06-12  105.8900  107.04   8039781.0
2017-06-13  107.1400  106.56   4907795.0
2017-06-14  106.9500  106.14   4778108.0
2017-06-15  105.9400  105.98   4885967.0
2017-06-16  106.2800  105.51   8540608.0
2017-06-19  105.6000  105.37   5831467.0
2017-06-20  105.0700  103.94   7704638.0
2017-06-21  104.3900  104.80   7509429.0
2017-06-22  104.7100  104.22   6036266.0
2017-06-23  103.8300  104.36  14506069.0
2017-06-26  104.6000  105.57   5861121.0
2017-06-27  105.3300  105.41   5682866.0
2017-06-28  106.0200  106.86   7838851.0
2017-06-29  106.8000  105.71   7265005.0
2017-06-30  106.2500  106.25   5065419.0
2017-07-03  106.7600  107.46   5399354.0
2017-07-05  107.8300  105.63   8015521.0
2017-07-06  104.6100  103.35   8671665.0
2017-07-07  103.5100  103.32   5840497.0
2017-07-10  103.3000  103.59   4364001.0
2017-07-11  103.6000  103.84   4554741.0
2017-07-12  104.3400  104.38   5197580.0
2017-07-13  104.4500  104.29   5336566.0
2017-07-14  104.4300  105.09   4248801.0
2017-07-17  105.1700  104.79   3968892.0
2017-07-18  104.6000  105.75   5729036.0
2017-07-19  106.1300  106.82   5402386.0
2017-07-20  106.9900  107.36   6065496.0
2017-07-21  107.1000  107.09   4290395.0
2017-07-24  107.3100  107.00   4540425.0
2017-07-25  107.6000  106.42   5349361.0
2017-07-26  106.5500  106.94   4012575.0
2017-07-27  107.6900  110.00  10183851.0
2017-07-28  109.9800  109.96   4773643.0
2017-07-31  110.0200  109.93   6799971.0
2017-08-01  109.9800  110.61   5919236.0
2017-08-02  109.8800  108.67   8798784.0
2017-08-03  108.5200  109.12   6844945.0
2017-08-04  108.2300  107.69   8491176.0
2017-08-07  107.5900  106.35   7667666.0
2017-08-08  106.5500  106.98   7781176.0
2017-08-09  100.7100  102.83  27623325.0
2017-08-10  102.5000  101.35  11279458.0
2017-08-11  101.2500  101.99   9351441.0
2017-08-14  102.8000  101.40   9584038.0
2017-08-15  101.6300  101.51   7754294.0
2017-08-16  101.8400  102.20   5878925.0
2017-08-17  102.2400  101.38   6390674.0
2017-08-18  101.3200  100.70   6861600.0
2017-08-21  100.6400  101.17   6102061.0
2017-08-22  101.4100  102.77   6826583.0
2017-08-23  102.4800  101.50   5927489.0
2017-08-24  101.8200  101.52   6952915.0
2017-08-25  101.6900  102.41   6054728.0
2017-08-28  102.4900  102.56   5567905.0
2017-08-29  102.0000  102.57   6000985.0
2017-08-30  102.4800  102.87   6585588.0
2017-08-31  103.0000  101.20   9776264.0
2017-09-01  101.6500  101.50   7825337.0
2017-09-05  102.0000  101.60   9346143.0
2017-09-06  101.7600  101.50   7255047.0
2017-09-07  101.5500   97.06  26333911.0
2017-09-08   96.4900   97.07  13122721.0
2017-09-11   97.9000   97.09   9501690.0
2017-09-12   97.5900   97.89   9112104.0
2017-09-13   98.2400   98.82   7499566.0
2017-09-14   98.7900   97.90   9687783.0
2017-09-15   98.0500   98.52  23723796.0
2017-09-18   98.3900   98.10   7000890.0
2017-09-19   98.2300   98.43   6955738.0
2017-09-20   98.7600   99.21   6387042.0
2017-09-21   99.1900   98.89   4956279.0
2017-09-22   98.5500   98.60   6290435.0
2017-09-25   98.6000   99.57   7448906.0
2017-09-26   99.6400   98.63   5900385.0
2017-09-27   98.9700   99.24   7472445.0
2017-09-28   98.7700   98.05   7108326.0
2017-09-29   97.8900   98.57   8156834.0
2017-10-02   99.3100   99.86   6773976.0
2017-10-03  100.0500  100.79   5389456.0
2017-10-04  100.7400  100.55   5039985.0
2017-10-05  100.6400  100.11   4511466.0
2017-10-06   99.9500  100.07   4160716.0
2017-10-09  100.8100   99.57   5401417.0
2017-10-10   99.9900   99.58   7690946.0
2017-10-11   99.5800   98.55   7900271.0
2017-10-12   97.5600   96.93  10994922.0
2017-10-13   96.8000   97.38   6827945.0
2017-10-16   97.6400   98.13   4880042.0
2017-10-17   98.4000   98.36   5780358.0
2017-10-18   98.3600   98.25   5369915.0
2017-10-19   98.1900   99.01   5617080.0
2017-10-20   99.4500   99.40   5924521.0
2017-10-23   99.1200   98.70   5860090.0
2017-10-24   98.5200   98.29   4762758.0
2017-10-25   98.0500   97.79   4090709.0
2017-10-26   97.5800   98.56   6129106.0
2017-10-27   97.9000   98.31   7850704.0
2017-10-30   98.1200   98.04   7086908.0
2017-10-31   97.9400   97.81   5623540.0
2017-11-01   98.1300   99.03   6843614.0
2017-11-02   98.8700   98.35   6785020.0
2017-11-03   98.3600   98.64   5416865.0
2017-11-06   98.3700  100.64  14702033.0
2017-11-07  101.2900  101.61  12148636.0
2017-11-09  100.8300  102.68  11051626.0
2017-11-10  104.9900  104.78  16660401.0
2017-11-13  104.1400  104.74   7679150.0
2017-11-14  104.5700  103.17   6921001.0
2017-11-15  102.7500  103.69   5522957.0
2017-11-16  103.6300  103.60   6343484.0
2017-11-17  103.2200  103.44   7435925.0
2017-11-20  103.4200  102.75   5108238.0
2017-11-21  102.9700  103.00   5592000.0
2017-11-22  103.2200  102.74   4109530.0
2017-11-24  102.9100  102.64   2217591.0
2017-11-27  102.6300  102.79   3978616.0
2017-11-28  102.5600  103.41   8384309.0
2017-11-29  103.5000  105.24  14395083.0
2017-11-30  105.3600  104.82   9033794.0
2017-12-01  104.5800  105.25   9255586.0
2017-12-04  106.5000  110.22  17808416.0
2017-12-05  109.5300  107.22  13034687.0
2017-12-06  107.1700  105.46   8042667.0
2017-12-07  105.7400  105.26   9936917.0
2017-12-08  104.9100  104.23   6489442.0
2017-12-11  104.8700  106.83   7395092.0
2017-12-12  107.6000  107.43   8102857.0
2017-12-13  108.1500  107.61  10255064.0
2017-12-14  107.7500  110.57  27552148.0
2017-12-15  111.8050  111.27  18878846.0
2017-12-18  111.8500  111.03  12224819.0
2017-12-19  111.0500  111.81  10536812.0
2017-12-20  111.6250  109.69   8609063.0
2017-12-21  109.5200  109.57   9322574.0
2017-12-22  109.4000  108.67   7354688.0
2017-12-26  108.4900  108.12   3978477.0
2017-12-27  108.4200  107.64   5574154.0
2017-12-28  108.0000  107.77   3475592.0
2017-12-29  108.0500  107.51   4508267.0
2018-01-02  108.9500  111.80  10989294.0
2018-01-03  112.1900  112.28   9207141.0
2018-01-04  112.9500  112.23   7400598.0
2018-01-05  112.6800  111.62   5989794.0
2018-01-08  110.8900  110.02   8038517.0
2018-01-09  110.1300  109.94   5833639.0
2018-01-10  109.9600  109.47   6053818.0
2018-01-11  110.2500  110.99   6416415.0
2018-01-12  111.3200  112.47   5881074.0
2018-01-16  113.0700  110.69   8030023.0
2018-01-17  111.2000  111.97   7023742.0
2018-01-18  111.7400  110.42   7862866.0
2018-01-19  110.9700  110.59   9951459.0
2018-01-22  110.2700  111.10   7860981.0
2018-01-23  110.2700  110.41   7411790.0
2018-01-24  110.9600  110.50   7165688.0
2018-01-25  110.6000  110.55   6264198.0
2018-01-26  110.8100  112.19   7589509.0
2018-01-29  112.1000  111.54   6705584.0
2018-01-30  111.4200  110.11   8308970.0
2018-01-31  110.0800  108.67   9788631.0
2018-02-01  108.6200  110.49   9502153.0
2018-02-02  109.9500  108.70   9802863.0
2018-02-05  107.1000  104.70  14477246.0
2018-02-06  102.8800  106.17  16874001.0
2018-02-07  107.8300  104.76  12327546.0
2018-02-08  105.4700  101.35  12497236.0
2018-02-09  102.5500  103.09  12305151.0
2018-02-12  103.9300  103.39   9538409.0
2018-02-13  102.6400  104.12   8394693.0
2018-02-14  103.4900  104.60   7343291.0
2018-02-15  105.3600  105.18   6405607.0
2018-02-16  105.1900  106.53   8735301.0
2018-02-20  106.3700  105.98   6549202.0
2018-02-21  106.0000  105.05   6733937.0
2018-02-22  105.3100  105.24   4425733.0
2018-02-23  105.7500  107.25   6014657.0
2018-02-26  108.0000  109.81   8108586.0
2018-02-27  108.0000  104.87  14139077.0
2018-02-28  105.4500  103.16  10695759.0
2018-03-01  103.2000  102.57  10487306.0
2018-03-02  102.0000  102.99   7835408.0
2018-03-05  102.7100  103.41   5736713.0
2018-03-06  104.0000  104.94   6214133.0
2018-03-07  103.7200  103.59   6214836.0
2018-03-08  103.9900  104.03   6533940.0
2018-03-09  104.4300  104.73   5590193.0
2018-03-12  104.7150  105.17   6476237.0
2018-03-13  105.8300  103.73   6679811.0
2018-03-14  104.5300  103.90   6183056.0
2018-03-15  104.0000  103.24   5128335.0
2018-03-16  103.5600  102.87  10101026.0
2018-03-19  102.8000  101.48   6361623.0
2018-03-20  101.5400  101.35   8087735.0
2018-03-21  101.5000  101.82   5917934.0
2018-03-22  101.2900  100.60   8648198.0
2018-03-23  100.8500   98.54   7380554.0
2018-03-26   99.8600  100.65   7262326.0
2018-03-27  100.8800   99.36   7131436.0