date     open    close      volume
                                       
2013-01-02  65.0400  65.4800   3077200.0
2013-01-03  65.5900  65.5300   2030200.0
2013-01-04  65.7300  66.0800   1715900.0
2013-01-07  65.9900  65.9200   1926100.0
2013-01-08  65.6700  67.8500   3552200.0
2013-01-09  67.7100  67.7600   2528200.0
2013-01-10  67.9000  67.3900   2098900.0
2013-01-11  67.6900  68.1600   3667600.0
2013-01-14  68.0600  67.8000   2157600.0
2013-01-15  67.5000  67.0900   2718100.0
2013-01-16  66.5100  66.9300   3050400.0
2013-01-17  67.0000  67.3500   2107500.0
2013-01-18  67.3600  67.7200   2130800.0
2013-01-22  67.8400  67.7700   1240300.0
2013-01-23  67.5200  68.1800   1628800.0
2013-01-24  68.3100  68.2800   1737800.0
2013-01-25  68.3700  69.0000   1776000.0
2013-01-28  69.3300  68.8200   2020200.0
2013-01-29  68.5300  68.6200   2243300.0
2013-01-30  68.7700  68.8400   1549200.0
2013-01-31  68.7400  69.3800   2797700.0
2013-02-01  69.8200  70.3100   2062900.0
2013-02-04  70.0400  69.5100   2093600.0
2013-02-05  70.2200  70.3000   1489300.0
2013-02-06  70.1800  70.0000   3489900.0
2013-02-07  69.4800  70.6200   3282700.0
2013-02-08  70.8199  71.4700   2733000.0
2013-02-11  71.4500  70.9500   2769500.0
2013-02-12  71.1200  71.0300   2396300.0
2013-02-13  71.3400  71.5200   3798700.0
2013-02-14  68.6500  70.8400   4854700.0
2013-02-15  71.1600  70.3000   3551400.0
2013-02-19  70.5500  70.6300   1833100.0
2013-02-20  70.7600  69.6700   1950500.0
2013-02-21  69.6300  68.7100   2795800.0
2013-02-22  69.8800  70.4700   2414500.0
2013-02-25  70.9300  69.9000   2371300.0
2013-02-26  70.0400  70.9600   3128700.0
2013-02-27  70.9300  73.3100   2954300.0
2013-02-28  73.2100  73.3400   2686400.0
2013-03-01  72.9300  74.8800   3269000.0
2013-03-04  74.8600  75.5900   2747800.0
2013-03-05  76.0400  76.6000   3150800.0
2013-03-06  76.7400  75.3500   4984900.0
2013-03-07  75.4000  77.1600   6440300.0
2013-03-08  77.4000  77.9000   3033500.0
2013-03-11  77.8600  77.8000   2687000.0
2013-03-12  77.8000  77.9100   2140200.0
2013-03-13  78.1200  78.2800   1872500.0
2013-03-14  78.3500  78.7200   1842900.0
2013-03-15  78.3300  77.3200   6694700.0
2013-03-18  76.6100  77.4100   3323800.0
2013-03-19  77.7300  77.7800   2916300.0
2013-03-20  78.4300  78.9600   3187000.0
2013-03-21  78.6400  78.4100   2665600.0
2013-03-22  77.2700  79.1300   2521600.0
2013-03-25  79.5700  79.0700   2908100.0
2013-03-26  79.2200  79.5300   3249800.0
2013-03-27  78.8500  78.5900   2872900.0
2013-03-28  78.5400  78.7400   2688100.0
2013-04-01  79.0700  77.9800   3546900.0
2013-04-02  78.6000  78.6900   2431200.0
2013-04-03  78.6500  78.0400   2449200.0
2013-04-04  78.1500  77.6800   3667600.0
2013-04-05  76.7200  78.5600   2126500.0
2013-04-08  78.6700  78.8750   2345100.0
2013-04-09  78.9300  78.6000   2201800.0
2013-04-10  79.0300  80.4400   2256400.0
2013-04-11  80.5600  80.7100   2352900.0
2013-04-12  80.5500  81.0300   1468900.0
2013-04-15  80.4200  78.8300   2130200.0
2013-04-16  79.3600  79.3900   2596700.0
2013-04-17  78.9000  78.3100   3355700.0
2013-04-18  78.4200  76.6400   3620100.0
2013-04-19  76.9800  77.8500   5848700.0
2013-04-22  77.9800  78.2200   2369300.0
2013-04-23  78.6500  78.9800   2740400.0
2013-04-24  79.2200  79.1500   2375400.0
2013-04-25  79.3400  79.8900   2455100.0
2013-04-26  79.7200  79.2100   1393000.0
2013-04-29  79.1100  78.8300   2442100.0
2013-04-30  79.1400  78.8200   3536300.0
2013-05-01  78.7000  78.1400   2423200.0
2013-05-02  78.3500  79.4900   2828500.0
2013-05-03  80.3900  79.2100   2298500.0
2013-05-06  79.0000  79.0200   3604600.0
2013-05-07  77.3000  77.8700   6193100.0
2013-05-08  78.0000  76.9400   3477600.0
2013-05-09  77.0200  77.6600   2941800.0
2013-05-10  77.8600  78.6800   2572900.0
2013-05-13  78.5100  77.5800   2359600.0
2013-05-14  77.6300  78.3200   2503200.0
2013-05-15  78.2700  79.3500   2745100.0
2013-05-16  78.9900  78.7900   3687400.0
2013-05-17  79.1700  78.8500   2595800.0
2013-05-20  78.7800  78.8400   3852400.0
2013-05-21  78.7200  80.0000   2460100.0
2013-05-22  79.7400  79.1500   2643900.0
2013-05-23  78.6100  79.7800   2394200.0
2013-05-24  79.0400  79.5300   1506700.0
2013-05-28  80.0400  80.8000   1935300.0
2013-05-29  80.1700  79.3000   2210400.0
2013-05-30  79.5000  79.8900   1866600.0
2013-05-31  79.4400  78.8700   2924000.0
2013-06-03  78.8000  79.0100   2902400.0
2013-06-04  79.0500  78.6900   2331000.0
2013-06-05  78.7700  75.8800   4380700.0
2013-06-06  75.6700  75.0200   4559800.0
2013-06-07  75.4500  76.3900   2657400.0
2013-06-10  76.3300  74.3500   2930000.0
2013-06-11  73.3000  73.8700   4516200.0
2013-06-12  74.2500  73.5700   3443000.0
2013-06-13  73.8100  76.0600   3250000.0
2013-06-14  75.8400  76.3800   4470400.0
2013-06-17  77.3000  77.0500   2791100.0
2013-06-18  77.4000  77.8450   1772100.0
2013-06-19  77.6400  76.5300   1954700.0
2013-06-20  75.6300  74.5700   2946300.0
2013-06-21  75.1600  75.4200   3739000.0
2013-06-24  74.8800  75.1400   2061300.0
2013-06-25  75.7400  75.4600   1957800.0
2013-06-26  76.0400  75.7200   1483800.0
2013-06-27  76.0400  76.6800   1531500.0
2013-06-28  76.1800  77.2400   2490900.0
2013-07-01  77.6000  77.7900   1391000.0
2013-07-02  77.6200  78.5100   1617900.0
2013-07-03  77.7700  80.6250   2429600.0
2013-07-05  81.2700  81.1200   2081900.0
2013-07-08  81.2000  82.0200   2316500.0
2013-07-09  82.8099  81.9100   1924700.0
2013-07-10  81.8100  82.8600   1574400.0
2013-07-11  83.9900  84.4900   2384000.0
2013-07-12  82.9600  85.0700   2567600.0
2013-07-15  86.3200  84.4400   2251700.0
2013-07-16  84.7600  84.3300   1697700.0
2013-07-17  85.3500  84.6800   1236800.0
2013-07-18  84.8500  85.4900   1660100.0
2013-07-19  85.9400  84.3100   2669900.0
2013-07-22  85.7000  84.3700   1236200.0
2013-07-23  84.5000  85.0100   1296100.0
2013-07-24  89.5796  84.6300   1221600.0
2013-07-25  84.6200  85.0800   1388700.0
2013-07-26  84.2000  85.0600   1310400.0
2013-07-29  84.7600  84.4100   1489700.0
2013-07-30  83.4800  81.0000   4157500.0
2013-07-31  81.7300  79.7200   3822600.0
2013-08-01  80.4500  81.9200   2876200.0
2013-08-02  81.1625  82.1900   1957000.0
2013-08-05  82.4400  82.4300   1359700.0
2013-08-06  81.9000  82.5900   1821200.0
2013-08-07  82.1900  82.7300   2046400.0
2013-08-08  83.0500  82.9300   1641700.0
2013-08-09  82.5400  83.1300   1138000.0
2013-08-12  82.3300  82.8400   1155800.0
2013-08-13  83.0000  83.4900   1177900.0
2013-08-14  83.2400  82.8400   1924900.0
2013-08-15  82.2600  80.3500   2313600.0
2013-08-16  80.4800  80.3400   2114300.0
2013-08-19  80.2300  80.2200   1011200.0
2013-08-20  80.2000  80.0200   1282800.0
2013-08-21  79.4100  79.4300   1493200.0
2013-08-22  79.4600  80.3000   1306500.0
2013-08-23  80.4400  80.5600   1637400.0
2013-08-26  84.7100  80.4900   1586700.0
2013-08-27  79.5800  78.2800   1433500.0
2013-08-28  78.5100  78.1900   1354600.0
2013-08-29  77.7800  78.0300   1154000.0
2013-08-30  78.1000  77.5100   1631400.0
2013-09-03  78.7300  77.3400   3095000.0
2013-09-04  76.3400  76.9200   5123600.0
2013-09-05  76.7300  77.5900   1898700.0
2013-09-06  77.6700  77.5500   1979700.0
2013-09-09  77.9300  78.4600   1905700.0
2013-09-10  78.6700  77.9400   1961500.0
2013-09-11  77.7600  78.2900   2234900.0
2013-09-12  78.4100  78.0380   2160900.0
2013-09-13  78.2000  77.8300   3305200.0
2013-09-16  79.0300  78.6500   1700600.0
2013-09-17  78.6500  79.4900   2062300.0
2013-09-18  79.2100  80.4400   1726100.0
2013-09-19  80.7500  81.7600   2231600.0
2013-09-20  82.0900  81.8000   7322100.0
2013-09-23  81.4000  80.5800   1791200.0
2013-09-24  80.5400  80.3500   1843500.0
2013-09-25  80.3400  80.9700   2307700.0
2013-09-26  80.9200  83.9900   3446300.0
2013-09-27  83.4300  84.8400   3218300.0
2013-09-30  84.0300  84.4200   2605400.0
2013-10-01  84.0500  83.2300   3227100.0
2013-10-02  82.8700  82.5200   2128800.0
2013-10-03  82.1600  81.2400   2019400.0
2013-10-04  81.3100  81.2700   2040800.0
2013-10-07  80.4000  79.7700   2069100.0
2013-10-08  79.8400  78.2300   2325500.0
2013-10-09  78.3700  77.9300   2094400.0
2013-10-10  78.7100  80.1500   1824900.0
2013-10-11  79.5300  80.5400   1366400.0
2013-10-14  80.2900  80.1600   1335500.0
2013-10-15  79.8300  79.1200   1470700.0
2013-10-16  79.8900  80.7800   2439400.0
2013-10-17  80.5600  81.3700   1571900.0
2013-10-18  81.7900  82.4700   1288700.0
2013-10-21  82.4600  82.8100   1387100.0
2013-10-22  83.1800  85.0100   2736700.0
2013-10-23  84.6300  84.5020   1880500.0
2013-10-24  85.1000  84.9500   2520400.0
2013-10-25  85.8900  85.6600   2065000.0
2013-10-28  85.7700  85.4000   2457000.0
2013-10-29  85.4600  85.4000   2242300.0
2013-10-30  85.7100  84.3600   3269600.0
2013-10-31  85.8300  88.8610   5369800.0
2013-11-01  89.0600  87.8000   4058600.0
2013-11-04  87.8900  87.0700   2852500.0
2013-11-05  86.8900  86.9000   2532200.0
2013-11-06  86.9000  85.6500   2068900.0
2013-11-07  85.7200  84.1900   3326100.0
2013-11-08  84.3900  85.3600   2405200.0
2013-11-11  85.1900  84.5900   1069300.0
2013-11-12  84.5700  84.4100   1737000.0
2013-11-13  84.1900  85.5500   1390600.0
2013-11-14  85.8500  85.8300   1400200.0
2013-11-15  85.8700  85.4300   1684400.0
2013-11-18  86.2700  85.4200   1695300.0
2013-11-19  85.1100  85.2300   1618400.0
2013-11-20  85.0700  85.2300   6030700.0
2013-11-21  85.5400  85.2400   2440000.0
2013-11-22  85.5300  85.8700   2900900.0
2013-11-25  86.4600  85.7000   1380700.0
2013-11-26  85.5300  86.5600   3325100.0
2013-11-27  86.9900  86.9100   1315900.0
2013-11-29  87.1900  87.2700   1399600.0
2013-12-02  86.3400  86.2100   1935900.0
2013-12-03  85.9100  85.4100   2414900.0
2013-12-04  84.7800  84.1800   2764700.0
2013-12-05  84.1800  83.9900   2148600.0
2013-12-06  85.0900  85.0600   2273300.0
2013-12-09  85.4800  85.4100   3360200.0
2013-12-10  85.2800  85.1700   1744900.0
2013-12-11  86.0200  84.5300   3030000.0
2013-12-12  84.2700  82.9400   2005700.0
2013-12-13  81.6900  82.4500   1823100.0
2013-12-16  83.2300  84.0400   2306500.0
2013-12-17  83.8100  83.7100   1746600.0
2013-12-18  83.6800  86.2900   2812800.0
2013-12-19  85.8200  86.3200   2269100.0
2013-12-20  86.6700  87.7500   5159600.0
2013-12-23  87.9800  88.4200   1896900.0
2013-12-24  88.2200  88.8700    767900.0
2013-12-26  88.9100  88.6900   1811000.0
2013-12-27  89.0000  88.9500   1139400.0
2013-12-30  89.0000  90.4600   1452300.0
2013-12-31  90.7600  90.4200   1602400.0
2014-01-02  90.2100  89.1000   1748600.0
2014-01-03  89.1000  88.5800   1592600.0
2014-01-06  88.9600  87.4700   2023700.0
2014-01-07  86.9600  86.9400   2291300.0
2014-01-08  87.0000  84.6100   4981000.0
2014-01-09  85.0400  84.7300   2512600.0
2014-01-10  85.0100  84.0200   2575400.0
2014-01-13  83.5200  81.4400   2770900.0
2014-01-14  81.4400  82.6400   3056800.0
2014-01-15  83.1400  82.6700   2006700.0
2014-01-16  82.7400  82.0200   2885600.0
2014-01-17  81.7000  80.9100   2966600.0
2014-01-21  81.4600  80.6000   3275800.0
2014-01-22  80.6400  80.4800   4008100.0
2014-01-23  79.8500  80.0800   4795200.0
2014-01-24  79.9700  78.9900   4691900.0
2014-01-27  79.0400  77.3000   4707000.0
2014-01-28  77.1600  77.9600   3361700.0
2014-01-29  77.2100  78.3700   5130900.0
2014-01-30  78.9100  80.3300   5302900.0
2014-01-31  79.2700  79.7800   3431000.0
2014-02-03  78.3700  78.0400   3985800.0
2014-02-04  78.1200  78.0300   2416300.0
2014-02-05  77.3200  79.3900   3998700.0
2014-02-06  79.8700  81.9400   4277200.0
2014-02-07  82.1500  82.7600   3061300.0
2014-02-10  82.5600  82.3800   3026900.0
2014-02-11  82.0300  82.7700   2565800.0
2014-02-12  83.8300  82.8600   3551600.0
2014-02-13  78.8300  79.3000   7342900.0
2014-02-14  79.5400  80.8300   3867800.0
2014-02-18  81.0300  80.3300   4026500.0
2014-02-19  80.3300  81.1400   2715900.0
2014-02-20  81.3400  82.4300   2598500.0
2014-02-21  82.5800  82.8100   2614600.0
2014-02-24  82.8100  82.4600   2941600.0
2014-02-25  82.3600  81.6800   2401000.0
2014-02-26  81.6500  81.3500   3418900.0
2014-02-27  81.0600  82.1300   2051500.0
2014-02-28  82.7300  83.3200   3087400.0
2014-03-03  82.9500  82.0800   1850900.0
2014-03-04  82.8800  83.9700   3183500.0
2014-03-05  84.3400  84.7200   2649800.0
2014-03-06  84.9700  85.9700   3108900.0
2014-03-07  86.1900  85.5200   1691200.0
2014-03-10  85.3800  85.6500   1807100.0
2014-03-11  85.6200  84.6500   1622400.0
2014-03-12  84.1100  84.8900   1929200.0
2014-03-13  85.3200  84.0900   2384600.0
2014-03-14  83.9200  83.1600   2420400.0
2014-03-17  82.5700  83.1000   3009100.0
2014-03-18  83.4200  83.7000   2878400.0
2014-03-19  83.7600  83.7000   2386400.0
2014-03-20  83.1100  83.6900   2246800.0
2014-03-21  86.1100  84.5200   4337700.0
2014-03-24  84.3600  83.1700   2615300.0
2014-03-25  83.2200  83.0200   3136700.0
2014-03-26  83.8700  82.4800   2641000.0
2014-03-27  82.0800  81.7600   2957000.0
2014-03-28  81.8800  82.3400   2135900.0
2014-03-31  82.9500  82.7000   2764500.0
2014-04-01  83.2300  83.8100   2483000.0
2014-04-02  84.0900  84.2000   2405700.0
2014-04-03  84.4400  83.7400   2068500.0
2014-04-04  84.4400  83.0400   2828600.0
2014-04-07  83.1400  80.6900   4609100.0
2014-04-08  80.2100  80.4200   3925900.0
2014-04-09  80.7000  80.7700   2707900.0
2014-04-10  80.4800  79.3800   4338100.0
2014-04-11  78.2200  77.6700   4281300.0
2014-04-14  78.2900  77.0700   2759200.0
2014-04-15  77.4700  76.8000   3206500.0
2014-04-16  77.5500  77.8600   1911400.0
2014-04-17  77.3100  77.8300   2569700.0
2014-04-21  78.1500  77.4500   2293200.0
2014-04-22  77.2700  77.5600   1888300.0
2014-04-23  77.5300  77.5200   2834500.0
2014-04-24  78.0900  77.4500   2005100.0
2014-04-25  77.2200  76.6100   1580700.0
2014-04-28  76.6300  75.4000   2865000.0
2014-04-29  75.8300  75.7000   3105400.0
2014-04-30  75.3800  75.9000   5014200.0
2014-05-01  76.0200  76.1200   2966800.0
2014-05-02  76.6300  76.6100   2008500.0
2014-05-05  75.8300  77.7700   3379900.0
2014-05-06  75.9600  74.7100   8221600.0
2014-05-07  74.7100  72.7200   4011700.0
2014-05-08  72.5400  74.3600   3571300.0
2014-05-09  74.1100  73.0600   3214400.0
2014-05-12  73.3700  73.4300   2821400.0
2014-05-13  73.4600  72.8000   3058800.0
2014-05-14  72.8700  72.3400   2920000.0
2014-05-15  72.1800  72.7000   3304600.0
2014-05-16  72.5400  73.7200   3659200.0
2014-05-19  73.3200  73.6700   3160800.0
2014-05-20  72.8300  73.7300   2806100.0
2014-05-21  74.2000  74.3000   5891000.0
2014-05-22  74.1000  75.8500   3595600.0
2014-05-23  76.1100  78.2000   4695600.0
2014-05-27  78.4600  78.5000   3571100.0
2014-05-28  78.5900  79.0450   3524800.0
2014-05-29  79.1700  77.7200   2734500.0
2014-05-30  78.3800  76.9600   2695600.0
2014-06-02  77.0300  77.6600   2957400.0
2014-06-03  77.4600  77.8300   3325100.0
2014-06-04  77.4300  78.6300   2957600.0
2014-06-05  79.4300  80.2700   4809500.0
2014-06-06  80.6700  80.6700   3005600.0
2014-06-09  80.7500  80.3500   1865200.0
2014-06-10  80.2300  80.3600   2148200.0
2014-06-11  79.9100  78.6800   3886000.0
2014-06-12  78.5700  78.5000   2142100.0
2014-06-13  78.5100  77.7200   2535900.0
2014-06-16  75.9400  76.9900   3888800.0
2014-06-17  76.7700  77.1400   3369200.0
2014-06-18  77.3200  76.9200   2620800.0
2014-06-19  77.0800  75.6500   3009700.0
2014-06-20  75.5900  73.7900   5618200.0
2014-06-23  73.6800  74.4500   5297400.0
2014-06-24  74.1300  74.3400   2095600.0
2014-06-25  73.6400  74.5600   2158800.0
2014-06-26  73.1200  72.8900   7769300.0
2014-06-27  71.6500  74.0600   5306200.0
2014-06-30  73.8000  74.2800   3688000.0
2014-07-01  74.3500  75.1900   2799300.0
2014-07-02  75.0000  75.9300   2487500.0
2014-07-03  76.0000  76.5700   1486100.0
2014-07-07  76.4000  76.0500   1736400.0
2014-07-08  75.8500  75.8500   3367000.0
2014-07-09  76.3300  78.7100   4050200.0
2014-07-10  77.1100  77.9400   2760700.0
2014-07-11  77.1100  78.5900   2022200.0
2014-07-14  79.0500  78.2200   1587700.0
2014-07-15  78.0900  78.5400   2611200.0
2014-07-16  80.6800  83.5000  11390500.0
2014-07-17  83.3800  85.0000   7056400.0
2014-07-18  85.3600  85.1000   4260600.0
2014-07-21  84.8100  84.2300   2742700.0
2014-07-22  84.6400  83.7100   2811600.0
2014-07-23  83.9700  82.8200   3022600.0
2014-07-24  82.9700  82.8800   2644100.0
2014-07-25  82.9200  82.8800   2389100.0
2014-07-28  82.9500  83.1400   1420800.0
2014-07-29  82.9500  82.9300   2174800.0
2014-07-30  83.3400  83.7100   3570000.0
2014-07-31  82.4700  85.2100   4449600.0
2014-08-01  85.0000  83.3300   5786700.0
2014-08-04  83.5200  84.3700   2403200.0
2014-08-05  84.2900  84.2500   3162900.0
2014-08-06  83.7800  83.0200   4990400.0
2014-08-07  43.2500  40.9750   3848100.0
2014-08-08  41.0600  42.2800   2226300.0
2014-08-11  42.2900  42.5000   2938000.0
2014-08-12  42.5300  42.3200   1909000.0
2014-08-13  40.8900  42.7100   2999500.0
2014-08-14  42.6900  42.7650   1438100.0
2014-08-15  43.1200  43.4850   2212900.0
2014-08-18  43.8400  44.3900   2165400.0
2014-08-19  44.2500  44.4300   1812000.0
2014-08-20  44.2900  44.8300   1484200.0
2014-08-21  44.7300  44.7600   1612800.0
2014-08-22  44.8200  44.3000   1610600.0
2014-08-25  44.4700  43.9100   1760800.0
2014-08-26  43.8100  44.0900   1904200.0
2014-08-27  43.9700  43.7800   1922500.0
2014-08-28  43.7000  43.7600   2052000.0
2014-08-29  43.7500  43.7200   1818400.0
2014-09-02  43.9000  44.0100   2927800.0
2014-09-03  44.0500  43.4550   2756000.0
2014-09-04  43.6400  43.5000   2226600.0
2014-09-05  43.5200  43.4400   2482200.0
2014-09-08  43.0700  42.4400   4189700.0
2014-09-09  42.2700  40.9100   4262500.0
2014-09-10  40.8300  40.9700   2245100.0
2014-09-11  40.8400  40.3700   3048600.0
2014-09-12  40.4400  39.6600   3805300.0
2014-09-15  40.4200  39.3500   5221800.0
2014-09-16  39.3700  39.4550   5549400.0
2014-09-17  39.3400  39.9500   3821500.0
2014-09-18  40.0100  39.9700   2791300.0
2014-09-19  40.2000  40.5000  15560900.0
2014-09-22  40.4100  39.3500   3371000.0
2014-09-23  39.4600  38.2200   3235400.0
2014-09-24  38.3800  38.1050   2648554.0
2014-09-25  37.9200  38.0900   3470049.0
2014-09-26  38.0700  39.0000   2992077.0
2014-09-29  38.5100  37.7050   4455871.0
2014-09-30  37.8300  37.8000   3200298.0
2014-10-01  37.6300  36.3100   5402095.0
2014-10-02  36.1200  36.2700   5380880.0
2014-10-03  36.3600  37.0000   2795763.0
2014-10-06  37.1600  36.8500   2572244.0
2014-10-07  36.6500  36.2000   4021906.0
2014-10-08  36.1400  37.1600   5510188.0
2014-10-09  37.0000  35.7900   4054228.0
2014-10-10  35.7900  35.0700   3447690.0
2014-10-13  35.0000  33.9050   3393025.0
2014-10-14  34.1900  34.3100   5207588.0
2014-10-15  33.7300  34.4500   4365634.0
2014-10-16  33.7600  34.1900   3161482.0
2014-10-17  34.4600  34.6500   1878598.0
2014-10-20  34.5000  34.6500   2064471.0
2014-10-21  34.8000  36.2450   2830131.0
2014-10-22  36.3100  34.8900   2220219.0
2014-10-23  35.2200  35.9700   3074935.0
2014-10-24  35.9900  36.6100   2112648.0
2014-10-27  36.4800  36.5200   1636211.0
2014-10-28  36.4500  37.2400   2495855.0
2014-10-29  37.1300  37.0200   1565755.0
2014-10-30  36.1400  35.9400   5342001.0
2014-10-31  36.7400  35.3500   5822569.0
2014-11-03  35.3500  35.6700   3740344.0
2014-11-04  32.6600  33.3100  11848428.0
2014-11-05  33.2900  34.4700  11660084.0
2014-11-06  34.5600  32.9000   4515490.0
2014-11-07  33.0200  32.6200   5338461.0
2014-11-10  32.7800  32.2600   4724199.0
2014-11-11  32.3400  31.9900   6446441.0
2014-11-12  31.2900  31.8600   4781126.0
2014-11-13  31.9900  32.8600   7771117.0
2014-11-14  32.9200  33.5300   6156624.0
2014-11-17  33.2100  32.5300   3759018.0
2014-11-18  32.7900  33.3600   4770646.0
2014-11-19  33.1700  32.9700   4012637.0
2014-11-20  32.7600  33.9200   4060831.0
2014-11-21  34.2200  33.7500   3043041.0
2014-11-24  34.0200  34.5850   2791453.0
2014-11-25  34.8300  34.8100   3009837.0
2014-11-26  34.8100  34.7300   1875949.0
2014-11-28  35.0600  34.9000   1077721.0
2014-12-01  34.6300  34.6900   2111130.0
2014-12-02  34.8000  34.9200   1558161.0
2014-12-03  34.9300  35.3100   2701311.0
2014-12-04  35.2400  34.4300   2671621.0
2014-12-05  34.4300  33.9700   7058428.0
2014-12-08  33.8300  33.6700   4337483.0
2014-12-09  33.5400  34.6400   3732734.0
2014-12-10  34.4300  33.9000   2984382.0
2014-12-11  34.1100  34.0500   2727269.0
2014-12-12  33.3200  33.3800   4978208.0
2014-12-15  33.7700  32.8700   2459006.0
2014-12-16  32.9100  33.1900   2811492.0
2014-12-17  33.3000  34.2200   1931625.0
2014-12-18  34.6800  35.4100   3520897.0
2014-12-19  35.7600  35.4300   5941534.0
2014-12-22  35.5600  34.6000   3592532.0
2014-12-23  34.7200  35.0800   2389975.0
2014-12-24  34.9800  34.8900    715752.0
2014-12-26  35.0400  34.8700   1377109.0
2014-12-29  34.7500  35.4600   1403696.0
2014-12-30  35.4200  35.2150   1779651.0
2014-12-31  35.3500  34.4500   2689324.0
2015-01-02  34.6300  34.4800   1987147.0
2015-01-05  34.3500  33.0600   1943507.0
2015-01-06  33.0800  31.9800   3874813.0
2015-01-07  32.2700  32.2100   4011683.0
2015-01-08  32.6400  32.4700   4341083.0
2015-01-09  32.3800  32.0300   3059567.0
2015-01-12  32.2000  31.6400   3348599.0
2015-01-13  31.8800  31.2100   4466206.0
2015-01-14  30.5700  30.0000   6142527.0
2015-01-15  30.1500  29.4700   5078301.0
2015-01-16  29.2500  29.4150   9682437.0
2015-01-20  29.6100  29.2500   6504557.0
2015-01-21  29.1200  29.4550   5661986.0
2015-01-22  29.6200  30.0600   4569542.0
2015-01-23  29.2500  29.8400   3029665.0
2015-01-26  29.9800  30.0600   2152424.0
2015-01-27  29.5900  30.0500   2156689.0
2015-01-28  30.2200  29.7750   4595618.0
2015-01-29  29.9000  29.7400   4583852.0
2015-01-30  29.5600  28.9850   5457886.0
2015-02-02  29.1600  29.2800   3332523.0
2015-02-03  29.5100  29.5700   6038323.0
2015-02-04  29.6100  30.1000   4554247.0
2015-02-05  30.1000  29.1900   5389772.0
2015-02-06  29.1500  29.9050   2719136.0
2015-02-09  29.4800  30.0500   2457129.0
2015-02-10  30.2300  30.8400   2686933.0
2015-02-11  30.9100  30.5950   2592550.0
2015-02-12  30.6700  30.3450   3758842.0
2015-02-13  30.2500  31.4500   4509473.0
2015-02-17  31.5000  30.8000   3753393.0
2015-02-18  30.8500  30.9000   4991759.0
2015-02-19  30.6500  31.1000   9924046.0
2015-02-20  31.0000  30.9300  23015882.0
2015-02-23  32.0000  32.3350  17369364.0
2015-02-24  32.9000  33.0000   7012927.0
2015-02-25  33.0600  32.9400   6331370.0
2015-02-26  32.9500  32.4450   3316307.0
2015-02-27  32.5300  32.3000   4123595.0
2015-03-02  32.3800  32.6500   3452185.0
2015-03-03  32.5600  33.9950   5858203.0
2015-03-04  33.9200  33.8000   4156424.0
2015-03-05  33.8200  33.5600   2602125.0
2015-03-06  33.3900  33.0800   5398008.0
2015-03-09  33.0800  32.8050   2998106.0
2015-03-10  32.8000  32.3650   3284504.0
2015-03-11  32.3400  32.4000   3057067.0
2015-03-12  32.4900  32.3900   3979433.0
2015-03-13  32.2500  32.0300   4304661.0
2015-03-16  32.1900  32.6050   2331990.0
2015-03-17  32.3500  32.1100   3820846.0
2015-03-18  31.9500  31.6500   5980907.0
2015-03-19  31.5200  31.8200   4706807.0
2015-03-20  32.0100  32.4500   3855862.0
2015-03-23  32.4500  32.5500   2269541.0
2015-03-24  32.3800  32.5100   2319529.0
2015-03-25  32.5200  31.5500   5454845.0
2015-03-26  31.3500  30.9300   5427210.0
2015-03-27  30.8300  31.2700   3424919.0
2015-03-30  31.3200  31.0900   2484042.0
2015-03-31  31.0600  30.7600   3194016.0
2015-04-01  30.8300  30.9100   3273049.0
2015-04-02  31.1700  32.1500   4459436.0
2015-04-06  31.8900  32.7100   5449353.0
2015-04-07  32.6400  32.9200   4396613.0
2015-04-08  32.9200  32.8400   3646527.0
2015-04-09  32.8800  33.2100   2352166.0
2015-04-10  33.3000  33.0400   2255871.0
2015-04-13  33.1000  33.0300   2797094.0
2015-04-14  32.8700  32.9400   5981286.0
2015-04-15  33.0000  33.3800   2540845.0
2015-04-16  33.2500  33.1800   2475406.0
2015-04-17  32.8900  32.8000   4823241.0
2015-04-20  33.0600  33.9600   6742397.0
2015-04-21  33.9600  33.4800   2671044.0
2015-04-22  33.4900  33.5300   2310653.0
2015-04-23  33.3800  33.6400   3190176.0
2015-04-24  33.5700  32.7100   3250091.0
2015-04-27  32.8100  32.2400   2328196.0
2015-04-28  31.9200  31.7000  10121274.0
2015-04-29  31.6100  32.1900   4865323.0
2015-04-30  32.0400  32.3600   4940799.0
2015-05-01  32.5800  32.7400   3337916.0
2015-05-04  32.8900  33.3700   4129139.0
2015-05-05  33.5700  32.5900   8660006.0
2015-05-06  32.6000  32.0000   7036704.0
2015-05-07  32.0600  31.5050   4257873.0
2015-05-08  31.8600  31.3300   3312117.0
2015-05-11  31.3500  30.7750   2770048.0
2015-05-12  30.8900  32.0200  15921441.0
2015-05-13  32.0000  31.4400   5184600.0
2015-05-14  31.5100  31.4000   3184906.0
2015-05-15  31.3600  31.7550   2872553.0
2015-05-18  31.5700  32.9800   5038971.0
2015-05-19  32.7800  33.3300   4240435.0
2015-05-20  33.5100  33.5700   2993154.0
2015-05-21  33.4900  33.3000   3036846.0
2015-05-22  33.3000  33.1500   2055633.0
2015-05-26  33.1000  32.8500   1991970.0
2015-05-27  32.9000  33.1000   1909427.0
2015-05-28  33.0900  33.0500   1667634.0
2015-05-29  33.1000  33.9400   5511183.0
2015-06-01  34.0700  33.9300   2863760.0
2015-06-02  33.9200  33.9500   2067786.0
2015-06-03  33.8800  33.9700   2199516.0
2015-06-04  33.6500  33.8600   2600331.0
2015-06-05  33.7700  34.4500   3724455.0
2015-06-08  34.4000  33.7750   3220433.0
2015-06-09  33.9300  33.4400   2025643.0
2015-06-10  33.5700  33.2300   1797201.0
2015-06-11  33.3800  32.9600   2196766.0
2015-06-12  32.9500  32.5050   2793547.0
2015-06-15  32.4100  32.7300   2528678.0
2015-06-16  32.7600  32.8900   1695367.0
2015-06-17  32.8500  33.3400   2289919.0
2015-06-18  33.4700  33.9000   2098714.0
2015-06-19  33.8800  33.9050   2286024.0
2015-06-22  33.3600  33.9400   1942165.0
2015-06-23  34.0300  34.0400   2585659.0
2015-06-24  34.1000  33.7500   1802926.0
2015-06-25  33.9200  33.6000   2324325.0
2015-06-26  33.7100  33.8400   6361240.0
2015-06-29  34.2500  33.2150   3132797.0
2015-06-30  33.5400  33.2600   3228024.0
2015-07-01  33.4400  33.2900   3907437.0
2015-07-02  33.4500  33.1800   3534438.0
2015-07-06  32.9900  33.0900   2403577.0
2015-07-07  33.1800  33.8000   3661982.0
2015-07-08  33.7300  32.7800   2876545.0
2015-07-09  32.9700  32.5300   2692893.0
2015-07-10  32.9400  33.3800   2098077.0
2015-07-13  33.5900  33.5300   2684578.0
2015-07-14  33.7300  34.0100   2230069.0
2015-07-15  34.1200  33.9200   1749122.0
2015-07-16  34.2000  34.8000   2146377.0
2015-07-17  34.1800  33.3100   3336762.0
2015-07-20  32.8800  32.6400   4054226.0
2015-07-21  32.3200  31.8200   3491070.0
2015-07-22  31.7700  32.4300   3078199.0
2015-07-23  32.3900  32.1500   2489620.0
2015-07-24  32.2100  31.8000   1569812.0
2015-07-27  31.6100  31.5400   3785655.0
2015-07-28  31.6100  31.3100   2967552.0
2015-07-29  31.3000  31.6100   3031294.0
2015-07-30  31.4500  32.2300   3387471.0
2015-07-31  32.4400  33.0200   3675652.0
2015-08-03  33.0000  32.7100   3335806.0
2015-08-04  32.7100  32.8600   3820724.0
2015-08-05  32.4100  28.8700  12132169.0
2015-08-06  29.0100  29.8750  12320495.0
2015-08-07  30.3500  29.4400   7099909.0
2015-08-10  29.8300  29.5500   4511283.0
2015-08-11  29.4200  28.7400   3121973.0
2015-08-12  28.5000  28.9300   3251140.0
2015-08-13  28.8800  28.4800   5030758.0
2015-08-14  28.4900  28.3100   2433723.0
2015-08-17  28.1800  29.3200   2870343.0
2015-08-18  29.3000  29.0500   1680795.0
2015-08-19  29.0500  28.7800   2090652.0
2015-08-20  28.4600  27.3200   7497427.0
2015-08-21  27.0200  27.1000   5561074.0
2015-08-24  25.6200  26.0500   6545802.0
2015-08-25  26.7900  25.8200   7841113.0
2015-08-26  26.3500  26.5200   3998936.0
2015-08-27  26.6400  26.9100   3195108.0
2015-08-28  26.6900  27.1100   2473691.0
2015-08-31  26.9500  26.6000   2738612.0
2015-09-01  26.0300  26.2800   4474690.0
2015-09-02  26.6900  26.7500   3374362.0
2015-09-03  26.7900  27.1200   3087934.0
2015-09-04  26.8000  26.7300   2076287.0
2015-09-08  27.6200  27.2200   3604986.0
2015-09-09  27.4200  26.8200   2669168.0
2015-09-10  26.7900  26.9000   2936635.0
2015-09-11  26.8000  26.9400   2367684.0
2015-09-14  26.7900  26.5700   3042916.0
2015-09-15  26.7100  26.9900   2071947.0
2015-09-16  27.1300  27.8900   2899390.0
2015-09-17  27.9000  28.2900   3011287.0
2015-09-18  27.9500  28.2800   3690315.0
2015-09-21  28.3200  28.8100   4520794.0
2015-09-22  28.4200  27.8100   4081300.0
2015-09-23  27.8000  27.6700   2515266.0
2015-09-24  27.5000  27.6500   2614531.0
2015-09-25  27.6600  27.8400   2580497.0
2015-09-28  27.8500  27.7800   3973815.0
2015-09-29  28.1000  26.4000  14228187.0
2015-09-30  26.4500  26.0100   6410109.0
2015-10-01  26.1500  25.3600   4624661.0
2015-10-02  25.1000  26.0900   3651522.0
2015-10-05  26.3500  26.8800   3597130.0
2015-10-06  27.0200  27.2100   3103880.0
2015-10-07  27.3700  28.0100   3978895.0
2015-10-08  27.9800  28.8400   3901850.0
2015-10-09  28.9300  28.9000   2284010.0
2015-10-12  29.0000  28.8400   3144125.0
2015-10-13  28.7200  28.8300   2973409.0
2015-10-14  28.4200  28.3500   1764848.0
2015-10-15  28.4600  28.8600   2154890.0
2015-10-16  28.5900  28.4900   3212974.0
2015-10-19  28.4600  28.7000   2165211.0
2015-10-20  28.7700  29.1800   3034100.0
2015-10-21  29.2900  28.8100   1698581.0
2015-10-22  28.8500  29.4500   2029629.0
2015-10-23  29.6900  29.7700   2451559.0
2015-10-26  29.8400  29.2900   2297722.0
2015-10-27  29.0500  28.7800   3149391.0
2015-10-28  28.8200  29.5300   2449361.0
2015-10-29  29.3200  29.3700   2802921.0
2015-10-30  29.3800  29.4400   2685011.0
2015-11-02  29.5300  30.0600   4489055.0
2015-11-03  31.0000  31.0800   6098444.0
2015-11-04  31.1300  30.3000   7195878.0
2015-11-05  30.3600  29.5100   4104274.0
2015-11-06  29.2900  29.0100   4429571.0
2015-11-09  29.1000  29.0000   3677118.0
2015-11-10  29.1000  30.0600   3571445.0
2015-11-11  30.3200  30.6100   4086484.0
2015-11-12  30.4800  30.1600   3086062.0
2015-11-13  30.1700  29.9800   2433174.0
2015-11-16  29.8900  30.5900   2321316.0
2015-11-17  30.6700  30.1000   3645297.0
2015-11-18  30.2800  30.7800   1981140.0
2015-11-19  30.8200  30.5600   2672762.0
2015-11-20  30.7000  30.7700   2189492.0
2015-11-23  30.6900  30.7100   2519977.0
2015-11-24  30.5700  30.9500   2904870.0
2015-11-25  30.8900  31.1200   2695099.0
2015-11-27  31.1200  31.0800   1460073.0
2015-11-30  31.1500  31.1400   3078006.0
2015-12-01  31.2200  31.0800   2498906.0
2015-12-02  31.1300  30.1800   3877957.0
2015-12-03  30.1800  30.1200   2888171.0
2015-12-04  30.1400  30.7300   2350163.0
2015-12-07  30.7300  30.7000   2305871.0
2015-12-08  30.4400  29.4300   4313063.0
2015-12-09  29.2600  28.4500   4535821.0
2015-12-10  28.4400  28.3900   3195427.0
2015-12-11  27.9200  27.3700   3029231.0
2015-12-14  27.3600  26.4500   6131402.0
2015-12-15  26.5800  26.5200   4982658.0
2015-12-16  26.8000  27.1800   3438156.0
2015-12-17  27.2100  26.4800   2920615.0
2015-12-18  26.4700  26.2200   7112382.0
2015-12-21  26.6000  26.2800   2870690.0
2015-12-22  26.3800  26.8700   2471128.0
2015-12-23  26.8600  27.1350   2653207.0
2015-12-24  27.1700  27.0900    980439.0
2015-12-28  26.6900  26.8400   1881859.0
2015-12-29  27.0000  26.9000   1475444.0
2015-12-30  26.8900  26.5600   2032605.0
2015-12-31  26.5000  26.6800   1694641.0
2016-01-04  26.1300  26.4100   2762967.0
2016-01-05  26.4600  26.4700   1738467.0
2016-01-06  25.9600  26.2800   2268542.0
2016-01-07  25.7500  25.4800   2927312.0
2016-01-08  25.6500  26.0100   2886474.0
2016-01-11  26.0800  25.8300   2437110.0
2016-01-12  25.9500  26.3300   2433407.0
2016-01-13  26.4300  25.5400   2114710.0
2016-01-14  25.6900  26.3000   3830658.0
2016-01-15  25.5400  25.8900   2156653.0
2016-01-19  26.1400  25.7900   3583808.0
2016-01-20  25.3400  25.5300   3014226.0
2016-01-21  25.5300  25.8900   3448687.0
2016-01-22  26.3600  26.9000   3350058.0
2016-01-25  26.7100  26.2500   2310490.0
2016-01-26  26.4300  27.4200   3048322.0
2016-01-27  27.4000  27.1000   3274670.0
2016-01-28  27.3700  26.7300   2777809.0
2016-01-29  26.7900  27.5900   2537446.0
2016-02-01  27.3300  27.6400   2538276.0
2016-02-02  27.2200  26.4000   2768630.0
2016-02-03  26.5400  27.2700   2422039.0
2016-02-04  27.3800  27.7000   3172421.0
2016-02-05  27.7000  27.2100   3111751.0
2016-02-08  26.8400  26.0200   3123896.0
2016-02-09  25.5100  24.7200   5795705.0
2016-02-10  24.6300  24.7450   3901971.0
2016-02-11  24.1300  24.3300   3624988.0
2016-02-12  24.4700  25.0000   3039402.0
2016-02-16  24.7100  25.5600   4251498.0
2016-02-17  25.6700  26.7100   5594513.0
2016-02-18  25.9000  25.6200   7059066.0
2016-02-19  25.4900  25.3500   3970521.0
2016-02-22  25.7200  26.1900   3765580.0
2016-02-23  26.2000  25.1900   4099636.0
2016-02-24  24.9200  25.2000   4072925.0
2016-02-25  25.3800  24.8800   3331116.0
2016-02-26  25.0700  25.0800   4317832.0
2016-02-29  25.0400  25.0000   3768365.0
2016-03-01  25.2600  26.4300   5441741.0
2016-03-02  26.2700  26.7800   4479878.0
2016-03-03  26.6000  27.6300   4734044.0
2016-03-04  27.5400  27.6000   4254819.0
2016-03-07  27.3200  28.0600   2938255.0
2016-03-08  27.8400  27.1800   3892184.0
2016-03-09  27.4900  27.6700   2973384.0
2016-03-10  27.8800  27.6400   2377433.0
2016-03-11  27.9500  28.4400   2971021.0
2016-03-14  28.0100  27.9300   2774209.0
2016-03-15  27.8200  27.6600   2827101.0
2016-03-16  27.4900  28.5500   2874825.0
2016-03-17  28.5800  29.1000   2890215.0
2016-03-18  29.1600  29.4200   3441042.0
2016-03-21  29.2700  29.2400   2396011.0
2016-03-22  28.9700  28.8700   2249780.0
2016-03-23  28.8864  27.8100   3373022.0
2016-03-24  27.5800  27.9900   2472209.0
2016-03-28  28.1500  28.2300   1331773.0
2016-03-29  28.1900  28.2400   2063039.0
2016-03-30  28.4500  28.0900   1851440.0
2016-03-31  28.1600  28.6300   2615977.0
2016-04-01  28.2700  28.9000   2300668.0
2016-04-04  29.0000  28.8800   1854969.0
2016-04-05  28.6500  28.6200   2386814.0
2016-04-06  28.7300  28.9300   2223577.0
2016-04-07  28.7200  27.9100   3981545.0
2016-04-08  28.3900  28.1700   2893902.0
2016-04-11  28.4400  28.3500   3233888.0
2016-04-12  28.4400  28.3800   2527650.0
2016-04-13  28.5900  28.7000   2113453.0
2016-04-14  28.6900  28.3800   2065753.0
2016-04-15  28.3600  28.3400   2361330.0
2016-04-18  28.2100  28.5500   1412585.0
2016-04-19  28.6300  28.3400   3331634.0
2016-04-20  28.3400  28.1600   3345115.0
2016-04-21  28.3000  28.3700   2616633.0
2016-04-22  28.3400  28.8000   2568312.0
2016-04-25  28.5300  27.9300   4779335.0
2016-04-26  27.6000  28.2000   2905471.0
2016-04-27  28.3000  28.4400   1721408.0
2016-04-28  28.2900  28.1500   2246926.0
2016-04-29  28.0100  27.3100   4294866.0
2016-05-02  27.3700  27.9300   3774775.0
2016-05-03  27.6000  27.0000   3540360.0
2016-05-04  27.0400  26.5900   6455460.0
2016-05-05  27.5500  27.7400   8407436.0
2016-05-06  27.6800  28.2800   4331635.0
2016-05-09  28.3800  28.1500   2672477.0
2016-05-10  28.3300  29.3100   4655506.0
2016-05-11  29.1100  28.9700   3986317.0
2016-05-12  29.1200  28.1400   5648031.0
2016-05-13  28.0400  27.9800   3739914.0
2016-05-16  28.0900  27.5300   3590600.0
2016-05-17  27.3700  27.4500   4087004.0
2016-05-18  26.7900  26.7100   6318548.0
2016-05-19  26.6100  26.1000   3524795.0
2016-05-20  26.3400  26.1700   3658477.0
2016-05-23  26.2300  26.2400   2755138.0
2016-05-24  26.2900  26.5300   3540107.0
2016-05-25  26.6200  27.0000   2396036.0
2016-05-26  27.0500  27.0700   2363647.0
2016-05-27  27.0300  27.5500   2658039.0
2016-05-31  27.6900  27.8500   3184489.0
2016-06-01  27.7200  27.8100   1807143.0
2016-06-02  27.7100  28.3000   3167252.0
2016-06-03  28.2200  28.3900   3731947.0
2016-06-06  28.5400  28.8800   4152339.0
2016-06-07  28.1800  27.8500   5662643.0
2016-06-08  28.0700  28.0400   1569787.0
2016-06-09  27.8700  27.3300   2757851.0
2016-06-10  26.9500  26.1500   4161062.0
2016-06-13  26.1500  25.9700   1976853.0
2016-06-14  25.9400  25.6700   5049260.0
2016-06-15  25.7400  25.5400   4329282.0
2016-06-16  25.3800  25.5500   3632311.0
2016-06-17  25.6900  25.5900   3341584.0
2016-06-20  25.9500  26.0900   3313204.0
2016-06-21  26.1600  25.7600   3252990.0
2016-06-22  25.9600  25.9900   3066510.0
2016-06-23  26.2100  26.3700   2989773.0
2016-06-24  25.1800  24.4600   6384138.0
2016-06-27  24.4600  23.7300   5231436.0
2016-06-28  24.0200  23.9100   3521735.0
2016-06-29  23.9200  24.3800   3558680.0
2016-06-30  24.5100  25.2300   6201589.0
2016-07-01  25.2900  25.2500   2981378.0
2016-07-05  25.0700  24.7700   2947820.0
2016-07-06  24.6200  25.1000   3318155.0
2016-07-07  25.1500  25.4100   3182677.0
2016-07-08  25.5000  25.6200   3462138.0
2016-07-11  25.6900  25.2500   4112024.0
2016-07-12  25.4800  25.5400   3977118.0
2016-07-13  25.6900  25.4900   3059971.0
2016-07-14  25.7600  25.7000   3708077.0
2016-07-15  25.4600  25.0600   3409769.0
2016-07-18  25.0700  25.3000   3809023.0
2016-07-19  25.2600  25.1700   2948825.0
2016-07-20  25.1900  25.3100   2393090.0
2016-07-21  25.3800  25.4000   2030959.0
2016-07-22  25.2700  25.5100   1319454.0
2016-07-25  25.4300  25.4600   1693628.0
2016-07-26  25.4200  25.6400   2117041.0
2016-07-27  25.7400  25.4600   2010511.0
2016-07-28  25.3700  25.2600   1835014.0
2016-07-29  25.2100  25.0900   4499884.0
2016-08-01  25.1600  24.7700   5154950.0
2016-08-02  26.0000  26.4200   8682352.0
2016-08-03  26.8100  26.8300   7548715.0
2016-08-04  26.7600  26.4200   3992184.0
2016-08-05  26.5300  26.3300   2542910.0
2016-08-08  26.4900  26.2000   3114825.0
2016-08-09  26.1600  25.6500   3175558.0
2016-08-10  25.6900  25.7600   2592170.0
2016-08-11  25.8500  26.1000   2097958.0
2016-08-12  26.0900  26.3500   3196757.0
2016-08-15  26.4600  26.5800   1813876.0
2016-08-16  26.4400  26.3500   1606917.0
2016-08-17  26.3800  26.9700   4628192.0
2016-08-18  26.9200  26.8400   3284514.0
2016-08-19  26.7500  26.7300   2037214.0
2016-08-22  26.7300  26.5600   2689079.0
2016-08-23  26.5900  26.3900   2420805.0
2016-08-24  26.4000  26.1100   2530804.0
2016-08-25  26.1500  25.8700   1999518.0
2016-08-26  25.9900  25.7300   2233563.0
2016-08-29  25.7600  25.6600   1105691.0
2016-08-30  25.6800  25.5900   1921418.0
2016-08-31  25.5400  25.5100   2457335.0
2016-09-01  25.5200  25.6900   2285636.0
2016-09-02  25.7400  25.8900   1747613.0
2016-09-06  25.9000  25.0900   4864391.0
2016-09-07  25.1200  25.0700   2861215.0
2016-09-08  25.0000  25.3800   3913876.0
2016-09-09  25.1700  24.5500   3856070.0
2016-09-12  24.3900  25.1800   3402070.0
2016-09-13  24.8800  24.7300   3402476.0
2016-09-14  24.2400  24.7400   1949921.0
2016-09-15  24.7400  24.4100   4156710.0
2016-09-16  24.2600  24.3500   5492893.0
2016-09-19  24.4400  24.5500   2265488.0
2016-09-20  24.7000  24.2700   4373838.0
2016-09-21  24.2900  24.5300   3483763.0
2016-09-22  24.4800  25.7100   6441935.0
2016-09-23  25.6500  26.0900   4432987.0
2016-09-26  26.0100  26.1600   4907396.0
2016-09-27  25.8400  26.3700   4885986.0
2016-09-28  26.5000  26.8000   3004571.0
2016-09-29  26.5600  26.8100   3978786.0
2016-09-30  26.9300  26.9200   4818007.0
2016-10-03  26.9100  27.3900   4270577.0
2016-10-04  27.3800  27.4000   3373486.0
2016-10-05  27.5200  27.6900   3702725.0
2016-10-06  27.6300  27.8400   2476920.0
2016-10-07  27.8700  27.1700   3578695.0
2016-10-10  27.3900  27.0400   2103305.0
2016-10-11  27.0000  26.4000   3297658.0
2016-10-12  26.4000  26.1700   2448288.0
2016-10-13  25.8900  25.6800   2746656.0
2016-10-14  25.7600  25.3400   3253515.0
2016-10-17  25.2900  25.2900   2260308.0
2016-10-18  25.6000  25.2100   1501187.0
2016-10-19  25.2700  25.6100   2193564.0
2016-10-20  25.5600  25.7100   2949970.0
2016-10-21  25.5600  26.6400  10706236.0
2016-10-24  26.7700  26.6200   4068311.0
2016-10-25  26.6500  26.1800   2230163.0
2016-10-26  26.1600  26.4400   1829922.0
2016-10-27  26.5000  26.1600   2609262.0
2016-10-28  26.1900  25.8500   2344705.0
2016-10-31  26.0200  26.1100   5694342.0
2016-11-01  25.8400  25.7900   6898290.0
2016-11-02  25.6900  25.2000   3609440.0
2016-11-03  25.3300  25.7800   5001620.0
2016-11-04  25.7300  25.6400   5612967.0
2016-11-07  26.1900  25.5500   3777884.0
2016-11-08  25.5000  25.8500   3443598.0
2016-11-09  25.0000  25.9000   3128242.0
2016-11-10  25.9500  26.0300   4515304.0
2016-11-11  25.6100  26.4400   3238742.0
2016-11-14  26.5000  28.3500   7012886.0
2016-11-15  28.3500  27.8000   5461485.0
2016-11-16  27.7600  27.6300   2678567.0
2016-11-17  27.5000  28.0300   3578180.0
2016-11-18  27.9100  27.5000   2588850.0
2016-11-21  27.5000  27.5500   2003366.0
2016-11-22  27.5300  27.4600   3218967.0
2016-11-23  27.4400  27.3500   1897265.0
2016-11-25  27.3300  27.5400    647352.0
2016-11-28  27.4900  27.2200   2467639.0
2016-11-29  27.2500  27.6500   2647923.0
2016-11-30  27.7200  27.0900   2766650.0
2016-12-01  27.2200  27.1500   2909732.0
2016-12-02  27.0100  26.6000   2426432.0
2016-12-05  26.7600  27.3900   3065992.0
2016-12-06  27.4200  27.7900   2188915.0
2016-12-07  27.8300  28.8000   2616356.0
2016-12-08  28.7400  29.5500   2829303.0
2016-12-09  29.5500  29.1000   4909706.0
2016-12-12  28.8300  28.5800   4393922.0
2016-12-13  28.6100  28.7700   1859464.0
2016-12-14  28.7400  28.6800   2178094.0
2016-12-15  28.7000  28.8500   2779832.0
2016-12-16  28.9400  28.3900   3359746.0
2016-12-19  28.4900  28.1700   2093298.0
2016-12-20  28.1700  28.4900   1892734.0
2016-12-21  28.3900  28.4400   1233922.0
2016-12-22  28.4500  28.1300   2061448.0
2016-12-23  28.1700  28.0000   1114430.0
2016-12-27  28.1300  28.1200   1341707.0
2016-12-28  28.1200  27.8900   1197786.0
2016-12-29  27.8800  27.6900   1131049.0
2016-12-30  27.6800  27.4100   1573174.0
2017-01-03  27.6600  27.9600   2626287.0
2017-01-04  27.9800  28.2900   2017811.0
2017-01-05  27.8200  27.2000   3664168.0
2017-01-06  27.2300  27.4800   3337409.0
2017-01-09  27.3100  26.8700   2382625.0
2017-01-10  26.3900  26.3400   5619032.0
2017-01-11  26.3400  26.5100   5780425.0
2017-01-12  26.3600  27.2000   3818809.0
2017-01-13  27.1700  27.4000   2285604.0
2017-01-17  27.3900  27.8100   2651880.0
2017-01-18  27.9500  28.0100   2497281.0
2017-01-19  28.1000  28.0000   2148808.0
2017-01-20  28.0400  27.8900   2059140.0
2017-01-23  27.8900  28.2700   2241714.0
2017-01-24  28.3200  28.4900   1499671.0
2017-01-25  28.6200  27.5800   6362556.0
2017-01-26  27.8000  27.9000   3511240.0
2017-01-27  27.9600  28.0600   2106055.0
2017-01-30  28.0700  27.9800   1665712.0
2017-01-31  27.9500  28.3500   3789816.0
2017-02-01  28.3200  28.0400   2662711.0
2017-02-02  27.9600  27.7900   2294995.0
2017-02-03  27.8700  28.0900   1497164.0
2017-02-06  27.9800  27.9700   2060037.0
2017-02-07  27.9600  27.9900   1448290.0
2017-02-08  28.0100  27.5300   2140098.0
2017-02-09  27.5900  27.9600   2436592.0
2017-02-10  28.0000  28.4800   2915788.0
2017-02-13  28.5100  29.0300   5129571.0
2017-02-14  28.7500  28.5300   7141243.0
2017-02-15  28.4700  28.4900   3837237.0
2017-02-16  28.5700  28.5700   3025101.0
2017-02-17  28.5800  28.6800   1987534.0
2017-02-21  28.6200  29.6200   5847558.0
2017-02-22  29.4100  29.5100   3441817.0
2017-02-23  29.6000  29.5000   1850148.0
2017-02-24  29.4600  29.2700   2028849.0
2017-02-27  29.1900  29.0500   2091496.0
2017-02-28  29.1700  28.7600   2100690.0
2017-03-01  29.0100  28.5200   2360166.0
2017-03-02  28.4100  28.4900   4948439.0
2017-03-03  28.4800  27.8900   3517790.0
2017-03-06  27.7700  27.7800   4676712.0
2017-03-07  27.6700  27.7500   4586465.0
2017-03-08  27.8100  27.9800   3091346.0
2017-03-09  27.8500  27.8600   2115334.0
2017-03-10  27.9800  27.6900   1807772.0
2017-03-13  27.7000  27.5000   2155618.0
2017-03-14  27.4700  27.4600   1763889.0
2017-03-15  27.4600  28.0000   2610688.0
2017-03-16  27.9800  28.1500   3074855.0
2017-03-17  28.2500  28.0100   2310873.0
2017-03-20  27.9900  27.7300   2267740.0
2017-03-21  27.9000  27.4400   1466391.0
2017-03-22  27.4800  27.5400   1616506.0
2017-03-23  27.5000  27.6700   1361710.0
2017-03-24  27.7300  27.5400   2470953.0
2017-03-27  27.4800  27.6300   2530925.0
2017-03-28  27.6500  27.6800   1679991.0
2017-03-29  27.6100  28.0600   2732232.0
2017-03-30  28.0500  28.7000   2101075.0
2017-03-31  28.7200  29.0900   3415193.0
2017-04-03  29.1000  28.9300   3830636.0
2017-04-04  28.8800  29.2700   2385364.0
2017-04-05  29.4200  29.3600   4305430.0
2017-04-06  29.3400  29.3000   3256890.0
2017-04-07  29.3300  29.2100   2298262.0
2017-04-10  29.2300  29.1900   1616822.0
2017-04-11  29.2400  29.0400   1644865.0
2017-04-12  28.9900  28.6900   2869281.0
2017-04-13  28.6600  28.2900   2493089.0
2017-04-17  28.4100  28.5000   1435108.0
2017-04-18  28.4400  28.6100   2202080.0
2017-04-19  28.6800  28.9200   1809920.0
2017-04-20  30.2500  29.3200   2126299.0
2017-04-21  29.3100  29.1600   1440630.0
2017-04-24  29.6400  29.4000   1938124.0
2017-04-25  29.4100  29.2900   1926807.0
2017-04-26  29.3700  29.3900   1808395.0
2017-04-27  29.4800  29.3900   1713991.0
2017-04-28  29.3500  28.7950   3518367.0
2017-05-01  28.9400  27.9800   4334005.0
2017-05-02  28.0800  27.9600   3968179.0
2017-05-03  27.8200  26.7800   7569804.0
2017-05-04  26.7200  26.6300   7923625.0
2017-05-05  26.7800  27.0900   4071149.0
2017-05-08  27.4000  27.2500   5797449.0
2017-05-09  26.4700  26.6600   6142704.0
2017-05-10  26.4900  26.1100   5297237.0
2017-05-11  26.1000  26.3300   3123924.0
2017-05-12  26.3200  26.0700   1785934.0
2017-05-15  26.0400  26.0100   2512710.0
2017-05-16  26.0100  25.5800   3442239.0
2017-05-17  25.4300  25.1100   3577132.0
2017-05-18  25.0200  25.1800   1891492.0
2017-05-19  25.1300  25.8700   2308976.0
2017-05-22  25.8100  26.2100   2832932.0
2017-05-23  26.1600  25.6300   3198604.0
2017-05-24  25.7300  25.4700   2862260.0
2017-05-25  25.5200  25.6000   2515991.0
2017-05-26  25.6600  25.8700   1830862.0
2017-05-30  25.9000  26.2000   3550906.0
2017-05-31  26.2100  26.5000   5177974.0
2017-06-01  26.5000  26.7400   2657642.0
2017-06-02  26.6700  26.4900   2112911.0
2017-06-05  26.3900  26.2100   2461342.0
2017-06-06  26.0200  26.1600   2611026.0
2017-06-07  26.2000  26.4100   3631148.0
2017-06-08  26.4900  26.0700   3503870.0
2017-06-09  26.0700  26.1000   4029325.0
2017-06-12  26.0800  26.5900   5211005.0
2017-06-13  26.5700  26.4300   1981603.0
2017-06-14  26.5300  26.2700   2033615.0
2017-06-15  26.0900  26.4100   2042672.0
2017-06-16  26.2800  26.5200   2223089.0
2017-06-19  26.5700  26.4300   1918149.0
2017-06-20  26.3500  25.5100   2656038.0
2017-06-21  25.5600  25.5800   3442158.0
2017-06-22  25.6400  25.5200   2059534.0
2017-06-23  25.5100  25.7900   1865707.0
2017-06-26  25.8400  26.2000   1940154.0
2017-06-27  26.1100  26.1300   2476544.0
2017-06-28  26.2600  26.1400   3160167.0
2017-06-29  26.1100  26.0000   2330114.0
2017-06-30  26.1500  25.8300   3043627.0
2017-07-03  26.0300  26.2000   1333580.0
2017-07-05  26.2100  26.0800   1894497.0
2017-07-06  25.9700  25.7800   1534029.0
2017-07-07  25.7800  25.8200   1691495.0
2017-07-10  25.8300  26.2500   2540551.0
2017-07-11  26.1300  26.2000   1422884.0
2017-07-12  26.4400  26.1700   1209009.0
2017-07-13  26.0900  26.1600   1552713.0
2017-07-14  26.2500  26.2200   1633642.0
2017-07-17  26.2400  26.4000   2748437.0
2017-07-18  26.2700  26.0500   1868666.0
2017-07-19  27.7900  27.1800  12078827.0
2017-07-20  27.1800  26.6000   5745541.0
2017-07-21  26.6500  26.5500   3449803.0
2017-07-24  26.4900  26.4900   2246880.0
2017-07-25  26.4900  25.9300   7495134.0
2017-07-26  25.9000  26.5800   4448356.0
2017-07-27  25.9000  26.3900  12654927.0
2017-07-28  26.3400  26.8000   6779100.0
2017-07-31  26.4000  24.6000  25223771.0
2017-08-01  24.7700  24.3800   8039731.0
2017-08-02  24.5500  25.0100   4996578.0
2017-08-03  24.9300  24.7400   3901107.0
2017-08-04  24.8600  23.7300   7399157.0
2017-08-07  23.7900  24.2500   4747647.0
2017-08-08  24.4700  24.3000   3202767.0
2017-08-09  24.0000  23.6000   6877316.0
2017-08-10  23.4900  23.0000   3771301.0
2017-08-11  23.0300  22.9100   3270969.0
2017-08-14  23.1100  22.9000   3499682.0
2017-08-15  22.8500  22.7600   2217268.0
2017-08-16  22.9800  22.6192   4252395.0
2017-08-17  22.4700  22.2400   4097698.0
2017-08-18  22.2700  22.4900   4116385.0
2017-08-21  22.4900  22.3400   2562170.0
2017-08-22  22.3900  22.4900   2690502.0
2017-08-23  22.4300  22.4900   2341894.0
2017-08-24  22.4400  22.5200   2049717.0
2017-08-25  22.5700  22.6600   2417898.0
2017-08-28  22.7100  22.8100   4605404.0
2017-08-29  22.5600  22.4500   3895982.0
2017-08-30  22.4500  22.1900   2730297.0
2017-08-31  22.1300  22.2100   2567995.0
2017-09-01  22.2700  22.1600   1762217.0
2017-09-05  22.1700  21.6200   2546474.0
2017-09-06  21.6300  21.8600   2643130.0
2017-09-07  21.9400  21.3400   6640878.0
2017-09-08  21.3300  21.2500   4054169.0
2017-09-11  21.4000  20.8000   5074573.0
2017-09-12  20.8700  21.0000   6401289.0
2017-09-13  21.0200  21.2000   2717836.0
2017-09-14  21.1300  21.4800   5253377.0
2017-09-15  21.6000  21.9400   7072835.0
2017-09-18  21.9800  21.3200   4748951.0
2017-09-19  21.3200  21.2900   3741245.0
2017-09-20  21.3700  21.2600   3769919.0
2017-09-21  21.3700  21.3500   2195822.0
2017-09-22  21.3400  21.4100   2367999.0
2017-09-25  21.3500  21.3500   1946839.0
2017-09-26  21.7800  21.2800   2429300.0
2017-09-27  21.3400  21.4700   2226091.0
2017-09-28  21.4100  21.3800   1948985.0
2017-09-29  21.3600  21.2900   2469886.0
2017-10-02  21.2500  21.5300   2331160.0
2017-10-03  21.5100  21.5300   1824228.0
2017-10-04  21.4700  21.7150   2320637.0
2017-10-05  21.7400  21.5200   3142560.0
2017-10-06  21.5200  21.4100   2452636.0
2017-10-09  21.3100  20.8300   3341591.0
2017-10-10  20.8200  20.5300   3216010.0
2017-10-11  20.5600  20.0000   3942562.0
2017-10-12  19.8200  19.2800  11034897.0
2017-10-13  19.3000  19.2400   5113822.0
2017-10-16  19.3000  19.0600   4443606.0
2017-10-17  18.9700  19.1600   7841933.0
2017-10-18  19.2800  19.6300   6593781.0
2017-10-19  19.5500  20.0900   5204642.0
2017-10-20  20.1900  20.2900   3329141.0
2017-10-23  20.2700  19.6200   4111184.0
2017-10-24  19.5800  19.4600   3751436.0
2017-10-25  19.3700  19.2600   3057830.0
2017-10-26  19.2400  19.3400   2560977.0
2017-10-27  19.2000  19.0800   5002045.0
2017-10-30  19.0200  18.9800   3884698.0
2017-10-31  18.9900  18.8800   6095995.0
2017-11-01  18.9400  19.1600   6746764.0
2017-11-02  18.5100  17.3100  16157706.0
2017-11-03  17.2100  16.5200  10257595.0
2017-11-06  16.4700  17.1000  10451647.0
2017-11-07  17.4100  17.3300   9840894.0
2017-11-09  17.0400  17.1700   5462008.0
2017-11-10  17.2300  17.1900   3376317.0
2017-11-13  17.1700  16.9900   4024483.0
2017-11-14  16.8900  16.2800   4646676.0
2017-11-15  16.2700  16.7200   3774154.0
2017-11-16  16.6800  16.7600   7180192.0
2017-11-17  17.3850  17.5500   6899469.0
2017-11-20  17.5500  17.3600   6615301.0
2017-11-21  17.3900  17.2500   4860045.0
2017-11-22  17.3200  17.7900   4442850.0
2017-11-24  17.7400  17.5000   2263104.0
2017-11-27  17.5200  17.4700   3652395.0
2017-11-28  17.4400  17.9700   4282563.0
2017-11-29  17.9700  18.8700   8078536.0
2017-11-30  19.0000  19.0200  10425957.0
2017-12-01  18.9000  19.4600  11035832.0
2017-12-04  19.6700  20.8500  14283978.0
2017-12-05  20.7800  19.8600   9459049.0
2017-12-06  20.0800  19.4400   5954026.0
2017-12-07  19.3500  19.5300   5713675.0
2017-12-08  19.5800  19.6600   4219348.0
2017-12-11  19.6500  19.7700   6434144.0
2017-12-12  19.8500  19.6500   4460458.0
2017-12-13  19.6000  19.7900   5510987.0
2017-12-14  19.7900  20.0400   4241954.0
2017-12-15  20.7700  21.0400  16559364.0
2017-12-18  21.3700  21.6400   6618054.0
2017-12-19  21.6400  22.0100   5828562.0
2017-12-20  22.0100  22.3700   7248529.0
2017-12-21  23.1800  23.3600  12778304.0
2017-12-22  23.2700  23.7300   4745421.0
2017-12-26  23.6300  23.5700   3728371.0
2017-12-27  23.7300  23.0500   4205988.0
2017-12-28  23.0500  22.5500   4644007.0
2017-12-29  22.6400  22.3800   2864920.0
2018-01-02  22.9600  23.1100   5013967.0
2018-01-03  23.1800  22.6200   5292412.0
2018-01-04  22.6800  22.1300   7875498.0
2018-01-05  22.1800  22.0000   8432425.0
2018-01-08  22.0500  22.3700   4099416.0
2018-01-09  22.3000  21.6500   5560735.0
2018-01-10  21.5300  22.8300  10056301.0
2018-01-11  22.9400  24.0100   7467617.0
2018-01-12  24.0700  24.3300   4000646.0
2018-01-16  24.4000  24.5300   5473419.0
2018-01-17  24.4800  24.7000   5087578.0
2018-01-18  24.6000  25.5900   5068616.0
2018-01-19  25.5800  25.7100   4135948.0
2018-01-22  25.7300  26.3300   4678233.0
2018-01-23  26.2300  25.7000   4523432.0
2018-01-24  25.6400  26.0100   2867917.0
2018-01-25  26.0700  25.7300   3876198.0
2018-01-26  25.7000  26.0400   2591521.0
2018-01-29  25.9000  25.9100   3452039.0
2018-01-30  25.6800  24.9700   6238426.0
2018-01-31  25.1200  25.0700   4542039.0
2018-02-01  24.9200  25.2800   4654129.0
2018-02-02  25.0700  23.8100   7815395.0
2018-02-05  23.6400  22.8600   8248156.0
2018-02-06  22.3800  23.8400   6482078.0
2018-02-07  23.8900  23.1200   5328335.0
2018-02-08  23.1200  22.8700   4815800.0
2018-02-09  22.8200  22.6100   6717081.0
2018-02-12  22.6900  23.0900   3800036.0
2018-02-13  22.9600  23.5300   3800725.0
2018-02-14  23.2600  23.8300   4331926.0
2018-02-15  24.0500  24.0400   3787238.0
2018-02-16  23.9900  23.8600   2948568.0
2018-02-20  23.9300  24.3100   4331463.0
2018-02-21  24.2100  24.0900   3758761.0
2018-02-22  24.1800  23.8000   3737920.0
2018-02-23  23.8900  24.0100   3063168.0
2018-02-26  24.0400  25.1700   7364955.0
2018-02-27  25.2100  26.0400  10332065.0
2018-02-28  25.2900  24.3200  15663878.0
2018-03-01  24.4900  24.0600   5713401.0
2018-03-02  23.8500  24.6700   6557427.0
2018-03-05  24.4200  24.5400   5975793.0
2018-03-06  24.6900  24.4200   5445399.0
2018-03-07  24.2200  23.9350   9295134.0
2018-03-08  24.0300  23.9600   5147401.0
2018-03-09  24.1800  24.1900   5037932.0
2018-03-12  24.4500  24.4200   3819777.0
2018-03-13  24.4400  24.2500   4507815.0
2018-03-14  24.1300  24.0700   3084069.0
2018-03-15  24.0300  23.4000   5125102.0
2018-03-16  23.5300  23.2100   5104046.0
2018-03-19  23.1500  22.9500   3852854.0
2018-03-20  22.9600  21.9900   7730969.0
2018-03-21  22.0000  22.1600   7383529.0
2018-03-22  22.2100  21.5200  11831514.0
2018-03-23  21.5400  21.0800   5014322.0
2018-03-26  21.3700  21.7400   9725491.0
2018-03-27  21.7200  21.6800   4137548.0