date    open     close      volume
                                       
2013-01-02   41.07   39.9000   5082100.0
2013-01-03   38.49   39.4800   8756400.0
2013-01-04   39.45   39.6200   3191200.0
2013-01-07   39.44   39.9591   3049000.0
2013-01-08   39.79   39.0100   3223700.0
2013-01-09   38.95   38.1800   3747500.0
2013-01-10   38.42   38.1400   3486500.0
2013-01-11   38.23   38.1200   5227000.0
2013-01-14   38.07   38.0400   2360600.0
2013-01-15   37.72   38.6000   4615500.0
2013-01-16   38.81   38.8200   2032800.0
2013-01-17   38.95   38.9800   1633100.0
2013-01-18   38.88   38.5200   2660100.0
2013-01-22   38.50   39.5300   3345100.0
2013-01-23   39.62   39.9600   3672800.0
2013-01-24   40.06   41.0600   4709300.0
2013-01-25   41.10   41.0500   2942000.0
2013-01-28   41.24   40.9800   2492400.0
2013-01-29   40.77   40.6200   1842400.0
2013-01-30   40.57   39.8100   3582000.0
2013-01-31   39.93   39.9900   2671800.0
2013-02-01   40.25   40.1200   2516800.0
2013-02-04   39.91   39.5800   3236600.0
2013-02-05   39.85   39.5900   2904500.0
2013-02-06   39.64   39.5600   1957700.0
2013-02-07   39.65   39.4000   3093600.0
2013-02-08   39.41   41.0600   3308600.0
2013-02-11   41.26   40.9600   2462300.0
2013-02-12   40.83   40.2300   2273900.0
2013-02-13   40.23   39.7200   2992900.0
2013-02-14   39.47   39.9300   4254200.0
2013-02-15   39.90   41.1200  10303200.0
2013-02-19   41.12   40.4000   4698800.0
2013-02-20   40.35   40.2900   3301300.0
2013-02-21   40.25   41.4600   5620000.0
2013-02-22   41.69   41.8900   3258900.0
2013-02-25   41.91   40.8200   4879800.0
2013-02-26   40.76   41.0800   4751800.0
2013-02-27   43.50   45.3900  10563500.0
2013-02-28   45.25   45.1850   6105800.0
2013-03-01   45.02   46.1100   3607500.0
2013-03-04   45.85   46.4800   3552000.0
2013-03-05   46.75   46.0000   3529800.0
2013-03-06   46.31   45.4700   2544300.0
2013-03-07   45.46   45.1000   1975400.0
2013-03-08   45.47   45.0300   2491200.0
2013-03-11   44.89   45.0100   1861800.0
2013-03-12   44.88   44.6400   1813900.0
2013-03-13   45.44   45.0500   1645400.0
2013-03-14   45.01   44.9600   1606600.0
2013-03-15   44.80   44.2400   2630400.0
2013-03-18   44.73   44.9100   1963400.0
2013-03-19   44.64   44.3700   2324000.0
2013-03-20   44.81   46.1600   2652900.0
2013-03-21   45.70   46.3400   2610800.0
2013-03-22   46.32   46.8400   3068700.0
2013-03-25   47.48   47.0200   3426300.0
2013-03-26   47.19   48.3500   3363500.0
2013-03-27   47.77   47.8600   1814100.0
2013-03-28   47.77   48.4300   2597700.0
2013-04-01   48.56   47.6000   2387200.0
2013-04-02   47.93   47.3200   1773900.0
2013-04-03   48.35   47.2600   3013300.0
2013-04-04   47.25   47.6700   2116800.0
2013-04-05   46.85   46.9700   2012100.0
2013-04-08   47.06   47.0300   1612800.0
2013-04-09   46.92   45.9900   4093900.0
2013-04-10   45.69   46.1200   4465100.0
2013-04-11   46.35   47.2800   2550300.0
2013-04-12   47.33   47.8200   1641900.0
2013-04-15   47.48   46.8800   1915600.0
2013-04-16   47.06   47.7300   1660900.0
2013-04-17   47.28   47.3700   1342400.0
2013-04-18   47.67   47.0100   1674100.0
2013-04-19   46.86   47.4700   1277900.0
2013-04-22   47.45   47.7100   1406500.0
2013-04-23   47.82   48.2000   1515100.0
2013-04-24   48.38   48.1750   1091300.0
2013-04-25   48.48   48.6000   1760900.0
2013-04-26   48.44   47.9500   1507600.0
2013-04-29   48.09   47.7900   1385600.0
2013-04-30   47.65   47.5600   2334700.0
2013-05-01   47.64   47.8100   1290800.0
2013-05-02   47.85   48.4200   1357500.0
2013-05-03   48.84   48.6600   1588600.0
2013-05-06   48.52   48.7000   1549100.0
2013-05-07   48.64   49.5000   1772300.0
2013-05-08   49.49   49.3900   1414100.0
2013-05-09   49.40   49.0600   1020000.0
2013-05-10   49.17   49.2800   1001600.0
2013-05-13   49.08   49.0700   1431400.0
2013-05-14   49.10   49.1600   1286000.0
2013-05-15   49.25   50.2800   1707800.0
2013-05-16   49.99   49.7500   1268200.0
2013-05-17   50.24   49.7600   2508400.0
2013-05-20   49.68   49.4700   1287800.0
2013-05-21   49.60   49.3800   1663100.0
2013-05-22   49.54   48.3700   3215200.0
2013-05-23   49.90   50.1900   4433000.0
2013-05-24   50.01   50.2400   1997000.0
2013-05-28   50.68   50.5600   1347900.0
2013-05-29   50.23   49.7700   2124300.0
2013-05-30   49.70   49.0000   1596200.0
2013-05-31   48.94   48.0400   2473200.0
2013-06-03   48.50   49.1700   2109200.0
2013-06-04   48.68   48.5500   2667200.0
2013-06-05   48.57   48.1200   1158200.0
2013-06-06   48.62   49.2800   1919300.0
2013-06-07   49.29   49.6900   1199600.0
2013-06-10   49.74   49.8000   1290700.0
2013-06-11   49.44   49.8300   1142100.0
2013-06-12   50.10   48.5600   1108400.0
2013-06-13   48.61   49.3200    968800.0
2013-06-14   49.27   49.1200    785300.0
2013-06-17   49.70   50.1400   1685700.0
2013-06-18   50.04   50.6000   1444800.0
2013-06-19   50.54   50.1600   1298600.0
2013-06-20   49.84   49.3500   1770300.0
2013-06-21   49.64   49.4100   4255900.0
2013-06-24   49.24   49.6200   2543900.0
2013-06-25   49.83   49.7800   1876000.0
2013-06-26   50.22   49.9500   1403000.0
2013-06-27   50.22   50.3300   1025600.0
2013-06-28   50.06   50.8400   2607100.0
2013-07-01   50.66   51.6350   1423200.0
2013-07-02   51.43   51.9500   1874500.0
2013-07-03   51.53   52.0600    923000.0
2013-07-05   52.50   53.0000   1132200.0
2013-07-08   53.25   53.2600   1746600.0
2013-07-09   53.36   52.8200   1794000.0
2013-07-10   53.15   54.2900   2160100.0
2013-07-11   54.97   54.1700   1549000.0
2013-07-12   54.05   53.9600   1531000.0
2013-07-15   53.91   53.5100   1022600.0
2013-07-16   53.44   53.1700   1881200.0
2013-07-17   53.18   53.1000   1377200.0
2013-07-18   53.27   53.6900    889800.0
2013-07-19   53.69   53.5500    939600.0
2013-07-22   53.82   53.7100    765500.0
2013-07-23   53.66   53.1400   1205300.0
2013-07-24   53.33   52.8800   1218000.0
2013-07-25   52.90   52.7500    930000.0
2013-07-26   52.44   53.1300    888400.0
2013-07-29   52.83   52.9400    880700.0
2013-07-30   53.20   53.3900   1093100.0
2013-07-31   53.71   53.6500   1205600.0
2013-08-01   53.81   54.4300   1259100.0
2013-08-02   54.50   54.3800   1054800.0
2013-08-05   54.06   54.3400    646700.0
2013-08-06   54.28   54.2500   1140300.0
2013-08-07   54.23   53.9000   1397000.0
2013-08-08   54.03   53.3000   1615700.0
2013-08-09   53.26   52.9200    849800.0
2013-08-12   52.52   52.9700   1100600.0
2013-08-13   52.94   53.7300    907900.0
2013-08-14   53.44   53.0200    929500.0
2013-08-15   52.68   51.2800   1452200.0
2013-08-16   51.05   50.4500   2098600.0
2013-08-19   50.52   50.9100   1715500.0
2013-08-20   51.25   52.0000   2120600.0
2013-08-21   51.97   51.8400   1964700.0
2013-08-22   52.20   53.1300   3218700.0
2013-08-23   53.34   53.2900   2006000.0
2013-08-26   54.00   54.1200   1776600.0
2013-08-27   53.62   53.5100   1604400.0
2013-08-28   53.60   53.3100    841400.0
2013-08-29   52.98   53.0200   1080600.0
2013-08-30   53.18   52.7000    887200.0
2013-09-03   53.14   52.5300   1046400.0
2013-09-04   52.96   54.1700   2102700.0
2013-09-05   54.03   53.9700   1252100.0
2013-09-06   53.94   53.4500    948400.0
2013-09-09   53.45   53.6900   1336300.0
2013-09-10   53.91   54.3700   1107900.0
2013-09-11   54.49   54.9900   1448400.0
2013-09-12   54.72   54.6100    963600.0
2013-09-13   54.80   54.8700    708200.0
2013-09-16   55.35   55.8600   2180200.0
2013-09-17   55.90   55.8300    938400.0
2013-09-18   57.52   57.8200   3662100.0
2013-09-19   58.14   58.4890   2270700.0
2013-09-20   58.48   58.0000   2213100.0
2013-09-23   57.68   57.8800   1942800.0
2013-09-24   58.10   58.1400   1282600.0
2013-09-25   57.72   57.4400   2029400.0
2013-09-26   57.72   58.0900   1214900.0
2013-09-27   57.83   57.5200   1103200.0
2013-09-30   56.76   57.1600   2220600.0
2013-10-01   57.32   58.4500   1788200.0
2013-10-02   58.25   58.9500   1874700.0
2013-10-03   58.92   58.7700   1612400.0
2013-10-04   58.81   59.2100   1428000.0
2013-10-07   58.62   58.2200   1664200.0
2013-10-08   58.33   57.8700   1680200.0
2013-10-09   57.40   57.6600   1491900.0
2013-10-10   58.17   58.2300   2072500.0
2013-10-11   58.22   58.6900   1245400.0
2013-10-14   58.62   58.8600   1430000.0
2013-10-15   57.83   58.4800   1274200.0
2013-10-16   59.05   59.0600   1549400.0
2013-10-17   58.98   58.9920   1272500.0
2013-10-18   59.02   59.2400   1201600.0
2013-10-21   59.02   59.6100    992300.0
2013-10-22   59.78   59.4700   1258100.0
2013-10-23   59.17   59.3700    744000.0
2013-10-24   59.52   59.6200    765200.0
2013-10-25   59.71   59.7000    749900.0
2013-10-28   59.72   59.2300   1123900.0
2013-10-29   59.47   59.1500   2086800.0
2013-10-30   59.20   58.5700   1589500.0
2013-10-31   58.72   58.4000   1229700.0
2013-11-01   58.88   58.1700   1213100.0
2013-11-04   58.52   57.9600   1917500.0
2013-11-05   58.03   58.5000   1628600.0
2013-11-06   59.85   58.7200   1070400.0
2013-11-07   58.84   57.9100   1517800.0
2013-11-08   58.08   58.6600   1876300.0
2013-11-11   58.42   59.0600   1263800.0
2013-11-12   58.92   59.2900    880800.0
2013-11-13   58.95   59.6200   1401600.0
2013-11-14   59.56   59.8100   1315300.0
2013-11-15   59.82   59.9100   1399300.0
2013-11-18   60.02   59.5400   1984000.0
2013-11-19   59.82   59.3100   1324700.0
2013-11-20   59.38   58.9200   2053600.0
2013-11-21   55.50   56.2800   8819100.0
2013-11-22   56.83   56.8600   4406900.0
2013-11-25   57.07   56.5500   2276800.0
2013-11-26   56.69   56.1900   2952000.0
2013-11-27   56.37   55.8300   2038200.0
2013-11-29   55.86   55.6500   2571900.0
2013-12-02   55.63   55.4900   2421600.0
2013-12-03   55.45   55.2400   2774700.0
2013-12-04   54.73   54.9000   2875200.0
2013-12-05   55.07   55.2500   3055400.0
2013-12-06   55.51   55.1700   3809700.0
2013-12-09   55.43   55.2800   2243900.0
2013-12-10   55.15   55.6400   2220800.0
2013-12-11   55.52   55.9000   2100100.0
2013-12-12   55.95   55.7400   1983500.0
2013-12-13   55.94   55.7200   1218800.0
2013-12-16   55.89   56.1100   2280300.0
2013-12-17   56.03   55.7100   2119100.0
2013-12-18   55.76   55.8200   3047000.0
2013-12-19   55.74   55.3000   1809800.0
2013-12-20   55.25   55.4500   4882900.0
2013-12-23   55.65   55.9900   2231400.0
2013-12-24   56.00   56.4000   1176600.0
2013-12-26   55.75   56.5800   1219100.0
2013-12-27   56.58   56.2900   1246400.0
2013-12-30   56.21   56.3500   1196200.0
2013-12-31   56.66   56.4200    887200.0
2014-01-02   55.99   56.4000   2424200.0
2014-01-03   56.55   56.5700   1694200.0
2014-01-06   56.74   56.7600   2780000.0
2014-01-07   56.55   56.5900   2398200.0
2014-01-08   56.47   56.6400   1914300.0
2014-01-09   55.92   56.4300   3417000.0
2014-01-10   56.57   55.8900   3352500.0
2014-01-13   55.91   55.1300   3368700.0
2014-01-14   55.29   55.2700   2110800.0
2014-01-15   55.44   55.1900   2145500.0
2014-01-16   55.14   54.6100   3345300.0
2014-01-17   54.64   54.3200   3723000.0
2014-01-21   54.28   53.5500   3732400.0
2014-01-22   52.97   53.1400   2634200.0
2014-01-23   52.69   52.5600   3150400.0
2014-01-24   52.23   51.6700   3248100.0
2014-01-27   51.66   51.0700   4067600.0
2014-01-28   51.11   51.1100   4176100.0
2014-01-29   50.85   50.5700   3209000.0
2014-01-30   51.03   51.0600   3159300.0
2014-01-31   50.53   50.5200   6940700.0
2014-02-03   50.49   49.6800   3311700.0
2014-02-04   49.84   50.0100   3153000.0
2014-02-05   50.01   49.8100   6210500.0
2014-02-06   49.94   50.8900   3177800.0
2014-02-07   51.15   51.3900   1659900.0
2014-02-10   51.19   51.3300   2068600.0
2014-02-11   51.30   51.5800   1768300.0
2014-02-12   51.79   51.9300   2610900.0
2014-02-13   51.79   51.8400   1681900.0
2014-02-14   51.78   51.9200   1968700.0
2014-02-18   52.04   52.2900   1877900.0
2014-02-19   52.20   52.1900   2290400.0
2014-02-20   52.15   51.5200   2661300.0
2014-02-21   51.60   51.9700   1958200.0
2014-02-24   52.00   52.3300   2313200.0
2014-02-25   52.25   52.6800   3150300.0
2014-02-26   52.24   55.2900   9319800.0
2014-02-27   55.04   54.6600   4322500.0
2014-02-28   54.76   54.7700   2375300.0
2014-03-03   54.45   54.7200   1788800.0
2014-03-04   55.10   54.6300   1946700.0
2014-03-05   54.52   54.0100   2564100.0
2014-03-06   54.02   54.1100   1334600.0
2014-03-07   54.60   54.3300   1896000.0
2014-03-10   54.30   54.2900   1837000.0
2014-03-11   54.48   54.4300   1417700.0
2014-03-12   54.14   54.9600   2273800.0
2014-03-13   54.10   54.2100   1634600.0
2014-03-14   54.02   53.9200   1386400.0
2014-03-17   54.30   53.6800   1488100.0
2014-03-18   53.62   53.6600   1152100.0
2014-03-19   53.78   53.2700   1348900.0
2014-03-20   53.12   53.3200   1196300.0
2014-03-21   53.74   52.7500   3666500.0
2014-03-24   52.90   52.2900   2381200.0
2014-03-25   52.38   51.9100   1766600.0
2014-03-26   52.14   52.0300   1990600.0
2014-03-27   51.89   51.8300   1764500.0
2014-03-28   52.01   52.1500   1405300.0
2014-03-31   52.25   52.1800   2033800.0
2014-04-01   51.52   52.4700   1753400.0
2014-04-02   52.47   52.8200   1931600.0
2014-04-03   52.83   52.7600   2290300.0
2014-04-04   53.00   52.1100   2075000.0
2014-04-07   52.09   50.9400   2768900.0
2014-04-08   50.83   50.8900   1936300.0
2014-04-09   50.98   52.1300   2775200.0
2014-04-10   52.03   50.8100   2420000.0
2014-04-11   50.50   50.7400   3013000.0
2014-04-14   51.09   50.9400   2049100.0
2014-04-15   51.06   50.7300   1975900.0
2014-04-16   51.18   50.6900   1017700.0
2014-04-17   50.63   51.0900   1392200.0
2014-04-21   51.10   50.6700   1334000.0
2014-04-22   50.65   51.3600   1631700.0
2014-04-23   51.84   51.5100   1176300.0
2014-04-24   51.74   51.4200    723500.0
2014-04-25   51.21   51.3600   1196300.0
2014-04-28   51.63   51.8900   1288700.0
2014-04-29   51.97   51.5100   1185700.0
2014-04-30   51.39   52.0700   1337900.0
2014-05-01   52.34   51.6400   1155600.0
2014-05-02   51.85   52.5000   1434200.0
2014-05-05   52.20   52.0100   1012200.0
2014-05-06   51.95   51.5900   1256100.0
2014-05-07   51.58   51.9200   1636600.0
2014-05-08   52.02   52.0400   1754900.0
2014-05-09   51.97   52.7700   1360000.0
2014-05-12   52.78   53.3100   1518000.0
2014-05-13   53.14   52.1900   2610300.0
2014-05-14   52.03   51.7400   1179300.0
2014-05-15   51.57   51.0100   1786000.0
2014-05-16   51.07   51.7900   1405700.0
2014-05-19   51.63   52.0200   1711300.0
2014-05-20   51.89   51.1200   2294600.0
2014-05-21   51.04   50.0000   3511800.0
2014-05-22   53.92   53.3100   6727200.0
2014-05-23   53.39   52.6800   2441800.0
2014-05-27   52.77   53.1700   1701800.0
2014-05-28   53.05   52.7800   1680400.0
2014-05-29   53.59   53.2600   2004500.0
2014-05-30   53.52   53.0300   1402200.0
2014-06-02   52.99   53.3200   1044400.0
2014-06-03   52.67   53.9700   3000900.0
2014-06-04   53.77   54.3200   1212000.0
2014-06-05   54.32   54.6600   1777700.0
2014-06-06   54.93   55.1400   1346300.0
2014-06-09   56.86   55.5000   2839800.0
2014-06-10   55.62   54.6100   1622400.0
2014-06-11   54.64   54.2700   1110400.0
2014-06-12   54.08   53.9300   1183800.0
2014-06-13   54.04   53.9200   1196200.0
2014-06-16   53.84   54.0000    964400.0
2014-06-17   53.89   53.9000    784700.0
2014-06-18   53.71   53.7500   1117100.0
2014-06-19   53.80   53.7200   1163300.0
2014-06-20   53.99   53.6800   2375500.0
2014-06-23   53.78   53.5000   1263300.0
2014-06-24   53.67   53.7700   2263800.0
2014-06-25   54.63   53.9200   2073900.0
2014-06-26   53.81   53.6600   1452300.0
2014-06-27   53.63   53.3500   1320500.0
2014-06-30   53.47   54.4600   2963100.0
2014-07-01   54.41   54.4200   1594600.0
2014-07-02   54.24   54.7500   1438600.0
2014-07-03   54.83   55.0000   1071200.0
2014-07-07   54.95   55.3500   1953000.0
2014-07-08   55.20   55.1500   1693300.0
2014-07-09   56.70   55.2200   1589600.0
2014-07-10   54.51   55.4800   2097300.0
2014-07-11   55.43   55.2500   1343700.0
2014-07-14   55.45   55.2900   1239600.0
2014-07-15   55.37   55.1700   2159500.0
2014-07-16   55.17   54.5700   1445700.0
2014-07-17   54.25   54.2000   1157000.0
2014-07-18   54.48   54.7600   1232100.0
2014-07-21   54.64   54.4100    665300.0
2014-07-22   54.63   54.2900    819500.0
2014-07-23   54.44   54.4600    559900.0
2014-07-24   54.48   54.9500   1522100.0
2014-07-25   54.84   54.2200    793200.0
2014-07-28   59.70   54.8700  36320900.0
2014-07-29   54.57   54.4400  13011000.0
2014-07-30   54.70   55.4700   7141500.0
2014-07-31   55.31   54.4700   5108000.0
2014-08-01   54.56   54.7000   2895800.0
2014-08-04   54.77   55.9700   3404000.0
2014-08-05   55.58   54.7600   6156000.0
2014-08-06   54.59   55.0100   2205100.0
2014-08-07   55.16   55.0750   1791100.0
2014-08-08   55.34   55.6800   1711700.0
2014-08-11   55.69   55.1000   2117900.0
2014-08-12   54.91   54.9250   2065400.0
2014-08-13   55.17   55.4400   1765200.0
2014-08-14   55.54   55.9310   1107400.0
2014-08-15   56.15   55.6050   1883500.0
2014-08-18   54.75   54.2600   9116400.0
2014-08-19   54.32   54.7100   5911100.0
2014-08-20   54.76   55.0000   3498700.0
2014-08-21   54.04   54.2800   5605100.0
2014-08-22   54.39   54.2650   2473700.0
2014-08-25   54.37   53.8600   2496000.0
2014-08-26   53.81   53.5100   2423600.0
2014-08-27   53.52   53.5600   2482700.0
2014-08-28   53.48   53.9500   3155800.0
2014-08-29   53.90   53.6250   2670900.0
2014-09-02   53.87   54.4600   4135600.0
2014-09-03   54.49   54.9750   2974500.0
2014-09-04   55.02   55.0200   3109500.0
2014-09-05   54.93   55.6100   3099000.0
2014-09-08   55.42   55.5400   1901400.0
2014-09-09   55.27   55.9100   2049500.0
2014-09-10   55.96   55.8200   1730100.0
2014-09-11   55.80   55.6800   1622700.0
2014-09-12   55.70   55.9200   1793200.0
2014-09-15   56.13   55.6100   1173300.0
2014-09-16   55.38   55.7300   1562700.0
2014-09-17   55.75   56.1950   1809000.0
2014-09-18   56.30   57.1100   4525400.0
2014-09-19   57.27   57.0100   3190800.0
2014-09-22   57.07   56.7550   2547500.0
2014-09-23   56.67   55.7850   2459800.0
2014-09-24   55.75   56.1450   4394278.0
2014-09-25   56.00   55.5400   2024913.0
2014-09-26   55.71   55.7400   5370196.0
2014-09-29   55.53   56.0600   3178252.0
2014-09-30   55.99   56.0700   1612693.0
2014-10-01   55.83   55.2900   2145879.0
2014-10-02   55.36   55.7500   1870188.0
2014-10-03   56.15   56.8700   3155726.0
2014-10-06   57.25   56.5700   1603699.0
2014-10-07   56.44   56.5700   2283835.0
2014-10-08   56.70   57.2200   2138766.0
2014-10-09   57.16   56.7000   2540149.0
2014-10-10   56.88   56.0500   2117172.0
2014-10-13   55.98   55.4800   3990982.0
2014-10-14   55.89   55.8800   3718212.0
2014-10-15   55.17   55.2400   5913638.0
2014-10-16   54.68   55.0500   2092222.0
2014-10-17   55.49   56.5750   2233430.0
2014-10-20   56.74   57.3400   2246949.0
2014-10-21   57.45   58.1300   1976528.0
2014-10-22   58.19   57.5550   1315113.0
2014-10-23   57.64   58.5100   2212271.0
2014-10-24   58.32   58.9400   1692297.0
2014-10-27   58.92   58.8000   1254441.0
2014-10-28   58.70   58.9800   1467617.0
2014-10-29   59.09   58.8000   1434021.0
2014-10-30   58.61   59.5200   1603942.0
2014-10-31   60.54   60.5700   3760327.0
2014-11-03   60.84   60.8900   1783010.0
2014-11-04   60.65   60.8500   1019387.0
2014-11-05   60.72   61.1300   1331849.0
2014-11-06   61.25   62.1100   1975411.0
2014-11-07   62.20   61.5600   1651051.0
2014-11-10   61.73   61.8500   1601441.0
2014-11-11   61.74   61.5100   1177427.0
2014-11-12   61.43   61.8200   1837709.0
2014-11-13   62.05   61.9900   1749381.0
2014-11-14   62.18   62.0550   2011525.0
2014-11-17   62.08   61.4700   1940713.0
2014-11-18   61.47   61.9900   2628183.0
2014-11-19   62.40   62.6300   3907360.0
2014-11-20   64.42   65.8700   7792640.0
2014-11-21   66.84   66.3900   3209203.0
2014-11-24   66.60   67.2000   2191267.0
2014-11-25   67.38   66.8000   2483912.0
2014-11-26   66.65   67.3400   1567696.0
2014-11-28   68.41   68.3600   1481539.0
2014-12-01   68.32   67.9400   2870880.0
2014-12-02   66.92   68.7100   2519157.0
2014-12-03   67.54   69.2000   3745898.0
2014-12-04   69.07   69.2700   2118832.0
2014-12-05   69.65   68.4100   2722178.0
2014-12-08   68.08   67.9900   2280003.0
2014-12-09   67.46   68.1050   2276167.0
2014-12-10   68.02   67.2000   1769096.0
2014-12-11   69.58   67.7650   2061711.0
2014-12-12   67.11   68.1400   1863670.0
2014-12-15   68.71   68.6000   1737795.0
2014-12-16   67.83   67.0100   2231921.0
2014-12-17   67.32   68.0600   1775522.0
2014-12-18   68.88   69.1100   2055755.0
2014-12-19   68.84   68.7000   2902893.0
2014-12-22   68.75   69.0900   1454005.0
2014-12-23   69.58   70.0600   1606085.0
2014-12-24   70.29   69.8600    663639.0
2014-12-26   70.00   69.5700    926133.0
2014-12-29   69.38   70.5000   1134540.0
2014-12-30   70.25   70.7000   1240771.0
2014-12-31   70.98   70.3800   2182634.0
2015-01-02   70.94   70.3500   1435854.0
2015-01-05   70.20   69.6200   2654512.0
2015-01-06   69.78   68.6700   2696853.0
2015-01-07   69.18   70.8300   2756264.0
2015-01-08   71.06   71.1100   2800255.0
2015-01-09   71.00   69.4600   2151998.0
2015-01-12   69.44   69.4300   4267683.0
2015-01-13   70.11   68.0000   5076290.0
2015-01-14   67.26   67.3700   4910095.0
2015-01-15   67.51   66.4100   8250953.0
2015-01-16   66.00   66.7100   8718049.0
2015-01-20   66.88   67.2500   3547275.0
2015-01-21   67.20   67.8100   3633653.0
2015-01-22   68.28   70.2500   9284887.0
2015-01-23   70.49   72.0700   6166724.0
2015-01-26   72.11   70.3600   8088115.0
2015-01-27   70.12   71.3100   5788825.0
2015-01-28   71.70   69.9600   3741971.0
2015-01-29   70.18   70.1800   3851782.0
2015-01-30   70.05   71.1000   6235150.0
2015-02-02   71.22   72.2300   5047359.0
2015-02-03   72.23   74.3900   4681329.0
2015-02-04   74.40   75.0000   5403331.0
2015-02-05   75.13   75.9200   4842049.0
2015-02-06   76.33   75.0700   2369851.0
2015-02-09   74.63   74.9000   2762620.0
2015-02-10   75.39   75.7100   2830267.0
2015-02-11   75.52   76.6600   4367667.0
2015-02-12   76.79   75.8500   4294272.0
2015-02-13   75.89   76.8200   2507938.0
2015-02-17   76.84   76.7300   2300123.0
2015-02-18   76.86   77.0200   2335027.0
2015-02-19   77.45   76.7000   2250699.0
2015-02-20   76.70   77.6900   2605397.0
2015-02-23   78.00   77.8000   3389856.0
2015-02-24   78.00   77.4700   2220702.0
2015-02-25   77.56   79.1600   5617481.0
2015-02-26   78.79   79.0400   2759294.0
2015-02-27   78.96   79.6800   4148378.0
2015-03-02   79.50   79.9200   3483621.0
2015-03-03   80.13   79.1600   3445670.0
2015-03-04   79.12   78.8400   2464115.0
2015-03-05   79.14   79.4300   1884816.0
2015-03-06   79.26   79.6100   2653472.0
2015-03-09   79.54   79.7000   1962457.0
2015-03-10   79.18   79.6100   2947383.0
2015-03-11   79.65   78.8300   3492701.0
2015-03-12   80.10   80.8900   3210643.0
2015-03-13   80.89   81.9100   2479765.0
2015-03-16   82.27   83.7100   3074118.0
2015-03-17   83.38   83.3200   2830222.0
2015-03-18   83.29   83.7000   2109532.0
2015-03-19   83.88   83.4050   1414802.0
2015-03-20   83.91   83.8100   2186203.0
2015-03-23   83.74   83.0500   1536725.0
2015-03-24   81.17   82.8300   1939712.0
2015-03-25   81.77   81.1650   1932736.0
2015-03-26   80.71   81.0200   2036532.0
2015-03-27   81.08   81.7150   1573480.0
2015-03-30   82.00   81.8100   1968710.0
2015-03-31   81.67   81.1450   2372932.0
2015-04-01   81.33   81.3000   3476940.0
2015-04-02   81.33   81.1200   1796666.0
2015-04-06   80.36   80.9800   2243274.0
2015-04-07   81.07   80.5800   2076822.0
2015-04-08   81.32   83.5300   2398390.0
2015-04-09   83.90   82.7500   2589975.0
2015-04-10   82.71   82.8700   1276160.0
2015-04-13   82.84   81.8200   1279017.0
2015-04-14   81.62   81.0500   1577907.0
2015-04-15   81.20   81.2100   2254014.0
2015-04-16   81.20   81.0300   2419884.0
2015-04-17   80.48   79.1400   2281492.0
2015-04-20   79.79   79.7100   1817228.0
2015-04-21   80.47   80.7800   1506991.0
2015-04-22   80.67   80.5650   2275197.0
2015-04-23   80.23   81.0100   1155977.0
2015-04-24   81.14   81.1400   1394535.0
2015-04-27   81.89   80.4200   1859903.0
2015-04-28   80.21   79.9700   1244895.0
2015-04-29   79.79   77.4700   3176848.0
2015-04-30   77.32   76.4100   3134241.0
2015-05-01   76.37   77.7300   2097672.0
2015-05-04   77.73   77.3100   2038082.0
2015-05-05   76.92   76.3400   2097955.0
2015-05-06   76.38   77.1500   1811895.0
2015-05-07   77.30   78.0050   1804446.0
2015-05-08   78.61   79.1800   1771758.0
2015-05-11   79.05   78.9800   1879449.0
2015-05-12   78.61   79.2100   1640664.0
2015-05-13   79.18   77.8500   1917695.0
2015-05-14   78.15   76.9700   2213277.0
2015-05-15   77.14   78.3700   2279883.0
2015-05-18   78.43   78.4200   1959257.0
2015-05-19   78.39   77.5500   2138493.0
2015-05-20   77.66   76.2600   3496880.0
2015-05-21   75.05   78.6800   8598454.0
2015-05-22   78.25   77.1800   3717685.0
2015-05-26   77.14   75.5000   2928615.0
2015-05-27   75.72   76.3400   1679457.0
2015-05-28   76.36   76.1900   1640746.0
2015-05-29   75.92   74.9900   2157890.0
2015-06-01   74.65   76.9800   3103438.0
2015-06-02   76.59   77.6900   3101750.0
2015-06-03   77.95   79.0800   2693187.0
2015-06-04   78.48   78.8300   2663363.0
2015-06-05   78.62   77.6400   2244903.0
2015-06-08   77.50   77.1100   1215593.0
2015-06-09   77.00   77.0900   1702669.0
2015-06-10   77.41   78.2300   1725637.0
2015-06-11   78.62   78.6300   1644102.0
2015-06-12   78.45   78.7700   1568964.0
2015-06-15   78.13   77.9100   1335157.0
2015-06-16   77.37   78.5500   1326866.0
2015-06-17   78.97   79.7200   2124379.0
2015-06-18   79.96   80.3100   1833399.0
2015-06-19   80.37   79.5600   2181843.0
2015-06-22   80.08   80.6400   1439483.0
2015-06-23   80.33   80.3700   1414682.0
2015-06-24   80.40   80.5700   1376848.0
2015-06-25   80.62   80.4600   1404759.0
2015-06-26   80.77   81.6600   2263745.0
2015-06-29   80.98   79.3500   2260113.0
2015-06-30   80.20   78.9900   2482400.0
2015-07-01   79.43   80.1100   1810071.0
2015-07-02   80.11   79.8100   2191319.0
2015-07-06   79.40   80.0800   4567999.0
2015-07-07   80.42   80.3400   3193929.0
2015-07-08   79.65   79.2200   3353473.0
2015-07-09   79.73   78.9800   2546847.0
2015-07-10   79.90   80.4700   1454515.0
2015-07-13   81.15   82.1100   1726097.0
2015-07-14   82.26   82.4000   1920038.0
2015-07-15   82.47   81.8000   1549427.0
2015-07-16   82.03   82.1800   1400140.0
2015-07-17   82.02   81.6700   1707980.0
2015-07-20   81.27   81.5400   1173402.0
2015-07-21   81.61   79.8200   2295390.0
2015-07-22   80.59   79.2100   3175042.0
2015-07-23   79.16   78.2400   2462036.0
2015-07-24   78.51   78.5300   2304535.0
2015-07-27   78.37   77.7400   1725736.0
2015-07-28   78.19   78.1400   2198900.0
2015-07-29   77.93   77.5900   2193715.0
2015-07-30   77.12   77.5900   1814693.0
2015-07-31   76.66   78.0300   1828868.0
2015-08-03   78.05   77.6600   1330987.0
2015-08-04   77.77   77.8000   1124305.0
2015-08-05   78.29   78.5800   1611915.0
2015-08-06   79.09   77.6000   2481697.0
2015-08-07   76.68   77.2600   1654072.0
2015-08-10   78.00   78.1100   1064429.0
2015-08-11   77.67   77.6900   1815255.0
2015-08-12   76.84   77.3200   1490261.0
2015-08-13   77.25   77.3300   1778214.0
2015-08-14   77.67   77.7800   1330174.0
2015-08-17   77.70   78.4800   1143059.0
2015-08-18   78.62   79.3700   1206831.0
2015-08-19   79.23   80.9200   3015929.0
2015-08-20   80.04   80.3800   2500441.0
2015-08-21   79.79   76.3500   3970512.0
2015-08-24   71.89   73.7100   4268758.0
2015-08-25   75.17   73.1600   2551119.0
2015-08-26   74.80   77.3400   2937381.0
2015-08-27   75.49   76.7900   5421477.0
2015-08-28   76.59   76.7300   2466238.0
2015-08-31   76.41   76.2600   4764154.0
2015-09-01   72.60   69.6500  12305833.0
2015-09-02   70.24   67.5900  10340856.0
2015-09-03   67.53   67.0000   6725330.0
2015-09-04   67.70   68.0900   6332234.0
2015-09-08   69.32   68.7900   3779942.0
2015-09-09   68.99   67.9400   5054460.0
2015-09-10   66.66   66.0600   5870568.0
2015-09-11   65.90   66.4600   3683414.0
2015-09-14   66.12   65.3400   2800479.0
2015-09-15   65.36   66.2400   3262403.0
2015-09-16   66.25   67.7100   2740867.0
2015-09-17   67.82   67.8300   2686924.0
2015-09-18   67.14   66.6500   6395736.0
2015-09-21   65.79   67.8500   3893272.0
2015-09-22   67.40   69.1800   5131081.0
2015-09-23   69.11   69.8900   4460049.0
2015-09-24   69.49   69.2500   2868502.0
2015-09-25   69.75   70.1100   3275189.0
2015-09-28   69.58   68.7000   3612160.0
2015-09-29   68.51   66.2400   3661096.0
2015-09-30   67.13   66.6600   4035519.0
2015-10-01   66.76   67.4400   2400025.0
2015-10-02   66.60   66.9500   4716384.0
2015-10-05   67.40   68.1200   2667551.0
2015-10-06   67.69   65.1900   5092163.0
2015-10-07   65.31   62.9000   9087103.0
2015-10-08   62.62   62.0800   6900693.0
2015-10-09   61.99   63.3600   3810147.0
2015-10-12   63.28   63.0500   1993066.0
2015-10-13   63.01   63.4600   2971874.0
2015-10-14   63.76   61.3800   6537897.0
2015-10-15   61.79   62.8000   3383124.0
2015-10-16   62.91   63.4600   2319369.0
2015-10-19   62.70   63.8300   3106675.0
2015-10-20   63.83   64.1200   2017877.0
2015-10-21   64.31   64.2800   1864984.0
2015-10-22   64.43   64.8000   2983471.0
2015-10-23   65.44   62.5300   3769011.0
2015-10-26   62.58   63.6800   2575731.0
2015-10-27   63.12   63.0200   2718090.0
2015-10-28   63.41   63.9600   1829250.0
2015-10-29   63.72   64.8600   2022176.0
2015-10-30   65.00   65.4900   2205676.0
2015-11-02   65.65   66.2200   2539927.0
2015-11-03   66.59   67.5500   3736765.0
2015-11-04   67.55   67.1600   2032035.0
2015-11-05   67.39   67.7100   1168306.0
2015-11-06   68.04   67.9700   2774296.0
2015-11-09   67.71   67.6100   1774453.0
2015-11-10   67.82   67.8500   3000088.0
2015-11-11   68.09   66.5000   3364979.0
2015-11-12   66.30   66.5700   3050157.0
2015-11-13   66.04   62.2100   6259242.0
2015-11-16   62.53   62.7900   2831014.0
2015-11-17   63.76   64.2300   3758076.0
2015-11-18   64.25   66.6300   2915761.0
2015-11-19   66.91   67.1600   2811109.0
2015-11-20   67.59   68.4200   3313725.0
2015-11-23   68.92   69.5500   6280866.0
2015-11-24   68.89   74.1600   9935375.0
2015-11-25   74.50   74.9300   3657409.0
2015-11-27   75.10   75.0800   1466088.0
2015-11-30   75.20   75.4600   4623776.0
2015-12-01   76.04   75.9700   2767323.0
2015-12-02   76.32   76.0400   1909004.0
2015-12-03   76.24   74.0900   4583961.0
2015-12-04   75.35   77.2400   4479004.0
2015-12-07   77.34   78.4500   3982130.0
2015-12-08   77.96   79.4800   3583812.0
2015-12-09   79.05   78.4500   2442043.0
2015-12-10   77.96   77.8100   2992810.0
2015-12-11   76.64   76.4500   3702212.0
2015-12-14   76.67   77.7100   2800605.0
2015-12-15   78.35   77.3400   2859872.0
2015-12-16   77.82   78.8650   2086654.0
2015-12-17   78.98   76.5800   2592900.0
2015-12-18   75.92   76.0900   3915603.0
2015-12-21   76.10   76.9000   2376492.0
2015-12-22   77.33   77.8600   2248123.0
2015-12-23   78.46   77.0400   2039781.0
2015-12-24   77.08   76.6800    809042.0
2015-12-28   76.58   77.2400   1467882.0
2015-12-29   77.53   78.0200   1323607.0
2015-12-30   78.16   77.6200    933173.0
2015-12-31   77.43   77.2200   1163347.0
2016-01-04   76.84   78.8100   4555148.0
2016-01-05   79.27   79.9800   4335356.0
2016-01-06   78.94   80.5200   3572648.0
2016-01-07   79.25   78.4500   4492004.0
2016-01-08   78.74   77.7900   3362910.0
2016-01-11   78.22   77.3600   3242741.0
2016-01-12   77.57   78.7000   1827237.0
2016-01-13   78.83   75.4800   3077597.0
2016-01-14   75.77   75.7000   3533794.0
2016-01-15   73.56   75.3000   3369728.0
2016-01-19   76.46   76.8900   2517106.0
2016-01-20   76.00   76.0300   2139239.0
2016-01-21   76.41   77.0300   2664553.0
2016-01-22   78.50   77.2600   2045145.0
2016-01-25   77.30   76.6000   1675971.0
2016-01-26   76.64   77.6900   2195609.0
2016-01-27   78.08   77.9700   2758556.0
2016-01-28   79.12   78.9100   1843740.0
2016-01-29   79.58   81.3200   3372376.0
2016-02-01   81.21   81.9800   3168324.0
2016-02-02   82.08   81.6900   2305994.0
2016-02-03   82.01   79.5900   2618651.0
2016-02-04   79.34   76.6700   3754191.0
2016-02-05   76.65   76.5600   4426913.0
2016-02-08   78.62   75.3300   3197898.0
2016-02-09   75.21   75.2400   2745032.0
2016-02-10   75.81   75.1500   1856479.0
2016-02-11   73.12   73.4300   3384351.0
2016-02-12   73.97   75.2300   2254048.0
2016-02-16   79.81   78.5500   3095737.0
2016-02-17   79.38   80.8800   2971600.0
2016-02-18   79.73   79.2900   4288911.0
2016-02-19   78.66   79.4400   2740431.0
2016-02-22   80.49   81.6700   3122911.0
2016-02-23   81.62   81.6900   3515347.0
2016-02-24   81.44   81.6500   3643931.0
2016-02-25   82.00   82.3000   1914400.0
2016-02-26   82.25   81.6300   1550082.0
2016-02-29   81.42   80.2500   3853700.0
2016-03-01   79.50   82.0300   8249773.0
2016-03-02   81.09   78.7700   5891732.0
2016-03-03   78.40   77.4500   4374858.0
2016-03-04   77.70   78.3900   3247440.0
2016-03-07   77.73   76.8200   2911747.0
2016-03-08   76.41   75.9600   2611070.0
2016-03-09   76.21   76.7300   2040931.0
2016-03-10   78.19   79.8200   3974268.0
2016-03-11   80.26   80.0200   2622417.0
2016-03-14   79.62   80.9600   1940209.0
2016-03-15   80.34   81.1800   1975501.0
2016-03-16   81.05   81.4300   1948085.0
2016-03-17   81.05   80.4200   1901488.0
2016-03-18   80.77   80.0200   2509212.0
2016-03-21   79.95   80.4600   1584778.0
2016-03-22   80.24   79.0100   1577280.0
2016-03-23   79.10   78.9600   1247044.0
2016-03-24   78.85   78.5200   1303515.0
2016-03-28   78.52   80.8400   2096421.0
2016-03-29   81.12   81.3500   1513753.0
2016-03-30   81.42   83.2000   2683113.0
2016-03-31   83.25   82.4600   2180502.0
2016-04-01   82.26   83.3100   2031597.0
2016-04-04   83.47   82.5400   2050661.0
2016-04-05   81.73   80.4000   2359517.0
2016-04-06   80.37   80.9600   1802034.0
2016-04-07   80.30   80.6400   2721170.0
2016-04-08   80.94   79.6600   1483947.0
2016-04-11   79.53   78.9100   1145813.0
2016-04-12   78.84   80.1600   1563873.0
2016-04-13   80.41   80.4300   1569001.0
2016-04-14   80.37   80.2500   1014997.0
2016-04-15   80.29   81.7500   1828150.0
2016-04-18   81.67   82.5600   1632029.0
2016-04-19   82.55   82.7200   1867578.0
2016-04-20   82.69   81.8200   1591373.0
2016-04-21   81.83   81.9000   1004172.0
2016-04-22   81.84   80.9500   1620829.0
2016-04-25   80.93   80.9200   1348118.0
2016-04-26   81.09   82.0500   1607087.0
2016-04-27   81.96   82.0700   1175552.0
2016-04-28   81.63   80.0700   1439619.0
2016-04-29   79.44   79.7100   2140517.0
2016-05-02   80.06   80.8800   1398313.0
2016-05-03   80.46   80.6100   1122976.0
2016-05-04   80.03   80.6100   1056648.0
2016-05-05   80.61   80.6200   1882837.0
2016-05-06   80.31   81.1900   1208155.0
2016-05-09   81.49   82.1100   1892337.0
2016-05-10   82.05   81.6900   1268185.0
2016-05-11   80.85   79.0300   2183697.0
2016-05-12   79.55   80.2900   1800321.0
2016-05-13   79.43   77.6300   3047267.0
2016-05-16   77.78   80.0300   2534901.0
2016-05-17   79.08   77.5100   2619871.0
2016-05-18   76.13   75.3300   4551102.0
2016-05-19   76.30   76.9100   3338795.0
2016-05-20   76.86   76.8900   2992782.0
2016-05-23   77.11   75.5600   2355998.0
2016-05-24   75.97   77.5300   2973395.0
2016-05-25   77.70   78.3600   3355053.0
2016-05-26   85.49   88.3700  11666212.0
2016-05-27   88.97   88.9400   5880018.0
2016-05-31   89.39   90.5400   5592280.0
2016-06-01   90.54   90.8100   2822986.0
2016-06-02   90.96   91.0500   2314001.0
2016-06-03   90.91   91.0800   1877104.0
2016-06-06   91.48   90.6200   1305198.0
2016-06-07   90.43   91.2500   1412818.0
2016-06-08   91.19   91.5700   1817014.0
2016-06-09   91.48   91.9700   1210338.0
2016-06-10   91.41   91.3400   1017029.0
2016-06-13   91.20   90.1700   1505705.0
2016-06-14   90.04   90.0500   2182566.0
2016-06-15   90.49   91.0500   1561960.0
2016-06-16   90.70   91.8400   1693340.0
2016-06-17   91.75   91.5800   2798217.0
2016-06-20   92.33   92.4800   2557055.0
2016-06-21   92.31   92.6300   1576204.0
2016-06-22   92.48   91.9200   1591928.0
2016-06-23   92.46   92.3800   2162344.0
2016-06-24   90.23   91.8900   2566166.0
2016-06-27   91.46   92.5600   2551446.0
2016-06-28   93.25   92.3100   2124993.0
2016-06-29   92.60   94.4200   1779087.0
2016-06-30   94.79   94.2400   1791144.0
2016-07-01   94.69   93.7800   1443034.0
2016-07-05   93.63   94.9800   1825937.0
2016-07-06   94.96   94.8600   1646183.0
2016-07-07   94.63   94.6300   1005641.0
2016-07-08   95.45   95.0800   2078922.0
2016-07-11   95.18   94.8700   1082299.0
2016-07-12   95.06   94.4400   1406898.0
2016-07-13   94.68   94.3600    872394.0
2016-07-14   95.00   95.0000   1445008.0
2016-07-15   95.69   94.3400   1501211.0
2016-07-18   94.58   95.7300   1753764.0
2016-07-19   95.00   95.3600   1195576.0
2016-07-20   95.79   95.4500   1507526.0
2016-07-21   95.01   94.6600   1202385.0
2016-07-22   95.06   96.1300   1687962.0
2016-07-25   95.87   96.3900    955088.0
2016-07-26   96.45   96.6500   1164878.0
2016-07-27   96.73   95.7200   1385987.0
2016-07-28   95.32   96.1200   1263272.0
2016-07-29   96.27   96.2900    988787.0
2016-08-01   97.48   97.1000   1505444.0
2016-08-02   97.15   96.2300   1843830.0
2016-08-03   95.88   96.7700   1312502.0
2016-08-04   96.78   96.0700   1519043.0
2016-08-05   96.41   97.0200   1187353.0
2016-08-08   96.97   95.9000   1079630.0
2016-08-09   95.79   95.9500    913848.0
2016-08-10   96.39   98.1200   2243669.0
2016-08-11   99.00   97.3700   1899820.0
2016-08-12   96.96   96.2800   1877966.0
2016-08-15   96.35   96.2600   2245115.0
2016-08-16   95.69   95.5100   1539551.0
2016-08-17   94.94   95.4900   1741217.0
2016-08-18   95.72   95.8600   1209636.0
2016-08-19   95.82   95.5700   1217591.0
2016-08-22   95.32   95.7600   1249093.0
2016-08-23   96.02   95.5100   2104587.0
2016-08-24   95.82   94.9300   3555500.0
2016-08-25   88.00   85.5000  15533998.0
2016-08-26   85.14   85.5000   5463574.0
2016-08-29   85.75   85.5300   3851142.0
2016-08-30   85.35   84.1100   4274152.0
2016-08-31   83.76   82.7000   4207988.0
2016-09-01   82.39   83.1800   2938633.0
2016-09-02   83.11   83.1100   1821032.0
2016-09-06   83.56   83.2800   2850573.0
2016-09-07   83.01   82.5000   2778503.0
2016-09-08   82.55   81.8400   3201946.0
2016-09-09   81.51   81.6300   4647184.0
2016-09-12   81.34   82.3800   2707767.0
2016-09-13   81.73   80.1800   3912107.0
2016-09-14   80.48   81.4500   3599028.0
2016-09-15   81.14   81.9900   2202070.0
2016-09-16   81.47   81.1000   3212004.0
2016-09-19   81.27   80.2200   2259115.0
2016-09-20   80.33   79.7000   2762566.0
2016-09-21   79.98   79.8900   1896918.0
2016-09-22   80.43   80.0700   3436334.0
2016-09-23   79.53   80.0900   2675282.0
2016-09-26   79.61   80.0000   2153389.0
2016-09-27   79.27   80.4600   2883156.0
2016-09-28   80.65   79.4000   2444764.0
2016-09-29   79.26   77.3600   3577772.0
2016-09-30   77.47   78.9300   4124962.0
2016-10-03   78.46   79.5300   2423238.0
2016-10-04   77.84   76.4300   4758493.0
2016-10-05   76.50   75.1200   4947855.0
2016-10-06   75.45   78.0900   5663966.0
2016-10-07   78.55   77.9700   1783002.0
2016-10-10   78.09   77.9200   1476331.0
2016-10-11   77.56   77.2400   2467149.0
2016-10-12   77.38   77.4700   1093757.0
2016-10-13   77.15   78.2300   2191708.0
2016-10-14   78.26   77.0900   1565183.0
2016-10-17   77.00   76.4400   1299900.0
2016-10-18   76.84   76.2500   2093863.0
2016-10-19   76.61   76.7600   1634023.0
2016-10-20   77.03   75.8700   1664725.0
2016-10-21   75.33   75.7100   2182423.0
2016-10-24   75.74   75.9700   1718689.0
2016-10-25   75.60   75.8200   1649265.0
2016-10-26   75.75   76.8000   2344020.0
2016-10-27   76.71   74.4500   2332991.0
2016-10-28   74.37   75.2100   1594489.0
2016-10-31   75.52   75.5500   1397443.0
2016-11-01   75.76   74.8800   1406672.0
2016-11-02   75.06   75.3600   1112081.0
2016-11-03   75.29   74.0700   1179273.0
2016-11-04   73.64   73.6200   1420769.0
2016-11-07   74.76   75.5400   1870177.0
2016-11-08   75.67   75.8100   2009910.0
2016-11-09   72.68   76.0400   3493422.0
2016-11-10   76.47   77.2000   3320128.0
2016-11-11   77.05   77.8100   1962556.0
2016-11-14   78.02   78.3400   2883099.0
2016-11-15   78.69   79.1700   2924679.0
2016-11-16   79.87   80.5400   3806831.0
2016-11-17   79.82   81.6500   3448225.0
2016-11-18   81.53   81.9100   3646787.0
2016-11-21   81.97   81.9900   6768570.0
2016-11-22   88.33   88.6800  12815510.0
2016-11-23   88.66   88.8600   4022467.0
2016-11-25   88.51   89.1800   1083104.0
2016-11-28   88.70   89.5800   3331672.0
2016-11-29   89.98   89.6700   3036037.0
2016-11-30   89.29   88.1600   4231621.0
2016-12-01   86.79   86.5700   4337609.0
2016-12-02   86.82   87.7600   2110560.0
2016-12-05   88.42   88.2000   3475008.0
2016-12-06   88.96   87.9300   2280406.0
2016-12-07   87.40   87.8400   3799222.0
2016-12-08   87.84   87.1200   3240572.0
2016-12-09   87.02   87.7600   1678213.0
2016-12-12   87.56   86.0900   2258756.0
2016-12-13   86.17   86.1600   2276592.0
2016-12-14   86.40   84.7200   3104039.0
2016-12-15   84.83   85.7000   2214985.0
2016-12-16   85.61   84.2000   3874768.0
2016-12-19   84.20   84.2700   1758718.0
2016-12-20   84.42   85.0900   1351694.0
2016-12-21   84.68   84.0600   1750958.0
2016-12-22   84.02   79.3100   5692210.0
2016-12-23   79.46   78.7000   2274271.0
2016-12-27   78.97   78.1200   2426965.0
2016-12-28   78.54   77.6700   1676704.0
2016-12-29   77.65   77.3400   1846622.0
2016-12-30   77.57   77.1800   1688482.0
2017-01-03   77.57   77.4500   2588001.0
2017-01-04   77.52   79.4500   3259699.0
2017-01-05   78.42   78.0600   2831997.0
2017-01-06   78.17   77.0900   3104953.0
2017-01-09   76.74   77.1400   2074898.0
2017-01-10   77.05   77.9600   2381029.0
2017-01-11   77.70   77.8100   1489025.0
2017-01-12   77.81   77.5300   1710211.0
2017-01-13   77.49   77.1300   1746252.0
2017-01-17   77.77   79.5100   5075016.0
2017-01-18   78.51   77.3100   4281069.0
2017-01-19   77.23   76.2600   2032280.0
2017-01-20   76.69   76.5600   2029678.0
2017-01-23   76.58   75.5500   1692175.0
2017-01-24   75.54   76.8800   1647313.0
2017-01-25   77.41   76.8900   1645490.0
2017-01-26   76.66   76.1700   1876410.0
2017-01-27   76.34   74.0500   2910824.0
2017-01-30   73.49   75.2500   2502968.0
2017-01-31   74.80   77.1900   3624435.0
2017-02-01   77.01   76.3900   1853993.0
2017-02-02   76.76   77.2000   3053641.0
2017-02-03   77.08   76.6900   1775909.0
2017-02-06   76.71   75.1200   3000285.0
2017-02-07   74.50   75.2100   1594509.0
2017-02-08   75.35   76.6600   2671718.0
2017-02-09   79.12   79.3900   4518794.0
2017-02-10   79.73   78.0200   3502617.0
2017-02-13   78.43   77.7000   1594429.0
2017-02-14   77.50   79.8000   2741929.0
2017-02-15   79.40   78.7400   2136066.0
2017-02-16   78.70   78.0000   1779955.0
2017-02-17   77.93   80.0000   2607109.0
2017-02-21   80.50   79.7600   2726277.0
2017-02-22   80.17   78.5400   2371698.0
2017-02-23   78.74   77.5700   3965208.0
2017-02-24   77.67   79.4100   5727597.0
2017-02-27   79.70   79.5600   4420864.0
2017-02-28   78.54   76.6800   5086952.0
2017-03-01   78.97   76.8400  10685687.0
2017-03-02   76.91   77.7400   5808745.0
2017-03-03   77.47   77.1300   2899791.0
2017-03-06   77.00   75.9300   2299944.0
2017-03-07   75.73   75.2200   2699175.0
2017-03-08   75.34   75.6000   2508679.0
2017-03-09   75.61   75.5300   2000604.0
2017-03-10   75.83   75.0600   2570627.0
2017-03-13   75.10   74.5800   3005308.0
2017-03-14   74.68   74.1900   2069318.0
2017-03-15   74.11   74.5600   2576278.0
2017-03-16   74.00   75.5300   3594120.0
2017-03-17   76.48   75.7000   3151694.0
2017-03-20   75.79   74.3000   3554273.0
2017-03-21   74.72   73.4400   3119055.0
2017-03-22   73.58   73.9800   1920409.0
2017-03-23   74.64   74.3800   2049188.0
2017-03-24   74.51   74.9200   1892177.0
2017-03-27   74.89   76.1300   3059301.0
2017-03-28   75.83   76.5500   2561143.0
2017-03-29   76.32   78.5100   4465098.0
2017-03-30   78.21   79.4400   2890126.0
2017-03-31   79.28   78.4600   2628316.0
2017-04-03   78.46   77.7200   2415272.0
2017-04-04   77.76   77.6700   2185770.0
2017-04-05   77.68   77.0500   2228495.0
2017-04-06   77.06   78.0500   3254375.0
2017-04-07   78.05   77.6100   2066277.0
2017-04-10   77.67   77.7400   1551626.0
2017-04-11   77.68   77.0800   2283364.0
2017-04-12   76.80   77.1400   1939309.0
2017-04-13   77.19   76.4600   1851776.0
2017-04-17   76.67   76.8300   1806281.0
2017-04-18   76.73   77.4300   2173059.0
2017-04-19   77.81   78.0200   2262769.0
2017-04-20   78.45   79.5700   4098646.0
2017-04-21   79.73   78.8100   2285036.0
2017-04-24   80.02   79.7900   2245063.0
2017-04-25   80.28   80.6900   1939333.0
2017-04-26   81.00   81.7300   2951051.0
2017-04-27   81.73   83.1300   3063381.0
2017-04-28   82.98   82.7900   2389551.0
2017-05-01   83.07   80.7500   3630242.0
2017-05-02   80.75   81.7000   3345996.0
2017-05-03   81.73   81.9200   2469920.0
2017-05-04   82.10   81.9600   2385854.0
2017-05-05   82.38   82.0000   1447204.0
2017-05-08   82.13   82.2900   1277344.0
2017-05-09   82.46   82.7800   1867527.0
2017-05-10   82.53   83.0200   1213185.0
2017-05-11   82.35   81.4900   1334541.0
2017-05-12   81.31   81.2900   1625453.0
2017-05-15   81.50   80.9400   1583276.0
2017-05-16   80.78   79.1000   2618828.0
2017-05-17   79.16   78.0800   2764377.0
2017-05-18   78.34   79.0000   1834320.0
2017-05-19   78.97   79.6800   2161024.0
2017-05-22   79.62   80.9200   2120953.0
2017-05-23   80.85   78.8500   3586092.0
2017-05-24   78.86   78.0800   4855567.0
2017-05-25   76.02   78.8000   6416714.0
2017-05-26   79.15   78.2800   2181356.0
2017-05-30   78.08   78.1700   1979382.0
2017-05-31   78.27   77.7000   3354238.0
2017-06-01   78.03   80.5600   3953543.0
2017-06-02   80.49   80.4300   1889590.0
2017-06-05   80.15   79.2800   2307007.0
2017-06-06   78.61   76.8800   4193374.0
2017-06-07   77.33   75.4100   7258763.0
2017-06-08   75.79   74.8400   2826520.0
2017-06-09   74.85   75.3800   2241184.0
2017-06-12   75.43   75.3500   2022913.0
2017-06-13   75.27   75.5000   1410268.0
2017-06-14   75.52   75.2700   2703908.0
2017-06-15   74.82   72.7300   3954399.0
2017-06-16   69.67   70.0700  11239677.0
2017-06-19   70.53   70.5500   4416758.0
2017-06-20   70.62   68.9400   3469131.0
2017-06-21   69.04   68.0500   3989399.0
2017-06-22   68.10   67.6800   2878887.0
2017-06-23   67.35   66.6000   5050369.0
2017-06-26   66.81   68.4900   6195974.0
2017-06-27   68.30   69.2200   6531061.0
2017-06-28   70.48   69.9700   4002875.0
2017-06-29   69.83   69.7300   2786089.0
2017-06-30   70.01   69.9200   2799580.0
2017-07-03   70.03   69.8900    928409.0
2017-07-05   69.96   68.2100   4252136.0
2017-07-06   68.06   67.9300   2782931.0
2017-07-07   68.00   67.9800   1762086.0
2017-07-10   67.90   66.3900   3099727.0
2017-07-11   66.53   66.8700   2740644.0
2017-07-12   67.35   67.4000   1490646.0
2017-07-13   68.05   68.5700   2878998.0
2017-07-14   68.79   69.1100   2344554.0
2017-07-17   69.11   69.8700   2534923.0
2017-07-18   69.87   69.2800   1669558.0
2017-07-19   69.53   70.3500   2205409.0
2017-07-20   70.60   70.7700   3039108.0
2017-07-21   70.62   70.8900   2671114.0
2017-07-24   70.60   69.2800   2775122.0
2017-07-25   69.38   70.6000   1992338.0
2017-07-26   70.30   70.9200   1650112.0
2017-07-27   70.97   72.2400   2895323.0
2017-07-28   71.92   71.8000   1742488.0
2017-07-31   72.00   72.0800   1390131.0
2017-08-01   72.10   73.0100   2570721.0
2017-08-02   72.74   72.9700   2192674.0
2017-08-03   73.12   73.5300   2501228.0
2017-08-04   73.77   74.1100   1918840.0
2017-08-07   74.57   75.5300   3721517.0
2017-08-08   75.53   75.7500   2350269.0
2017-08-09   75.14   74.9000   2805468.0
2017-08-10   74.26   73.0800   2676134.0
2017-08-11   73.01   73.5000   1779736.0
2017-08-14   74.14   74.6200   3398550.0
2017-08-15   74.57   73.4400   3199082.0
2017-08-16   74.26   74.4400   4265666.0
2017-08-17   74.03   74.3400   2298599.0
2017-08-18   74.24   74.2500   2070830.0
2017-08-21   74.22   74.2500   2439073.0
2017-08-22   74.51   74.9500   1767601.0
2017-08-23   74.63   74.3200   4417400.0
2017-08-24   82.21   78.5000  13393865.0
2017-08-25   79.88   80.3900   4447740.0
2017-08-28   80.78   80.3800   2467037.0
2017-08-29   79.59   79.7000   3064494.0
2017-08-30   79.76   79.7100   2292290.0
2017-08-31   79.23   79.6400   3583216.0
2017-09-01   79.79   81.0800   3235009.0
2017-09-05   81.41   82.4900   3274920.0
2017-09-06   82.47   82.7099   2447737.0
2017-09-07   82.85   83.2300   2048934.0
2017-09-08   83.35   82.8300   2706690.0
2017-09-11   83.14   83.4000   2751187.0
2017-09-12   83.32   83.9800   1649113.0
2017-09-13   83.97   84.4100   2071502.0
2017-09-14   84.14   83.4600   1740934.0
2017-09-15   83.59   83.4800   2652352.0
2017-09-18   83.45   83.1900   1652444.0
2017-09-19   83.09   83.4300   2241870.0
2017-09-20   83.44   83.4200   1772691.0
2017-09-21   83.44   83.1400   1168080.0
2017-09-22   83.12   84.6200   2166888.0
2017-09-25   84.08   84.9900   1978020.0
2017-09-26   85.21   84.8900   1517783.0
2017-09-27   85.27   85.6700   1738862.0
2017-09-28   85.15   85.6800   1760776.0
2017-09-29   85.68   86.8200   1803445.0
2017-10-02   86.60   86.4700   1615476.0
2017-10-03   86.75   86.8200   1496097.0
2017-10-04   88.00   89.0500   3783507.0
2017-10-05   89.04   89.1500   2023796.0
2017-10-06   88.64   89.4200   2481879.0
2017-10-09   89.61   88.3700   1833591.0
2017-10-10   88.56   89.3000   1853009.0
2017-10-11   89.20   91.2300   2569656.0
2017-10-12   91.23   91.3700   2177270.0
2017-10-13   90.16   91.5000   2049979.0
2017-10-16   91.06   91.9500   1816817.0
2017-10-17   91.70   91.5300   1157970.0
2017-10-18   91.45   91.4700   1438441.0
2017-10-19   91.40   91.4100   1213301.0
2017-10-20   91.95   92.3700   1526267.0
2017-10-23   92.38   91.7200   1573428.0
2017-10-24   91.61   91.7800   2015867.0
2017-10-25   91.50   91.6100   1135229.0
2017-10-26   92.12   93.2300   1625333.0
2017-10-27   92.02   93.2100   2187539.0
2017-10-30   92.52   91.4400   2217215.0
2017-10-31   91.63   91.2500   1372924.0
2017-11-01   91.60   91.1200   1746809.0
2017-11-02   91.20   92.5500   2191986.0
2017-11-03   93.28   93.7500   2536968.0
2017-11-06   93.48   93.3900   1332125.0
2017-11-07   93.47   93.6200   1459827.0
2017-11-09   93.35   94.3800   1700514.0
2017-11-10   94.14   95.0600   2899190.0
2017-11-13   94.71   93.6900   1708875.0
2017-11-14   93.48   93.4500   2012464.0
2017-11-15   92.83   93.0900   1991272.0
2017-11-16   93.56   94.6300   2135550.0
2017-11-17   94.79   94.6100   1930564.0
2017-11-20   95.12   97.1100   5242794.0
2017-11-21  100.15   99.4600   7769633.0
2017-11-22   99.23   99.7700   2995031.0
2017-11-24   99.70   98.3800   1741570.0
2017-11-27   98.32   98.2000   2463264.0
2017-11-28   98.39  100.9400   2433952.0
2017-11-29  101.31  104.1400   3292234.0
2017-11-30  104.15  102.7600   3925912.0
2017-12-01  101.82  103.0100   2461210.0
2017-12-04  104.49  106.3700   2669416.0
2017-12-05  106.26  105.8900   1888027.0
2017-12-06  106.19  105.5200   2061744.0
2017-12-07  107.93  107.3100   2216042.0
2017-12-08  107.58  108.6700   2367482.0
2017-12-11  108.67  107.0700   2391885.0
2017-12-12  107.58  106.2200   2464025.0
2017-12-13  106.00  105.5900   2089839.0
2017-12-14  106.15  104.6500   1934545.0
2017-12-15  105.21  106.2900   2855976.0
2017-12-18  107.06  109.1000   2454329.0
2017-12-19  109.52  109.1700   1776050.0
2017-12-20  109.63  108.9200   1593690.0
2017-12-21  109.32  108.4700   1815746.0
2017-12-22  108.45  109.4600   1440409.0
2017-12-26  109.58  108.5000   1179547.0
2017-12-27  108.50  107.4900   1752082.0
2017-12-28  108.00  108.0700   1222926.0
2017-12-29  107.86  107.3100   1345472.0
2018-01-02  107.99  108.6900   1378418.0
2018-01-03  109.06  108.0200   1495904.0
2018-01-04  108.10  108.8600   1811046.0
2018-01-05  109.59  111.1400   1978104.0
2018-01-08  110.76  109.1000   1739669.0
2018-01-09  109.50  109.6900   1583657.0
2018-01-10  109.16  109.6300   1047493.0
2018-01-11  109.66  111.3500   2059432.0
2018-01-12  112.10  114.8400   2396884.0
2018-01-16  115.49  112.8800   1994034.0
2018-01-17  114.49  112.7690   2201280.0
2018-01-18  113.07  112.9000   1520988.0
2018-01-19  113.10  114.7300   1870417.0
2018-01-22  114.28  115.0200   1737205.0
2018-01-23  115.10  114.7000   2012244.0
2018-01-24  114.41  114.3400   1685779.0
2018-01-25  114.68  115.0700   1396711.0
2018-01-26  115.00  115.4300   1595189.0
2018-01-29  115.03  116.3500   1772096.0
2018-01-30  115.99  114.6000   1689274.0
2018-01-31  114.77  115.0000   1754455.0
2018-02-01  113.60  113.8700   1415402.0
2018-02-02  112.53  108.8300   2143417.0
2018-02-05  108.39  105.8600   1715278.0
2018-02-06  103.03  107.8500   2722604.0
2018-02-07  107.07  106.0800   1991785.0
2018-02-08  105.74  101.5400   2716268.0
2018-02-09  102.33  107.5400   3967865.0
2018-02-12  108.17  104.7400   5198607.0
2018-02-13  103.73  104.8400   2463583.0
2018-02-14  103.79  105.8700   2622275.0
2018-02-15  106.02  108.5700   1958573.0
2018-02-16  108.25  107.9600   2026764.0
2018-02-20  105.71  106.8100   2423624.0
2018-02-21  106.81  105.6900   1525894.0
2018-02-22  106.50  107.0000   1652762.0
2018-02-23  107.67  106.6100   2516173.0
2018-02-26  107.50  106.2200   2811308.0
2018-02-27  106.32  103.9300   2951944.0
2018-02-28  104.57  102.6400   3554080.0
2018-03-01  102.94  104.0900   2790804.0
2018-03-02  103.38  104.4100   2334426.0
2018-03-05  103.48  102.6400   3121900.0
2018-03-06  102.95  104.3600   4489755.0
2018-03-07   90.25   89.2500  22028282.0
2018-03-08   91.00   91.3200  11438659.0
2018-03-09   91.89   92.7000   4428025.0
2018-03-12   93.06   94.2900   5306265.0
2018-03-13   94.48   94.4200   4917841.0
2018-03-14   94.40   92.8100   3224325.0
2018-03-15   94.08   94.1600   2643035.0
2018-03-16   94.39   95.7500   4085913.0
2018-03-19   95.31   94.5700   3079334.0
2018-03-20   94.49   94.9400   2804460.0
2018-03-21   94.46   94.7200   3414834.0
2018-03-22   93.40   93.5400   4467052.0
2018-03-23   93.70   91.9500   2672662.0
2018-03-26   95.13   95.2100   2637897.0
2018-03-27   95.68   93.6300   1483266.0