date     open   close      volume
                                      
2013-01-02  69.4200  69.780    993900.0
2013-01-03  69.7600  70.350   1416000.0
2013-01-04  70.5500  71.510   1060900.0
2013-01-07  71.6500  71.100   1016500.0
2013-01-08  70.7900  70.940    913500.0
2013-01-09  71.0100  71.190    491100.0
2013-01-10  71.8800  72.300   1008000.0
2013-01-11  72.2300  72.270    861100.0
2013-01-14  72.3700  71.380   1282500.0
2013-01-15  71.2400  71.440    838100.0
2013-01-16  71.4000  71.800   1027000.0
2013-01-17  72.2700  72.690    947600.0
2013-01-18  73.0200  73.350    893500.0
2013-01-22  72.8400  73.090   1004800.0
2013-01-23  73.2500  74.200   1580100.0
2013-01-24  74.0100  73.980   1506400.0
2013-01-25  74.4900  74.660    569000.0
2013-01-28  74.9700  74.730    923800.0
2013-01-29  74.7100  75.490    665100.0
2013-01-30  75.4000  75.110    752800.0
2013-01-31  75.0400  75.090   1195500.0
2013-02-01  75.2400  76.290    879900.0
2013-02-04  75.8500  76.480   1486300.0
2013-02-05  74.6400  73.580   3531600.0
2013-02-06  73.6200  74.030   3564200.0
2013-02-07  74.2000  74.100    906800.0
2013-02-08  74.2800  74.810    671800.0
2013-02-11  74.5700  74.180    924800.0
2013-02-12  74.4200  74.410    840500.0
2013-02-13  74.5700  74.850   1043800.0
2013-02-14  74.4400  75.770   1567900.0
2013-02-15  75.7000  74.750   1648500.0
2013-02-19  75.1800  74.660   1595600.0
2013-02-20  74.6500  73.050   1638600.0
2013-02-21  72.6900  72.050   1450100.0
2013-02-22  72.4500  71.990   1728400.0
2013-02-25  72.2000  68.960   1811500.0
2013-02-26  69.2300  69.850   1627200.0
2013-02-27  69.4500  70.210   1588900.0
2013-02-28  70.0200  69.680   1422500.0
2013-03-01  69.4800  69.320   1456200.0
2013-03-04  69.2000  68.060   1561100.0
2013-03-05  68.5100  67.820   1646000.0
2013-03-06  68.0200  67.650   1090900.0
2013-03-07  67.9300  67.450   1344100.0
2013-03-08  67.6400  67.820    986100.0
2013-03-11  67.6900  68.400   1302700.0
2013-03-12  68.3200  69.310   1761300.0
2013-03-13  69.2700  69.390   1278500.0
2013-03-14  69.4200  70.310    886500.0
2013-03-15  70.5200  70.240   1261200.0
2013-03-18  69.4000  68.450    983900.0
2013-03-19  68.6100  68.000   1325500.0
2013-03-20  68.3400  68.390    898000.0
2013-03-21  68.0200  68.180   1021500.0
2013-03-22  68.5300  68.540    583400.0
2013-03-25  68.7300  68.070    566200.0
2013-03-26  68.3900  68.960    794100.0
2013-03-27  68.5900  69.760    991500.0
2013-03-28  69.8800  69.560    855700.0
2013-04-01  69.7100  69.220    728500.0
2013-04-02  69.1700  68.540    816500.0
2013-04-03  68.3400  67.380   1075600.0
2013-04-04  67.3900  68.840   1379800.0
2013-04-05  68.0100  68.700    966700.0
2013-04-08  68.7000  68.900    622700.0
2013-04-09  69.1200  68.860    897200.0
2013-04-10  69.0700  69.780    794600.0
2013-04-11  69.8200  70.000   1043900.0
2013-04-12  69.5500  68.780    860900.0
2013-04-15  68.1400  65.700   1543600.0
2013-04-16  66.4100  66.260   1488700.0
2013-04-17  65.7800  64.420   1351700.0
2013-04-18  64.9000  65.910   1166500.0
2013-04-19  66.0000  65.340    942600.0
2013-04-22  65.5500  66.410    903900.0
2013-04-23  66.6400  67.320    976900.0
2013-04-24  67.5700  68.680   1437600.0
2013-04-25  69.1500  68.890   1167700.0
2013-04-26  68.9300  68.640    656600.0
2013-04-29  69.1600  69.110    877700.0
2013-04-30  69.1100  69.100   1112900.0
2013-05-01  68.5300  67.910   1242000.0
2013-05-02  68.2300  69.050   1372500.0
2013-05-03  69.1100  70.050   1377200.0
2013-05-06  70.0300  69.810   1070300.0
2013-05-07  70.2000  70.500    804400.0
2013-05-08  70.6400  70.580   1068200.0
2013-05-09  70.5300  70.370    951500.0
2013-05-10  70.0500  70.150    727900.0
2013-05-13  70.0000  69.990    611400.0
2013-05-14  69.9200  70.360    912900.0
2013-05-15  69.9600  70.660    601800.0
2013-05-16  70.7200  70.400    672300.0
2013-05-17  73.0000  72.400   1330200.0
2013-05-20  72.1500  72.840    793900.0
2013-05-21  72.2100  72.460    608300.0
2013-05-22  72.3800  70.870    627900.0
2013-05-23  70.6900  70.870    683700.0
2013-05-24  70.4000  70.270    699800.0
2013-05-28  71.2200  70.530    885000.0
2013-05-29  69.7300  70.410   1300000.0
2013-05-30  70.7400  70.900    963300.0
2013-05-31  70.4800  68.810    934000.0
2013-06-03  68.8200  69.140   1154800.0
2013-06-04  68.8500  68.910    887800.0
2013-06-05  68.9000  68.560    834200.0
2013-06-06  68.5000  68.490    597000.0
2013-06-07  69.1000  69.110    576700.0
2013-06-10  69.0300  68.630    434200.0
2013-06-11  67.7100  67.510    517800.0
2013-06-12  68.0900  66.580    758900.0
2013-06-13  66.6500  67.780    737000.0
2013-06-14  68.0000  67.160    716400.0
2013-06-17  67.5900  68.210    565700.0
2013-06-18  68.3400  68.530    591400.0
2013-06-19  68.6100  67.810    815100.0
2013-06-20  66.7400  66.500   1220900.0
2013-06-21  67.0300  66.910   1329200.0
2013-06-24  66.3300  66.220   1189600.0
2013-06-25  66.9600  67.140    794000.0
2013-06-26  67.6300  67.610   1110200.0
2013-06-27  68.0700  68.640    992200.0
2013-06-28  68.5800  68.790   1315100.0
2013-07-01  69.0600  68.780    756400.0
2013-07-02  68.7700  68.370    842900.0
2013-07-03  68.2300  67.900    443500.0
2013-07-05  68.2200  69.250    578900.0
2013-07-08  69.5000  69.530    745600.0
2013-07-09  70.0000  70.040   1201200.0
2013-07-10  70.3400  70.010    879800.0
2013-07-11  71.1000  71.040   2316100.0
2013-07-12  71.1100  72.110   1738400.0
2013-07-15  72.1400  71.990    846900.0
2013-07-16  71.8500  70.550   1623100.0
2013-07-17  70.9900  71.070   1059200.0
2013-07-18  71.5000  72.240    859500.0
2013-07-19  72.4000  72.650    695000.0
2013-07-22  72.7500  72.200    501900.0
2013-07-23  72.4700  72.150    904700.0
2013-07-24  72.4100  71.500    940200.0
2013-07-25  70.4600  69.290   2275200.0
2013-07-26  68.6200  67.930   1499800.0
2013-07-29  67.7600  67.440    806200.0
2013-07-30  67.5500  67.870   1316700.0
2013-07-31  67.8700  67.440   1482400.0
2013-08-01  67.9000  68.790   1043500.0
2013-08-02  68.1100  67.960    801600.0
2013-08-05  67.9800  67.610    731600.0
2013-08-06  67.6100  67.350    785800.0
2013-08-07  67.1700  68.610   1732600.0
2013-08-08  68.7600  68.880   2380800.0
2013-08-09  68.7800  68.200    787000.0
2013-08-12  67.4600  67.700   2139000.0
2013-08-13  67.3700  67.620   1795600.0
2013-08-14  67.7200  67.170    978800.0
2013-08-15  66.8400  66.800    916700.0
2013-08-16  66.8200  66.040    877300.0
2013-08-19  65.9400  65.590    818700.0
2013-08-20  65.5900  65.320    890900.0
2013-08-21  65.0700  64.390    789600.0
2013-08-22  64.3300  65.400    843300.0
2013-08-23  65.5300  65.840    688100.0
2013-08-26  66.0000  65.530    512100.0
2013-08-27  65.0900  65.000    722900.0
2013-08-28  65.1500  65.270    881200.0
2013-08-29  64.9600  64.170   1032200.0
2013-08-30  64.2500  64.030    891300.0
2013-09-03  64.7900  63.460   1198700.0
2013-09-04  63.5000  63.410   1233400.0
2013-09-05  63.3300  63.900   1140600.0
2013-09-06  64.3100  64.330    975200.0
2013-09-09  64.4800  65.020   1373900.0
2013-09-10  65.3500  65.180    711300.0
2013-09-11  65.2500  65.290    640300.0
2013-09-12  65.1800  64.880   1109600.0
2013-09-13  64.7700  64.410    732100.0
2013-09-16  65.1300  64.390    693500.0
2013-09-17  64.4600  65.010    745600.0
2013-09-18  65.1600  65.430    523500.0
2013-09-19  65.4900  64.270   1035900.0
2013-09-20  64.1800  62.610   1741000.0
2013-09-23  62.5000  62.950   1014500.0
2013-09-24  62.8900  62.130   1695600.0
2013-09-25  62.9400  63.380   1454100.0
2013-09-26  63.4800  63.280    743200.0
2013-09-27  62.9100  62.770    616800.0
2013-09-30  61.9500  62.320    798700.0
2013-10-01  62.1300  62.410    952600.0
2013-10-02  62.1200  62.710    623300.0
2013-10-03  62.6700  62.430    646500.0
2013-10-04  62.4300  63.450   1017000.0
2013-10-07  62.8200  62.630    519100.0
2013-10-08  62.4500  62.090    944700.0
2013-10-09  62.0100  62.070    876600.0
2013-10-10  62.6900  63.230    649300.0
2013-10-11  63.0800  63.570    869800.0
2013-10-14  62.9900  63.880    697800.0
2013-10-15  63.5700  63.000    678400.0
2013-10-16  62.4650  63.140   1245300.0
2013-10-17  63.0100  62.500   1116900.0
2013-10-18  62.9400  63.150    976400.0
2013-10-21  63.2400  63.300   1041200.0
2013-10-22  63.5400  64.630   1449000.0
2013-10-23  64.2500  63.230   1865700.0
2013-10-24  62.0000  60.960   3314300.0
2013-10-25  60.5400  61.270   1740100.0
2013-10-28  61.3000  63.010   2118200.0
2013-10-29  63.1500  62.590   1534200.0
2013-10-30  62.7400  62.730   1489100.0
2013-10-31  62.6900  61.930   1834100.0
2013-11-01  61.2400  60.270   1715200.0
2013-11-04  60.2100  60.480   1554700.0
2013-11-05  60.2100  59.310   1967000.0
2013-11-06  59.9200  60.350   1653000.0
2013-11-07  60.7200  60.370   1748500.0
2013-11-08  60.5200  61.740   2084600.0
2013-11-11  61.5600  61.590   1049700.0
2013-11-12  61.4000  61.030    915200.0
2013-11-13  60.8500  61.220   1372200.0
2013-11-14  61.2800  60.920   1223000.0
2013-11-15  61.3200  61.420   1268300.0
2013-11-18  61.6200  60.280   1208200.0
2013-11-19  60.1900  60.860   1388800.0
2013-11-20  60.8900  61.060    958200.0
2013-11-21  61.2100  60.700   1170900.0
2013-11-22  60.5600  60.890   1016700.0
2013-11-25  60.6800  59.410   1116900.0
2013-11-26  59.2600  59.350   1397800.0
2013-11-27  59.1800  59.940   1148300.0
2013-11-29  60.0000  60.050    566000.0
2013-12-02  60.1700  59.920   1381200.0
2013-12-03  59.4900  59.740   1550100.0
2013-12-04  59.6100  60.240   1163900.0
2013-12-05  59.9300  59.320   1193500.0
2013-12-06  59.5000  58.870   1481700.0
2013-12-09  58.8700  58.850   1232700.0
2013-12-10  58.6000  58.260   1024800.0
2013-12-11  58.2000  56.850   1583500.0
2013-12-12  56.8700  56.400   1950800.0
2013-12-13  56.4300  56.190   1218100.0
2013-12-16  56.2600  56.150   1092700.0
2013-12-17  56.2200  56.090   1173100.0
2013-12-18  56.2000  55.910   1769300.0
2013-12-19  55.5900  55.620   2331800.0
2013-12-20  55.1000  55.830   1978900.0
2013-12-23  55.8500  55.390   2111900.0
2013-12-24  55.3600  56.110    727400.0
2013-12-26  56.2900  55.930    833600.0
2013-12-27  56.1800  56.810   1343700.0
2013-12-30  56.7800  56.370   1111500.0
2013-12-31  56.4000  56.920    929500.0
2014-01-02  56.8000  56.120   1257000.0
2014-01-03  56.2800  56.470   1097200.0
2014-01-06  56.7000  56.710   1076000.0
2014-01-07  56.5300  56.700   1070900.0
2014-01-08  56.7000  55.740   1610900.0
2014-01-09  55.2700  55.300   1162600.0
2014-01-10  55.3500  55.910    888100.0
2014-01-13  55.5800  54.570   1155600.0
2014-01-14  54.6500  55.250    943800.0
2014-01-15  54.8600  54.930   1147500.0
2014-01-16  54.6200  54.320   2079100.0
2014-01-17  54.4900  54.100   1116600.0
2014-01-21  54.5300  54.490   1006900.0
2014-01-22  54.5500  54.750   1289100.0
2014-01-23  53.8700  51.880   3373800.0
2014-01-24  50.8100  51.040   2345800.0
2014-01-27  51.0300  51.490   1694000.0
2014-01-28  51.3100  50.690   1795000.0
2014-01-29  50.0500  49.160   2130000.0
2014-01-30  49.3900  49.000   2436300.0
2014-01-31  48.2700  48.540   2234800.0
2014-02-03  48.6000  47.700   2100900.0
2014-02-04  47.5000  48.060   1996600.0
2014-02-05  47.7500  46.510   2769400.0
2014-02-06  46.7900  47.310   4399500.0
2014-02-07  47.0600  46.070   4549700.0
2014-02-10  46.5000  46.770   3463700.0
2014-02-11  46.6800  47.550   2266800.0
2014-02-12  47.8200  47.200   1539200.0
2014-02-13  47.0400  47.580   1767600.0
2014-02-14  47.0000  47.040   1487400.0
2014-02-18  47.5400  46.950   5044300.0
2014-02-19  47.0700  47.730   2934300.0
2014-02-20  47.8200  48.070   1766000.0
2014-02-21  48.1600  48.010   1699100.0
2014-02-24  48.3200  48.350   1848800.0
2014-02-25  48.0700  47.990   3324700.0
2014-02-26  48.0100  47.510   1903100.0
2014-02-27  47.7200  47.190   2104500.0
2014-02-28  47.3400  47.300   2051700.0
2014-03-03  47.1500  46.920   2078700.0
2014-03-04  47.2900  46.820   2414200.0
2014-03-05  46.8400  47.300   2700800.0
2014-03-06  47.5500  47.960   1675100.0
2014-03-07  48.0500  48.450   2499000.0
2014-03-10  48.4000  47.910   2304600.0
2014-03-11  48.0000  47.530   2110600.0
2014-03-12  47.0400  46.380   2340900.0
2014-03-13  46.5100  44.390   4051400.0
2014-03-14  44.3500  44.200   2978600.0
2014-03-17  44.2500  43.910   2065500.0
2014-03-18  43.9600  44.730   2046900.0
2014-03-19  44.6700  45.200   2212400.0
2014-03-20  45.2100  45.610   1656700.0
2014-03-21  46.2000  47.240   4045100.0
2014-03-24  47.5000  46.090   1978100.0
2014-03-25  46.2900  46.870   1868400.0
2014-03-26  47.1800  46.820   1765700.0
2014-03-27  46.9700  47.090   1888000.0
2014-03-28  47.3600  47.920   1377200.0
2014-03-31  48.0200  48.760   2940600.0
2014-04-01  48.8600  47.860   1572500.0
2014-04-02  47.9700  48.520   1463600.0
2014-04-03  48.6000  48.340   1465800.0
2014-04-04  48.5400  48.380   1212100.0
2014-04-07  48.2400  48.790   2497200.0
2014-04-08  48.7500  49.760   2817800.0
2014-04-09  50.1800  47.690   3562900.0
2014-04-10  47.5900  47.330   1645900.0
2014-04-11  46.8900  45.880   1824700.0
2014-04-14  46.1400  47.500   2245200.0
2014-04-15  47.5100  47.810   1485100.0
2014-04-16  48.2000  47.190   1999000.0
2014-04-17  47.8900  48.400   1962400.0
2014-04-21  48.3900  48.670   1133200.0
2014-04-22  48.5900  48.640   1386700.0
2014-04-23  48.4800  48.530   1534300.0
2014-04-24  49.8600  51.690   2771200.0
2014-04-25  51.4100  53.500   2208200.0
2014-04-28  54.1300  53.050   1257600.0
2014-04-29  53.9400  53.330    828100.0
2014-04-30  53.4000  54.610   1499000.0
2014-05-01  54.3000  53.660   1223400.0
2014-05-02  53.7000  53.240    933800.0
2014-05-05  51.9000  51.600   1023900.0
2014-05-06  51.7500  51.970    973100.0
2014-05-07  52.1500  52.610   1044300.0
2014-05-08  52.6800  51.810    947700.0
2014-05-09  51.8100  51.020   1107000.0
2014-05-12  51.2000  51.490    946500.0
2014-05-13  51.6100  51.290    738700.0
2014-05-14  51.3500  51.010    645300.0
2014-05-15  50.8500  49.960   1557200.0
2014-05-16  50.0000  49.840    854600.0
2014-05-19  50.4500  50.390   2097800.0
2014-05-20  50.3000  49.660    706600.0
2014-05-21  49.7600  50.420    843500.0
2014-05-22  50.5000  51.480   1332300.0
2014-05-23  51.3500  50.420   2300700.0
2014-05-27  50.5500  51.290   1373100.0
2014-05-28  51.3600  50.150   1614400.0
2014-05-29  51.0000  51.330   1798300.0
2014-05-30  51.1700  51.060   1199900.0
2014-06-02  51.2000  49.880   1259200.0
2014-06-03  49.8000  49.560   1765000.0
2014-06-04  49.4000  47.730   2694800.0
2014-06-05  47.5500  47.580   2723500.0
2014-06-06  47.6500  47.200   2563100.0
2014-06-09  47.2000  47.300   1539600.0
2014-06-10  47.2500  46.890   2018200.0
2014-06-11  46.4700  46.880   1489000.0
2014-06-12  47.1700  48.770   2386100.0
2014-06-13  48.8500  49.590   1693100.0
2014-06-16  49.3800  49.770   1052500.0
2014-06-17  49.5500  49.140   1279500.0
2014-06-18  49.0300  49.690   1266300.0
2014-06-19  49.6900  49.460   1021500.0
2014-06-20  49.6000  50.310   1729100.0
2014-06-23  50.5000  50.370    895300.0
2014-06-24  50.3000  48.800   1264700.0
2014-06-25  48.7000  49.030    796200.0
2014-06-26  49.0100  48.190   1097500.0
2014-06-27  48.1000  49.550   1600000.0
2014-06-30  49.4700  49.630    991500.0
2014-07-01  49.6000  49.020   1390300.0
2014-07-02  48.7100  49.400   1162800.0
2014-07-03  49.5600  49.470    571800.0
2014-07-07  49.3900  48.790   1511900.0
2014-07-08  48.4200  48.890    981800.0
2014-07-09  48.9100  48.400    868400.0
2014-07-10  47.6900  47.640   1378900.0
2014-07-11  47.6400  47.750   1151600.0
2014-07-14  48.0500  48.570    763200.0
2014-07-15  48.8900  49.340    977600.0
2014-07-16  49.4800  49.680   1399200.0
2014-07-17  49.3600  48.980   1082000.0
2014-07-18  49.3600  48.980    926000.0
2014-07-21  48.8500  48.960    771000.0
2014-07-22  49.1000  50.130   1083900.0
2014-07-23  50.5000  50.040   1070500.0
2014-07-24  48.0000  47.870   4056300.0
2014-07-25  47.5600  47.800   1221100.0
2014-07-28  47.8000  47.300   1076100.0
2014-07-29  47.0000  47.360    935700.0
2014-07-30  47.4000  46.970   1232400.0
2014-07-31  46.7700  46.790   1877200.0
2014-08-01  47.0600  47.320   2520400.0
2014-08-04  45.7400  47.100   2437500.0
2014-08-05  46.9500  46.970   1230400.0
2014-08-06  46.9900  45.880   1573300.0
2014-08-07  46.1400  45.650   1355100.0
2014-08-08  45.7900  45.540   1074800.0
2014-08-11  45.7600  46.100   1164000.0
2014-08-12  45.9900  45.120   1386500.0
2014-08-13  45.2500  44.650   1278000.0
2014-08-14  44.5500  44.340    988300.0
2014-08-15  44.3700  44.330   1667700.0
2014-08-18  44.3100  43.930   1283000.0
2014-08-19  43.9600  43.910   1311000.0
2014-08-20  43.9800  44.060   1059400.0
2014-08-21  44.4000  44.000   1097800.0
2014-08-22  44.0000  43.210   1099900.0
2014-08-25  43.3000  43.220    981700.0
2014-08-26  43.4100  44.400   1785300.0
2014-08-27  44.2900  44.690    943900.0
2014-08-28  44.6600  43.780   1443700.0
2014-08-29  43.7800  43.940    796200.0
2014-09-02  44.1600  42.960   1426800.0
2014-09-03  43.2700  42.720   1104900.0
2014-09-04  42.6800  41.710   1876800.0
2014-09-05  41.5400  41.860   3126500.0
2014-09-08  41.6000  41.330   1248600.0
2014-09-09  41.2000  41.270    998000.0
2014-09-10  41.2100  41.300   1686200.0
2014-09-11  41.0800  41.610    962800.0
2014-09-12  41.5400  39.830   2813600.0
2014-09-15  39.7000  39.420   1636700.0
2014-09-16  39.4300  39.240   1419500.0
2014-09-17  39.3400  38.540   3346300.0
2014-09-18  38.6500  38.150   1790800.0
2014-09-19  38.1900  37.500   4171300.0
2014-09-22  37.5000  37.290   2559503.0
2014-09-23  37.1800  37.670   2426868.0
2014-09-24  37.5500  36.550   2074982.0
2014-09-25  36.5000  36.090   1887128.0
2014-09-26  36.2200  36.380   1275090.0
2014-09-29  35.9700  35.170   2309060.0
2014-09-30  35.0400  34.270   2419539.0
2014-10-01  34.2700  33.540   2086829.0
2014-10-02  33.3900  34.830   3646441.0
2014-10-03  34.9100  33.000   3080577.0
2014-10-06  33.1100  33.670   1938421.0
2014-10-07  33.6500  33.990   3559764.0
2014-10-08  34.7900  35.140   2753901.0
2014-10-09  34.9500  34.710   3277052.0
2014-10-10  34.6100  35.410   2564393.0
2014-10-13  35.6100  36.330   1884870.0
2014-10-14  36.4600  37.990   2310542.0
2014-10-15  38.3100  38.750   2361967.0
2014-10-16  37.5200  37.930   2674764.0
2014-10-17  38.6200  37.030   2122614.0
2014-10-20  36.9100  37.780   1348073.0
2014-10-21  38.5700  37.910   1986394.0
2014-10-22  37.6900  37.370   1444180.0
2014-10-23  39.0400  39.600   2582317.0
2014-10-24  39.5900  39.070   1838775.0
2014-10-27  38.0000  38.190   1693410.0
2014-10-28  38.9000  38.870   1727173.0
2014-10-29  39.6800  38.780   1254843.0
2014-10-30  38.4200  38.650    713421.0
2014-10-31  37.9778  36.835   1712043.0
2014-11-03  36.5600  34.720   2229827.0
2014-11-04  34.0900  33.500   2722200.0
2014-11-05  33.6600  35.430   2344369.0
2014-11-06  35.1000  36.650   1916416.0
2014-11-07  36.3900  38.740   2188133.0
2014-11-10  39.2100  37.470   2146095.0
2014-11-11  37.4400  36.640   1374745.0
2014-11-12  36.2300  35.840   1092321.0
2014-11-13  35.7400  35.280   1599787.0
2014-11-14  35.5400  35.810   1377874.0
2014-11-17  35.6600  36.170   1189955.0
2014-11-18  36.2100  35.310    830501.0
2014-11-19  35.3000  35.390   1513442.0
2014-11-20  35.5400  36.220   1331823.0
2014-11-21  36.9400  37.150   1319295.0
2014-11-24  36.8700  36.780   1097629.0
2014-11-25  36.9000  36.160   1952584.0
2014-11-26  35.2400  32.220   4413808.0
2014-11-28  31.1100  29.370   2749237.0
2014-12-01  29.0900  30.500   4555721.0
2014-12-02  29.9900  30.350   3379399.0
2014-12-03  30.6500  31.440   2306306.0
2014-12-04  31.2700  30.080   2595473.0
2014-12-05  30.1700  29.910   2673363.0
2014-12-08  29.4300  30.320   3056318.0
2014-12-09  30.1100  32.760   3289391.0
2014-12-10  32.2900  32.820   2547193.0
2014-12-11  33.4500  33.930   2434427.0
2014-12-12  33.3700  33.400   2255549.0
2014-12-15  33.9100  35.270   1793160.0
2014-12-16  35.1000  36.380   2446092.0
2014-12-17  37.2000  38.100   3390687.0
2014-12-18  39.3800  38.790   2142911.0
2014-12-19  39.4000  39.000   3510506.0
2014-12-22  38.6700  38.760   1334294.0
2014-12-23  39.0000  39.280   1568086.0
2014-12-24  38.8100  38.660    552826.0
2014-12-26  39.5200  38.430    709026.0
2014-12-29  38.6200  38.780    928945.0
2014-12-30  38.5000  38.080   1440965.0
2014-12-31  37.7100  36.710   1396898.0
2015-01-02  36.4100  37.230    865317.0
2015-01-05  36.0500  33.990   1648983.0
2015-01-06  33.6500  33.930   2792964.0
2015-01-07  34.4200  33.280   1257388.0
2015-01-08  33.3000  32.950   1422451.0
2015-01-09  32.9400  33.400   1244454.0
2015-01-12  32.9100  32.180   1830603.0
2015-01-13  32.3400  33.080   1496466.0
2015-01-14  32.9700  32.240   3144426.0
2015-01-15  32.7300  30.360   1572286.0
2015-01-16  30.6200  31.650   2158546.0
2015-01-20  31.2700  31.710   1731710.0
2015-01-21  32.0600  32.160   1238479.0
2015-01-22  32.4200  31.930   1220973.0
2015-01-23  31.7900  32.110    967805.0
2015-01-26  32.2200  32.810   1289146.0
2015-01-27  32.6900  34.280   1831335.0
2015-01-28  33.6900  32.860   1138632.0
2015-01-29  32.8200  30.730   1510429.0
2015-01-30  30.6200  31.530   2308718.0
2015-02-02  32.3200  32.860   2067869.0
2015-02-03  33.6800  33.910   2469840.0
2015-02-04  33.0000  32.870   1205192.0
2015-02-05  33.5200  33.830   1203878.0
2015-02-06  33.9600  33.600   2344814.0
2015-02-09  30.9800  34.400   4715799.0
2015-02-10  34.2400  33.990   2452949.0
2015-02-11  33.9800  33.520   1342966.0
2015-02-12  34.3600  34.850   1974084.0
2015-02-13  35.3800  35.210   1520613.0
2015-02-17  34.9900  36.950   2140354.0
2015-02-18  35.8500  34.060   2655755.0
2015-02-19  33.0800  34.400   1310561.0
2015-02-20  34.2000  34.150   1008090.0
2015-02-23  33.6900  33.620    752707.0
2015-02-24  31.9900  30.790   3627212.0
2015-02-25  30.9100  30.200   2340783.0
2015-02-26  30.0800  29.050   2475866.0
2015-02-27  29.1500  30.430   2267452.0
2015-03-02  30.6300  30.660   1931725.0
2015-03-03  30.3600  30.330   1631689.0
2015-03-04  30.2900  30.430   1668463.0
2015-03-05  30.2900  30.710   1610887.0
2015-03-06  30.5300  29.510   1371621.0
2015-03-09  29.4300  28.150   2067197.0
2015-03-10  27.7600  26.820   2324847.0
2015-03-11  26.8200  27.670   3617259.0
2015-03-12  27.7400  27.540   1574073.0
2015-03-13  27.0500  26.710   2965313.0
2015-03-16  26.3700  27.320   2131345.0
2015-03-17  27.0500  26.810   1433358.0
2015-03-18  26.6400  27.990   1336650.0
2015-03-19  27.4700  27.000   1895694.0
2015-03-20  27.2500  27.680   2982987.0
2015-03-23  27.7700  27.800   1375419.0
2015-03-24  27.7300  26.490   2148458.0
2015-03-25  26.6500  26.890   1536150.0
2015-03-26  27.3100  26.740   1871456.0
2015-03-27  26.5000  26.620   1460227.0
2015-03-30  26.7800  26.690   1633051.0
2015-03-31  26.5300  26.790   1407510.0
2015-04-01  27.1300  26.950   1365570.0
2015-04-02  26.5700  27.450   1286363.0
2015-04-06  27.6500  28.990   2426349.0
2015-04-07  28.8100  29.800   2024537.0
2015-04-08  29.7800  29.230   2589061.0
2015-04-09  29.3500  30.460   2516965.0
2015-04-10  30.5200  29.610   1618728.0
2015-04-13  29.6000  29.200   1278440.0
2015-04-14  29.4200  30.830   2207879.0
2015-04-15  31.0000  31.470   2701896.0
2015-04-16  31.1800  31.260   2577511.0
2015-04-17  30.9900  30.440   1785974.0
2015-04-20  30.4200  30.860   2150620.0
2015-04-21  30.8100  30.090   1788439.0
2015-04-22  30.1300  30.070   1574535.0
2015-04-23  30.1100  30.400   1138286.0
2015-04-24  30.1600  29.820   1952867.0
2015-04-27  30.0200  29.790    885262.0
2015-04-28  29.6300  29.990    804301.0
2015-04-29  29.9700  31.600   1615240.0
2015-04-30  32.0100  33.470   2870481.0
2015-05-01  33.1400  33.470   2931085.0
2015-05-04  33.4200  33.100   3555221.0
2015-05-05  33.7200  34.590   5848457.0
2015-05-06  35.8800  34.810   2937809.0
2015-05-07  34.5000  33.210   2046201.0
2015-05-08  32.9900  33.800   1731363.0
2015-05-11  33.6600  33.160   1311778.0
2015-05-12  33.2100  33.930   1614637.0
2015-05-13  33.9700  34.480   1241068.0
2015-05-14  34.3900  33.470   1093184.0
2015-05-15  33.3300  33.120   1381177.0
2015-05-18  33.1400  33.480   1603031.0
2015-05-19  32.7000  31.810   1773277.0
2015-05-20  32.0800  31.760   1460351.0
2015-05-21  32.0300  32.500   1627425.0
2015-05-22  31.9000  32.530   1109262.0
2015-05-26  31.9100  31.150   1584867.0
2015-05-27  30.9800  31.050   1064038.0
2015-05-28  30.8900  30.640   1088290.0
2015-05-29  30.7200  30.340   1146137.0
2015-06-01  30.2800  30.090   1156733.0
2015-06-02  30.4100  31.350   1736737.0
2015-06-03  31.1700  30.280   1638475.0
2015-06-04  29.8800  29.720   1189918.0
2015-06-05  29.5400  30.240   1005966.0
2015-06-08  30.1500  29.870    726429.0
2015-06-09  30.2800  29.560    982399.0
2015-06-10  30.1200  30.280    812414.0
2015-06-11  30.0500  29.010   1897705.0
2015-06-12  29.2100  28.470   1679223.0
2015-06-15  28.1000  28.250   1172227.0
2015-06-16  28.2100  28.350   1103552.0
2015-06-17  28.6700  28.100   1508379.0
2015-06-18  28.3000  27.440   2090391.0
2015-06-19  27.3100  27.030   2656993.0
2015-06-22  27.2500  27.440   1585927.0
2015-06-23  27.4600  27.400   1059247.0
2015-06-24  27.1900  26.980   1444125.0
2015-06-25  26.9500  26.260   1663884.0
2015-06-26  26.1700  26.890   1881324.0
2015-06-29  26.3200  25.820   1760287.0
2015-06-30  25.9500  25.810   2479661.0
2015-07-01  25.7300  25.340   2322781.0
2015-07-02  25.4600  25.450   1545893.0
2015-07-06  24.8500  24.840   2684324.0
2015-07-07  24.6900  25.200   2588113.0
2015-07-08  24.9200  24.700   2942620.0
2015-07-09  25.2300  25.130   2663192.0
2015-07-10  24.9000  24.320   2064106.0
2015-07-13  24.3800  24.960   1570638.0
2015-07-14  24.7600  25.250   2495793.0
2015-07-15  24.8800  23.990   1831051.0
2015-07-16  24.1500  24.390   2067501.0
2015-07-17  24.2200  23.150   2481131.0
2015-07-20  23.1100  22.790   2391527.0
2015-07-21  22.8500  22.840   1595858.0
2015-07-22  22.5700  21.970   2909734.0
2015-07-23  22.0700  22.330   2120257.0
2015-07-24  22.2200  21.410   2500835.0
2015-07-27  21.0100  21.490   2575336.0
2015-07-28  21.8200  22.260   2438909.0
2015-07-29  22.1100  23.050   2213687.0
2015-07-30  23.0000  22.310   2083607.0
2015-07-31  22.2900  21.950   3206339.0
2015-08-03  21.6900  21.220   3519548.0
2015-08-04  21.5000  21.170   2891512.0
2015-08-05  21.7100  20.950   3482321.0
2015-08-06  21.0400  22.320   3258078.0
2015-08-07  22.0700  22.000   2532867.0
2015-08-10  22.0600  23.900   3466314.0
2015-08-11  23.0600  23.480   2687790.0
2015-08-12  23.3400  24.000   2574309.0
2015-08-13  23.4000  23.150   2134639.0
2015-08-14  23.0500  22.100   2563753.0
2015-08-17  22.0200  22.350   2985392.0
2015-08-18  22.3900  22.610   2413297.0
2015-08-19  22.4300  22.310   3734624.0
2015-08-20  22.3000  21.810   3605343.0
2015-08-21  21.7700  21.570   3808081.0
2015-08-24  20.1950  21.090   3947609.0
2015-08-25  21.9500  21.500   3953349.0
2015-08-26  22.2300  21.720   4234871.0
2015-08-27  22.3500  23.030   3352214.0
2015-08-28  22.8100  24.290   3903749.0
2015-08-31  23.7900  23.710   7679526.0
2015-09-01  23.3200  22.710   4013850.0
2015-09-02  22.9200  22.220   3078676.0
2015-09-03  22.4300  22.900   2700612.0
2015-09-04  22.4000  21.990   1990681.0
2015-09-08  21.9500  22.450   1682721.0
2015-09-09  22.5500  22.230   2852914.0
2015-09-10  22.0900  22.480   2062526.0
2015-09-11  22.1200  21.990   2320704.0
2015-09-14  21.9100  22.090   2173601.0
2015-09-15  22.1000  22.320   2234862.0
2015-09-16  22.5500  22.980   4817150.0
2015-09-17  22.9500  22.280   3048853.0
2015-09-18  21.8000  20.180   5234513.0
2015-09-21  20.3300  20.100   2993251.0
2015-09-22  19.7700  20.010   2459294.0
2015-09-23  20.0200  19.700   2501026.0
2015-09-24  19.5200  19.350   4212662.0
2015-09-25  19.4500  18.340   4739916.0
2015-09-28  18.2200  17.390   3508458.0
2015-09-29  18.0200  17.800   3034415.0
2015-09-30  17.8800  17.300   4428674.0
2015-10-01  17.7000  16.810   3191137.0
2015-10-02  16.5600  18.190   5050795.0
2015-10-05  18.4000  18.620   5185901.0
2015-10-06  18.7500  19.410   4636530.0
2015-10-07  19.8700  19.950   3833202.0
2015-10-08  19.8000  20.170   1962234.0
2015-10-09  20.3300  20.320   2874545.0
2015-10-12  20.3000  19.770   1706938.0
2015-10-13  19.6000  19.390   1967149.0
2015-10-14  19.4400  19.560   1852462.0
2015-10-15  19.4100  19.870   2481397.0
2015-10-16  19.9500  20.320   3785553.0
2015-10-19  19.9100  20.040   2246467.0
2015-10-20  19.7200  20.540   2315283.0
2015-10-21  20.3200  20.390   2159583.0
2015-10-22  20.5900  20.460   2437837.0
2015-10-23  20.3900  20.510   2069477.0
2015-10-26  20.5400  19.660   1764286.0
2015-10-27  19.3700  19.320   2506494.0
2015-10-28  19.4900  19.910   2897649.0
2015-10-29  20.1700  19.520   2382243.0
2015-10-30  19.6500  19.880   3938766.0
2015-11-02  20.7600  22.100   7006319.0
2015-11-03  22.3700  23.500   7338694.0
2015-11-04  23.4100  23.040   4918804.0
2015-11-05  22.9600  23.210   4374721.0
2015-11-06  23.0100  23.180   2601135.0
2015-11-09  23.0800  23.160   2152835.0
2015-11-10  23.0000  22.490   2798607.0
2015-11-11  22.5300  21.940   2079242.0
2015-11-12  21.5300  21.270   2407269.0
2015-11-13  21.2100  21.630   1449969.0
2015-11-16  21.5400  21.990   1845598.0
2015-11-17  21.7600  21.770   2199943.0
2015-11-18  22.0300  22.370   2470786.0
2015-11-19  22.3800  21.880   1655582.0
2015-11-20  21.9600  22.040   2492499.0
2015-11-23  21.9800  22.390   1656892.0
2015-11-24  22.6700  23.250   2163953.0
2015-11-25  22.9000  23.220   1608646.0
2015-11-27  22.8500  22.380    692970.0
2015-11-30  22.9700  22.630   2632036.0
2015-12-01  22.5600  22.830   1830654.0
2015-12-02  22.4800  21.880   2432467.0
2015-12-03  22.1800  22.540   2861723.0
2015-12-04  22.0400  21.750   2271810.0
2015-12-07  20.9300  20.950   2715845.0
2015-12-08  20.4500  20.210   2948043.0
2015-12-09  20.4100  20.140   2090506.0
2015-12-10  19.9800  20.490   2371057.0
2015-12-11  20.1400  20.150   2437851.0
2015-12-14  20.3300  20.870   2699880.0
2015-12-15  21.1200  21.850   2759619.0
2015-12-16  21.7000  21.990   2242347.0
2015-12-17  21.8600  21.170   2141987.0
2015-12-18  21.0100  20.470   6224322.0
2015-12-21  20.4700  20.300   3947195.0
2015-12-22  20.3200  21.430   2256802.0
2015-12-23  22.0000  22.290   2148289.0
2015-12-24  22.2300  22.070    627444.0
2015-12-28  21.6600  21.040   1755797.0
2015-12-29  21.5300  21.130   1241756.0
2015-12-30  20.6500  20.850   1088556.0
2015-12-31  20.7300  21.100   1069256.0
2016-01-04  20.8500  21.850   2347380.0
2016-01-05  21.6600  20.800   2252278.0
2016-01-06  20.0900  18.980   3643688.0
2016-01-07  18.4800  18.410   3502688.0
2016-01-08  18.5400  18.330   2791818.0
2016-01-11  18.4500  18.170   3209907.0
2016-01-12  18.5600  17.940   2488330.0
2016-01-13  18.2100  17.510   4656440.0
2016-01-14  17.7800  18.170   3447129.0
2016-01-15  17.3900  16.910   3242290.0
2016-01-19  17.0800  16.140   2710917.0
2016-01-20  15.6500  15.550   6183985.0
2016-01-21  15.4100  16.080   2718765.0
2016-01-22  16.5400  16.530   3402994.0
2016-01-25  15.9600  15.900   2393755.0
2016-01-26  16.1500  16.980   2063278.0
2016-01-27  16.9600  17.050   2110616.0
2016-01-28  17.9400  17.860   2486050.0
2016-01-29  18.1300  18.590   2111570.0
2016-02-01  18.0500  18.360   2403955.0
2016-02-02  17.7700  17.420   4255563.0
2016-02-03  17.7100  17.900   2355124.0
2016-02-04  18.1200  19.020   2394348.0
2016-02-05  18.7300  18.850   3600443.0
2016-02-08  17.9300  19.140   3197555.0
2016-02-09  19.0900  17.370   3092499.0
2016-02-10  17.3000  16.680   1987142.0
2016-02-11  16.4100  17.230   2589733.0
2016-02-12  17.4700  16.920   2471375.0
2016-02-16  17.2400  17.350   1221274.0
2016-02-17  17.6400  18.700   2063331.0
2016-02-18  18.8500  19.050   2533408.0
2016-02-19  18.6500  19.620   3198122.0
2016-02-22  20.0000  20.620   2240758.0
2016-02-23  20.4100  19.760   2005656.0
2016-02-24  19.1100  19.390   1795924.0
2016-02-25  19.3500  19.260   2249562.0
2016-02-26  19.7200  20.080   2457582.0
2016-02-29  20.0900  20.010   2602101.0
2016-03-01  20.2400  20.620   2094618.0
2016-03-02  20.5000  21.170   1661552.0
2016-03-03  21.4400  22.740   2653223.0
2016-03-04  23.0500  23.710   6498737.0
2016-03-07  23.5200  23.080   4019889.0
2016-03-08  23.0000  21.640   3681630.0
2016-03-09  22.1100  21.330   2265949.0
2016-03-10  21.1000  21.830   2763749.0
2016-03-11  22.8300  22.790   3399978.0
2016-03-14  22.4600  22.130   4642898.0
2016-03-15  21.6600  22.250   3561493.0
2016-03-16  22.4700  22.990   2563415.0
2016-03-17  23.2700  24.090   2713023.0
2016-03-18  24.3700  23.620   3379337.0
2016-03-21  23.4400  23.300   2576595.0
2016-03-22  22.8000  23.150   3005460.0
2016-03-23  22.4700  21.900   4023401.0
2016-03-24  21.3100  21.960   3919844.0
2016-03-28  22.0000  22.600   2269978.0
2016-03-29  21.8200  21.460   3348160.0
2016-03-30  21.7600  21.380   2620680.0
2016-03-31  21.3700  21.730   2311591.0
2016-04-01  21.1700  20.970   2366138.0
2016-04-04  20.9800  20.990   2059495.0
2016-04-05  20.7600  20.960   2612795.0
2016-04-06  21.2100  21.020   2246008.0
2016-04-07  20.8800  20.280   3076741.0
2016-04-08  20.8500  21.130   1750342.0
2016-04-11  21.0800  21.260   1554282.0
2016-04-12  21.6300  22.250   2739966.0
2016-04-13  22.3000  22.550   1880669.0
2016-04-14  22.7200  22.270   1895068.0
2016-04-15  22.0900  22.130   2333944.0
2016-04-18  21.3900  22.350   1718319.0
2016-04-19  22.6300  23.760   2246108.0
2016-04-20  23.7100  23.880   1975625.0
2016-04-21  24.0000  23.200   1858034.0
2016-04-22  23.1800  23.900   1558449.0
2016-04-25  23.6300  23.140   1961324.0
2016-04-26  23.2500  23.650   1499394.0
2016-04-27  23.8900  24.630   2459674.0
2016-04-28  24.4900  24.290   2153992.0
2016-04-29  24.4900  24.260   3700472.0
2016-05-02  24.9700  24.540   4370145.0
2016-05-03  24.3400  23.900   2853623.0
2016-05-04  24.0000  23.610   2728962.0
2016-05-05  24.2500  23.670   2842728.0
2016-05-06  23.4000  24.800   2636992.0
2016-05-09  24.5200  23.200   1990489.0
2016-05-10  23.4400  23.600   1671079.0
2016-05-11  23.5100  23.980   2041869.0
2016-05-12  24.3200  24.180   2322051.0
2016-05-13  24.0700  23.500   1531322.0
2016-05-16  23.8000  23.880   1831157.0
2016-05-17  23.8200  24.390   1637001.0
2016-05-18  24.2900  23.550   1807410.0
2016-05-19  23.2500  23.570   1569533.0
2016-05-20  23.6100  24.180   1422803.0
2016-05-23  23.9300  23.750   2003290.0
2016-05-24  23.8700  24.190   1859979.0
2016-05-25  24.3100  25.450   2309782.0
2016-05-26  25.7600  25.300   2187255.0
2016-05-27  25.1500  25.120   2126198.0
2016-05-31  25.5100  25.820   2401603.0
2016-06-01  25.2900  25.310   2071639.0
2016-06-02  24.9700  24.300   2715399.0
2016-06-03  24.3700  23.880   2476894.0
2016-06-06  24.0800  25.580   2107496.0
2016-06-07  25.5900  26.040   2349684.0
2016-06-08  26.3600  25.590   2172274.0
2016-06-09  25.1100  25.480   2488469.0
2016-06-10  25.1100  24.320   1673756.0
2016-06-13  24.1300  24.280   1901112.0
2016-06-14  24.0700  24.680   2016555.0
2016-06-15  24.4500  24.560   2141677.0
2016-06-16  24.2500  23.840   2063433.0
2016-06-17  24.1700  24.750   1752226.0
2016-06-20  25.1100  24.540   1973244.0
2016-06-21  24.5000  25.200   1451446.0
2016-06-22  25.4000  25.520   1828926.0
2016-06-23  25.7600  25.860   2045044.0
2016-06-24  24.3000  24.600   2600478.0
2016-06-27  24.0100  23.430   2037301.0
2016-06-28  24.0700  23.980   1914039.0
2016-06-29  24.3300  24.270   2361110.0
2016-06-30  24.1500  24.330   1666568.0
2016-07-01  24.1400  25.420   2255692.0
2016-07-05  24.5200  24.570   2936791.0
2016-07-06  24.3100  24.140   3219562.0
2016-07-07  24.4100  24.020   2122965.0
2016-07-08  24.3100  24.500   1486262.0
2016-07-11  24.6000  24.410   1510908.0
2016-07-12  25.0000  26.110   2490270.0
2016-07-13  26.0700  25.040   3286693.0
2016-07-14  25.3400  25.810   3241862.0
2016-07-15  26.0500  25.840   2060723.0
2016-07-18  25.6400  25.270   1863121.0
2016-07-19  25.1200  24.320   2373370.0
2016-07-20  24.0700  24.190   2070823.0
2016-07-21  24.1100  23.900   1955881.0
2016-07-22  24.0200  23.520   1778016.0
2016-07-25  23.2800  23.030   2013613.0
2016-07-26  22.9000  22.660   2571245.0
2016-07-27  22.7300  21.950   2916142.0
2016-07-28  21.9200  21.790   1965475.0
2016-07-29  21.5500  22.720   3861959.0
2016-08-01  22.7700  20.980   5935384.0
2016-08-02  21.4400  20.780   4142797.0
2016-08-03  20.7800  21.230   2929434.0
2016-08-04  21.2400  21.360   2988060.0
2016-08-05  21.3700  21.460   2262674.0
2016-08-08  21.7300  22.060   2525716.0
2016-08-09  22.1600  21.420   2190754.0
2016-08-10  21.5300  20.630   2482084.0
2016-08-11  20.7300  20.750   2288196.0
2016-08-12  20.8500  20.160   2605801.0
2016-08-15  20.2400  20.600   1977561.0
2016-08-16  20.6500  20.220   1681585.0
2016-08-17  20.0600  19.780   2767084.0
2016-08-18  19.8700  20.310   1458821.0
2016-08-19  20.1400  19.790   1329467.0
2016-08-22  19.4900  19.280   1613082.0
2016-08-23  19.2300  19.340   1247892.0
2016-08-24  19.1400  18.900   1897247.0
2016-08-25  19.0100  18.860   1076841.0
2016-08-26  18.8800  18.800   1419804.0
2016-08-29  18.6200  18.780   1353132.0
2016-08-30  18.8800  18.560   1819611.0
2016-08-31  18.4500  18.470   1693615.0
2016-09-01  18.0300  16.510   5963647.0
2016-09-02  16.5700  16.280   2920367.0
2016-09-06  16.3800  16.400   3175580.0
2016-09-07  16.4200  15.970   4654639.0
2016-09-08  16.0600  17.400   6927394.0
2016-09-09  16.9900  15.600   5059350.0
2016-09-12  15.4200  15.790   3130141.0
2016-09-13  15.6900  15.160   4731920.0
2016-09-14  15.0400  14.800   6513915.0
2016-09-15  14.8500  15.620   4626457.0
2016-09-16  15.3400  15.320   7617362.0
2016-09-19  15.4700  14.940   2945843.0
2016-09-20  14.9500  15.260   3632868.0
2016-09-21  14.8900  15.800   3964916.0
2016-09-22  16.1100  16.230   3389460.0
2016-09-23  16.0900  15.630   3775275.0
2016-09-26  15.7100  16.060   3120374.0
2016-09-27  15.8200  16.010   3023393.0
2016-09-28  16.0100  17.180   6452523.0
2016-09-29  17.3000  17.820   6299357.0
2016-09-30  17.9500  17.610  26040633.0
2016-10-03  17.6300  17.400   5471264.0
2016-10-04  17.5300  16.600   4349855.0
2016-10-05  16.9800  16.850   4632523.0
2016-10-06  16.9600  16.760   3154590.0
2016-10-07  16.7900  17.080   3732041.0
2016-10-10  17.3200  17.620   3178966.0
2016-10-11  17.4700  17.490   4001584.0
2016-10-12  17.3800  17.440   2485535.0
2016-10-13  17.2100  17.140   2599604.0
2016-10-14  17.1600  17.160   2231489.0
2016-10-17  17.4100  17.430   2519923.0
2016-10-18  17.5700  16.970   2571831.0
2016-10-19  17.2100  17.790   2939349.0
2016-10-20  17.5800  17.900   2260124.0
2016-10-21  17.7700  17.400   2500324.0
2016-10-24  17.5000  17.160   1837039.0
2016-10-25  17.0700  16.980   2236316.0
2016-10-26  16.8000  17.400   2732352.0
2016-10-27  17.5800  17.360   3572856.0
2016-10-28  17.2500  17.160   3834582.0
2016-10-31  17.0600  16.490   5358448.0
2016-11-01  17.0000  16.710   5060318.0
2016-11-02  16.5500  16.480   3842217.0
2016-11-03  16.6400  16.770   2377507.0
2016-11-04  16.6600  15.720   3227749.0
2016-11-07  16.0400  15.420   3758429.0
2016-11-08  15.4100  15.500   3438860.0
2016-11-09  15.4200  16.200   4359592.0
2016-11-10  16.1200  16.540   3337693.0
2016-11-11  16.2700  15.660   3455552.0
2016-11-14  15.5700  16.360   2741059.0
2016-11-15  16.5700  16.620   3484290.0
2016-11-16  16.5500  16.780   2493324.0
2016-11-17  17.0900  16.810   1486156.0
2016-11-18  16.9400  16.810   1982304.0
2016-11-21  17.3000  16.910   2206141.0
2016-11-22  17.0000  17.030   2257347.0
2016-11-23  16.9300  17.380   1546406.0
2016-11-25  17.2200  16.870   1110255.0
2016-11-28  17.0000  16.840   1925306.0
2016-11-29  16.4200  15.710   3388712.0
2016-11-30  17.2300  18.060   5059124.0
2016-12-01  18.8900  19.310   5525839.0
2016-12-02  19.1700  18.930   2995197.0
2016-12-05  19.2700  19.210   2991501.0
2016-12-06  18.8700  19.170   3044182.0
2016-12-07  19.0300  18.770   3165676.0
2016-12-08  18.8700  19.370   2142605.0
2016-12-09  19.5200  21.080   5187189.0
2016-12-12  21.9700  20.850   4597803.0
2016-12-13  21.3000  20.380   2894416.0
2016-12-14  20.1000  19.400   3226533.0
2016-12-15  19.3400  19.350   1804088.0
2016-12-16  19.4300  19.180   2976192.0
2016-12-19  19.1400  19.220   2235915.0
2016-12-20  19.4700  19.330   1554450.0
2016-12-21  19.5800  19.190   1777821.0
2016-12-22  19.0600  18.660   1674414.0
2016-12-23  18.5600  18.450   1176381.0
2016-12-27  18.5600  18.530   2023463.0
2016-12-28  18.5500  17.850   1689153.0
2016-12-29  17.8000  17.880   1550887.0
2016-12-30  17.9200  17.700   1443680.0
2017-01-03  18.0700  18.150   2903584.0
2017-01-04  18.2800  18.450   3327098.0
2017-01-05  18.6600  18.990   3465348.0
2017-01-06  19.0700  19.190   2026954.0
2017-01-09  19.1300  19.180   2163472.0
2017-01-10  19.3000  18.890   2589729.0
2017-01-11  19.0400  19.470   2083010.0
2017-01-12  19.7300  19.490   1943043.0
2017-01-13  19.3600  18.660   2011099.0
2017-01-17  18.8600  18.680   2384510.0
2017-01-18  18.3900  18.260   2697689.0
2017-01-19  18.3400  17.960   1910455.0
2017-01-20  18.2700  18.140   1878039.0
2017-01-23  17.9300  17.510   2548261.0
2017-01-24  17.6500  17.720   1736269.0
2017-01-25  17.7200  18.180   1863563.0
2017-01-26  18.2400  17.820   1360515.0
2017-01-27  17.6500  17.290   1705496.0
2017-01-30  16.8800  16.160   4080972.0
2017-01-31  16.0900  16.380   3144073.0
2017-02-01  16.4600  16.380   3220497.0
2017-02-02  16.5200  16.230   3051383.0
2017-02-03  16.3900  17.060   4920344.0
2017-02-06  17.7500  16.250   7719746.0
2017-02-07  16.0600  16.320   5621649.0
2017-02-08  16.1800  16.640   3889653.0
2017-02-09  16.8000  16.670   3312620.0
2017-02-10  16.9300  17.380   3197788.0
2017-02-13  17.3500  17.730   3434209.0
2017-02-14  17.8600  18.240   3655792.0
2017-02-15  18.0500  17.630   3034223.0
2017-02-16  17.7400  17.410   2105792.0
2017-02-17  17.2200  16.990   2499368.0
2017-02-21  17.2500  17.360   2432484.0
2017-02-22  17.1400  16.780   2907170.0
2017-02-23  17.2700  17.490   3414135.0
2017-02-24  17.2000  16.910   2772785.0
2017-02-27  16.9800  17.340   2652034.0
2017-02-28  17.1800  16.840   3531902.0
2017-03-01  17.0600  17.300   3164971.0
2017-03-02  17.1600  17.140   1903683.0
2017-03-03  17.1100  16.630   3204724.0
2017-03-06  16.5700  16.320   2126044.0
2017-03-07  16.4700  15.890   2191837.0
2017-03-08  15.7800  15.250   4199927.0
2017-03-09  15.0400  15.230   5132163.0
2017-03-10  15.4200  15.190   3147140.0
2017-03-13  15.1300  15.170   2742294.0
2017-03-14  14.9000  14.700   4010917.0
2017-03-15  14.9300  15.380   3559924.0
2017-03-16  16.0200  15.560   4853897.0
2017-03-17  15.6700  15.570   3217843.0
2017-03-20  15.4000  15.400   3580247.0
2017-03-21  15.4900  15.590   2901166.0
2017-03-22  15.4200  15.690   3135654.0
2017-03-23  15.5500  15.630   2229710.0
2017-03-24  15.6700  15.710   2237900.0
2017-03-27  15.5000  15.540   3254077.0
2017-03-28  15.6500  16.060   1886915.0
2017-03-29  16.0000  16.330   2370815.0
2017-03-30  16.5000  16.540   3148291.0
2017-03-31  16.3900  16.710   1981326.0
2017-04-03  16.7000  16.300   2192696.0
2017-04-04  16.3100  16.280   1792002.0
2017-04-05  16.6200  16.060   3328293.0
2017-04-06  16.1200  16.310   2282676.0
2017-04-07  16.3300  15.790   1969969.0
2017-04-10  15.9500  16.270   2163547.0
2017-04-11  16.3800  16.230   1454661.0
2017-04-12  16.1500  15.630   1835848.0
2017-04-13  15.6200  15.230   2103859.0
2017-04-17  15.2000  15.280   1533032.0
2017-04-18  15.1200  14.860   3386688.0
2017-04-19  14.8400  14.870   4079057.0
2017-04-20  14.9100  14.900   2347146.0
2017-04-21  14.7200  14.840   2071352.0
2017-04-24  15.0400  14.750   2901820.0
2017-04-25  14.7800  14.965   1977035.0
2017-04-26  14.8500  15.020   1778094.0
2017-04-27  14.7300  14.490   3247579.0
2017-04-28  14.6700  14.420   3388558.0
2017-05-01  14.3800  14.000   4004791.0
2017-05-02  13.9600  13.520   3284607.0
2017-05-03  13.5000  13.810   3716502.0
2017-05-04  13.5600  13.350   4790066.0
2017-05-05  13.3900  14.970   6396111.0
2017-05-08  14.8800  14.690   3673298.0
2017-05-09  14.7200  14.690   2766077.0
2017-05-10  14.9300  15.060   2713649.0
2017-05-11  15.2700  14.950   2627413.0
2017-05-12  14.9200  14.290   3263832.0
2017-05-15  14.7900  14.050   2923275.0
2017-05-16  14.2300  13.850   2407399.0
2017-05-17  13.6700  13.310   2381602.0
2017-05-18  13.1400  13.270   3124192.0
2017-05-19  13.3800  13.430   3113119.0
2017-05-22  13.5900  13.640   2023143.0
2017-05-23  13.6500  13.420   2270239.0
2017-05-24  13.4200  13.250   2768341.0
2017-05-25  13.1500  12.290   7511351.0
2017-05-26  12.3300  12.150   4261592.0
2017-05-30  12.2600  11.570   4801562.0
2017-05-31  11.3500  11.550   5786157.0
2017-06-01  11.6000  11.870   3817599.0
2017-06-02  11.6700  11.530   3655855.0
2017-06-05  11.5000  11.680   3039782.0
2017-06-06  11.6100  11.860   3301531.0
2017-06-07  11.7800  10.910   4748944.0
2017-06-08  10.8200  10.960   3019534.0
2017-06-09  10.9900  11.360   3508223.0
2017-06-12  11.5800  11.990   5065768.0
2017-06-13  11.9800  12.090   3080820.0
2017-06-14  11.9900  11.420   4187384.0
2017-06-15  11.2500  11.540   2453160.0
2017-06-16  11.6700  11.700   2574965.0
2017-06-19  11.7000  11.490   3394043.0
2017-06-20  11.2500  11.020   4946571.0
2017-06-21  10.8900  10.280   4613492.0
2017-06-22  10.3300  10.260   3343870.0
2017-06-23  10.3100  10.340   9155513.0
2017-06-26  10.3800  10.530   3312199.0
2017-06-27  10.6000  10.570   2812557.0
2017-06-28  10.5800  10.740   3202870.0
2017-06-29  10.8400  11.130   2587286.0
2017-06-30  11.0300  10.830   2204507.0
2017-07-03  10.8800  11.470   1841100.0
2017-07-05  11.2900  10.930   2574749.0
2017-07-06  11.0500  10.550   5471817.0
2017-07-07  10.4900  10.220   2561347.0
2017-07-10  10.1300  10.610   3330670.0
2017-07-11  10.6000  10.830   1924458.0
2017-07-12  11.1000  10.700   2749100.0
2017-07-13  10.7000  11.070   1708675.0
2017-07-14  11.1000  11.300   1984632.0
2017-07-17  11.2800  11.430   2134332.0
2017-07-18  11.6100  11.620   1927461.0
2017-07-19  11.5600  12.280   3176655.0
2017-07-20  12.3900  11.840   2093219.0
2017-07-21  11.9000  11.550   2846979.0
2017-07-24  11.6500  11.700   1879348.0
2017-07-25  11.9200  12.110   2134511.0
2017-07-26  12.2800  11.810   2103633.0
2017-07-27  11.8000  12.000   2481082.0
2017-07-28  11.9500  12.000   3404530.0
2017-07-31  12.2500  12.420   4703167.0
2017-08-01  12.4400  12.040   5231246.0
2017-08-02  11.9000  12.090   3420438.0
2017-08-03  12.1100  12.570   4113966.0
2017-08-04  12.5800  12.430   2535357.0
2017-08-07  12.3600  12.200   2118802.0
2017-08-08  12.1100  11.980   2603576.0
2017-08-09  12.0300  11.430   3341003.0
2017-08-10  11.5000  11.150   2787366.0
2017-08-11  11.1000  11.380   3066430.0
2017-08-14  11.3600  11.260   2451633.0
2017-08-15  11.2000  10.890   4918319.0
2017-08-16  10.9100  10.480   3956087.0
2017-08-17  10.3700  10.380   2658595.0
2017-08-18  10.4400  10.610   2514631.0
2017-08-21  10.6300  10.340   2518187.0
2017-08-22  10.4100  10.560   1948296.0
2017-08-23  10.4300  10.890   3414072.0
2017-08-24  10.8000  11.130   2509990.0
2017-08-25  11.2200  11.380   2478014.0
2017-08-28  11.3700  11.410   1977256.0
2017-08-29  11.2500  11.580   2475129.0
2017-08-30  11.5500  11.430   1533270.0
2017-08-31  11.4700  11.360   1841383.0
2017-09-01  11.4100  12.070   2460020.0
2017-09-05  12.2500  12.550   2731026.0
2017-09-06  12.6400  12.800   3157493.0
2017-09-07  12.8000  12.790   2215353.0
2017-09-08  12.7200  12.680   2464968.0
2017-09-11  12.6900  12.890   1594365.0
2017-09-12  12.9100  13.380   3864662.0
2017-09-13  13.4300  13.630   5295304.0
2017-09-14  13.7900  13.350   2987674.0
2017-09-15  13.3900  13.240   3822245.0
2017-09-18  13.2100  13.330   2221049.0
2017-09-19  13.3800  13.270   2586548.0
2017-09-20  13.3400  13.820   2092020.0
2017-09-21  13.7700  13.090   4605119.0
2017-09-22  13.0200  13.270   3162364.0
2017-09-25  13.9900  14.470   4716091.0
2017-09-26  14.4400  14.850   3120420.0
2017-09-27  14.8900  14.680   2728498.0
2017-09-28  14.6600  14.310   3236185.0
2017-09-29  14.3500  14.500   2081339.0
2017-10-02  14.2200  14.330   2351665.0
2017-10-03  14.2400  14.310   2152875.0
2017-10-04  14.2700  14.480   1800649.0
2017-10-05  14.5100  14.880   2115109.0
2017-10-06  14.6400  14.840   2538968.0
2017-10-09  14.7200  14.860   1923759.0
2017-10-10  15.1900  15.140   4633344.0
2017-10-11  15.1000  15.000   2304433.0
2017-10-12  14.3400  14.470   2983051.0
2017-10-13  14.6500  15.090   2580900.0
2017-10-16  15.2600  15.450   2106779.0
2017-10-17  15.5100  15.260   2418485.0
2017-10-18  15.2300  14.980   2745620.0
2017-10-19  14.7000  15.340   2390950.0
2017-10-20  15.4300  15.280   2451453.0
2017-10-23  15.3000  15.110   2538332.0
2017-10-24  15.2900  15.580   1865784.0
2017-10-25  15.5500  15.570   2297316.0
2017-10-26  15.6800  15.760   2561833.0
2017-10-27  15.6700  15.810   3216134.0
2017-10-30  15.9800  17.310   4914900.0
2017-10-31  17.2500  16.730   4255422.0
2017-11-01  17.2000  16.740   3605164.0
2017-11-02  16.6700  16.390   3463848.0
2017-11-03  16.4800  16.430   2353925.0
2017-11-06  16.6000  16.880   2616787.0
2017-11-07  16.8700  16.710   2023900.0
2017-11-09  17.1500  17.540   1910989.0
2017-11-10  17.5200  17.380   1669131.0
2017-11-13  17.3000  16.620   1673226.0
2017-11-14  16.3400  15.790   2019417.0
2017-11-15  15.5500  15.820   3390205.0
2017-11-16  15.7500  15.760   1170141.0
2017-11-17  15.8400  16.060   1452194.0
2017-11-20  15.9300  16.160   1024097.0
2017-11-21  16.1700  16.080   3505053.0
2017-11-22  16.2600  16.100   1555123.0
2017-11-24  16.2500  15.960    667457.0
2017-11-27  15.7600  15.710   1741978.0
2017-11-28  15.6000  15.690   1598370.0
2017-11-29  15.6400  15.550   2011158.0
2017-11-30  15.5500  16.040   2400125.0
2017-12-01  16.3000  16.680   2206606.0
2017-12-04  16.5800  16.640   1452473.0
2017-12-05  16.5700  16.700   1551862.0
2017-12-06  16.4500  16.110   2283703.0
2017-12-07  16.0800  16.180   1165341.0
2017-12-08  16.3600  16.430   1012256.0
2017-12-11  16.4800  16.740    868194.0
2017-12-12  16.9400  17.070   1508115.0
2017-12-13  17.0600  16.830   1040868.0
2017-12-14  16.6700  16.630   1767740.0
2017-12-15  16.7250  16.570   2641155.0
2017-12-18  16.9200  16.970   1526325.0
2017-12-19  17.1300  17.230   1107084.0
2017-12-20  17.2450  17.620   1336882.0
2017-12-21  17.6000  18.350   1696178.0
2017-12-22  18.3300  18.600   1441812.0
2017-12-26  18.7100  18.940   1089061.0
2017-12-27  18.9600  18.710    959769.0
2017-12-28  18.8200  18.460   1086892.0
2017-12-29  18.4800  18.590    814230.0
2018-01-02  18.7000  19.310   1197599.0
2018-01-03  19.3900  19.770   1572527.0
2018-01-04  19.4600  19.480   2315827.0
2018-01-05  19.2500  19.050   1285137.0
2018-01-08  18.9200  19.840   1775419.0
2018-01-09  19.8800  19.680    819603.0
2018-01-10  19.8300  19.700    901763.0
2018-01-11  19.5400  19.960   1936458.0
2018-01-12  20.0000  20.130   1202192.0
2018-01-16  20.1300  19.270   1277483.0
2018-01-17  19.2500  19.760   1786798.0
2018-01-18  19.3400  19.270   1009208.0
2018-01-19  19.1100  19.630   1381883.0
2018-01-22  19.6800  19.920   1692068.0
2018-01-23  19.5800  19.750   2027498.0
2018-01-24  19.8000  19.000   1518392.0
2018-01-25  19.2400  19.240   1459386.0
2018-01-26  19.3000  19.060   1258665.0
2018-01-29  18.9300  18.220   1546704.0
2018-01-30  18.0000  17.780   1288080.0
2018-01-31  17.7900  17.680   1119510.0
2018-02-01  17.6900  18.020   1411048.0
2018-02-02  17.7600  16.810   1972564.0
2018-02-05  16.5300  16.070   1654654.0
2018-02-06  15.6500  16.370   2612090.0
2018-02-07  16.3500  15.570   1716567.0
2018-02-08  15.6700  14.920   1937784.0
2018-02-09  14.8500  14.890   3707894.0
2018-02-12  15.0000  15.140   5180443.0
2018-02-13  15.0000  14.090   2919753.0
2018-02-14  14.0000  14.210   3684196.0
2018-02-15  14.2700  13.830   2828580.0
2018-02-16  13.7400  13.740   1858280.0
2018-02-20  13.8100  13.910   1823930.0
2018-02-21  13.9500  13.960   1648852.0
2018-02-22  14.1900  14.610   1832096.0
2018-02-23  14.7500  15.350   2151894.0
2018-02-26  15.4400  15.530   1986259.0
2018-02-27  15.5700  15.380   1837939.0
2018-02-28  15.4600  14.500   2495231.0
2018-03-01  14.4200  14.480   1743983.0
2018-03-02  14.3100  14.680   1469033.0
2018-03-05  14.5000  15.090   1496995.0
2018-03-06  15.1700  14.910   1019187.0
2018-03-07  14.7500  14.540   1421633.0
2018-03-08  14.5800  14.700   1422110.0
2018-03-09  14.8900  15.210   1075642.0
2018-03-12  15.2000  15.230   1141756.0
2018-03-13  15.2500  14.980    943303.0
2018-03-14  15.0800  15.180    799841.0
2018-03-15  15.2600  14.910   1572421.0
2018-03-16  14.8700  15.450   2287253.0
2018-03-19  15.3100  14.860   1538008.0
2018-03-20  14.9800  14.870   1457041.0
2018-03-21  15.0000  16.130   2359974.0
2018-03-22  15.8700  15.490   1909001.0
2018-03-23  15.6100  15.540   1911829.0
2018-03-26  15.8100  15.360   1488636.0
2018-03-27  15.4900  14.700   1607352.0