date    open   close      volume
                                     
2014-10-06  54.480  53.550   9324858.0
2014-10-07  53.220  52.970   9623750.0
2014-10-08  53.280  54.510  15358073.0
2014-10-09  54.170  52.860   8950968.0
2014-10-10  52.800  51.860   9137664.0
2014-10-13  51.560  50.460   9653865.0
2014-10-14  50.940  50.590  12413168.0
2014-10-15  50.060  50.240  16801878.0
2014-10-16  48.490  47.880  38143067.0
2014-10-17  48.240  47.950  13942289.0
2014-10-20  48.040  49.200  12497958.0
2014-10-21  49.650  50.860  13959668.0
2014-10-22  51.200  50.130  13560023.0
2014-10-23  50.610  50.790  10796739.0
2014-10-24  50.790  51.120   6387547.0
2014-10-27  51.100  51.190   6958978.0
2014-10-28  51.350  51.200   8105496.0
2014-10-29  50.790  51.330   7322929.0
2014-10-30  51.050  51.550   6923229.0
2014-10-31  52.680  52.500   8298342.0
2014-11-03  52.320  52.700   6992024.0
2014-11-04  52.560  53.270   7728188.0
2014-11-05  53.470  53.585  10761815.0
2014-11-06  53.620  53.260   5893444.0
2014-11-07  53.350  53.515   5415114.0
2014-11-10  53.470  53.890   5283401.0
2014-11-11  54.165  54.190   7115603.0
2014-11-12  53.810  54.060   6058931.0
2014-11-13  54.060  54.370   7812935.0
2014-11-14  54.270  54.360   4972613.0
2014-11-17  54.370  54.825   7774997.0
2014-11-18  54.810  55.380   6966172.0
2014-11-19  55.330  54.940   6721477.0
2014-11-20  54.510  54.540   5554176.0
2014-11-21  54.750  54.420   8440095.0
2014-11-24  54.680  54.390   6067132.0
2014-11-25  54.230  54.400   6641428.0
2014-11-26  54.560  54.570   3989747.0
2014-11-28  54.900  54.880   2969639.0
2014-12-01  54.760  54.870   6841985.0
2014-12-02  54.860  55.020   5988304.0
2014-12-03  55.030  54.810   5386547.0
2014-12-04  54.630  54.670   5702524.0
2014-12-05  54.890  54.810   5589603.0
2014-12-08  55.350  55.150  13228519.0
2014-12-09  54.590  55.400  11047920.0
2014-12-10  55.020  55.270  16424616.0
2014-12-11  55.410  56.785  23744264.0
2014-12-12  56.170  55.770   9516022.0
2014-12-15  55.860  55.440   7465489.0
2014-12-16  55.380  55.940  15189677.0
2014-12-17  55.960  56.405  10527694.0
2014-12-18  57.010  57.530   9036555.0
2014-12-19  57.500  57.140  15783975.0
2014-12-22  57.470  57.330  13453337.0
2014-12-23  57.730  57.225   5688101.0
2014-12-24  57.430  57.100   1761434.0
2014-12-26  57.340  57.040   2864865.0
2014-12-29  57.140  57.030   3575355.0
2014-12-30  56.860  57.215   4398456.0
2014-12-31  57.060  56.120   5917734.0
2015-01-02  56.380  56.210   5901204.0
2015-01-05  55.850  55.735   7447007.0
2015-01-06  55.800  55.020   9649307.0
2015-01-07  55.180  54.925   9251549.0
2015-01-08  55.310  56.410  10238405.0
2015-01-09  56.320  55.630   6589066.0
2015-01-12  55.660  55.200   4541996.0
2015-01-13  55.820  55.130   6468381.0
2015-01-14  54.370  54.030  10080944.0
2015-01-15  54.170  53.015  11705090.0
2015-01-16  52.930  53.660   9823604.0
2015-01-20  53.900  53.680   8338938.0
2015-01-21  53.410  53.380  15990768.0
2015-01-22  55.180  57.145  29893308.0
2015-01-23  56.990  56.760  13389664.0
2015-01-26  56.370  56.060  10291011.0
2015-01-27  55.520  54.690   9527389.0
2015-01-28  55.050  53.840   8592907.0
2015-01-29  53.750  53.960   6348775.0
2015-01-30  53.850  53.000  10509343.0
2015-02-02  53.110  53.710   7796712.0
2015-02-03  53.910  54.250   7400601.0
2015-02-04  54.090  53.710   6839873.0
2015-02-05  53.850  54.290   6174963.0
2015-02-06  54.200  54.500   7999432.0
2015-02-09  54.010  54.330   4297064.0
2015-02-10  54.440  55.270  10928457.0
2015-02-11  55.420  55.140   6225366.0
2015-02-12  55.640  54.735   8954466.0
2015-02-13  55.020  56.470  10285359.0
2015-02-17  56.170  56.415   7448365.0
2015-02-18  56.390  56.900   5919456.0
2015-02-19  56.970  57.650   7792235.0
2015-02-20  57.670  58.020   7009697.0
2015-02-23  57.840  58.070   8120259.0
2015-02-24  58.070  58.400   5041831.0
2015-02-25  58.540  58.350   7677679.0
2015-02-26  58.230  58.540   5710837.0
2015-02-27  58.680  57.910   6269539.0
2015-03-02  57.550  58.380   6490791.0
2015-03-03  58.360  58.255   4903877.0
2015-03-04  57.860  58.310   5791024.0
2015-03-05  58.280  59.080   6883186.0
2015-03-06  59.100  59.870  13804831.0
2015-03-09  59.870  60.805  13773801.0
2015-03-10  60.050  59.210  15744620.0
2015-03-11  59.330  59.675  10799886.0
2015-03-12  60.060  59.410   7425117.0
2015-03-13  60.040  59.070   7867000.0
2015-03-16  59.520  59.570   6324198.0
2015-03-17  59.550  59.490   6890952.0
2015-03-18  59.360  58.425  15651946.0
2015-03-19  56.810  57.875  13573341.0
2015-03-20  58.210  57.930  21583903.0
2015-03-23  57.920  58.620   7417456.0
2015-03-24  58.330  59.510  12523271.0
2015-03-25  59.620  58.060  10582492.0
2015-03-26  57.560  57.515   6548290.0
2015-03-27  57.350  57.630   6067264.0
2015-03-30  57.750  57.925   4763142.0
2015-03-31  57.700  57.680   4857859.0
2015-04-01  57.330  57.130   4939188.0
2015-04-02  57.050  56.910   3544472.0
2015-04-06  55.500  56.820   6189483.0
2015-04-07  57.100  57.080   6840026.0
2015-04-08  57.190  57.110   6875780.0
2015-04-09  57.110  57.010   4869947.0
2015-04-10  57.420  57.340   5094550.0
2015-04-13  57.160  56.940   7020801.0
2015-04-14  56.790  56.950   5073378.0
2015-04-15  56.980  57.015   5178383.0
2015-04-16  56.990  57.035   4415096.0
2015-04-17  56.330  55.790   8919539.0
2015-04-20  55.990  56.070   8691242.0
2015-04-21  56.490  56.415   7438615.0
2015-04-22  56.380  56.750  11053409.0
2015-04-23  59.410  58.890  15701968.0
2015-04-24  59.100  59.200   8691674.0
2015-04-27  59.050  59.090   6904765.0
2015-04-28  58.960  59.480   9443758.0
2015-04-29  59.110  58.880   7271861.0
2015-04-30  58.570  58.260   6285909.0
2015-05-01  58.260  59.295   6853228.0
2015-05-04  59.140  59.110   4129966.0
2015-05-05  58.770  57.935   7878534.0
2015-05-06  57.810  57.490   7014481.0
2015-05-07  57.490  57.960   6625880.0
2015-05-08  58.630  58.820   4820281.0
2015-05-11  58.850  58.340   4560702.0
2015-05-12  57.840  58.300   4561443.0
2015-05-13  58.540  58.810   6374419.0
2015-05-14  59.230  60.100   6108793.0
2015-05-15  60.150  59.410   6181902.0
2015-05-18  59.220  59.460   3936919.0
2015-05-19  59.650  59.250   2942182.0
2015-05-20  59.470  59.150   4903396.0
2015-05-21  59.000  59.740   5144056.0
2015-05-22  59.730  59.720   4542518.0
2015-05-26  60.030  58.725   6309692.0
2015-05-27  58.860  59.380   4278374.0
2015-05-28  59.230  60.560   8989419.0
2015-05-29  60.650  61.360  14680840.0
2015-06-01  61.550  62.560  14098761.0
2015-06-02  62.100  62.000   7093853.0
2015-06-03  62.370  62.010   7914080.0
2015-06-04  61.770  62.490   7723297.0
2015-06-05  62.490  63.230  10098378.0
2015-06-08  62.520  60.850  12336740.0
2015-06-09  60.730  60.410   9551836.0
2015-06-10  60.560  60.470   8881398.0
2015-06-11  60.700  60.450   7099050.0
2015-06-12  60.320  60.020   6916768.0
2015-06-15  59.630  60.000   8105709.0
2015-06-16  59.890  60.520   9411739.0
2015-06-17  60.500  60.550   4559240.0
2015-06-18  60.650  60.690   6987746.0
2015-06-19  60.790  61.170  10540069.0
2015-06-22  61.590  61.750   5167298.0
2015-06-23  61.760  61.930   5533347.0
2015-06-24  62.110  61.610   8430037.0
2015-06-25  61.680  61.595   6005391.0
2015-06-26  61.600  61.035   6690678.0
2015-06-29  60.660  59.370   7653575.0
2015-06-30  60.050  60.240   8664750.0
2015-07-01  60.990  60.425   8249936.0
2015-07-02  61.050  61.850  16497061.0
2015-07-06  61.455  61.755  16172395.0
2015-07-07  62.670  61.980  21087689.0
2015-07-08  61.520  60.990  14301982.0
2015-07-09  61.910  61.770   9137997.0
2015-07-10  62.350  62.370   8502124.0
2015-07-13  62.420  63.470  14748519.0
2015-07-14  63.380  63.590  10984862.0
2015-07-15  63.730  63.440  12970669.0
2015-07-16  65.300  65.590  31025297.0
2015-07-17  66.040  66.290  26169406.0
2015-07-20  26.890  28.570  37485739.0
2015-07-21  28.150  28.600  44336320.0
2015-07-22  28.230  28.450  33660993.0
2015-07-23  28.250  28.430  40433467.0
2015-07-24  28.830  28.230  16134405.0
2015-07-27  28.020  28.000  15915438.0
2015-07-28  28.070  28.330  33249991.0
2015-07-29  28.390  28.750  13841286.0
2015-07-30  28.630  28.370  11812890.0
2015-07-31  28.470  28.120  11864133.0
2015-08-03  28.090  28.330  16138710.0
2015-08-04  28.160  28.410   9727317.0
2015-08-05  28.430  28.560  10346225.0
2015-08-06  28.580  28.160   9167568.0
2015-08-07  28.190  28.550  12680073.0
2015-08-10  28.610  28.660   7176839.0
2015-08-11  28.300  28.140   9935700.0
2015-08-12  27.520  28.010  11164987.0
2015-08-13  27.980  27.990   7423038.0
2015-08-14  27.940  28.260   7262779.0
2015-08-17  28.120  28.290   9457946.0
2015-08-18  28.430  27.770  10865002.0
2015-08-19  27.460  27.430  11332923.0
2015-08-20  27.210  26.520  15819519.0
2015-08-21  26.330  25.770  19527744.0
2015-08-24  23.870  24.930  23085797.0
2015-08-25  25.370  25.230  22650351.0
2015-08-26  25.910  26.170  16808996.0
2015-08-27  26.510  27.100  18148477.0
2015-08-28  26.980  27.250  11313447.0
2015-08-31  27.080  27.110  11635758.0
2015-09-01  26.570  26.480  15491939.0
2015-09-02  26.860  26.870  10907649.0
2015-09-03  27.360  27.040  12281618.0
2015-09-04  26.570  26.480   9066895.0
2015-09-08  26.690  26.360  14685929.0
2015-09-09  26.910  26.200  10328409.0
2015-09-10  25.770  26.150  12912109.0
2015-09-11  26.120  26.320   6241164.0
2015-09-14  26.220  25.750   9207844.0
2015-09-15  25.800  25.980  12316822.0
2015-09-16  26.000  26.740  13030701.0
2015-09-17  26.700  26.270  14936531.0
2015-09-18  25.970  26.020  23469850.0
2015-09-21  26.260  25.920   9344103.0
2015-09-22  25.700  25.610  10875336.0
2015-09-23  25.620  25.590   6766312.0
2015-09-24  25.280  25.610   9734027.0
2015-09-25  25.760  25.330   8717904.0
2015-09-28  25.150  24.130  15724743.0
2015-09-29  24.200  24.080  19652244.0
2015-09-30  24.320  24.440  12299368.0
2015-10-01  24.500  24.910  16269125.0
2015-10-02  24.510  25.530  13228024.0
2015-10-05  25.590  25.735  11762140.0
2015-10-06  25.680  25.680   9041570.0
2015-10-07  25.910  25.680  11440476.0
2015-10-08  24.940  24.150  48539520.0
2015-10-09  24.210  24.300  17628918.0
2015-10-12  24.040  24.560   9882337.0
2015-10-13  24.530  24.620  11539408.0
2015-10-14  24.790  23.995  14584429.0
2015-10-15  24.150  24.510  16102126.0
2015-10-16  24.460  24.550   9143192.0
2015-10-19  24.540  24.555  11451944.0
2015-10-20  24.560  24.420  12340050.0
2015-10-21  24.560  24.210  17814030.0
2015-10-22  26.500  27.580  44605862.0
2015-10-23  27.730  28.160  21803571.0
2015-10-26  27.740  28.170  13164791.0
2015-10-27  28.210  28.370  10970521.0
2015-10-28  28.470  28.250  11374140.0
2015-10-29  28.210  28.175   9022522.0
2015-10-30  28.240  27.900   9792570.0
2015-11-02  27.730  28.500  11305864.0
2015-11-03  28.410  28.900  16644134.0
2015-11-04  28.900  29.300  13532753.0
2015-11-05  28.920  29.300  12500420.0
2015-11-06  29.030  29.400  12308438.0
2015-11-09  29.380  29.180  11251998.0
2015-11-10  29.180  29.140  13603133.0
2015-11-11  29.100  28.950  22126874.0
2015-11-12  28.670  28.560  11702685.0
2015-11-13  28.550  28.190  14700840.0
2015-11-16  28.290  28.480  11121434.0
2015-11-17  28.500  28.450   9095346.0
2015-11-18  28.620  28.750  10796523.0
2015-11-19  28.560  28.770   6751603.0
2015-11-20  28.990  29.060   7997296.0
2015-11-23  28.920  28.840   7365384.0
2015-11-24  28.420  29.000   7769361.0
2015-11-25  28.780  29.000   6658522.0
2015-11-27  29.090  29.100   5318344.0
2015-11-30  29.090  29.590  16687417.0
2015-12-01  29.750  29.050  12950662.0
2015-12-02  29.160  28.970  10628445.0
2015-12-03  29.000  28.590  13641397.0
2015-12-04  28.720  29.350  10055859.0
2015-12-07  29.290  29.050   7037073.0
2015-12-08  28.930  28.785   8936447.0
2015-12-09  28.420  28.340   7131708.0
2015-12-10  28.280  28.570   8830798.0
2015-12-11  28.190  27.965   9105158.0
2015-12-14  28.100  28.035  11470364.0
2015-12-15  28.230  28.310  10287054.0
2015-12-16  28.520  28.570  12510232.0
2015-12-17  28.650  28.050   7321669.0
2015-12-18  27.840  27.460  20493785.0
2015-12-21  27.620  27.590  10801518.0
2015-12-22  27.620  27.890  12376411.0
2015-12-23  28.000  27.780   5315333.0
2015-12-24  27.910  27.660   2517278.0
2015-12-28  27.520  27.640   3722913.0
2015-12-29  27.730  27.910   4332437.0
2015-12-30  27.730  27.750   4036314.0
2015-12-31  27.630  27.480   4923805.0
2016-01-04  27.110  26.430  19107563.0
2016-01-05  26.610  26.120  16691359.0
2016-01-06  25.830  26.410  12139899.0
2016-01-07  25.800  25.690  13350043.0
2016-01-08  25.970  25.750  11233795.0
2016-01-11  25.950  26.100  11939875.0
2016-01-12  26.110  26.210   9444188.0
2016-01-13  26.410  25.410  11659930.0
2016-01-14  25.420  25.860  16551139.0
2016-01-15  25.050  25.260  14332658.0
2016-01-19  25.610  25.770  13824615.0
2016-01-20  24.840  25.820  17507946.0
2016-01-21  25.870  26.090  15403092.0
2016-01-22  26.460  26.430  10446999.0
2016-01-25  26.400  26.135   9867137.0
2016-01-26  26.200  26.650   7625452.0
2016-01-27  26.710  26.420  18597781.0
2016-01-28  23.230  23.130  55880811.0
2016-01-29  23.190  23.460  30604899.0
2016-02-01  23.340  23.940  19884853.0
2016-02-02  23.720  23.290  16073922.0
2016-02-03  23.450  23.500  19749237.0
2016-02-04  23.490  23.490  15936804.0
2016-02-05  23.450  23.200  18872325.0
2016-02-08  22.860  22.480  20601179.0
2016-02-09  22.190  22.010  16786367.0
2016-02-10  22.270  22.320  12220538.0
2016-02-11  21.930  22.080  17634531.0
2016-02-12  22.380  22.490  11866134.0
2016-02-16  22.300  22.950  10380587.0
2016-02-17  23.080  23.220  10903970.0
2016-02-18  23.120  23.530  11111073.0
2016-02-19  23.430  23.810   9784555.0
2016-02-22  23.950  24.240   9724873.0
2016-02-23  24.040  23.620  10125507.0
2016-02-24  23.430  23.960   9471736.0
2016-02-25  24.030  24.180   7554617.0
2016-02-26  24.390  24.180   7415041.0
2016-02-29  24.120  23.800   7062168.0
2016-03-01  23.990  24.250   8742194.0
2016-03-02  24.130  23.720   9875817.0
2016-03-03  23.690  23.940   7778223.0
2016-03-04  24.060  24.410   8254233.0
2016-03-07  24.360  24.260   4891670.0
2016-03-08  24.020  24.070  10969840.0
2016-03-09  24.340  23.950  12347667.0
2016-03-10  24.040  23.690  19207599.0
2016-03-11  23.970  24.020  13853960.0
2016-03-14  24.020  24.280  16007661.0
2016-03-15  24.100  23.580   8854213.0
2016-03-16  23.450  23.680  22222998.0
2016-03-17  23.780  23.760  11338938.0
2016-03-18  23.760  23.770  19940429.0
2016-03-21  23.810  24.340  14712695.0
2016-03-22  24.160  24.130   8961002.0
2016-03-23  24.090  24.170   7740851.0
2016-03-24  24.130  24.330  13475086.0
2016-03-28  24.290  24.120   5699691.0
2016-03-29  23.700  24.100  13859661.0
2016-03-30  24.060  24.040  11125731.0
2016-03-31  24.130  23.860  14866569.0
2016-04-01  24.370  23.880  11167897.0
2016-04-04  23.400  24.030  12415857.0
2016-04-05  23.690  24.390  16589849.0
2016-04-06  24.450  25.430  21660532.0
2016-04-07  24.760  24.100  20124364.0
2016-04-08  24.210  24.070   8497372.0
2016-04-11  24.170  24.060   7405132.0
2016-04-12  24.190  24.420   8928036.0
2016-04-13  24.580  25.080  17002221.0
2016-04-14  25.290  25.210   7870714.0
2016-04-15  25.310  25.220   6344571.0
2016-04-18  24.800  25.310   5954699.0
2016-04-19  24.650  24.300  20833709.0
2016-04-20  24.300  24.660   8495185.0
2016-04-21  24.630  24.690   8403878.0
2016-04-22  24.610  24.400  10639604.0
2016-04-25  24.400  24.220  16246835.0
2016-04-26  24.170  24.490  18002720.0
2016-04-27  25.330  25.270  29282941.0
2016-04-28  25.090  24.620  13422084.0
2016-04-29  24.370  24.430  20154889.0
2016-05-02  24.180  24.260  10646091.0
2016-05-03  24.070  23.980   9531479.0
2016-05-04  23.820  23.800   8123208.0
2016-05-05  24.020  23.810   7915431.0
2016-05-06  23.670  23.820   7928426.0
2016-05-09  23.790  24.020   7844695.0
2016-05-10  24.040  24.160   8497377.0
2016-05-11  24.120  23.740   7543920.0
2016-05-12  23.910  23.580  10867940.0
2016-05-13  23.650  23.780   8556748.0
2016-05-16  23.680  23.800   5589437.0
2016-05-17  23.640  23.270   9957755.0
2016-05-18  23.310  23.690   8890957.0
2016-05-19  23.590  23.420   5194098.0
2016-05-20  23.440  23.650   6825387.0
2016-05-23  23.380  23.460   5367021.0
2016-05-24  23.640  24.050   8013983.0
2016-05-25  23.910  24.035   7343484.0
2016-05-26  23.980  24.120   5548896.0
2016-05-27  24.170  24.360   8050496.0
2016-05-31  24.290  24.460  11426442.0
2016-06-01  24.430  24.070   7718004.0
2016-06-02  24.150  24.250  10350083.0
2016-06-03  24.210  23.980   6413580.0
2016-06-06  23.980  23.990   7058894.0
2016-06-07  24.130  24.280   9760163.0
2016-06-08  24.250  24.230   7722401.0
2016-06-09  24.190  24.330   7914835.0
2016-06-10  24.160  24.070   7782049.0
2016-06-13  24.020  23.890   8627485.0
2016-06-14  23.790  23.880   9927954.0
2016-06-15  23.990  23.960   9326755.0
2016-06-16  23.940  23.850   9399390.0
2016-06-17  23.740  23.790  13176596.0
2016-06-20  24.340  24.570  14220654.0
2016-06-21  24.540  24.700   7863146.0
2016-06-22  24.620  24.340   6673650.0
2016-06-23  24.690  24.850   9485432.0
2016-06-24  23.770  23.130  24566096.0
2016-06-27  22.950  22.720  13369160.0
2016-06-28  22.890  22.990  11995626.0
2016-06-29  23.180  23.310   9143417.0
2016-06-30  23.360  23.410   9464745.0
2016-07-01  23.430  23.780   9683421.0
2016-07-05  23.710  23.760   8677210.0
2016-07-06  23.710  23.830   9509946.0
2016-07-07  23.920  23.930  10007152.0
2016-07-08  24.020  24.610   7480317.0
2016-07-11  24.740  24.860   8652408.0
2016-07-12  24.970  25.130   9625255.0
2016-07-13  25.120  25.120   5818007.0
2016-07-14  25.450  26.080  23705871.0
2016-07-15  26.200  26.340  17603949.0
2016-07-18  26.230  26.490  12382055.0
2016-07-19  26.590  26.500  17414516.0
2016-07-20  26.610  26.990  27170100.0
2016-07-21  28.870  29.930  44959141.0
2016-07-22  29.810  30.490  20272025.0
2016-07-25  30.310  30.680  17892893.0
2016-07-26  30.560  31.400  13911694.0
2016-07-27  31.440  31.310  11859629.0
2016-07-28  31.280  31.170   8835533.0
2016-07-29  31.120  31.160   8433241.0
2016-08-01  31.300  31.250  13129920.0
2016-08-02  31.070  30.790  11913526.0
2016-08-03  30.800  30.950   7371061.0
2016-08-04  30.940  31.060   7592693.0
2016-08-05  31.150  31.390   7795952.0
2016-08-08  31.380  31.150   9527807.0
2016-08-09  31.220  31.110   7592195.0
2016-08-10  31.110  31.120   6077654.0
2016-08-11  31.190  31.200   5910449.0
2016-08-12  31.220  30.890  11809026.0
2016-08-15  31.000  31.050   7038805.0
2016-08-16  30.900  30.830   6539658.0
2016-08-17  30.880  30.610   6961482.0
2016-08-18  30.510  30.520   6023962.0
2016-08-19  30.460  30.630   7840702.0
2016-08-22  30.460  30.620   6240653.0
2016-08-23  30.680  30.670   5594540.0
2016-08-24  30.740  31.250  14752382.0
2016-08-25  31.080  31.340   7459759.0
2016-08-26  31.340  31.310   7750403.0
2016-08-29  31.250  31.400   5108768.0
2016-08-30  31.460  31.770   9800132.0
2016-08-31  31.660  32.160  12641839.0
2016-09-01  32.150  32.130   6808376.0
2016-09-02  32.300  32.280   6760618.0
2016-09-06  32.200  32.410   8436798.0
2016-09-07  32.450  32.510   9422639.0
2016-09-08  32.500  32.700   7148529.0
2016-09-09  32.420  31.890  13068827.0
2016-09-12  31.670  32.490   8538913.0
2016-09-13  32.160  31.910   9453249.0
2016-09-14  32.070  31.800   7572849.0
2016-09-15  31.740  31.980   7498577.0
2016-09-16  31.710  31.770  10979853.0
2016-09-19  31.810  31.570   5870526.0
2016-09-20  31.750  31.360   6440224.0
2016-09-21  31.560  31.970  10875751.0
2016-09-22  32.020  32.280   5313611.0
2016-09-23  32.280  32.070   5515430.0
2016-09-26  31.880  31.670   6223692.0
2016-09-27  31.800  31.940   5914060.0
2016-09-28  31.950  31.850   6116114.0
2016-09-29  33.040  32.300  16921252.0
2016-09-30  32.490  32.900  11959853.0
2016-10-03  31.300  32.550  12565808.0
2016-10-04  32.710  32.560   6656547.0
2016-10-05  32.400  32.150   8807270.0
2016-10-06  32.120  32.130   5676706.0
2016-10-07  32.250  31.620  10114479.0
2016-10-10  32.010  31.950   9297200.0
2016-10-11  31.960  31.460   9241168.0
2016-10-12  31.280  31.500   6354181.0
2016-10-13  31.790  31.510  10798720.0
2016-10-14  31.820  31.890  14392280.0
2016-10-17  32.390  31.810  11429784.0
2016-10-18  32.050  31.640  12512199.0
2016-10-19  31.910  32.520  23765803.0
2016-10-20  29.500  29.020  52625226.0
2016-10-21  29.060  29.060  24223523.0
2016-10-24  29.260  29.220  16402266.0
2016-10-25  29.200  29.050  10293267.0
2016-10-26  29.000  28.820   8944463.0
2016-10-27  28.970  28.810  11797840.0
2016-10-28  28.860  28.600  10716823.0
2016-10-31  28.770  28.510   8703389.0
2016-11-01  28.510  28.380   8536909.0
2016-11-02  28.240  28.260   8841111.0
2016-11-03  28.170  28.060   6215682.0
2016-11-04  28.100  27.950   7293722.0
2016-11-07  28.340  28.240   9122658.0
2016-11-08  28.090  28.030  14234894.0
2016-11-09  27.340  28.290  11695600.0
2016-11-10  28.390  28.160  12155837.0
2016-11-11  27.970  28.640   9603939.0
2016-11-14  28.630  27.890  12413821.0
2016-11-15  28.030  28.490   9482832.0
2016-11-16  28.390  28.330  10594125.0
2016-11-17  28.370  28.870   8908366.0
2016-11-18  28.840  28.690  11668691.0
2016-11-21  28.730  29.000   7376141.0
2016-11-22  29.440  29.060   7369241.0
2016-11-23  28.990  28.900   6033410.0
2016-11-25  28.940  28.950   3076016.0
2016-11-28  28.840  28.570   7245312.0
2016-11-29  28.560  28.510   7281590.0
2016-11-30  28.510  27.810  13777124.0
2016-12-01  27.920  27.390   9775441.0
2016-12-02  27.730  28.420  14437530.0
2016-12-05  28.550  28.350  10802850.0
2016-12-06  28.300  28.210  10387548.0
2016-12-07  28.140  28.910  10286921.0
2016-12-08  28.960  29.420  12263198.0
2016-12-09  29.610  29.970  13548980.0
2016-12-12  30.020  30.210  14940135.0
2016-12-13  30.360  29.820  11664270.0
2016-12-14  29.850  29.820   9624841.0
2016-12-15  29.870  29.730  10140574.0
2016-12-16  29.730  29.610  14682006.0
2016-12-19  29.700  29.380   7814545.0
2016-12-20  29.530  29.260  11237541.0
2016-12-21  29.140  29.360   8634796.0
2016-12-22  29.280  29.540   8865587.0
2016-12-23  29.820  29.790   8133374.0
2016-12-27  29.830  30.240   7513429.0
2016-12-28  30.240  30.010   8118900.0
2016-12-29  30.020  29.980   7119575.0
2016-12-30  30.380  29.690   8189666.0
2017-01-03  29.830  29.840   7665031.0
2017-01-04  29.910  29.760   9538779.0
2017-01-05  29.730  30.010   9062195.0
2017-01-06  29.970  31.050  13351423.0
2017-01-09  31.000  30.750  10532655.0
2017-01-10  30.670  30.250  13833143.0
2017-01-11  30.300  30.410   8168999.0
2017-01-12  30.800  30.350   7890497.0
2017-01-13  30.210  30.290   7822793.0
2017-01-17  30.330  30.290   7447149.0
2017-01-18  30.290  30.390   9523703.0
2017-01-19  30.260  30.720  14112364.0
2017-01-20  30.840  30.640   8496268.0
2017-01-23  30.640  30.270   9341136.0
2017-01-24  30.300  29.990  16925426.0
2017-01-25  30.250  30.230  25216974.0
2017-01-26  32.370  31.740  32044354.0
2017-01-27  31.950  32.510  17406740.0
2017-01-30  32.230  32.170  11247659.0
2017-01-31  31.890  31.830   9469076.0
2017-02-01  31.900  32.180   9700776.0
2017-02-02  32.060  31.970   6028585.0
2017-02-03  32.110  32.070   5423500.0
2017-02-06  32.010  32.030   5339846.0
2017-02-07  31.950  32.430   8135989.0
2017-02-08  32.450  33.250  17081163.0
2017-02-09  33.290  33.120  10465621.0
2017-02-10  33.110  33.630  13492272.0
2017-02-13  33.620  33.790  10744501.0
2017-02-14  33.610  33.630   7616370.0
2017-02-15  33.620  34.010   7994512.0
2017-02-16  33.840  33.540   8891838.0
2017-02-17  33.510  33.760   7797304.0
2017-02-21  33.760  33.920   7237496.0
2017-02-22  33.920  33.820   7068204.0
2017-02-23  33.780  33.600   6528369.0
2017-02-24  33.550  34.060   8098701.0
2017-02-27  34.050  34.280   7372977.0
2017-02-28  34.160  33.900   8105294.0
2017-03-01  34.110  34.270   5736123.0
2017-03-02  34.190  33.910   4698206.0
2017-03-03  33.860  33.740   6555859.0
2017-03-06  33.670  33.640   7728659.0
2017-03-07  33.710  33.470   6945534.0
2017-03-08  33.550  33.320   7871940.0
2017-03-09  33.270  33.180   5545782.0
2017-03-10  33.440  33.130   4977310.0
2017-03-13  33.130  32.810  10866190.0
2017-03-14  32.850  32.860   6829788.0
2017-03-15  33.020  32.890   9777759.0
2017-03-16  32.780  33.100   6925875.0
2017-03-17  33.300  33.700  15941347.0
2017-03-20  33.680  33.810   7319606.0
2017-03-21  33.920  33.190   8918477.0
2017-03-22  33.260  33.530   5486131.0
2017-03-23  33.450  33.520   4833913.0
2017-03-24  33.660  33.400   4317756.0
2017-03-27  33.160  33.430   4994550.0
2017-03-28  33.400  33.530   4609929.0
2017-03-29  33.620  33.650   7242686.0
2017-03-30  33.650  33.700   4993386.0
2017-03-31  33.500  33.570  10222995.0
2017-04-03  33.370  33.760   9828733.0
2017-04-04  33.760  34.140   8679948.0
2017-04-05  34.220  33.810  11241858.0
2017-04-06  34.010  34.160   8854889.0
2017-04-07  34.110  33.910   6644481.0
2017-04-10  34.000  34.060   6268147.0
2017-04-11  34.090  33.990   5165050.0
2017-04-12  33.880  34.270  10457180.0
2017-04-13  34.200  34.330   7783090.0
2017-04-17  34.350  34.440   6951955.0
2017-04-18  34.110  34.020   7486973.0
2017-04-19  34.200  33.855  15163999.0
2017-04-20  32.860  32.530  28093762.0
2017-04-21  32.690  32.180  14339221.0
2017-04-24  32.230  32.050  16552506.0
2017-04-25  32.110  32.810  14324117.0
2017-04-26  32.790  33.010  11124717.0
2017-04-27  33.020  33.060   8367580.0
2017-04-28  33.010  33.400  10065944.0
2017-05-01  33.460  33.310   6743245.0
2017-05-02  33.390  33.500   6432053.0
2017-05-03  33.600  33.260   5637478.0
2017-05-04  33.400  33.510   6969366.0
2017-05-05  33.570  33.500   7514979.0
2017-05-08  33.520  33.240   9054783.0
2017-05-09  33.240  33.720   9277820.0
2017-05-10  33.670  33.880   8116220.0
2017-05-11  33.700  34.120   5577042.0
2017-05-12  34.190  34.070   5079830.0
2017-05-15  34.180  34.180   4641296.0
2017-05-16  34.160  34.810   6403149.0
2017-05-17  34.560  33.580  10428926.0
2017-05-18  33.640  33.730  11176996.0
2017-05-19  33.900  33.830   8446619.0
2017-05-22  33.860  33.860   6202875.0
2017-05-23  34.250  34.610  11303627.0
2017-05-24  34.620  34.820   9354784.0
2017-05-25  34.880  35.220   8490129.0
2017-05-26  35.260  34.900   6612398.0
2017-05-30  34.780  34.620   7248325.0
2017-05-31  34.920  34.300   9657966.0
2017-06-01  34.440  34.790   6463818.0
2017-06-02  34.920  35.320   6843000.0
2017-06-05  36.020  35.550   5946671.0
2017-06-06  35.410  35.470   5463513.0
2017-06-07  35.650  35.770   5280007.0
2017-06-08  36.070  36.140   8767604.0
2017-06-09  36.250  34.940  10974043.0
2017-06-12  34.700  34.150  12807616.0
2017-06-13  34.210  34.470   7302410.0
2017-06-14  34.630  34.500   6371265.0
2017-06-15  34.260  34.090   5344405.0
2017-06-16  33.920  33.960   9640312.0
2017-06-19  34.120  34.900   5760279.0
2017-06-20  34.740  34.930  10506559.0
2017-06-21  35.000  34.960   5400949.0
2017-06-22  34.990  35.120   5120718.0
2017-06-23  35.120  35.580   8872359.0
2017-06-26  35.890  35.090   6634019.0
2017-06-27  35.000  34.910   8598433.0
2017-06-28  35.000  35.310   4791632.0
2017-06-29  35.300  34.510   8166989.0
2017-06-30  34.780  34.920  10561065.0
2017-07-03  35.150  34.600   4517402.0
2017-07-05  34.730  34.720   7381884.0
2017-07-06  34.390  34.030   8551358.0
2017-07-07  34.020  34.230   6747508.0
2017-07-10  34.310  35.040   8695234.0
2017-07-11  34.970  35.190   8306962.0
2017-07-12  35.530  36.030  13411174.0
2017-07-13  36.610  36.500  12877614.0
2017-07-14  36.910  37.080   9654192.0
2017-07-17  37.030  37.050   8151725.0
2017-07-18  36.940  36.800  12755207.0
2017-07-19  36.950  37.080   8510278.0
2017-07-20  37.170  37.180  13467628.0
2017-07-21  36.200  36.610  22131224.0
2017-07-24  36.450  36.390   9661599.0
2017-07-25  36.330  36.320   6191010.0
2017-07-26  36.360  37.040  10987896.0
2017-07-27  37.090  36.170  15261765.0
2017-07-28  36.080  35.940   7097225.0
2017-07-31  36.090  35.730   6117033.0
2017-08-01  35.820  35.910   4598532.0
2017-08-02  35.690  35.900   6395959.0
2017-08-03  35.970  35.710   5592728.0
2017-08-04  35.860  35.620   5036090.0
2017-08-07  35.610  36.110   5309161.0
2017-08-08  35.960  36.360   9441402.0
2017-08-09  36.130  36.080   7540671.0
2017-08-10  35.950  35.000  12151126.0
2017-08-11  35.160  35.050   7688311.0
2017-08-14  35.440  35.200   6932178.0
2017-08-15  35.240  35.250   4487094.0
2017-08-16  35.230  35.360   3809705.0
2017-08-17  35.500  34.850   6290987.0
2017-08-18  34.830  34.790   8521640.0
2017-08-21  35.130  34.240   7592681.0
2017-08-22  34.370  34.810   6144284.0
2017-08-23  34.620  34.890   6295975.0
2017-08-24  34.860  34.880   5638387.0
2017-08-25  34.980  34.680   6720164.0
2017-08-28  34.750  34.810   5005834.0
2017-08-29  34.480  35.200   7089389.0
2017-08-30  35.140  35.690   8205167.0
2017-08-31  35.850  36.130   8522717.0
2017-09-01  36.200  36.350   5037396.0
2017-09-05  36.190  36.090   6296438.0
2017-09-06  36.080  36.760  12653446.0
2017-09-07  36.950  38.010  13980230.0
2017-09-08  38.040  37.790   9052735.0
2017-09-11  38.040  38.090   5945142.0
2017-09-12  38.070  38.180   4170327.0
2017-09-13  38.000  38.270   4960915.0
2017-09-14  38.240  38.310   6478656.0
2017-09-15  38.270  38.400  10869179.0
2017-09-18  38.300  38.390   5127823.0
2017-09-19  38.500  38.590   5131286.0
2017-09-20  38.670  38.540   5703686.0
2017-09-21  38.550  38.250   5673772.0
2017-09-22  38.130  38.290   4851365.0
2017-09-25  38.220  37.780   7053896.0
2017-09-26  37.850  37.850   5348200.0
2017-09-27  38.030  38.050   9331736.0
2017-09-28  37.440  37.730   7683377.0
2017-09-29  37.730  38.460   9573477.0
2017-10-02  38.510  38.730   7220120.0
2017-10-03  38.780  38.710   5103669.0
2017-10-04  38.800  38.660   5590600.0
2017-10-05  38.760  38.990   5155812.0
2017-10-06  39.050  38.810   6947721.0
2017-10-09  38.800  38.990   4982743.0
2017-10-10  39.020  38.840   5998658.0
2017-10-11  38.850  38.310  10841024.0
2017-10-12  38.310  38.090  10020870.0
2017-10-13  38.350  38.350   9392998.0
2017-10-16  38.290  37.770   8645585.0
2017-10-17  37.760  37.490  11904108.0
2017-10-18  37.680  37.970  13424086.0
2017-10-19  36.480  37.290  28992713.0
2017-10-20  37.340  37.610  14821200.0
2017-10-23  37.660  36.830  10318056.0
2017-10-24  36.510  36.740   8439952.0
2017-10-25  36.660  36.680   7839488.0
2017-10-26  36.740  36.900   7622668.0
2017-10-27  37.070  36.800  10660803.0
2017-10-30  36.860  37.000   7988838.0
2017-10-31  37.110  37.640   6678430.0
2017-11-01  37.850  37.540   7052554.0
2017-11-02  37.490  37.400   5341879.0
2017-11-03  37.440  37.500   5708840.0
2017-11-06  37.380  37.370   4338972.0
2017-11-07  37.600  37.410   5564092.0
2017-11-09  36.260  35.690  16766871.0
2017-11-10  35.510  35.970   8276878.0
2017-11-13  35.700  35.850   7047371.0
2017-11-14  35.710  35.220  10858859.0
2017-11-15  35.030  35.300   7871444.0
2017-11-16  35.370  35.620   7632669.0
2017-11-17  35.640  35.580   7458295.0
2017-11-20  35.620  35.530   5964478.0
2017-11-21  35.720  35.960   5807385.0
2017-11-22  36.050  35.940   4563054.0
2017-11-24  36.070  35.840   3123070.0
2017-11-27  35.880  35.990   6981252.0
2017-11-28  35.990  35.500  10191191.0
2017-11-29  35.420  34.380  21446119.0
2017-11-30  34.480  34.670  16173978.0
2017-12-01  34.380  35.200  11236547.0
2017-12-04  35.580  35.700  11046784.0
2017-12-05  35.940  36.810  18630500.0
2017-12-06  36.640  36.830   8813063.0
2017-12-07  36.720  36.850   7364150.0
2017-12-08  37.250  37.650  12217992.0
2017-12-11  37.510  37.520   6245593.0
2017-12-12  37.440  37.440   6223963.0
2017-12-13  37.460  37.400   5742256.0
2017-12-14  37.410  37.600   5346581.0
2017-12-15  37.720  38.370  12791334.0
2017-12-18  38.500  38.180   7566184.0
2017-12-19  38.150  37.820   7711342.0
2017-12-20  37.870  37.930   6480341.0
2017-12-21  38.110  37.810   9594664.0
2017-12-22  37.690  37.760   7145144.0
2017-12-26  37.790  37.940   4493535.0
2017-12-27  38.070  37.610   4091574.0
2017-12-28  37.460  37.920   3379374.0
2017-12-29  37.820  37.740   4476821.0
2018-01-02  38.170  38.060   6698798.0
2018-01-03  37.990  39.220   9071934.0
2018-01-04  39.420  38.570   8928911.0
2018-01-05  38.850  39.690   7234423.0
2018-01-08  39.550  39.800   9181471.0
2018-01-09  40.100  39.530   6180569.0
2018-01-10  38.870  37.700  17245367.0
2018-01-11  37.840  37.810  10253568.0
2018-01-12  38.000  38.020  11861144.0
2018-01-16  38.070  37.680  10432211.0
2018-01-17  38.000  37.990  11865766.0
2018-01-18  38.210  38.740  10884183.0
2018-01-19  38.750  38.430  12413901.0
2018-01-22  38.360  39.580   9672475.0
2018-01-23  39.590  39.770   6679908.0
2018-01-24  39.970  39.820  10619246.0
2018-01-25  39.930  40.020   8951926.0
2018-01-26  40.310  40.890   8379002.0
2018-01-29  40.590  40.800   6255446.0
2018-01-30  40.720  40.400   8763052.0
2018-01-31  40.480  40.580  13042046.0
2018-02-01  45.500  46.190  33029472.0
2018-02-02  45.160  44.300  18670991.0