date    open   close      volume
                                     
2013-01-02  57.540  57.010   1322300.0
2013-01-03  57.080  57.250   1358600.0
2013-01-04  57.280  57.230   1585300.0
2013-01-07  57.270  57.660   1170200.0
2013-01-08  57.910  57.870   1303700.0
2013-01-09  58.020  58.000   1179000.0
2013-01-10  58.210  58.370   1040300.0
2013-01-11  58.450  58.150    945200.0
2013-01-14  58.150  58.420    849400.0
2013-01-15  58.320  58.740   1122200.0
2013-01-16  58.630  58.580   1133100.0
2013-01-17  58.720  58.470   1122900.0
2013-01-18  58.460  58.410   2114900.0
2013-01-22  58.340  58.510   1457300.0
2013-01-23  58.360  58.390   1028400.0
2013-01-24  58.490  57.970   1730100.0
2013-01-25  58.140  58.090   1285200.0
2013-01-28  58.500  58.150   1554900.0
2013-01-29  58.050  57.750   2161400.0
2013-01-30  57.760  57.070   1833900.0
2013-01-31  57.010  55.390   3774600.0
2013-02-01  55.700  54.730   4389700.0
2013-02-04  54.790  54.460   2516500.0
2013-02-05  54.460  54.160   3834900.0
2013-02-06  54.170  55.230   3649400.0
2013-02-07  55.160  54.820   2570200.0
2013-02-08  55.060  55.440   3280200.0
2013-02-11  55.440  56.460   3843700.0
2013-02-12  56.530  57.490   2872500.0
2013-02-13  57.440  57.650   2078500.0
2013-02-14  57.410  57.560   1985200.0
2013-02-15  57.600  57.510   3554800.0
2013-02-19  57.600  57.580   1534600.0
2013-02-20  57.590  57.440   1627100.0
2013-02-21  57.300  57.110   1680700.0
2013-02-22  57.270  57.210   1456700.0
2013-02-25  57.390  56.000   2088200.0
2013-02-26  56.220  56.000   1550100.0
2013-02-27  55.870  55.990   1255600.0
2013-02-28  56.000  55.040   4089700.0
2013-03-01  55.030  55.340   2273400.0
2013-03-04  55.170  55.650   1665000.0
2013-03-05  55.680  56.140   1641300.0
2013-03-06  56.360  56.360   1452300.0
2013-03-07  56.240  55.240   2669400.0
2013-03-08  55.300  54.930   2239300.0
2013-03-11  54.920  54.820   1464600.0
2013-03-12  54.780  54.990   2489400.0
2013-03-13  55.110  55.460   2428500.0
2013-03-14  55.600  56.390   2479600.0
2013-03-15  56.100  56.090   2493800.0
2013-03-18  55.800  55.590   2076000.0
2013-03-19  55.620  55.050   1733000.0
2013-03-20  54.630  54.910   1400600.0
2013-03-21  54.610  54.390   1453100.0
2013-03-22  54.410  54.660   1768200.0
2013-03-25  54.820  54.960   1961000.0
2013-03-26  55.080  55.390   2124600.0
2013-03-27  55.360  55.060   1281900.0
2013-03-28  55.090  55.060   2042300.0
2013-04-01  54.970  55.550   1319000.0
2013-04-02  55.820  55.530   2049700.0
2013-04-03  55.820  55.930   1180500.0
2013-04-04  56.140  57.520   1870300.0
2013-04-05  57.170  57.880   2109900.0
2013-04-08  57.800  58.010   1807800.0
2013-04-09  58.070  58.310   1456100.0
2013-04-10  58.300  58.350   1203300.0
2013-04-11  58.430  59.020   2348200.0
2013-04-12  59.130  59.090   1500400.0
2013-04-15  58.680  57.900   1579700.0
2013-04-16  58.110  58.530   1597500.0
2013-04-17  58.030  57.670   1762000.0
2013-04-18  57.620  57.840   1804300.0
2013-04-19  58.080  57.970   1665400.0
2013-04-22  58.030  57.600   1191100.0
2013-04-23  57.860  57.730   1481400.0
2013-04-24  57.800  57.690   1411200.0
2013-04-25  57.630  57.200   1802700.0
2013-04-26  57.280  56.610   2142100.0
2013-04-29  56.830  57.210   1172500.0
2013-04-30  57.170  58.060   2161900.0
2013-05-01  57.680  56.900   2343400.0
2013-05-02  57.060  56.630   1557200.0
2013-05-03  56.800  56.020   2222000.0
2013-05-06  55.930  56.290   1630400.0
2013-05-07  56.440  57.220   1631000.0
2013-05-08  57.100  57.530   1574400.0
2013-05-09  57.630  57.240   1926100.0
2013-05-10  57.370  57.710   1241100.0
2013-05-13  57.580  58.730   2736700.0
2013-05-14  58.610  59.220   4237400.0
2013-05-15  59.270  59.160   3136600.0
2013-05-16  58.980  59.610   1739600.0
2013-05-17  59.590  59.590   2497600.0
2013-05-20  59.570  60.180   2198300.0
2013-05-21  60.210  60.750   2838400.0
2013-05-22  60.700  59.130   2960800.0
2013-05-23  58.410  60.180  10784300.0
2013-05-24  59.970  60.300   2630000.0
2013-05-28  60.810  59.410   3572300.0
2013-05-29  59.030  58.540   4289300.0
2013-05-30  58.530  57.420   2825400.0
2013-05-31  57.220  56.550   4255000.0
2013-06-03  56.580  57.240   3625200.0
2013-06-04  57.340  57.140   3006900.0
2013-06-05  57.150  56.730   2159800.0
2013-06-06  56.600  56.670   1871100.0
2013-06-07  56.880  56.690   2320400.0
2013-06-10  56.690  56.040   2159600.0
2013-06-11  55.630  55.120   1830100.0
2013-06-12  55.420  54.750   2008900.0
2013-06-13  54.630  56.440   1692900.0
2013-06-14  56.500  56.340   1400600.0
2013-06-17  56.700  56.410   1804300.0
2013-06-18  56.460  56.610   1612200.0
2013-06-19  56.560  55.000   1871700.0
2013-06-20  54.340  52.910   2242900.0
2013-06-21  53.420  54.730   3829400.0
2013-06-24  54.020  55.590   3679900.0
2013-06-25  55.820  56.400   2971900.0
2013-06-26  56.620  57.250   2661400.0
2013-06-27  57.640  58.420   3055200.0
2013-06-28  58.280  58.060   3592400.0
2013-07-01  58.340  57.480   2431300.0
2013-07-02  57.430  57.840   2738000.0
2013-07-03  57.560  57.440   1273400.0
2013-07-05  57.520  57.360   1536800.0
2013-07-08  57.520  57.350   1447700.0
2013-07-09  57.560  57.970   1550400.0
2013-07-10  57.850  57.910   1890400.0
2013-07-11  58.550  59.080   1946200.0
2013-07-12  59.100  58.630   1287700.0
2013-07-15  58.170  58.610    847500.0
2013-07-16  58.610  58.740   1917200.0
2013-07-17  58.750  58.750   1131500.0
2013-07-18  58.660  59.090   1014100.0
2013-07-19  59.080  58.740   1471100.0
2013-07-22  58.730  58.850    807900.0
2013-07-23  58.990  58.750    904400.0
2013-07-24  58.770  57.440   1886100.0
2013-07-25  57.340  57.730   1583000.0
2013-07-26  57.630  58.090    733300.0
2013-07-29  58.100  57.780   1427800.0
2013-07-30  58.120  57.660   1487200.0
2013-07-31  57.290  56.000   3363400.0
2013-08-01  56.260  55.660   2309900.0
2013-08-02  55.420  54.950   1993300.0
2013-08-05  55.140  54.890   1660800.0
2013-08-06  54.750  54.740   1688500.0
2013-08-07  54.570  54.250   1646400.0
2013-08-08  54.500  54.260   1776200.0
2013-08-09  54.010  54.210   1628200.0
2013-08-12  54.000  53.470   1431300.0
2013-08-13  53.470  52.660   1462000.0
2013-08-14  52.560  52.570   1073900.0
2013-08-15  52.140  51.790   1811800.0
2013-08-16  51.710  50.670   3952000.0
2013-08-19  50.440  50.450   1936100.0
2013-08-20  50.630  51.320   1947200.0
2013-08-21  51.020  51.280   2208600.0
2013-08-22  51.380  51.850   1597100.0
2013-08-23  51.820  52.510   1869200.0
2013-08-26  52.570  52.910   1824400.0
2013-08-27  52.440  52.920   1640300.0
2013-08-28  52.810  52.100   1488000.0
2013-08-29  51.940  52.100   1070800.0
2013-08-30  52.250  51.890   1818400.0
2013-09-03  52.260  51.260   1634900.0
2013-09-04  51.410  52.000   1579100.0
2013-09-05  51.970  51.740   1233900.0
2013-09-06  52.150  53.040   2166900.0
2013-09-09  53.040  54.190   2168100.0
2013-09-10  54.220  54.400   1410800.0
2013-09-11  54.380  54.910   1709200.0
2013-09-12  54.890  54.720   1384500.0
2013-09-13  54.500  54.590   1381400.0
2013-09-16  55.210  54.810   1735600.0
2013-09-17  54.780  54.550   1619000.0
2013-09-18  54.670  56.490   3149900.0
2013-09-19  56.450  56.310   2451900.0
2013-09-20  56.500  56.100   5784600.0
2013-09-23  55.770  55.180   1155600.0
2013-09-24  55.250  54.290   1786200.0
2013-09-25  54.320  54.560   1290700.0
2013-09-26  54.530  54.670   1218000.0
2013-09-27  54.290  54.550   1003100.0
2013-09-30  54.230  53.570   1728400.0
2013-10-01  53.610  54.310   2152600.0
2013-10-02  54.100  54.080   1810200.0
2013-10-03  53.970  52.860   2069200.0
2013-10-04  52.800  52.630   1448800.0
2013-10-07  52.220  53.000   1346200.0
2013-10-08  52.910  52.180   1333200.0
2013-10-09  52.190  52.220   1095700.0
2013-10-10  52.550  53.540   1802400.0
2013-10-11  53.540  53.720   1265500.0
2013-10-14  53.390  53.630   1259000.0
2013-10-15  53.340  53.620   1256700.0
2013-10-16  53.920  54.770   1554500.0
2013-10-17  54.940  55.600   1473600.0
2013-10-18  56.020  55.210   1483900.0
2013-10-21  55.120  55.050   1442300.0
2013-10-22  55.230  55.470   2067800.0
2013-10-23  55.410  55.550   1517900.0
2013-10-24  55.410  53.820   3471400.0
2013-10-25  53.810  54.910   2405700.0
2013-10-28  55.000  54.370   1684000.0
2013-10-29  54.370  53.850   1538400.0
2013-10-30  53.850  53.150   2162000.0
2013-10-31  53.600  52.360   2930200.0
2013-11-01  52.450  52.900   2133700.0
2013-11-04  52.920  53.370   1733800.0
2013-11-05  53.230  52.560   1300700.0
2013-11-06  52.630  52.660   1190100.0
2013-11-07  52.720  52.450   1687500.0
2013-11-08  52.200  51.700   1694400.0
2013-11-11  51.690  51.650   1252800.0
2013-11-12  51.440  51.290   1265200.0
2013-11-13  51.190  51.550   1895700.0
2013-11-14  51.980  52.070   1442100.0
2013-11-15  51.970  51.380   1609600.0
2013-11-18  51.590  51.220   1691300.0
2013-11-19  51.090  51.050   1316000.0
2013-11-20  51.030  50.640   1005700.0
2013-11-21  50.660  50.830   1097000.0
2013-11-22  50.990  50.830   2070100.0
2013-11-25  51.200  50.600   1440600.0
2013-11-26  50.630  50.890   2490300.0
2013-11-27  50.980  52.010   3602800.0
2013-11-29  52.170  51.540   1665800.0
2013-12-02  51.300  51.660   3862500.0
2013-12-03  51.440  52.010   2433500.0
2013-12-04  51.570  52.930   6087300.0
2013-12-05  52.930  52.620   1904900.0
2013-12-06  52.960  53.160   1860800.0
2013-12-09  52.990  53.480   1856200.0
2013-12-10  53.470  54.000   3630700.0
2013-12-11  53.890  53.140   3287200.0
2013-12-12  52.990  52.450   2765200.0
2013-12-13  52.500  52.210   2020800.0
2013-12-16  52.280  51.910   1785000.0
2013-12-17  51.750  51.620   1949100.0
2013-12-18  51.700  52.500   2711500.0
2013-12-19  52.470  52.040   1641600.0
2013-12-20  51.790  51.960   2570600.0
2013-12-23  52.050  51.850   1706100.0
2013-12-24  51.250  51.510    869200.0
2013-12-26  51.790  51.760   1750700.0
2013-12-27  51.780  51.840   1290300.0
2013-12-30  51.820  52.060   1265600.0
2013-12-31  52.020  51.870   1676400.0
2014-01-02  51.740  51.990   1520600.0
2014-01-03  52.070  52.430   1300200.0
2014-01-06  52.540  52.840   1562000.0
2014-01-07  52.960  52.930   1180200.0
2014-01-08  52.800  53.410   2038800.0
2014-01-09  53.610  53.440   2154100.0
2014-01-10  53.710  53.570   2115300.0
2014-01-13  53.320  53.220   1917400.0
2014-01-14  53.330  53.490   1816200.0
2014-01-15  53.760  53.780   1926000.0
2014-01-16  53.880  53.890   1680100.0
2014-01-17  53.940  53.840   1794100.0
2014-01-21  54.130  54.420   2155800.0
2014-01-22  54.440  53.980   2342800.0
2014-01-23  53.710  53.770   2306300.0
2014-01-24  54.740  53.700   2667000.0
2014-01-27  53.570  53.360   4027300.0
2014-01-28  53.320  53.860   2243300.0
2014-01-29  53.610  53.950   3138300.0
2014-01-30  54.200  55.140   2690400.0
2014-01-31  54.680  55.380   3483600.0
2014-02-03  55.230  54.800   3092100.0
2014-02-04  55.020  55.380   3303500.0
2014-02-05  54.990  55.780   3253900.0
2014-02-06  55.670  56.480   3199000.0
2014-02-07  56.800  56.870   2175700.0
2014-02-10  56.900  57.600   2247100.0
2014-02-11  57.460  58.030   1986000.0
2014-02-12  58.040  58.210   2510700.0
2014-02-13  57.960  58.300   3557200.0
2014-02-14  58.320  58.580   1835700.0
2014-02-18  58.500  59.000   2255500.0
2014-02-19  58.850  58.490   2621600.0
2014-02-20  58.520  58.730   2025000.0
2014-02-21  58.690  58.710   1424300.0
2014-02-24  58.810  58.550   2066800.0
2014-02-25  58.690  58.790   1594800.0
2014-02-26  59.060  58.570   1551100.0
2014-02-27  58.550  58.360   1184200.0
2014-02-28  58.370  58.470   2544900.0
2014-03-03  58.360  58.520   1969500.0
2014-03-04  59.110  59.400   2001500.0
2014-03-05  59.350  58.750   2074300.0
2014-03-06  58.720  58.360   2023400.0
2014-03-07  58.170  58.250   1842800.0
2014-03-10  58.220  57.730   1643200.0
2014-03-11  57.740  58.070   1227600.0
2014-03-12  57.920  58.630   1625400.0
2014-03-13  58.620  57.900   1938700.0
2014-03-14  57.900  58.070   1233900.0
2014-03-17  58.320  58.370    920800.0
2014-03-18  58.330  58.410    890300.0
2014-03-19  58.320  57.280   1848100.0
2014-03-20  56.770  57.220   1519400.0
2014-03-21  57.400  57.190   1971600.0
2014-03-24  57.350  56.890   1772100.0
2014-03-25  57.110  57.830   1382200.0
2014-03-26  57.880  57.130   1562600.0
2014-03-27  57.050  57.190   1135200.0
2014-03-28  57.330  57.390   1039200.0
2014-03-31  57.660  57.990   2426100.0
2014-04-01  58.150  58.560   1922300.0
2014-04-02  58.420  59.220   2168300.0
2014-04-03  59.220  58.640   1964600.0
2014-04-04  58.990  59.160   1343300.0
2014-04-07  59.280  59.710   2048600.0
2014-04-08  59.420  60.050   1823300.0
2014-04-09  60.150  60.030   1828400.0
2014-04-10  60.030  59.170   1781900.0
2014-04-11  58.550  57.730   3851500.0
2014-04-14  58.180  58.080   2024600.0
2014-04-15  57.990  58.010   2609000.0
2014-04-16  58.430  58.430   3333900.0
2014-04-17  58.180  57.500   3247500.0
2014-04-21  57.540  58.240   3147000.0
2014-04-22  58.200  58.130   1574000.0
2014-04-23  58.140  57.850   1811600.0
2014-04-24  57.830  58.540   1243300.0
2014-04-25  58.540  58.660   1354500.0
2014-04-28  58.860  59.500   1764500.0
2014-04-29  59.720  59.320   1325100.0
2014-04-30  59.270  59.440   1318000.0
2014-05-01  58.000  59.590   1755200.0
2014-05-02  59.410  60.210   1721000.0
2014-05-05  59.990  60.790   2001900.0
2014-05-06  60.570  60.920   2445600.0
2014-05-07  61.100  61.540   1575400.0
2014-05-08  61.430  61.720   1208900.0
2014-05-09  61.890  61.790   1049500.0
2014-05-12  61.940  62.300   1278200.0
2014-05-13  61.920  61.710   1652000.0
2014-05-14  61.740  61.600   1436500.0
2014-05-15  61.610  61.470   1409400.0
2014-05-16  61.380  61.850   1531600.0
2014-05-19  61.810  61.630   1126700.0
2014-05-20  61.760  61.410   1188100.0
2014-05-21  61.470  61.040   1013900.0
2014-05-22  61.080  60.640   1300200.0
2014-05-23  60.830  60.980   1209000.0
2014-05-27  61.130  61.420   1419800.0
2014-05-28  61.320  61.190   1491800.0
2014-05-29  61.170  61.580   1263400.0
2014-05-30  61.630  61.800   1823500.0
2014-06-02  61.810  62.110   1144200.0
2014-06-03  62.040  62.200   1029600.0
2014-06-04  62.060  62.130    854800.0
2014-06-05  62.190  63.180   1280000.0
2014-06-06  63.240  62.650   1069700.0
2014-06-09  62.530  61.720   1413900.0
2014-06-10  61.570  61.080   1284300.0
2014-06-11  61.000  61.270   1002000.0
2014-06-12  61.100  61.250   1145000.0
2014-06-13  61.390  61.760   1283600.0
2014-06-16  61.590  61.310   1366100.0
2014-06-17  61.140  61.320   1061300.0
2014-06-18  61.230  61.810   1694600.0
2014-06-19  61.540  61.940   1846900.0
2014-06-20  61.950  62.080   2714500.0
2014-06-23  61.940  61.960   1588700.0
2014-06-24  61.920  62.290   1554400.0
2014-06-25  62.240  63.010   1783700.0
2014-06-26  63.160  62.960   1731200.0
2014-06-27  62.750  63.530   1439800.0
2014-06-30  63.330  63.000   2018200.0
2014-07-01  63.210  63.310   1389900.0
2014-07-02  63.340  63.450    823000.0
2014-07-03  63.380  63.190    786400.0
2014-07-07  63.140  63.190   1426400.0
2014-07-08  63.370  63.510   2663100.0
2014-07-09  63.650  63.590   2147100.0
2014-07-10  63.170  63.800   3383600.0
2014-07-11  63.900  64.190   1105400.0
2014-07-14  64.220  64.270   1274700.0
2014-07-15  64.310  64.630   1527600.0
2014-07-16  64.720  64.880    924100.0
2014-07-17  64.540  64.500    974700.0
2014-07-18  64.400  64.800   1320400.0
2014-07-21  64.800  64.700    857900.0
2014-07-22  64.950  65.190   1055000.0
2014-07-23  65.070  65.320    878000.0
2014-07-24  65.400  65.840   1749300.0
2014-07-25  65.620  64.840   1571700.0
2014-07-28  64.610  65.650   1148300.0
2014-07-29  65.950  65.400   1028500.0
2014-07-30  65.360  66.390   2217100.0
2014-07-31  66.040  64.650   3608000.0
2014-08-01  64.330  65.110   2478100.0
2014-08-04  64.330  65.110   1567200.0
2014-08-05  64.730  64.360   1415200.0
2014-08-06  64.670  64.510   1660000.0
2014-08-07  64.900  64.540   1265100.0
2014-08-08  64.830  65.020   1368900.0
2014-08-11  65.000  65.160   1118600.0
2014-08-12  65.060  64.900   1092700.0
2014-08-13  65.180  65.920   1108500.0
2014-08-14  66.110  65.770    937600.0
2014-08-15  65.870  65.680   2729900.0
2014-08-18  66.120  66.790   1318700.0
2014-08-19  66.820  66.810    801300.0
2014-08-20  66.800  67.090   1069300.0
2014-08-21  67.140  67.100   1196400.0
2014-08-22  66.970  66.430   1063200.0
2014-08-25  66.730  66.270   1063300.0
2014-08-26  66.570  66.220    850800.0
2014-08-27  66.220  66.190    774000.0
2014-08-28  66.150  66.190   1049300.0
2014-08-29  66.440  66.470   2211200.0
2014-09-02  66.630  66.300   1363100.0
2014-09-03  66.550  66.530   1526900.0
2014-09-04  66.430  66.400   1458500.0
2014-09-05  66.240  67.260   1657300.0
2014-09-08  67.420  67.650   2142300.0
2014-09-09  67.400  67.150   1563500.0
2014-09-10  66.930  64.600   3964100.0
2014-09-11  64.350  64.690   2421300.0
2014-09-12  64.690  62.640   3324100.0
2014-09-15  62.370  62.090   2141300.0
2014-09-16  62.120  62.510   2374900.0
2014-09-17  62.710  62.290   2353400.0
2014-09-18  62.920  61.400   2269100.0
2014-09-19  61.640  61.940   6185000.0
2014-09-22  61.680  62.070   3185649.0
2014-09-23  62.080  62.090   3112021.0
2014-09-24  61.960  60.860   3376705.0
2014-09-25  61.030  60.800   1880917.0
2014-09-26  60.710  61.400   1597904.0
2014-09-29  60.980  61.540   1442262.0
2014-09-30  61.560  61.580   2426153.0
2014-10-01  61.580  62.030   3198026.0
2014-10-02  62.120  62.220   2201489.0
2014-10-03  62.460  62.610   1871590.0
2014-10-06  62.710  63.040   2035406.0
2014-10-07  63.070  62.610   1496841.0
2014-10-08  62.820  63.570   3202576.0
2014-10-09  63.710  64.100   2538385.0
2014-10-10  64.280  65.110   3352057.0
2014-10-13  65.090  65.560   2920293.0
2014-10-14  65.810  66.720   4567519.0
2014-10-15  66.350  67.030   4291468.0
2014-10-16  66.510  66.280   3237231.0
2014-10-17  66.700  65.900   2990553.0
2014-10-20  65.920  67.190   1934331.0
2014-10-21  67.260  67.510   1947523.0
2014-10-22  67.630  67.510   1978282.0
2014-10-23  67.760  68.070   2303536.0
2014-10-24  67.940  67.740   1678732.0
2014-10-27  67.840  67.840   1840338.0
2014-10-28  67.690  67.460   2411009.0
2014-10-29  67.650  67.750   2662905.0
2014-10-30  67.260  67.970   2270076.0
2014-10-31  68.580  69.560   3161701.0
2014-11-03  69.680  70.310   2202932.0
2014-11-04  70.110  69.910   1767869.0
2014-11-05  70.060  70.060   2132383.0
2014-11-06  70.060  69.490   1835079.0
2014-11-07  69.480  69.290   2021394.0
2014-11-10  68.990  70.460   2287544.0
2014-11-11  70.659  69.960   1603582.0
2014-11-12  69.800  69.310   1846367.0
2014-11-13  69.500  69.980   1590809.0
2014-11-14  70.090  69.260   1068186.0
2014-11-17  69.040  69.700   1586313.0
2014-11-18  69.500  70.180   1942989.0
2014-11-19  69.900  69.230   1405093.0
2014-11-20  69.230  69.560   1121962.0
2014-11-21  69.920  70.310   1843906.0
2014-11-24  70.200  70.060   1748528.0
2014-11-25  70.200  70.040   1727638.0
2014-11-26  70.200  71.040   1164175.0
2014-11-28  70.870  70.840   1700074.0
2014-12-01  70.930  70.640   1761684.0
2014-12-02  70.770  71.090   2648012.0
2014-12-03  71.040  70.970   1054235.0
2014-12-04  70.970  71.290   1260990.0
2014-12-05  70.810  70.290   2095988.0
2014-12-08  70.580  71.570   1576600.0
2014-12-09  71.320  72.230   1066946.0
2014-12-10  72.160  72.470   1825952.0
2014-12-11  72.900  72.280   1411766.0
2014-12-12  72.090  71.080   1824042.0
2014-12-15  71.100  70.350   1443597.0
2014-12-16  70.730  70.380   1574800.0
2014-12-17  70.630  72.270   2409025.0
2014-12-18  72.580  72.970   1346054.0
2014-12-19  73.280  73.360   3722320.0
2014-12-22  73.500  74.550   1940964.0
2014-12-23  74.290  73.720   1737292.0
2014-12-24  73.690  73.220    661490.0
2014-12-26  73.220  73.590    696067.0
2014-12-29  73.510  73.740   1058667.0
2014-12-30  73.610  72.890   1301468.0
2014-12-31  73.050  71.840   1472479.0
2015-01-02  72.280  73.410   1408947.0
2015-01-05  73.240  74.060   1800293.0
2015-01-06  74.310  74.480   2043199.0
2015-01-07  74.780  75.580   1719631.0
2015-01-08  75.760  76.430   2122400.0
2015-01-09  76.470  77.000   1890404.0
2015-01-12  77.270  77.890   1803308.0
2015-01-13  77.970  77.090   2071558.0
2015-01-14  76.670  78.080   1460900.0
2015-01-15  78.420  78.530   1388031.0
2015-01-16  78.680  79.390   2204285.0
2015-01-20  79.940  77.980   3457183.0
2015-01-21  77.530  77.730   2149673.0
2015-01-22  77.780  79.310   1805056.0
2015-01-23  79.580  79.800   2127956.0
2015-01-26  79.670  80.100   1792807.0
2015-01-27  79.900  80.240   1373438.0
2015-01-28  80.770  79.630   1641685.0
2015-01-29  79.350  79.340   1768605.0
2015-01-30  78.970  77.610   2333060.0
2015-02-02  77.720  77.100   2397703.0
2015-02-03  77.130  77.990   2193612.0
2015-02-04  80.450  78.940   2702182.0
2015-02-05  79.020  80.270   2177743.0
2015-02-06  79.880  78.120   2992413.0
2015-02-09  78.210  77.870   1346679.0
2015-02-10  78.250  77.700   3667034.0
2015-02-11  77.850  77.970   2092617.0
2015-02-12  78.080  79.860   1950674.0
2015-02-13  79.720  78.750   1884956.0
2015-02-17  78.420  79.010   2024515.0
2015-02-18  79.040  79.990   1674654.0
2015-02-19  79.790  77.580   1672279.0
2015-02-20  77.710  78.650   1835806.0
2015-02-23  79.010  79.950   2038824.0
2015-02-24  79.650  77.980   2011255.0
2015-02-25  78.010  77.700   2130917.0
2015-02-26  77.850  76.840   1994824.0
2015-02-27  77.050  77.030   2717801.0
2015-03-02  77.280  77.580   1735765.0
2015-03-03  77.370  77.260   1583455.0
2015-03-04  77.290  76.840   1139661.0
2015-03-05  77.710  77.330   1670400.0
2015-03-06  75.970  75.030   1904984.0
2015-03-09  75.570  75.810   1017259.0
2015-03-10  75.780  75.950   1547713.0
2015-03-11  75.860  75.760   1033197.0
2015-03-12  76.280  77.130   2554502.0
2015-03-13  77.360  77.020   1503405.0
2015-03-16  77.360  78.900   1480308.0
2015-03-17  78.660  78.620   1649194.0
2015-03-18  78.670  80.410   1926098.0
2015-03-19  79.620  79.730   1574800.0
2015-03-20  79.710  81.730   3097571.0
2015-03-23  81.880  81.460   1295890.0
2015-03-24  81.270  80.830   2217597.0
2015-03-25  80.760  78.810   2605798.0
2015-03-26  79.010  78.500   2742787.0
2015-03-27  78.450  78.450   1861417.0
2015-03-30  78.780  78.900   4372956.0
2015-03-31  78.860  77.860   3194271.0
2015-04-01  77.940  77.560   1849644.0
2015-04-02  77.680  78.310   1461666.0
2015-04-06  78.610  79.080   1045799.0
2015-04-07  78.970  77.700   1632425.0
2015-04-08  77.800  78.040   2341964.0
2015-04-09  77.860  75.870   1453837.0
2015-04-10  76.060  75.620   1331300.0
2015-04-13  75.380  75.320   1185774.0
2015-04-14  76.080  76.100   1394505.0
2015-04-15  76.070  75.310   1247918.0
2015-04-16  75.320  75.770   1010026.0
2015-04-17  75.520  75.320   1303286.0
2015-04-20  75.400  75.270   1112665.0
2015-04-21  75.530  75.770   1668273.0
2015-04-22  76.000  76.250   2104852.0
2015-04-23  76.060  76.490    946377.0
2015-04-24  76.490  76.550    835477.0
2015-04-27  76.690  76.690   1396963.0
2015-04-28  76.420  76.530   1754739.0
2015-04-29  75.760  75.420   1894684.0
2015-04-30  74.950  73.860   2344836.0
2015-05-01  74.120  74.770   1601868.0
2015-05-04  75.140  75.200   1267355.0
2015-05-05  74.960  73.030   1525293.0
2015-05-06  73.110  72.460   2342440.0
2015-05-07  72.650  74.180   1491986.0
2015-05-08  75.510  74.840   1512758.0
2015-05-11  74.640  73.370   1476751.0
2015-05-12  72.910  73.810   1444680.0
2015-05-13  74.080  73.400   1565805.0
2015-05-14  73.730  74.940    986147.0
2015-05-15  75.190  75.180   1973874.0
2015-05-18  74.890  74.800   1125384.0
2015-05-19  74.570  74.620   1065956.0
2015-05-20  74.500  74.840   1392910.0
2015-05-21  74.920  74.540    976715.0
2015-05-22  74.320  74.620    921772.0
2015-05-26  74.410  73.950    997912.0
2015-05-27  74.140  75.080   1615279.0
2015-05-28  75.020  74.890   1158691.0
2015-05-29  75.020  74.320   2989426.0
2015-06-01  74.640  75.020   1311209.0
2015-06-02  74.690  73.790   1140091.0
2015-06-03  73.790  71.910   2297410.0
2015-06-04  71.720  71.890   1451795.0
2015-06-05  71.200  71.490   2034000.0
2015-06-08  71.540  71.140   2785291.0
2015-06-09  70.980  70.740   1432946.0
2015-06-10  70.400  70.890   1895521.0
2015-06-11  71.340  71.590   1716186.0
2015-06-12  71.620  71.550   1133039.0
2015-06-15  71.410  71.520   1660878.0
2015-06-16  71.610  72.650   2016063.0
2015-06-17  72.800  73.670   1881359.0
2015-06-18  73.520  74.770   2738276.0
2015-06-19  74.760  74.070   2473619.0
2015-06-22  74.260  72.960   1878825.0
2015-06-23  72.890  71.810   2151140.0
2015-06-24  71.340  71.350   1751933.0
2015-06-25  71.370  70.650   1441602.0
2015-06-26  70.500  71.200   1803613.0
2015-06-29  71.260  70.120   1969831.0
2015-06-30  71.120  70.170   1812390.0
2015-07-01  70.500  71.640   1936854.0
2015-07-02  72.170  72.590   2759993.0
2015-07-06  72.230  72.940   1836701.0
2015-07-07  73.420  74.080   2379030.0
2015-07-08  74.120  74.080   1815535.0
2015-07-09  74.340  74.190   1714550.0
2015-07-10  74.430  74.680   1458880.0
2015-07-13  74.960  74.430   1702927.0
2015-07-14  74.550  74.810   1185020.0
2015-07-15  74.780  74.760   1539403.0
2015-07-16  74.970  75.070   1220309.0
2015-07-17  75.000  74.730   1162503.0
2015-07-20  74.510  75.280   1080190.0
2015-07-21  75.220  74.770   1085967.0
2015-07-22  74.930  75.350    851445.0
2015-07-23  75.250  74.530   1451117.0
2015-07-24  74.450  74.580   2369887.0
2015-07-27  74.740  75.050   1499702.0
2015-07-28  75.330  74.890   1231482.0
2015-07-29  74.800  74.450   2176633.0
2015-07-30  74.170  74.290   2296948.0
2015-07-31  74.940  74.810   1642115.0
2015-08-03  75.000  75.520    924400.0
2015-08-04  75.310  74.570   1312699.0
2015-08-05  74.750  74.500   1375836.0
2015-08-06  74.320  74.770   1523026.0
2015-08-07  74.710  75.200    912085.0
2015-08-10  75.400  75.280   1139005.0
2015-08-11  75.220  76.370   1527364.0
2015-08-12  76.880  76.850   2132959.0
2015-08-13  76.550  76.800   1109510.0
2015-08-14  76.680  77.140    979710.0
2015-08-17  77.130  77.530   1509605.0
2015-08-18  77.510  77.710   1492152.0
2015-08-19  77.250  76.470   2092674.0
2015-08-20  76.200  75.960   1664080.0
2015-08-21  75.770  74.390   2577659.0
2015-08-24  70.000  70.520   2629176.0
2015-08-25  71.990  68.950   2882987.0
2015-08-26  70.080  71.290   2766426.0
2015-08-27  71.990  73.120   1961555.0
2015-08-28  73.010  72.940   1642943.0
2015-08-31  72.680  71.250   3306449.0
2015-09-01  70.050  69.480   1872600.0
2015-09-02  70.280  70.160   1197905.0
2015-09-03  70.490  70.440   1380823.0
2015-09-04  69.800  69.160   1346190.0
2015-09-08  69.950  70.230   1742901.0
2015-09-09  71.210  69.340   1503051.0
2015-09-10  68.990  69.520   1263337.0
2015-09-11  69.510  70.900   2066751.0
2015-09-14  71.120  70.580    887305.0
2015-09-15  70.950  71.820   1258179.0
2015-09-16  71.830  72.360   1450048.0
2015-09-17  71.900  72.610   1439162.0
2015-09-18  71.480  72.110   2933345.0
2015-09-21  72.220  73.140   1366666.0
2015-09-22  72.650  72.520   1536014.0
2015-09-23  72.540  72.860   1430534.0
2015-09-24  72.590  72.270   1864885.0
2015-09-25  72.490  72.870   1644866.0
2015-09-28  72.540  71.330   1742019.0
2015-09-29  71.460  73.550   2044968.0
2015-09-30  74.010  75.120   2774632.0
2015-10-01  75.520  75.270   1378376.0
2015-10-02  75.060  76.080   1156134.0
2015-10-05  76.270  76.420   1522414.0
2015-10-06  76.380  75.670   1620518.0
2015-10-07  75.880  76.720   1656252.0
2015-10-08  76.910  77.350   1228545.0
2015-10-09  77.150  77.490   1071346.0
2015-10-12  77.700  78.130    873393.0
2015-10-13  77.840  77.200   1057557.0
2015-10-14  77.420  76.390   1238673.0
2015-10-15  76.540  78.230   1613682.0
2015-10-16  78.550  78.740   1731217.0
2015-10-19  78.690  80.130   1479662.0
2015-10-20  80.100  79.500   1830964.0
2015-10-21  79.910  79.450   1218711.0
2015-10-22  79.860  79.720   1919029.0
2015-10-23  79.640  79.470   1525294.0
2015-10-26  81.330  80.940   2055024.0
2015-10-27  80.600  79.640   2584361.0
2015-10-28  79.690  78.910   2066053.0
2015-10-29  78.500  78.140   3008146.0
2015-10-30  77.970  77.320   2660822.0
2015-11-02  77.160  80.110   2417481.0
2015-11-03  79.660  79.460   2058292.0
2015-11-04  79.570  79.140   1502647.0
2015-11-05  78.970  79.160   1180812.0
2015-11-06  77.970  76.900   1432880.0
2015-11-09  76.130  76.200   1716088.0
2015-11-10  76.350  77.570   1754086.0
2015-11-11  77.650  78.390   1417120.0
2015-11-12  78.100  77.700   1309015.0
2015-11-13  78.060  77.290   1244239.0
2015-11-16  77.400  78.290   1351686.0
2015-11-17  78.580  78.650    949079.0
2015-11-18  78.870  78.730   1458072.0
2015-11-19  78.970  79.130   1154370.0
2015-11-20  79.570  79.640   1633073.0
2015-11-23  79.930  79.790   1448744.0
2015-11-24  79.150  79.120   1448465.0
2015-11-25  79.260  79.860   1152436.0
2015-11-27  79.680  80.650    599711.0
2015-11-30  80.750  79.820   3296674.0
2015-12-01  80.300  81.130   1460088.0
2015-12-02  80.830  79.930   1765111.0
2015-12-03  79.880  77.630   1978263.0
2015-12-04  78.160  79.660   1646104.0
2015-12-07  79.740  79.110   1204702.0
2015-12-08  79.100  78.650   1430036.0
2015-12-09  78.120  77.570   1316371.0
2015-12-10  77.550  77.210   2031622.0
2015-12-11  76.820  77.550   2013476.0
2015-12-14  77.290  78.190   1639264.0
2015-12-15  78.770  79.320   1233036.0
2015-12-16  79.670  80.830   1704093.0
2015-12-17  80.710  80.580   2874008.0
2015-12-18  79.930  79.900   3442696.0
2015-12-21  80.670  80.080   1594851.0
2015-12-22  80.700  80.030   1858387.0
2015-12-23  79.650  80.760   1065635.0
2015-12-24  80.790  80.870    505606.0
2015-12-28  80.660  81.190    781971.0
2015-12-29  81.720  81.970   1000021.0
2015-12-30  81.970  81.890   1068430.0
2015-12-31  81.760  81.590   1577202.0
2016-01-04  80.790  79.900   1727860.0
2016-01-05  80.150  81.500   1379146.0
2016-01-06  80.760  80.730   1407067.0
2016-01-07  79.560  80.480   1675596.0
2016-01-08  81.060  78.820   1481225.0
2016-01-11  79.150  79.780   1786183.0
2016-01-12  80.860  79.940   2004053.0
2016-01-13  80.090  79.170   1560969.0
2016-01-14  79.330  78.570   2233624.0
2016-01-15  77.140  78.580   2136006.0
2016-01-19  78.670  79.180   1647374.0
2016-01-20  78.430  76.400   2210601.0
2016-01-21  76.780  76.440   1654243.0
2016-01-22  77.370  77.720   1926981.0
2016-01-25  77.610  78.200   1843092.0
2016-01-26  78.350  79.740   1744301.0
2016-01-27  79.650  78.270   1638300.0
2016-01-28  78.120  75.790   2732023.0
2016-01-29  76.630  77.090   3139556.0
2016-02-01  76.190  76.730   2142982.0
2016-02-02  77.000  75.600   2787582.0
2016-02-03  75.800  75.680   3100417.0
2016-02-04  75.270  76.270   2278179.0
2016-02-05  75.940  73.590   2222845.0
2016-02-08  73.280  72.230   2786917.0
2016-02-09  71.950  71.340   2110532.0
2016-02-10  71.860  71.770   1222405.0
2016-02-11  70.710  70.720   2265570.0
2016-02-12  71.670  71.290   1907675.0
2016-02-16  72.030  72.180   1524616.0
2016-02-17  72.330  72.440   2212975.0
2016-02-18  72.320  72.970   1838762.0
2016-02-19  72.950  73.120   1482509.0
2016-02-22  73.680  74.200   1718167.0
2016-02-23  74.860  73.810   1660519.0
2016-02-24  73.500  73.230   1876013.0
2016-02-25  73.870  74.500   2094322.0
2016-02-26  74.490  74.550   3068102.0
2016-02-29  74.660  74.490   3181208.0
2016-03-01  67.160  68.620   3162854.0
2016-03-02  68.570  70.020   2643293.0
2016-03-03  70.030  70.970   2168933.0
2016-03-04  70.970  71.470   2061644.0
2016-03-07  70.990  71.660   1208834.0
2016-03-08  71.710  70.970   2013444.0
2016-03-09  71.000  71.680   1654088.0
2016-03-10  72.390  71.060   2880152.0
2016-03-11  71.970  72.900   2515249.0
2016-03-14  72.710  72.590   1331810.0
2016-03-15  72.510  72.690   1272678.0
2016-03-16  72.510  73.360   1433055.0
2016-03-17  73.490  74.450   1699921.0
2016-03-18  74.700  74.260   3298426.0
2016-03-21  74.160  73.020   2051196.0
2016-03-22  72.470  72.740   1785107.0
2016-03-23  72.820  72.540   1698229.0
2016-03-24  72.190  72.490   1764926.0
2016-03-28  72.560  73.700   1414383.0
2016-03-29  73.640  75.210   1696022.0
2016-03-30  74.820  74.850   1554031.0
2016-03-31  74.960  75.030   2225848.0
2016-04-01  74.710  75.170   1428771.0
2016-04-04  75.260  74.670   1730363.0
2016-04-05  74.290  74.020   1665317.0
2016-04-06  73.890  74.590   1095709.0
2016-04-07  74.330  73.900   1113056.0
2016-04-08  74.220  73.910   1282267.0
2016-04-11  73.330  72.280   2485191.0
2016-04-12  72.360  72.360   2314346.0
2016-04-13  72.740  70.560   3056326.0
2016-04-14  70.300  69.370   2704240.0
2016-04-15  69.350  70.890   2111990.0
2016-04-18  70.900  71.250   2088898.0
2016-04-19  71.510  71.750   1789874.0
2016-04-20  71.820  70.140   1198247.0
2016-04-21  70.140  69.820   1635966.0
2016-04-22  70.000  70.660   1821805.0
2016-04-25  70.470  71.260   1566065.0
2016-04-26  71.370  70.530   2792536.0
2016-04-27  67.680  68.750   3602816.0
2016-04-28  68.290  68.940   2273214.0
2016-04-29  68.510  68.070   2036679.0
2016-05-02  68.720  69.150   1484806.0
2016-05-03  68.890  69.230   1295492.0
2016-05-04  68.610  70.440   2227622.0
2016-05-05  70.290  70.730   1523344.0
2016-05-06  70.680  71.180   1432842.0
2016-05-09  71.260  71.880   1563674.0
2016-05-10  72.100  72.350   2541897.0
2016-05-11  72.270  69.860   3002349.0
2016-05-12  69.960  69.880   1953934.0
2016-05-13  69.680  69.200   1370414.0
2016-05-16  69.060  69.750   1704287.0
2016-05-17  69.710  68.160   1905140.0
2016-05-18  68.380  67.700   3085359.0
2016-05-19  67.030  66.820   1955102.0
2016-05-20  67.220  67.470   1551115.0
2016-05-23  67.630  67.540   1491349.0
2016-05-24  68.080  67.980   2711030.0
2016-05-25  68.190  68.840   2356963.0
2016-05-26  68.780  68.740   1687317.0
2016-05-27  68.810  68.720   1165041.0
2016-05-31  68.890  69.210   1978837.0
2016-06-01  67.890  66.370   4515905.0
2016-06-02  66.810  66.500   4539896.0
2016-06-03  67.010  64.970   2643399.0
2016-06-06  64.970  63.620   3481956.0
2016-06-07  63.880  64.160   2097022.0
2016-06-08  63.650  64.280   1775354.0
2016-06-09  64.150  64.460   1815535.0
2016-06-10  64.020  64.420   2384249.0
2016-06-13  64.500  64.240   2077501.0
2016-06-14  64.320  64.550   2542113.0
2016-06-15  64.670  65.540   2378978.0
2016-06-16  65.370  66.250   2571006.0
2016-06-17  65.990  65.810   3112298.0
2016-06-20  66.590  65.840   2466177.0
2016-06-21  66.010  66.000   2493815.0
2016-06-22  66.210  66.370   2976013.0
2016-06-23  66.410  66.090   2458558.0
2016-06-24  65.000  65.500   3818169.0
2016-06-27  64.880  65.970   2256030.0
2016-06-28  66.490  67.790   2614001.0
2016-06-29  68.000  68.010   1599557.0
2016-06-30  68.050  68.880   1993852.0
2016-07-01  69.010  69.000   2266838.0
2016-07-05  68.980  69.780   2277166.0
2016-07-06  69.610  69.220   2586712.0
2016-07-07  69.070  69.300   2037143.0
2016-07-08  69.830  70.500   2416331.0
2016-07-11  70.610  70.770   2312410.0
2016-07-12  70.430  71.020   1967071.0
2016-07-13  71.310  70.910   2041718.0
2016-07-14  70.810  70.450   1287259.0
2016-07-15  70.550  69.570   1461960.0
2016-07-18  69.730  69.820   1418430.0
2016-07-19  69.700  70.710   1808527.0
2016-07-20  70.630  70.090   1626345.0
2016-07-21  70.000  69.950   1954039.0
2016-07-22  69.960  70.320   2021338.0
2016-07-25  70.480  70.160   1665066.0
2016-07-26  69.700  69.820   1890059.0
2016-07-27  66.370  65.960  11465796.0
2016-07-28  65.740  66.850   4188922.0
2016-07-29  66.850  67.990   3395010.0
2016-08-01  67.990  68.360   2352751.0
2016-08-02  68.220  67.270   2884411.0
2016-08-03  66.800  66.010   3708200.0
2016-08-04  66.040  66.360   2880364.0
2016-08-05  66.570  67.230   2018100.0
2016-08-08  67.320  68.300   2210015.0
2016-08-09  68.300  68.640   2477654.0
2016-08-10  68.570  67.260   2411870.0
2016-08-11  67.330  66.340   1485992.0
2016-08-12  66.400  66.360   1365419.0
2016-08-15  66.440  66.540   1288963.0
2016-08-16  66.220  65.990   1399000.0
2016-08-17  66.110  66.260   1893963.0
2016-08-18  66.060  65.640   1865878.0
2016-08-19  65.380  65.380   1599237.0
2016-08-22  65.500  65.340   1656160.0
2016-08-23  65.680  65.050   1008015.0
2016-08-24  64.740  64.810   1727180.0
2016-08-25  64.770  65.610   1839731.0
2016-08-26  65.650  64.550   2437709.0
2016-08-29  64.640  65.010   1441056.0
2016-08-30  65.000  64.680   1571166.0
2016-08-31  64.650  64.870   3215279.0
2016-09-01  64.900  64.410   1900474.0
2016-09-02  64.680  64.590   1994586.0
2016-09-06  64.680  65.000   2754907.0
2016-09-07  65.000  65.720   2250661.0
2016-09-08  65.370  64.410   4005264.0
2016-09-09  63.760  62.800   3197749.0
2016-09-12  62.510  63.810   2617743.0
2016-09-13  63.270  62.730   2299203.0
2016-09-14  64.440  63.610   2683675.0
2016-09-15  63.560  64.360   2099037.0
2016-09-16  64.020  64.420   4428491.0
2016-09-19  64.560  65.130   1970222.0
2016-09-20  65.450  65.210   2001454.0
2016-09-21  65.310  66.010   4050043.0
2016-09-22  63.090  64.360   3080901.0
2016-09-23  64.130  64.440   3699559.0
2016-09-26  64.190  64.490   3146770.0
2016-09-27  64.870  64.580   3298005.0
2016-09-28  64.710  65.510   2383510.0
2016-09-29  65.160  64.430   2899036.0
2016-09-30  64.930  64.330   3210173.0
2016-10-03  64.080  63.090   2410624.0
2016-10-04  63.400  62.510   3049185.0
2016-10-05  62.570  61.410   4150346.0
2016-10-06  61.040  61.360   3834437.0
2016-10-07  61.660  60.800   2461999.0
2016-10-10  60.800  60.840   1945670.0
2016-10-11  60.810  60.500   2560983.0
2016-10-12  60.660  61.150   3115162.0
2016-10-13  60.830  61.150   2279223.0
2016-10-14  61.270  61.400   2293184.0
2016-10-17  62.210  61.340   1949873.0
2016-10-18  61.990  61.080   2221985.0
2016-10-19  61.060  61.240   2720136.0
2016-10-20  61.190  61.030   1866149.0
2016-10-21  60.570  61.030   1867480.0
2016-10-24  61.390  60.710   1498949.0
2016-10-25  60.040  60.370   2733804.0
2016-10-26  61.440  61.150   2433176.0
2016-10-27  60.970  59.850   2064423.0
2016-10-28  59.990  60.180   1810667.0
2016-10-31  60.540  61.750   2013847.0
2016-11-01  61.640  60.820   2129153.0
2016-11-02  61.060  60.870   2335524.0
2016-11-03  60.890  61.300   2036015.0
2016-11-04  61.500  61.590   1698263.0
2016-11-07  62.330  61.610   1760475.0
2016-11-08  61.660  62.570   1570281.0
2016-11-09  61.410  61.280   2501817.0
2016-11-10  61.440  59.980   2336917.0
2016-11-11  60.000  60.050   2325905.0
2016-11-14  60.100  61.000   3065813.0
2016-11-15  61.250  59.300   3901686.0
2016-11-16  59.180  59.930   2089078.0
2016-11-17  59.870  58.990   1416578.0
2016-11-18  59.150  58.980   1740942.0
2016-11-21  59.050  58.810   1950712.0
2016-11-22  59.040  60.060   2187609.0
2016-11-23  59.770  59.210   1822459.0
2016-11-25  59.300  59.430    773496.0
2016-11-28  59.340  59.980   2226362.0
2016-11-29  60.120  60.490   2596625.0
2016-11-30  60.040  60.010   3672355.0
2016-12-01  59.600  59.700   2997082.0
2016-12-02  60.150  60.500   2080268.0
2016-12-05  60.520  61.090   3081424.0
2016-12-06  61.230  61.790   4399888.0
2016-12-07  61.800  62.630   3291564.0
2016-12-08  62.290  62.900   2003203.0
2016-12-09  62.850  62.870   2807326.0
2016-12-12  62.760  63.020   1620744.0
2016-12-13  63.610  63.150   2083653.0
2016-12-14  63.330  62.790   2452873.0
2016-12-15  62.740  63.000   2287433.0
2016-12-16  63.460  64.050   3408845.0
2016-12-19  64.290  64.140   2121402.0
2016-12-20  64.080  64.410   2303520.0
2016-12-21  64.500  63.460   4001162.0
2016-12-22  62.950  62.970   1578031.0
2016-12-23  63.200  62.950   1238468.0
2016-12-27  63.020  63.190    933456.0
2016-12-28  63.390  62.920   1206611.0
2016-12-29  63.050  63.680   1301937.0
2016-12-30  63.590  64.360   1542237.0
2017-01-03  64.870  63.630   3005055.0
2017-01-04  63.840  64.280   1934044.0
2017-01-05  63.970  65.150   1693783.0
2017-01-06  64.970  65.380   1638043.0
2017-01-09  65.260  64.470   1777888.0
2017-01-10  63.980  63.880   1958785.0
2017-01-11  63.840  63.310   2235644.0
2017-01-12  63.190  64.110   2286706.0
2017-01-13  63.940  63.390   1534872.0
2017-01-17  63.540  63.480   2156642.0
2017-01-18  63.510  63.600   2113681.0
2017-01-19  63.370  63.000   1940869.0
2017-01-20  63.200  63.360   2100723.0
2017-01-23  63.170  63.020   2037116.0
2017-01-24  63.080  62.290   2848908.0
2017-01-25  62.280  61.700   2656312.0
2017-01-26  61.980  61.520   2200727.0
2017-01-27  61.660  61.020   2565287.0
2017-01-30  60.820  60.700   3167707.0
2017-01-31  60.770  60.770   2922953.0
2017-02-01  60.740  59.900   4693219.0
2017-02-02  59.780  60.760   3153574.0
2017-02-03  61.160  60.380   3078513.0
2017-02-06  60.360  60.560   1676819.0
2017-02-07  60.480  60.660   2088517.0
2017-02-08  60.860  61.420   2895140.0
2017-02-09  61.450  61.410   1490260.0
2017-02-10  61.300  61.930   1585651.0
2017-02-13  61.900  62.140   2306979.0
2017-02-14  61.700  62.000   1434196.0
2017-02-15  61.610  61.660   1356693.0
2017-02-16  61.600  61.880   1041376.0
2017-02-17  62.010  61.580   1365607.0
2017-02-21  61.440  62.420   1524772.0
2017-02-22  62.510  61.930   1459081.0
2017-02-23  62.210  62.760   1310582.0
2017-02-24  62.600  62.780   1171473.0
2017-02-27  62.920  63.260   1456181.0
2017-02-28  63.220  63.070   1805762.0
2017-03-01  62.930  63.020   2442026.0
2017-03-02  62.890  63.260   1850162.0
2017-03-03  62.990  62.320   2087114.0
2017-03-06  62.150  62.420   1452228.0
2017-03-07  62.290  62.550   1374345.0
2017-03-08  62.240  62.670   2444579.0
2017-03-09  62.740  62.130   2774643.0
2017-03-10  62.630  61.960   2780150.0
2017-03-13  62.090  62.570   3129171.0
2017-03-14  62.510  62.330   2214655.0
2017-03-15  62.260  63.420   1658972.0
2017-03-16  63.340  63.390   1518326.0
2017-03-17  63.590  63.430   2604217.0
2017-03-20  63.540  63.190   1118939.0
2017-03-21  63.300  62.990   2103425.0
2017-03-22  63.280  63.370   1568562.0
2017-03-23  62.890  63.150   1645031.0
2017-03-24  63.350  62.940   1738667.0
2017-03-27  62.840  62.200   1361362.0
2017-03-28  62.200  62.410   1735659.0
2017-03-29  62.360  62.290   1610196.0
2017-03-30  62.270  62.190   1133124.0
2017-03-31  62.110  62.220   1768571.0
2017-04-03  62.240  62.140   1313498.0
2017-04-04  62.190  62.330   1889152.0
2017-04-05  62.400  63.010   1867527.0
2017-04-06  62.960  62.900   1201909.0
2017-04-07  62.990  63.040   1475521.0
2017-04-10  62.920  63.490   1016576.0
2017-04-11  63.440  63.920   1550542.0
2017-04-12  63.950  63.440   1536129.0
2017-04-13  63.420  63.240   1301646.0
2017-04-17  63.330  64.110   1247013.0
2017-04-18  63.920  64.390   1615289.0
2017-04-19  64.300  64.340   1832059.0
2017-04-20  64.470  64.400   1663646.0
2017-04-21  64.200  64.280   1797650.0
2017-04-24  64.800  64.200   2358658.0
2017-04-25  64.310  64.920   2680285.0
2017-04-26  64.760  65.280   3480797.0
2017-04-27  65.310  64.530   1844070.0
2017-04-28  64.360  64.580   1915320.0
2017-05-01  64.770  64.830   1896114.0
2017-05-02  64.900  64.730   1645695.0
2017-05-03  64.870  63.920   1846542.0
2017-05-04  63.750  64.410   2417785.0
2017-05-05  64.640  65.490   1744107.0
2017-05-08  65.630  65.020   1500109.0
2017-05-09  64.930  64.840   1376624.0
2017-05-10  64.730  65.150   1065392.0
2017-05-11  64.790  64.810   1064143.0
2017-05-12  65.090  64.900   1236751.0
2017-05-15  64.820  64.840   1263002.0
2017-05-16  64.650  64.520   1282568.0
2017-05-17  64.550  64.340   2512706.0
2017-05-18  64.460  65.410   2071515.0
2017-05-19  65.410  65.550   1742757.0
2017-05-22  65.500  65.360   1428859.0
2017-05-23  65.270  64.930   1717889.0
2017-05-24  65.140  65.200   1325068.0
2017-05-25  65.470  65.070   1242735.0
2017-05-26  65.200  65.170    799878.0
2017-05-30  65.160  65.310   1004572.0
2017-05-31  65.330  65.090   2039193.0
2017-06-01  65.060  64.930   1757860.0
2017-06-02  65.290  66.720   2338388.0
2017-06-05  66.410  67.420   1590084.0
2017-06-06  67.390  66.900   1531690.0
2017-06-07  66.900  67.090   1865776.0
2017-06-08  67.180  67.440   1418646.0
2017-06-09  67.310  67.630   1699530.0
2017-06-12  67.420  66.950   1732888.0
2017-06-13  67.060  67.110    931490.0
2017-06-14  67.560  67.190    995599.0
2017-06-15  67.040  67.770   1119826.0
2017-06-16  68.290  68.570   2641356.0
2017-06-19  68.750  68.130   1501971.0
2017-06-20  68.180  68.160   1592426.0
2017-06-21  68.030  68.010   1268202.0
2017-06-22  67.370  67.040   1908911.0
2017-06-23  67.010  67.210   2104683.0
2017-06-26  67.390  67.140    877665.0
2017-06-27  66.900  66.410   1464398.0
2017-06-28  66.520  66.370   1348455.0
2017-06-29  66.200  66.300   1683015.0
2017-06-30  66.280  65.830   2037559.0
2017-07-03  66.040  66.570   1044574.0
2017-07-05  66.670  66.780   2156143.0
2017-07-06  66.130  64.890   2825396.0
2017-07-07  64.920  64.980   1389387.0
2017-07-10  65.150  64.730   1393166.0
2017-07-11  64.900  64.410   1048571.0
2017-07-12  64.660  65.050   1161294.0
2017-07-13  64.980  65.010   1034527.0
2017-07-14  65.320  65.460   1293603.0
2017-07-17  65.470  66.250   1207467.0
2017-07-18  66.140  66.050   1708121.0
2017-07-19  66.050  67.160   1774333.0
2017-07-20  67.130  67.160   1466931.0
2017-07-21  67.130  67.160   1147202.0
2017-07-24  67.180  66.650   1683537.0
2017-07-25  66.660  66.070   1926205.0
2017-07-26  66.080  67.360   1897865.0
2017-07-27  67.230  67.500   1575668.0
2017-07-28  67.620  67.710   1083256.0
2017-07-31  67.730  68.060   1315014.0
2017-08-01  68.200  67.840   1209120.0
2017-08-02  67.640  67.760   1632704.0
2017-08-03  67.640  67.300   1271190.0
2017-08-04  67.310  67.320   1057330.0
2017-08-07  67.210  67.240   1108239.0
2017-08-08  67.110  67.150   2095670.0
2017-08-09  67.330  67.350   1848131.0
2017-08-10  67.170  67.080   1633066.0
2017-08-11  66.870  66.980   1260508.0
2017-08-14  67.230  67.980   1547916.0
2017-08-15  67.820  68.310   1486939.0
2017-08-16  68.440  67.910   1267652.0
2017-08-17  67.800  67.650   1381396.0
2017-08-18  67.530  67.170   2908251.0
2017-08-21  67.290  67.770    975847.0
2017-08-22  67.770  67.740   1017753.0
2017-08-23  67.750  67.980   1246737.0
2017-08-24  68.130  67.970   1479784.0
2017-08-25  68.070  67.940   1120593.0
2017-08-28  67.990  67.370    908924.0
2017-08-29  67.410  67.150   1000558.0
2017-08-30  67.070  67.310   1307804.0
2017-08-31  67.330  67.150   2297724.0
2017-09-01  67.150  66.990   1399498.0
2017-09-05  67.100  67.140   1641649.0
2017-09-06  67.400  67.220   1897664.0
2017-09-07  67.380  67.720   3069858.0
2017-09-08  67.580  68.090   1449241.0
2017-09-11  68.200  68.610   1233302.0
2017-09-12  68.380  67.610   1249653.0
2017-09-13  67.550  67.310   1050032.0
2017-09-14  67.380  67.390   1626519.0
2017-09-15  67.240  67.880   3184810.0
2017-09-18  67.820  67.340   1518575.0
2017-09-19  67.640  66.830   1851388.0
2017-09-20  66.880  66.720   1240628.0
2017-09-21  66.730  66.470   1536091.0
2017-09-22  66.100  65.880   1774875.0
2017-09-25  66.000  66.080   1552215.0
2017-09-26  66.150  66.030   1517108.0
2017-09-27  65.840  65.620   1273084.0
2017-09-28  65.670  65.840   1274521.0
2017-09-29  65.750  65.930   1670845.0
2017-10-02  66.090  65.600   1401278.0
2017-10-03  65.650  65.550   1588656.0
2017-10-04  65.640  66.520   1251549.0
2017-10-05  66.700  66.570   1377099.0
2017-10-06  66.470  66.420   1323880.0
2017-10-09  66.440  66.440   1251145.0
2017-10-10  66.540  66.400   1356158.0
2017-10-11  66.400  66.470   1014375.0
2017-10-12  66.480  67.230   1302501.0
2017-10-13  67.610  67.490   1250614.0
2017-10-16  67.410  67.270   1654000.0
2017-10-17  67.060  66.880   1288460.0
2017-10-18  66.760  66.720   1755301.0
2017-10-19  66.910  66.060   1699873.0
2017-10-20  66.180  66.140   1061594.0
2017-10-23  66.420  66.670   1141299.0
2017-10-24  66.370  65.790   1975978.0
2017-10-25  67.740  66.905   1859279.0
2017-10-26  67.680  67.150   1886828.0
2017-10-27  66.900  67.650   1556319.0
2017-10-30  67.600  67.020   1931755.0
2017-10-31  66.890  67.260   1341783.0
2017-11-01  67.320  67.810    877768.0
2017-11-02  68.000  66.850   1237783.0
2017-11-03  66.400  68.210   1754503.0
2017-11-06  68.680  69.210   1542663.0
2017-11-07  69.390  69.560   1210206.0
2017-11-09  70.100  69.880   1429727.0
2017-11-10  69.570  69.250   1398072.0
2017-11-13  69.150  70.150   1375307.0
2017-11-14  70.090  69.980   1520072.0
2017-11-15  69.970  69.030   1035228.0
2017-11-16  69.070  69.220   1020970.0
2017-11-17  68.980  68.320   1627703.0
2017-11-20  68.270  67.920   1771062.0
2017-11-21  68.220  68.100   2297096.0
2017-11-22  67.990  68.140   1316628.0
2017-11-24  68.310  68.210    655811.0
2017-11-27  68.130  67.630   1253678.0
2017-11-28  67.550  66.900   2452604.0
2017-11-29  66.780  66.740   2048749.0
2017-11-30  67.020  66.820   2430683.0
2017-12-01  67.020  66.530   1128613.0
2017-12-04  66.720  66.300   1573138.0
2017-12-05  66.300  65.510   1113340.0
2017-12-06  65.550  65.400   1042053.0
2017-12-07  65.500  65.150   2216495.0
2017-12-08  65.360  65.810   1348167.0
2017-12-11  65.940  65.920   1078497.0
2017-12-12  65.970  66.300   1668221.0
2017-12-13  66.450  65.630   1323261.0
2017-12-14  65.650  65.400   2807638.0
2017-12-15  66.030  65.660   3084711.0
2017-12-18  65.810  65.600   1569769.0
2017-12-19  65.510  64.300   2465974.0
2017-12-20  64.410  63.810   2065717.0
2017-12-21  63.960  63.390   1644000.0
2017-12-22  63.530  63.800   1067580.0
2017-12-26  63.970  64.100    876619.0
2017-12-27  64.270  64.080   1607867.0
2017-12-28  64.100  64.250   1764020.0
2017-12-29  63.860  63.770   1748155.0
2018-01-02  63.970  63.510   1237119.0
2018-01-03  63.510  63.840   1404449.0
2018-01-04  63.760  62.740   1872266.0
2018-01-05  62.690  62.690   2145533.0
2018-01-08  62.660  63.110   1810407.0
2018-01-09  63.000  62.350   1536726.0
2018-01-10  62.000  61.460   1761413.0
2018-01-11  61.780  60.960   1677643.0
2018-01-12  60.860  60.420   1459544.0
2018-01-16  60.650  60.670   2277842.0
2018-01-17  61.020  60.850   1736965.0
2018-01-18  60.590  60.450   1964062.0
2018-01-19  60.440  60.470   1877215.0
2018-01-22  60.530  61.180   1670939.0
2018-01-23  61.320  61.790   1804927.0
2018-01-24  61.730  61.440   1120595.0
2018-01-25  61.390  61.210   1571793.0
2018-01-26  61.390  61.540   1504791.0
2018-01-29  61.620  61.210   1993687.0
2018-01-30  61.060  60.570   2603815.0
2018-01-31  59.950  61.610   5561725.0
2018-02-01  61.460  60.330   2124240.0
2018-02-02  59.670  59.950   2454305.0
2018-02-05  59.740  58.050   3418102.0
2018-02-06  56.920  57.710   3345544.0
2018-02-07  57.660  56.860   2593297.0
2018-02-08  56.900  55.260   3296617.0
2018-02-09  55.560  56.650   3046067.0
2018-02-12  56.830  56.610   2841237.0
2018-02-13  56.550  56.990   1913994.0
2018-02-14  56.400  56.670   2661002.0
2018-02-15  56.950  57.910   2033456.0
2018-02-16  57.900  57.970   2183335.0
2018-02-20  57.760  57.640   3016983.0
2018-02-21  57.700  55.870   2784988.0
2018-02-22  56.060  56.170   2014959.0
2018-02-23  56.370  56.990   1879442.0
2018-02-26  57.130  57.130   1862376.0
2018-02-27  57.120  55.830   2214821.0
2018-02-28  56.090  56.230   2721150.0
2018-03-01  56.080  56.320   2380414.0
2018-03-02  56.190  55.960   2085312.0
2018-03-05  55.810  56.470   2832934.0
2018-03-06  56.430  56.890   2268078.0
2018-03-07  56.650  57.830   3176358.0
2018-03-08  57.900  58.270   2122018.0
2018-03-09  58.310  59.510   2826725.0
2018-03-12  59.330  59.500   2933103.0
2018-03-13  59.770  59.370   1571618.0
2018-03-14  59.580  59.540   2081740.0
2018-03-15  59.660  59.720   1923621.0
2018-03-16  59.760  60.230   2732714.0
2018-03-19  60.710  60.320   2757641.0
2018-03-20  60.300  60.270   3493168.0
2018-03-21  60.210  60.130   2921558.0
2018-03-22  59.880  59.750   4779848.0
2018-03-23  59.190  58.360   4524038.0
2018-03-26  58.740  58.980   2307924.0
2018-03-27  59.010  59.350   2557594.0