date     open    close      volume
                                       
2013-01-02  54.9800  55.6200   5259100.0
2013-01-03  55.4900  54.7000   5126700.0
2013-01-04  54.7700  55.0002   5143600.0
2013-01-07  54.8800  54.5098   4550200.0
2013-01-08  54.5600  53.9800   4672900.0
2013-01-09  54.1100  55.0300   4515700.0
2013-01-10  55.3100  55.8400   4447400.0
2013-01-11  55.8400  55.6000   4308000.0
2013-01-14  55.4000  54.6900   4585400.0
2013-01-15  54.5100  54.1000   5849700.0
2013-01-16  54.0200  54.3900   5793300.0
2013-01-17  54.6800  55.3400   5292900.0
2013-01-18  55.2200  55.1500   4550200.0
2013-01-22  55.0900  54.5300   5972900.0
2013-01-23  54.4000  53.7900   6512900.0
2013-01-24  54.0900  53.3600   8638700.0
2013-01-25  53.4200  54.1600   6900900.0
2013-01-28  54.4300  53.8300   3806600.0
2013-01-29  53.6800  53.9100   5009900.0
2013-01-30  53.7420  53.7200   4163100.0
2013-01-31  53.5500  53.4200   4637000.0
2013-02-01  53.5800  54.8100   7799000.0
2013-02-04  54.4500  54.1100   3804800.0
2013-02-05  54.5300  55.6700   5344300.0
2013-02-06  55.3600  54.7000   6866700.0
2013-02-07  54.8300  55.0100   4398200.0
2013-02-08  55.2700  55.7400   3413700.0
2013-02-11  56.0400  55.0500   3512600.0
2013-02-12  55.0100  54.3400   5724500.0
2013-02-13  54.3500  55.4300   4581900.0
2013-02-14  55.2600  55.1000   7917100.0
2013-02-15  55.1700  55.5700   9793600.0
2013-02-19  58.3000  56.9800  16581500.0
2013-02-20  56.7600  57.2950   8679900.0
2013-02-21  57.2100  56.2700   7979900.0
2013-02-22  56.5400  55.6300   8332100.0
2013-02-25  56.0000  55.1800   8593300.0
2013-02-26  55.2700  55.1200   9532700.0
2013-02-27  54.8700  55.4100   8056100.0
2013-02-28  55.3200  56.9300   8627700.0
2013-03-01  56.5600  57.3600   5839700.0
2013-03-04  57.2700  57.8800   3599000.0
2013-03-05  57.9700  58.1100   5779800.0
2013-03-06  58.3200  58.1700   3588300.0
2013-03-07  58.5000  58.6900   6218800.0
2013-03-08  58.9700  58.8100   3729500.0
2013-03-11  58.6800  59.3500   4602200.0
2013-03-12  59.0940  59.4200   3943200.0
2013-03-13  59.6000  59.5400   5496900.0
2013-03-14  59.6800  58.5900  10316000.0
2013-03-15  58.6800  59.7700  10870000.0
2013-03-18  59.3100  59.1900   5033000.0
2013-03-19  59.1300  59.1800   4538300.0
2013-03-20  59.6000  59.1900   4093900.0
2013-03-21  58.7900  58.3400   4083800.0
2013-03-22  58.5400  57.9300   3997200.0
2013-03-25  58.0700  57.7400   4037600.0
2013-03-26  57.9800  58.4100   3403600.0
2013-03-27  58.3100  58.0600   3048900.0
2013-03-28  58.0000  57.6200   4779600.0
2013-04-01  57.5500  57.8000   4238500.0
2013-04-02  58.1800  58.4600   5533900.0
2013-04-03  58.3800  57.6100   5360700.0
2013-04-04  57.6400  57.4400   4028500.0
2013-04-05  56.6000  57.0000   4642700.0
2013-04-08  56.9900  57.2700   3867700.0
2013-04-09  57.5000  57.3400   2641500.0
2013-04-10  57.6300  58.1100   4489700.0
2013-04-11  58.0700  57.6000   3637600.0
2013-04-12  57.6200  56.3000   8195700.0
2013-04-15  55.9600  55.2600   4461800.0
2013-04-16  55.4000  56.1900   7967800.0
2013-04-17  55.8400  55.6000   4432000.0
2013-04-18  55.6300  55.6300   4396100.0
2013-04-19  55.1400  55.3500   5756000.0
2013-04-22  55.4900  55.4300   2692800.0
2013-04-23  55.7400  56.4500   6275500.0
2013-04-24  56.5600  56.6800   3546300.0
2013-04-25  56.7800  58.0000   5603100.0
2013-04-26  57.9700  57.9100   4642200.0
2013-04-29  57.9100  58.4400   7691400.0
2013-04-30  60.0000  59.3700  11505300.0
2013-05-01  59.2300  59.6300   5317500.0
2013-05-02  59.9800  61.0000   7767300.0
2013-05-03  61.2100  61.5600   6064200.0
2013-05-06  61.3900  60.4000   4855200.0
2013-05-07  60.3300  61.1200   3930300.0
2013-05-08  61.1400  61.3200   4335000.0
2013-05-09  61.3400  61.5800   5360000.0
2013-05-10  61.6000  61.4000   4853000.0
2013-05-13  61.6600  61.9400   4369800.0
2013-05-14  61.7700  60.9300   5561600.0
2013-05-15  61.0000  61.3800   4460000.0
2013-05-16  61.1400  60.7000   5949100.0
2013-05-17  61.0000  61.8700   5161800.0
2013-05-20  61.5900  61.3300   3223000.0
2013-05-21  61.3700  61.3100   3970000.0
2013-05-22  61.4700  62.4900   8216100.0
2013-05-23  61.9400  62.8800   5955000.0
2013-05-24  62.3400  62.6800   4836900.0
2013-05-28  63.7400  63.6000   5354100.0
2013-05-29  63.4000  63.0100   4527300.0
2013-05-30  62.8700  63.6000   3499600.0
2013-05-31  63.1800  62.1200   4375300.0
2013-06-03  62.1800  62.8700   5764200.0
2013-06-04  62.7600  62.3500   4209700.0
2013-06-05  62.0600  61.2700   5338400.0
2013-06-06  61.6000  61.6100   3715100.0
2013-06-07  62.7400  62.5000   5436800.0
2013-06-10  62.3400  62.7300   3612100.0
2013-06-11  62.0500  62.1600   4535400.0
2013-06-12  62.6400  61.8900   3384600.0
2013-06-13  61.9800  62.0000   4292200.0
2013-06-14  61.7600  61.9400   3957800.0
2013-06-17  62.1800  62.9800   3822800.0
2013-06-18  63.1400  62.9400   3508800.0
2013-06-19  63.0600  62.3500   2767100.0
2013-06-20  61.9000  61.2800   5107400.0
2013-06-21  61.5100  61.9610   9641500.0
2013-06-24  61.6100  61.4000   2932300.0
2013-06-25  61.6600  61.2600   4162000.0
2013-06-26  61.5500  61.3800   3367200.0
2013-06-27  61.9300  62.1100   3034100.0
2013-06-28  61.7300  61.7400   4556500.0
2013-07-01  62.7300  61.9200   3607500.0
2013-07-02  61.5300  62.4400   3099300.0
2013-07-03  61.9000  62.3700   1844000.0
2013-07-05  62.6700  62.9500   2118100.0
2013-07-08  63.0100  63.2700   3275900.0
2013-07-09  63.6500  63.8200   4676100.0
2013-07-10  63.6700  64.3100   2797500.0
2013-07-11  64.8300  64.7600   3450100.0
2013-07-12  64.9100  65.3000   4183600.0
2013-07-15  65.2000  65.0200   2926600.0
2013-07-16  65.2400  64.9300   3424200.0
2013-07-17  65.2200  66.1700   5255200.0
2013-07-18  66.6100  66.4700   4847600.0
2013-07-19  66.7300  66.5000   3093200.0
2013-07-22  67.4200  67.0700   3559300.0
2013-07-23  67.1800  67.2700   2732400.0
2013-07-24  67.1700  66.8200   3713700.0
2013-07-25  66.5700  66.7300   2841100.0
2013-07-26  66.4499  67.6600   4043500.0
2013-07-29  67.2100  66.9300   5415400.0
2013-07-30  65.5000  64.9400   9233600.0
2013-07-31  65.2300  65.5500   6963900.0
2013-08-01  66.2000  65.5600   4910000.0
2013-08-02  65.5100  65.1500   5873500.0
2013-08-05  65.2300  65.8300   3704900.0
2013-08-06  65.6900  66.2700   3616900.0
2013-08-07  66.1400  65.9300   3607400.0
2013-08-08  66.4100  65.8800   7389900.0
2013-08-09  65.6500  65.1800   5556100.0
2013-08-12  64.8000  65.1400   3180500.0
2013-08-13  65.0500  65.4200   3806100.0
2013-08-14  65.5700  65.4300   3218700.0
2013-08-15  64.9400  63.9700   3561000.0
2013-08-16  63.9200  64.6100   4515000.0
2013-08-19  64.4200  64.2600   3248300.0
2013-08-20  64.2000  64.6400   2534000.0
2013-08-21  64.2400  64.1400   2856500.0
2013-08-22  64.1100  64.6500   2644500.0
2013-08-23  64.5100  64.8400   2153400.0
2013-08-26  65.1400  64.7200   2679500.0
2013-08-27  64.2500  64.0300   4472200.0
2013-08-28  64.0000  63.9500   3164700.0
2013-08-29  63.6300  63.8500   2198000.0
2013-08-30  64.0100  63.8800   2502800.0
2013-09-03  64.4800  64.5000   3662400.0
2013-09-04  64.2600  64.5600   3163300.0
2013-09-05  64.3300  64.9200   2196800.0
2013-09-06  65.2400  65.5200   3052000.0
2013-09-09  65.3500  64.7700   6309700.0
2013-09-10  65.0000  65.6100   4027900.0
2013-09-11  65.8300  66.1000   3431200.0
2013-09-12  66.0200  65.6300   1700200.0
2013-09-13  65.9900  65.7300   1995500.0
2013-09-16  66.5100  65.7700   2304700.0
2013-09-17  65.8500  65.9500   2875100.0
2013-09-18  65.7800  62.8900  16278300.0
2013-09-19  63.3300  61.9400  12418200.0
2013-09-20  62.1100  62.0500  10101900.0
2013-09-23  62.1400  62.2800   7459800.0
2013-09-24  62.3100  60.9400   8017400.0
2013-09-25  61.1700  62.6300  10060500.0
2013-09-26  62.9800  62.5400   5093300.0
2013-09-27  62.1200  61.9300   3754600.0
2013-09-30  61.6200  61.8000   5386400.0
2013-10-01  62.0100  62.6300   3815500.0
2013-10-02  62.2300  62.4100   3984200.0
2013-10-03  62.1400  61.6300   4579800.0
2013-10-04  61.8000  62.5300   4383100.0
2013-10-07  61.9600  62.6000   3708100.0
2013-10-08  62.5200  61.8000   3955400.0
2013-10-09  61.9000  61.5500   4332000.0
2013-10-10  62.2000  62.5400   3562200.0
2013-10-11  62.2100  63.0600   2990100.0
2013-10-14  62.7700  63.0700   2348300.0
2013-10-15  63.1200  63.4200   3405800.0
2013-10-16  63.8600  63.9400   3948000.0
2013-10-17  63.8000  64.1800   3650300.0
2013-10-18  64.1600  63.7600   4832400.0
2013-10-21  63.5100  64.2900   3123700.0
2013-10-22  64.5000  64.3800   4189500.0
2013-10-23  63.9100  63.8500   3430500.0
2013-10-24  64.3300  63.7400   5357800.0
2013-10-25  61.9900  60.8800  20811300.0
2013-10-28  61.2200  61.9100   6071800.0
2013-10-29  62.1500  61.8800   6589200.0
2013-10-30  61.9800  62.3210   4623800.0
2013-10-31  62.5600  62.5200   5874500.0
2013-11-01  62.9300  62.3700   6608200.0
2013-11-04  62.4200  62.2500   5635800.0
2013-11-05  62.0700  63.4600   6066800.0
2013-11-06  63.7100  64.8600   6325200.0
2013-11-07  65.0200  64.0800   5532400.0
2013-11-08  64.2500  64.2000   5125200.0
2013-11-11  64.0600  64.8200   3693500.0
2013-11-12  64.5200  64.6600   5389400.0
2013-11-13  64.2200  65.9300   5265100.0
2013-11-14  65.8000  66.4400   4802900.0
2013-11-15  66.3500  65.3400   5975700.0
2013-11-18  65.3400  64.9900   5642900.0
2013-11-19  65.1600  64.8900   5652000.0
2013-11-20  65.0500  65.1800   5108800.0
2013-11-21  65.2700  65.8850   3330100.0
2013-11-22  66.0000  66.3900   3744200.0
2013-11-25  66.9400  66.6400   3743600.0
2013-11-26  66.5000  67.2600   6069600.0
2013-11-27  67.3500  67.5000   3847500.0
2013-11-29  67.5300  67.3500   2454900.0
2013-12-02  67.3200  67.0300   3903200.0
2013-12-03  66.7100  66.6500   3388700.0
2013-12-04  66.5100  67.1800   4877100.0
2013-12-05  67.0100  66.7700   4294600.0
2013-12-06  67.5600  66.9500   3243200.0
2013-12-09  67.3000  67.1600   3141000.0
2013-12-10  67.4100  67.7300   4896100.0
2013-12-11  67.5100  67.2400   5079900.0
2013-12-12  67.0300  66.7100   3701000.0
2013-12-13  67.3800  66.6200   3683300.0
2013-12-16  66.9800  67.4050   2971300.0
2013-12-17  67.2000  66.8900   3918600.0
2013-12-18  66.9100  67.9800   4665800.0
2013-12-19  67.9800  67.8850   3664000.0
2013-12-20  68.2000  68.9600   8623500.0
2013-12-23  69.4000  69.9800   3281300.0
2013-12-24  69.8000  69.5200   1143800.0
2013-12-26  69.7600  70.1300   3676300.0
2013-12-27  70.4100  70.6000   3162100.0
2013-12-30  70.4000  70.1900   2387000.0
2013-12-31  70.4100  70.2400   2009300.0
2014-01-02  70.0000  69.9550   2895400.0
2014-01-03  69.9500  70.0000   3899200.0
2014-01-06  70.1300  69.8800   3579000.0
2014-01-07  69.8300  69.8400   4476700.0
2014-01-08  70.0700  71.0300   6593700.0
2014-01-09  71.2300  72.3800   7051600.0
2014-01-10  72.4500  72.8600   4511200.0
2014-01-13  72.9000  72.6200   5410300.0
2014-01-14  72.8200  73.0100   3495900.0
2014-01-15  73.2800  73.2100   3971500.0
2014-01-16  73.5800  72.9000   3154100.0
2014-01-17  73.3500  73.6200   4737900.0
2014-01-21  74.3500  74.6000   4002100.0
2014-01-22  74.8400  74.6900   5764400.0
2014-01-23  74.5100  74.4300   4366100.0
2014-01-24  73.8300  73.3200   5134300.0
2014-01-27  73.4600  73.3500   4967100.0
2014-01-28  73.8400  74.2600   4161600.0
2014-01-29  74.4800  73.7100   4560100.0
2014-01-30  74.4000  74.6600   7248100.0
2014-01-31  73.4800  74.6900   4296800.0
2014-02-03  75.2100  74.1500   6050900.0
2014-02-04  75.4800  73.3700   5216800.0
2014-02-05  72.9800  73.2900   3918200.0
2014-02-06  73.7100  73.9800   3424400.0
2014-02-07  74.0000  74.3800   4183000.0
2014-02-10  74.2200  74.7000   4128100.0
2014-02-11  74.7700  75.5500   4298000.0
2014-02-12  75.8600  75.9400   3682400.0
2014-02-13  75.5400  76.6000   4478700.0
2014-02-14  76.2900  76.7500   3946700.0
2014-02-18  76.4500  76.6800   5996900.0
2014-02-19  76.5100  76.3800   5134900.0
2014-02-20  76.6400  77.1200   7654200.0
2014-02-21  75.0000  74.0100  15382000.0
2014-02-24  74.0100  74.3500   6990600.0
2014-02-25  73.9600  74.0800   5866400.0
2014-02-26  73.9300  74.0000   4865500.0
2014-02-27  73.8000  74.5600   5984400.0
2014-02-28  74.8100  75.3100   8070600.0
2014-03-03  74.7700  74.4600   4521600.0
2014-03-04  75.1500  75.6600   5667600.0
2014-03-05  75.9600  77.1500   6737700.0
2014-03-06  77.0100  78.0900   8534200.0
2014-03-07  78.3400  78.3000   4784300.0
2014-03-10  77.8000  78.6400   4680600.0
2014-03-11  78.9500  78.5900   5598300.0
2014-03-12  78.3000  78.4600   3804100.0
2014-03-13  78.7000  78.0000   4405400.0
2014-03-14  77.7500  77.3600   4496800.0
2014-03-17  77.5100  76.6900   4997900.0
2014-03-18  76.7600  77.0700   6575900.0
2014-03-19  77.0800  77.5500   5149400.0
2014-03-20  77.3300  77.9200   3478800.0
2014-03-21  78.7000  76.9900  14370300.0
2014-03-24  77.1400  75.8500   4587000.0
2014-03-25  76.2200  75.5400   4299000.0
2014-03-26  75.6300  75.4000   5309000.0
2014-03-27  75.2000  75.2600   3564300.0
2014-03-28  75.0600  75.5200   2913800.0
2014-03-31  76.0900  75.0900   4702500.0
2014-04-01  75.5000  76.0800   3790000.0
2014-04-02  76.1000  75.6000   3259400.0
2014-04-03  75.7500  74.9200   3785800.0
2014-04-04  75.2500  73.2800   6719700.0
2014-04-07  73.1600  72.7100   5719600.0
2014-04-08  72.7000  72.7700   5130000.0
2014-04-09  72.9900  74.2200   4012500.0
2014-04-10  74.8900  71.9500   8561500.0
2014-04-11  71.5400  72.1500   6117300.0
2014-04-14  72.5100  72.2400   3930200.0
2014-04-15  72.6700  73.6240   5004400.0
2014-04-16  75.0800  73.1800   5196700.0
2014-04-17  73.2800  72.2900   5337000.0
2014-04-21  73.1400  71.3300   6872100.0
2014-04-22  71.1500  70.9600   5393400.0
2014-04-23  70.9800  70.9300   4765200.0
2014-04-24  71.1100  71.4300   5110600.0
2014-04-25  71.6500  71.0400   4716300.0
2014-04-28  71.2800  70.5900   4726200.0
2014-04-29  70.7700  71.0100   6212000.0
2014-04-30  66.0700  66.5800  20945100.0
2014-05-01  66.6200  66.1700   7111700.0
2014-05-02  66.7600  67.2300   6515900.0
2014-05-05  66.8200  66.8300   5983500.0
2014-05-06  66.8300  67.0100   8258800.0
2014-05-07  66.7800  67.0500   6007200.0
2014-05-08  67.0100  67.0400   5195000.0
2014-05-09  66.7200  67.8000   3801400.0
2014-05-12  68.1200  68.5200   5212300.0
2014-05-13  68.2800  68.4300   5540900.0
2014-05-14  68.4000  68.4100   5016900.0
2014-05-15  68.0600  68.3700   6582500.0
2014-05-16  68.3800  68.7200   6485400.0
2014-05-19  68.3800  68.8700   4587700.0
2014-05-20  68.6600  69.1400   5295200.0
2014-05-21  69.3500  69.8400   5323500.0
2014-05-22  69.9200  70.2500   4686500.0
2014-05-23  69.8100  70.1400   4608800.0
2014-05-27  70.0900  70.6500   6335800.0
2014-05-28  70.8300  71.0900   2854900.0
2014-05-29  71.0700  71.0600   4037300.0
2014-05-30  71.1300  71.4700   5550900.0
2014-06-02  70.8700  70.0400   5821700.0
2014-06-03  69.7000  69.5900   4402500.0
2014-06-04  69.7100  70.4900   4668900.0
2014-06-05  70.4200  71.1200   5135600.0
2014-06-06  71.5200  71.3800   4853800.0
2014-06-09  71.2100  71.6700   2856900.0
2014-06-10  71.3700  71.6500   3151700.0
2014-06-11  71.5400  71.5600   3925300.0
2014-06-12  71.1900  71.5700   4936300.0
2014-06-13  71.8100  71.5900   5112600.0
2014-06-16  71.0100  70.7400   3761200.0
2014-06-17  70.6300  69.8500   5236300.0
2014-06-18  68.9200  68.2900   9767500.0
2014-06-19  68.6500  68.5400   9579100.0
2014-06-20  68.9000  68.7400   5715100.0
2014-06-23  68.6400  68.6500   4439500.0
2014-06-24  68.7200  68.4800   2881000.0
2014-06-25  68.8900  69.1400   4306800.0
2014-06-26  69.0800  68.8400   3494900.0
2014-06-27  69.1000  69.6000   3774200.0
2014-06-30  69.3700  69.3300   4135000.0
2014-07-01  69.9200  69.0700   3418500.0
2014-07-02  69.0000  69.0075   3274000.0
2014-07-03  69.3400  69.4300   2045100.0
2014-07-07  69.4400  69.1100   2593500.0
2014-07-08  68.8900  67.6200   5320200.0
2014-07-09  68.0400  67.8100   4819000.0
2014-07-10  67.4300  67.7050   3743800.0
2014-07-11  67.7500  67.8000   2583500.0
2014-07-14  68.0500  67.9000   3813900.0
2014-07-15  68.0000  68.0700   4899700.0
2014-07-16  68.2100  65.9400  12674300.0
2014-07-17  65.9900  65.6000   6413600.0
2014-07-18  66.0600  66.0000   4569800.0
2014-07-21  65.8000  65.7400   3681600.0
2014-07-22  65.9800  66.6400   5135600.0
2014-07-23  66.0000  66.0200   6645600.0
2014-07-24  66.1700  66.5200   7123500.0
2014-07-25  66.1500  66.3500   4357200.0
2014-07-28  66.7500  65.9000  10016600.0
2014-07-29  66.0000  67.2800   7197200.0
2014-07-30  69.7600  70.6100  11250500.0
2014-07-31  70.1100  69.6500   5340700.0
2014-08-01  69.6200  70.1700   5266500.0
2014-08-04  70.0000  71.0100   4594300.0
2014-08-05  70.2200  70.4300   5398100.0
2014-08-06  70.3400  70.5000   4938300.0
2014-08-07  70.6200  70.5300   4593000.0
2014-08-08  70.8600  71.4000   3884800.0
2014-08-11  71.3500  71.7900   3910100.0
2014-08-12  71.6200  71.6950   3592800.0
2014-08-13  71.5500  71.8900   4435000.0
2014-08-14  72.0900  72.8200   3839400.0
2014-08-15  73.2200  73.0400   4562400.0
2014-08-18  73.2000  73.8400   3249100.0
2014-08-19  73.9700  74.2000   3341500.0
2014-08-20  73.8800  74.8700   4067600.0
2014-08-21  74.7300  75.3500   3865200.0
2014-08-22  75.1000  75.0300   3955700.0
2014-08-25  75.3800  75.2200   2324700.0
2014-08-26  75.1600  75.0800   2778300.0
2014-08-27  75.0000  74.7200   2545000.0
2014-08-28  74.6100  73.8200   3118100.0
2014-08-29  74.4900  73.9300   3662900.0
2014-09-02  74.2000  73.4500   3161300.0
2014-09-03  73.7200  73.6700   3226900.0
2014-09-04  73.8000  73.2200   2770200.0
2014-09-05  73.3000  75.5100   6197600.0
2014-09-08  75.2500  74.8200   3151400.0
2014-09-09  74.9000  74.6500   3586000.0
2014-09-10  75.2300  75.0500   2883300.0
2014-09-11  74.2600  74.8500   3880500.0
2014-09-12  74.6200  73.7350   3442600.0
2014-09-15  73.9000  73.3900   2647600.0
2014-09-16  73.4700  74.0400   2498200.0
2014-09-17  73.8900  73.9300   2248300.0
2014-09-18  73.9500  74.6000   2565300.0
2014-09-19  74.8000  74.3500  12136800.0
2014-09-22  74.0900  72.8200   3627400.0
2014-09-23  72.4100  71.9500   3517000.0
2014-09-24  71.9500  72.7700   2773064.0
2014-09-25  72.6000  71.9800   3763810.0
2014-09-26  71.8500  71.6000   2940330.0
2014-09-29  70.8900  71.4000   1923253.0
2014-09-30  71.0200  70.6300   3144278.0
2014-10-01  70.7500  70.0700   4596807.0
2014-10-02  70.0500  70.4500   3108725.0
2014-10-03  70.6100  71.3200   2685348.0
2014-10-06  71.4900  70.8750   2408626.0
2014-10-07  70.3700  69.6500   3117285.0
2014-10-08  69.7900  71.5700   3255576.0
2014-10-09  71.3800  70.4400   2671664.0
2014-10-10  70.2700  70.5600   3686121.0
2014-10-13  70.3100  70.5600   3163513.0
2014-10-14  71.0800  70.4000   4094920.0
2014-10-15  69.7100  70.0600   5227138.0
2014-10-16  69.0500  69.9700   4426018.0
2014-10-17  70.1500  70.7400   3529660.0
2014-10-20  70.5200  71.5200   2195261.0
2014-10-21  72.0000  74.0300   5182243.0
2014-10-22  73.8900  73.0000   4721072.0
2014-10-23  73.7900  73.0600   4072107.0
2014-10-24  73.4300  73.6500   2635891.0
2014-10-27  73.6800  73.2800   4187902.0
2014-10-28  73.5700  74.4100   3462396.0
2014-10-29  73.8900  74.0300   7043421.0
2014-10-30  74.0000  75.5400   6350383.0
2014-10-31  76.7500  76.8200   6258543.0
2014-11-03  76.8200  77.1000   3070671.0
2014-11-04  77.0300  77.0400   2818202.0
2014-11-05  77.0900  77.1500   2852556.0
2014-11-06  77.1500  77.9200   2783935.0
2014-11-07  78.0000  77.8700   2962670.0
2014-11-10  77.6400  77.9900   3357449.0
2014-11-11  78.0400  77.7400   3144266.0
2014-11-12  77.5500  77.8400   3148090.0
2014-11-13  76.8800  77.9000   3274469.0
2014-11-14  78.1000  77.8700   2856599.0
2014-11-17  78.2300  79.0600   3924177.0
2014-11-18  78.8800  79.3100   3554939.0
2014-11-19  79.0200  79.4700   3802566.0
2014-11-20  79.3300  79.8900   2892453.0
2014-11-21  80.6100  80.9000   4205005.0
2014-11-24  80.9300  81.1100   3306777.0
2014-11-25  81.1000  81.5200   5924538.0
2014-11-26  81.6500  82.3400   2978945.0
2014-11-28  82.8000  83.1500   1728677.0
2014-12-01  82.9900  83.6500   3991513.0
2014-12-02  83.5400  84.1200   3479918.0
2014-12-03  84.3200  84.3000   3987473.0
2014-12-04  83.9600  84.0300   3549883.0
2014-12-05  84.2700  84.5800   2684530.0
2014-12-08  84.5200  84.8700   3503104.0
2014-12-09  84.4400  85.6800   3814030.0
2014-12-10  84.9700  83.7000   2822382.0
2014-12-11  84.0000  83.9800   2533814.0
2014-12-12  83.3000  82.8800   2856604.0
2014-12-15  83.2900  82.7700   3181942.0
2014-12-16  81.0000  79.4500   8387385.0
2014-12-17  79.3600  79.9400   6292737.0
2014-12-18  80.8000  80.4800   4539452.0
2014-12-19  80.6100  80.9700  10130127.0
2014-12-22  81.2500  82.3350   3276343.0
2014-12-23  82.8200  85.8800   6283202.0
2014-12-24  85.8300  85.4800   1643213.0
2014-12-26  85.7400  85.7350   1956750.0
2014-12-29  85.7400  85.9600   2112417.0
2014-12-30  85.6000  85.7500   1738611.0
2014-12-31  86.1700  84.6700   2648937.0
2015-01-02  84.9100  84.6500   2491061.0
2015-01-05  84.4900  84.2200   4429769.0
2015-01-06  84.2500  83.2800   3966822.0
2015-01-07  83.6100  84.5600   3442039.0
2015-01-08  85.1900  86.4100   4480717.0
2015-01-09  86.0800  84.9000   2600906.0
2015-01-12  85.1300  83.0800   9929662.0
2015-01-13  83.8100  83.5800   2959017.0
2015-01-14  82.6200  84.2600   4435546.0
2015-01-15  84.9500  84.3000   3394349.0
2015-01-16  84.1900  85.3800   3369775.0
2015-01-20  85.2700  83.4800   5339494.0
2015-01-21  83.0900  83.5400   3761687.0
2015-01-22  83.7900  84.9900   3716923.0
2015-01-23  85.2100  84.8000   2449656.0
2015-01-26  85.0000  84.7500   3548789.0
2015-01-27  84.3000  83.6700   2878775.0
2015-01-28  83.5400  81.9500   5764361.0
2015-01-29  82.2000  82.2800   4543898.0
2015-01-30  81.8700  80.7100   4553327.0
2015-02-02  81.3300  81.7800   5404368.0
2015-02-03  81.8400  81.8700   4300270.0
2015-02-04  82.0600  82.3400   6078361.0
2015-02-05  82.7500  82.6950   1812890.0
2015-02-06  83.1300  81.8400   2305720.0
2015-02-09  82.0000  81.2400   3072053.0
2015-02-10  81.5900  82.2400   3319742.0
2015-02-11  82.2300  84.7900   4142360.0
2015-02-12  85.0000  84.5000   3445086.0
2015-02-13  84.5700  84.9000   2097952.0
2015-02-17  84.6000  85.1900   2838319.0
2015-02-18  85.1000  85.1700   2318351.0
2015-02-19  85.0700  85.5000   2971485.0
2015-02-20  85.6200  86.0800   3754892.0
2015-02-23  86.0800  86.7200   5345794.0
2015-02-24  88.0000  87.6200   5942323.0
2015-02-25  87.4400  85.0900   5194317.0
2015-02-26  84.8300  84.5400   6628483.0
2015-02-27  84.7400  84.7900   3398753.0
2015-03-02  84.3900  84.9300   2605202.0
2015-03-03  84.7600  84.3500   2098736.0
2015-03-04  84.0800  84.8300   2912639.0
2015-03-05  83.0900  84.2800   3457749.0
2015-03-06  84.0000  82.2700   3552327.0
2015-03-09  82.3900  81.8900   3419717.0
2015-03-10  81.7000  81.3900   3091481.0
2015-03-11  81.6200  81.2400   3018496.0
2015-03-12  81.6600  82.2850   2207611.0
2015-03-13  81.7900  81.3700   3089808.0
2015-03-16  81.9300  83.6500   3494399.0
2015-03-17  83.0400  83.0100   1864793.0
2015-03-18  83.1300  83.2900   3764528.0
2015-03-19  83.3100  83.9500   2710393.0
2015-03-20  84.5200  85.3800   7753236.0
2015-03-23  85.3300  85.3100   2461843.0
2015-03-24  85.1300  84.0600   2572850.0
2015-03-25  83.8700  83.4500   4111646.0
2015-03-26  82.9400  82.9900   2894201.0
2015-03-27  83.0200  82.3800   2606417.0
2015-03-30  82.8100  85.4050   5932563.0
2015-03-31  85.3800  86.7700   6738520.0
2015-04-01  86.9900  84.2300   5290866.0
2015-04-02  84.4900  84.5800   2622659.0
2015-04-06  84.1800  84.8800   2206974.0
2015-04-07  84.3400  84.1150   1741886.0
2015-04-08  84.3200  84.3600   2253671.0
2015-04-09  85.1600  88.4700   8641569.0
2015-04-10  88.3900  88.8500   4469850.0
2015-04-13  88.7800  88.0950   2863931.0
2015-04-14  88.0800  88.0600   2449397.0
2015-04-15  88.2700  87.0600   4172564.0
2015-04-16  86.8500  86.3700   2553722.0
2015-04-17  85.5000  85.5500   3491288.0
2015-04-20  85.7900  85.7800   2075349.0
2015-04-21  86.2100  86.1000   1805842.0
2015-04-22  86.1900  86.1200   2417562.0
2015-04-23  85.9200  86.8900   3131924.0
2015-04-24  86.9700  87.3400   2512079.0
2015-04-27  87.5500  86.8400   3371961.0
2015-04-28  86.3400  87.5000   3776624.0
2015-04-29  88.9900  84.7900   7154906.0
2015-04-30  84.7700  86.4000   9928669.0
2015-05-01  86.9500  86.5200   2892372.0
2015-05-04  86.4700  87.4000   4503075.0
2015-05-05  87.3200  84.6100   4413385.0
2015-05-06  84.7300  84.0800   4268226.0
2015-05-07  83.7900  83.8500   4129515.0
2015-05-08  84.8600  85.7100   6803206.0
2015-05-11  85.5500  86.1200   2676061.0
2015-05-12  85.4100  85.8950   2872359.0
2015-05-13  85.5500  85.7800   6005585.0
2015-05-14  86.6000  87.4600   9652086.0
2015-05-15  87.8600  87.3700   6730963.0
2015-05-18  87.1300  87.4300   2470097.0
2015-05-19  87.6100  88.7500   3543909.0
2015-05-20  88.6100  88.7300   4131489.0
2015-05-21  88.4000  90.2000  10622232.0
2015-05-22  90.0600  90.4400   3501449.0
2015-05-26  90.3200  89.0800   3097101.0
2015-05-27  89.3800  89.7300   2716077.0
2015-05-28  89.8000  89.2300   2829911.0
2015-05-29  89.2000  87.1400   8329383.0
2015-06-01  86.1500  86.0000   7836388.0
2015-06-02  85.4900  86.1000   3420057.0
2015-06-03  86.5300  86.5300   2514396.0
2015-06-04  86.0900  86.5600   4180119.0
2015-06-05  86.2700  86.8800   2430191.0
2015-06-08  86.8900  87.0000   3883642.0
2015-06-09  86.7600  86.9300   2676861.0
2015-06-10  87.0900  87.7300   3916115.0
2015-06-11  87.6900  88.0900   3919109.0
2015-06-12  87.6700  87.4100   2629427.0
2015-06-15  86.9300  87.7800   6426458.0
2015-06-16  88.0000  88.6400   2640437.0
2015-06-17  88.5700  88.0900   5617337.0
2015-06-18  88.3600  89.5900   4592766.0
2015-06-19  89.5700  89.8700   7288131.0
2015-06-22  90.5600  91.0500   5482124.0
2015-06-23  91.2100  90.8200   3029786.0
2015-06-24  90.6700  90.6200   4381487.0
2015-06-25  90.9800  91.1800   4298058.0
2015-06-26  91.6100  90.8500   4324818.0
2015-06-29  90.3000  88.8400   3524955.0
2015-06-30  89.8900  88.9400   3562927.0
2015-07-01  89.5500  89.7100   3181423.0
2015-07-02  89.7600  89.2400   2265986.0
2015-07-06  88.7200  88.0300   3580695.0
2015-07-07  88.2600  88.8300   2765350.0
2015-07-08  88.3900  87.5900   2333041.0
2015-07-09  88.6500  87.9100   2528602.0
2015-07-10  88.9200  89.7500   3798721.0
2015-07-13  90.7100  91.0900   4313518.0
2015-07-14  91.0900  91.3600   3313146.0
2015-07-15  91.3600  90.7900   3294183.0
2015-07-16  91.2300  91.0700   3385802.0
2015-07-17  91.2200  91.2400   2941863.0
2015-07-20  91.3600  91.8900   2796946.0
2015-07-21  91.8800  93.4200   5407323.0
2015-07-22  93.6600  94.0800   4830563.0
2015-07-23  94.2000  93.0600   2871274.0
2015-07-24  92.9300  92.2900   4078019.0
2015-07-27  92.1300  91.1000   3385828.0
2015-07-28  91.3900  92.3800   3482843.0
2015-07-29  94.1300  91.2900   6265575.0
2015-07-30  90.7300  90.2500   3767495.0
2015-07-31  90.6100  90.0700   3816630.0
2015-08-03  90.0600  89.2300   5598982.0
2015-08-04  89.5200  89.3100   4569521.0
2015-08-05  89.9600  90.7500   3711831.0
2015-08-06  90.6000  89.2900   3942228.0
2015-08-07  89.0300  87.8800  12088051.0
2015-08-10  88.5700  88.7700   4001050.0
2015-08-11  89.2100  89.5000   3713471.0
2015-08-12  88.7800  89.0000   3431702.0
2015-08-13  88.8300  88.5100   2356079.0
2015-08-14  88.2500  88.2600   3263425.0
2015-08-17  88.0000  89.1200   2179991.0
2015-08-18  89.3300  89.8700   4945539.0
2015-08-19  89.2600  89.7900   4104949.0
2015-08-20  89.3200  88.1300   4134619.0
2015-08-21  87.0700  84.8100   7248385.0
2015-08-24  79.5000  81.8100   9987999.0
2015-08-25  82.1300  80.9200   6337368.0
2015-08-26  82.7900  84.1000   7155035.0
2015-08-27  84.9000  85.2000   3953549.0
2015-08-28  84.5400  84.4600   3145182.0
2015-08-31  84.0300  83.6000   5436983.0
2015-09-01  81.9100  81.9300   5281525.0
2015-09-02  83.0200  83.4900   3192307.0
2015-09-03  84.0800  83.8600   3124084.0
2015-09-04  82.5500  83.1000   3111491.0
2015-09-08  84.3800  84.5100   3437873.0
2015-09-09  85.2800  83.6100   3101186.0
2015-09-10  83.4600  83.9000   7736590.0
2015-09-11  83.8900  84.4900   3492153.0
2015-09-14  84.7700  84.1400   7483192.0
2015-09-15  84.6300  85.0300   3336458.0
2015-09-16  84.9200  84.4400   4170596.0
2015-09-17  84.7000  84.6800   4547814.0
2015-09-18  83.6600  83.9200   7913645.0
2015-09-21  84.1800  83.6100   4912735.0
2015-09-22  82.6000  82.8100   3265654.0
2015-09-23  83.0400  83.3000   2054472.0
2015-09-24  82.8500  82.4300   5795177.0
2015-09-25  83.1800  80.5500   4550064.0
2015-09-28  80.3300  80.0000   6232956.0
2015-09-29  80.4400  80.8000   4759124.0
2015-09-30  81.4000  80.8700   5262891.0
2015-10-01  81.3400  80.9700   4069071.0
2015-10-02  80.4000  82.1400   3726168.0
2015-10-05  81.9200  82.0800   3709546.0
2015-10-06  82.0800  81.3000   3927002.0
2015-10-07  81.5100  82.5700   4412891.0
2015-10-08  82.3300  82.7100   4535733.0
2015-10-09  82.5500  82.7200   2921030.0
2015-10-12  82.6200  83.5100   1607875.0
2015-10-13  83.0100  83.9400   2529331.0
2015-10-14  83.8800  83.2800   2602788.0
2015-10-15  83.3200  84.6300   2701922.0
2015-10-16  85.1000  86.2200   7111121.0
2015-10-19  86.0700  87.3800   3449456.0
2015-10-20  87.6700  87.0900   2978150.0
2015-10-21  87.1900  86.2500   3524077.0
2015-10-22  86.1800  82.6900   7901192.0
2015-10-23  83.2100  85.1100   4688700.0
2015-10-26  84.8800  85.3300   2857635.0
2015-10-27  85.3500  84.0500   9149684.0
2015-10-28  82.8900  85.5900   5206536.0
2015-10-29  85.8300  87.1500   3994908.0
2015-10-30  86.9400  86.3800   3111998.0
2015-11-02  86.7200  88.0600   3654762.0
2015-11-03  88.0600  88.3000   3079246.0
2015-11-04  88.0000  88.3800   2565975.0
2015-11-05  88.3700  88.6000   2356984.0
2015-11-06  88.3700  89.1400   3273276.0
2015-11-09  88.9000  88.1700   2684621.0
2015-11-10  88.3200  88.5300   5221984.0
2015-11-11  88.4600  84.9000   7707095.0
2015-11-12  84.5800  84.4600   4324423.0
2015-11-13  83.9000  82.9900   4356096.0
2015-11-16  83.6800  84.6600   9540471.0
2015-11-17  84.5300  84.1200   3310674.0
2015-11-18  84.2300  84.8200   5199085.0
2015-11-19  84.7700  83.5600   4473824.0
2015-11-20  84.2300  84.6400   4478964.0
2015-11-23  84.4000  85.4400   6283815.0
2015-11-24  85.0300  86.1700   4515682.0
2015-11-25  86.3000  85.8000   2929479.0
2015-11-27  86.0600  85.7300   1013360.0
2015-11-30  85.9200  85.4800   5372570.0
2015-12-01  85.9000  86.8200   3386659.0
2015-12-02  86.7800  86.6700   2488342.0
2015-12-03  86.4500  84.6800   4725227.0
2015-12-04  84.9200  86.6500   3504558.0
2015-12-07  86.5700  86.3900   3061851.0
2015-12-08  85.8800  86.4000   3412186.0
2015-12-09  85.7900  85.3100   3830577.0
2015-12-10  85.3700  85.9900   4051980.0
2015-12-11  84.6900  85.0000   3587016.0
2015-12-14  84.9900  85.8200   4208459.0
2015-12-15  86.9000  86.8500   3646862.0
2015-12-16  87.2100  86.6900   3820859.0
2015-12-17  86.6200  86.6500   4733458.0
2015-12-18  86.2300  85.6300   6115833.0
2015-12-21  85.9300  87.1500   3763027.0
2015-12-22  89.0000  86.6700   6912141.0
2015-12-23  87.8300  87.8900   3649515.0
2015-12-24  87.9700  88.2500   1937390.0
2015-12-28  87.9500  87.9500   1891941.0
2015-12-29  88.1800  88.2000   2262447.0
2015-12-30  88.0500  87.8700   1616293.0
2015-12-31  87.2300  87.4100   2117323.0
2016-01-04  85.8400  86.6300   4902461.0
2016-01-05  86.8700  87.6000   4804329.0
2016-01-06  85.9700  87.0900   5765953.0
2016-01-07  85.0100  85.8400   5167398.0
2016-01-08  85.9400  85.7400   4012560.0
2016-01-11  85.7900  85.9700   4137741.0
2016-01-12  86.1400  85.5750   4107420.0
2016-01-13  80.9000  79.6900  19506444.0
2016-01-14  79.6500  77.5100  16528120.0
2016-01-15  75.4900  74.5900  10507554.0
2016-01-19  74.4900  72.3800   8425217.0
2016-01-20  71.4300  71.7000   7719844.0
2016-01-21  70.9500  71.9100   8220992.0
2016-01-22  72.4900  72.2300   5207599.0
2016-01-25  72.2100  72.3100   7249107.0
2016-01-26  71.9200  72.9800   4935422.0
2016-01-27  73.0500  72.0200   9089392.0
2016-01-28  72.9300  69.8600   7178479.0
2016-01-29  69.3900  71.8700   8724316.0
2016-02-01  71.1200  72.2800   4625079.0
2016-02-02  71.2600  70.1200   4923479.0
2016-02-03  70.2100  68.8200   6586509.0
2016-02-04  68.6800  68.1500   6079688.0
2016-02-05  67.7300  67.8400   5596615.0
2016-02-08  67.7800  66.7200   4576852.0
2016-02-09  66.0800  67.1600   4083135.0
2016-02-10  67.6500  67.1100   3685602.0
2016-02-11  66.3900  66.3700   4870432.0
2016-02-12  67.3600  67.3400   3073404.0
2016-02-16  67.4200  68.6500   5306190.0
2016-02-17  68.0000  69.3900   6008738.0
2016-02-18  69.0900  68.2900   4417637.0
2016-02-19  68.3200  68.0100   5309970.0
2016-02-22  67.0700  68.9500   5286437.0
2016-02-23  68.8900  68.5500   4000342.0
2016-02-24  68.1700  69.2000   3076876.0
2016-02-25  69.4500  69.6900   3791292.0
2016-02-26  70.8100  71.3300   5449536.0
2016-02-29  71.0000  70.3800   3861267.0
2016-03-01  70.6900  71.6100   3333438.0
2016-03-02  71.6300  71.1900   3135782.0
2016-03-03  71.2900  72.4000   4296878.0
2016-03-04  72.6000  71.6900   4726944.0
2016-03-07  71.0800  70.8500   5027300.0
2016-03-08  70.6600  68.2200   6691143.0
2016-03-09  68.5800  69.5700   3776958.0
2016-03-10  69.3200  68.3500   4448393.0
2016-03-11  69.0100  70.2800   4707396.0
2016-03-14  70.3300  70.9400   3256346.0
2016-03-15  70.6900  69.5900   2368645.0
2016-03-16  69.7300  70.0700   3030598.0
2016-03-17  69.3800  67.5900   9015538.0
2016-03-18  67.9400  69.4700   8395816.0
2016-03-21  69.3900  69.3400   8929445.0
2016-03-22  69.0100  67.5200   9710031.0
2016-03-23  67.7500  67.3300   7985852.0
2016-03-24  66.9300  67.3800   4918031.0
2016-03-28  67.6900  67.6700   3604667.0
2016-03-29  67.7300  68.6900   3626344.0
2016-03-30  68.9000  69.0500   4837284.0
2016-03-31  69.0500  68.6900   6400039.0
2016-04-01  69.1700  69.1100   4485924.0
2016-04-04  69.6200  68.3200   5237134.0
2016-04-05  67.5300  67.2400   6165862.0
2016-04-06  66.9000  69.1200   5934655.0
2016-04-07  68.7600  70.0500   7888325.0
2016-04-08  70.2200  70.0900  10696539.0
2016-04-11  70.1000  69.7100   3411244.0
2016-04-12  69.7300  70.2600   4290429.0
2016-04-13  70.6900  71.1100   3515597.0
2016-04-14  71.3300  71.1700   2480817.0
2016-04-15  70.9200  70.9800   3552406.0
2016-04-18  70.9700  72.0200   3484584.0
2016-04-19  72.4000  72.3500   3161663.0
2016-04-20  72.4000  73.1700   3736376.0
2016-04-21  73.0700  73.3300   3061254.0
2016-04-22  73.5500  73.5500   4092981.0
2016-04-25  73.4900  73.7200   3758740.0
2016-04-26  73.1600  74.2600   6359858.0
2016-04-27  74.8100  76.0600   4606450.0
2016-04-28  75.5200  74.9300   4412656.0
2016-04-29  74.2600  73.7300   3673174.0
2016-05-02  73.8700  73.6200   2837834.0
2016-05-03  72.9200  72.7900   4011525.0
2016-05-04  72.6000  72.7400   2984992.0
2016-05-05  72.6300  72.9500   2744857.0
2016-05-06  72.5100  73.1300   2904352.0
2016-05-09  72.9600  73.7700   3214069.0
2016-05-10  74.1300  74.6000   4255165.0
2016-05-11  74.7300  73.6200   3288294.0
2016-05-12  73.5600  72.6100   3755503.0
2016-05-13  72.4300  72.0100   2413010.0
2016-05-16  72.0100  72.7600   3017869.0
2016-05-17  72.7400  72.2200   3000254.0
2016-05-18  72.2700  72.5100   2519018.0
2016-05-19  71.9000  72.3500   2422247.0
2016-05-20  72.2700  72.8700   5312193.0
2016-05-23  72.6800  72.9100   3776272.0
2016-05-24  73.0300  74.3500   3588889.0
2016-05-25  74.4200  74.7200   3051958.0
2016-05-26  74.4800  74.7100   2325945.0
2016-05-27  74.9200  74.9700   2503280.0
2016-05-31  74.7400  75.5500   4511011.0
2016-06-01  75.5200  75.8400   4264854.0
2016-06-02  75.6800  76.2600   2749337.0
2016-06-03  76.1700  75.6100   2810514.0
2016-06-06  75.7700  76.0000   2511598.0
2016-06-07  76.1200  75.8400   3132840.0
2016-06-08  76.0500  76.8600   3592365.0
2016-06-09  76.8600  76.9300   3820505.0
2016-06-10  76.1100  75.9100   3627398.0
2016-06-13  75.8200  75.5400   3272236.0
2016-06-14  75.5400  75.1600   3001050.0
2016-06-15  75.4600  74.8000   3203916.0
2016-06-16  74.0500  74.7400   3856654.0
2016-06-17  74.8200  74.5800   7041385.0
2016-06-20  74.8700  74.1400   4258655.0
2016-06-21  74.4300  74.7500   3840117.0
2016-06-22  74.8000  75.5900   3144458.0
2016-06-23  76.2700  76.9500   3230515.0
2016-06-24  74.6000  75.4000   5830644.0
2016-06-27  74.6400  73.2100   4588645.0
2016-06-28  73.6200  74.0100   2934890.0
2016-06-29  74.2100  75.7000   3924037.0
2016-06-30  75.9800  75.8000   5270947.0
2016-07-01  75.8000  76.2800   3939165.0
2016-07-05  75.8200  75.6100   3622516.0
2016-07-06  75.5600  76.2100   3545683.0
2016-07-07  76.1800  76.5500   2684148.0
2016-07-08  77.0500  77.9200   3071099.0
2016-07-11  78.1800  77.9300   3109726.0
2016-07-12  78.1200  78.2800   3110627.0
2016-07-13  78.7200  78.6000   2791858.0
2016-07-14  79.0900  79.4500   3634880.0
2016-07-15  78.7200  79.3300   3465733.0
2016-07-18  79.4000  79.6800   2013272.0
2016-07-19  79.4400  79.0000   3213318.0
2016-07-20  79.1000  79.1800   3262192.0
2016-07-21  79.2800  78.5900   3307460.0
2016-07-22  79.0200  78.8600   2783693.0
2016-07-25  77.4600  77.3900   4277778.0
2016-07-26  75.8400  78.4900   5450204.0
2016-07-27  78.4900  77.2100   3324195.0
2016-07-28  77.2800  77.0900   2636041.0
2016-07-29  76.8400  76.0700   4550675.0
2016-08-01  76.1100  76.1700   4264322.0
2016-08-02  75.9500  75.4300   3156865.0
2016-08-03  75.4000  75.9800   3112479.0
2016-08-04  76.1300  75.8900   2616791.0
2016-08-05  76.1100  76.3800   2620471.0
2016-08-08  76.3800  75.9100   2456870.0
2016-08-09  75.9200  76.4400   1997502.0
2016-08-10  76.4500  75.7900   2102013.0
2016-08-11  75.8300  76.1700   2927932.0
2016-08-12  75.9200  76.1900   1926493.0
2016-08-15  76.4700  77.1300   2687579.0
2016-08-16  77.0100  76.9700   2541610.0
2016-08-17  77.0900  76.6300   2467734.0
2016-08-18  76.7000  76.6200   2015994.0
2016-08-19  76.3300  76.3800   2525759.0
2016-08-22  76.2900  76.5100   2309646.0
2016-08-23  76.9500  77.1500   4868025.0
2016-08-24  76.8400  76.3400   3042017.0
2016-08-25  76.0800  71.7400  13815591.0
2016-08-26  72.0400  72.3100   7321605.0
2016-08-29  72.3200  73.1200   7638234.0
2016-08-30  72.9800  73.3500   3997999.0
2016-08-31  73.3000  72.7000   4403792.0
2016-09-01  72.9800  72.2200   3564046.0
2016-09-02  72.5400  72.5400   2282980.0
2016-09-06  72.5400  72.7200   2167741.0
2016-09-07  72.7000  72.6700   3613397.0
2016-09-08  72.4400  72.1100   3174153.0
2016-09-09  71.6300  71.1300   4790679.0
2016-09-12  70.7700  72.1000   3125600.0
2016-09-13  71.5000  70.9000   3931033.0
2016-09-14  71.0200  70.3700   4206938.0
2016-09-15  70.2000  70.4400   3376584.0
2016-09-16  70.5300  70.2100   4472168.0
2016-09-19  70.4700  69.6600   3152988.0
2016-09-20  69.9500  69.2500   3097802.0
2016-09-21  69.2500  69.6500   3398867.0
2016-09-22  70.0300  71.0300   3822132.0
2016-09-23  70.6600  71.3400   4028976.0
2016-09-26  71.1200  70.6300   3120262.0
2016-09-27  70.6900  70.7900   2866980.0
2016-09-28  70.8000  70.9300   1621065.0
2016-09-29  70.9700  69.8400   2222240.0
2016-09-30  69.8600  70.5300   3976663.0
2016-10-03  70.2400  69.9600   3430284.0
2016-10-04  69.8500  69.9100   2133836.0
2016-10-05  70.2300  70.3400   2105026.0
2016-10-06  70.0300  70.3500   2771710.0
2016-10-07  70.6500  70.0600   3437822.0
2016-10-10  70.4400  70.5700   1630512.0
2016-10-11  70.3400  69.0300   2840473.0
2016-10-12  69.1100  69.1600   2670432.0
2016-10-13  68.6600  69.0400   3269027.0
2016-10-14  69.4500  69.7600   2976526.0
2016-10-17  69.5800  69.2200   3193007.0
2016-10-18  70.0200  70.3100   3045786.0
2016-10-19  70.3500  70.4300   2283839.0
2016-10-20  70.5900  71.0400   2453342.0
2016-10-21  70.6300  69.6100   3092722.0
2016-10-24  70.1500  69.8000   2960695.0
2016-10-25  69.7300  70.0700   2642407.0
2016-10-26  72.0300  70.3900   5370287.0
2016-10-27  70.4600  69.2300   3486271.0
2016-10-28  67.5900  65.0900  10586527.0
2016-10-31  65.5400  67.4000   6186898.0
2016-11-01  67.4200  67.2500   4951991.0
2016-11-02  67.3500  69.8200   7091760.0
2016-11-03  69.8200  67.2400   6875127.0
2016-11-04  67.1600  67.8600   5014676.0
2016-11-07  69.2200  70.3800   4641874.0
2016-11-08  67.9700  69.8500   5759849.0
2016-11-09  73.3500  74.7800   9180159.0
2016-11-10  75.1300  75.3900   8904674.0
2016-11-11  75.1800  74.5900   4337362.0
2016-11-14  74.5100  76.4500   5670086.0
2016-11-15  76.5500  77.1400   3448039.0
2016-11-16  77.0600  76.1500   3043172.0
2016-11-17  76.0600  76.4400   2909450.0
2016-11-18  76.3300  75.7700   2984707.0
2016-11-21  75.2250  76.1000   2577371.0
2016-11-22  76.0600  75.9300   3651624.0
2016-11-23  75.7400  76.8100   2244914.0
2016-11-25  76.9700  76.9000   1285203.0
2016-11-28  76.7800  76.7500   2336432.0
2016-11-29  77.0200  76.8600   2171452.0
2016-11-30  88.0499  75.8800   5569834.0
2016-12-01  75.8900  75.8300   3242099.0
2016-12-02  76.0900  75.6600   2718891.0
2016-12-05  76.2300  76.7100   3893716.0
2016-12-06  76.4200  76.7300   2542847.0
2016-12-07  75.5000  75.8500   3840300.0
2016-12-08  75.9900  70.7500  17710775.0
2016-12-09  72.3000  72.4800   7403945.0
2016-12-12  72.5700  72.1000   3462243.0
2016-12-13  71.5800  73.1700   4767996.0
2016-12-14  72.6700  70.5200   9786252.0
2016-12-15  70.5100  69.1800   6823053.0
2016-12-16  69.1700  69.9200   7764896.0
2016-12-19  70.4600  69.2400   4309098.0
2016-12-20  69.5100  68.6500   3056147.0
2016-12-21  68.7400  68.5000   2922548.0
2016-12-22  68.5600  68.4300   2074052.0
2016-12-23  68.5200  69.0000   1807284.0
2016-12-27  68.9800  69.6000   2202318.0
2016-12-28  69.7500  69.5000   2092664.0
2016-12-29  68.8197  69.3900   2150487.0
2016-12-30  69.3900  68.7900   2753214.0
2017-01-03  69.4100  69.4000   3524397.0
2017-01-04  69.6600  71.1400   4083125.0
2017-01-05  70.7700  70.8700   2149611.0
2017-01-06  70.8000  70.7500   1733517.0
2017-01-09  70.4400  71.5600   2492683.0
2017-01-10  71.5600  72.5000   4377385.0
2017-01-11  72.4200  72.0900   4371386.0
2017-01-12  71.7800  71.8600   2195305.0
2017-01-13  71.8100  71.8000   2190092.0
2017-01-17  71.6800  73.1600   3433721.0
2017-01-18  73.3500  72.6700   2896676.0
2017-01-19  72.4400  72.4500   5393859.0
2017-01-20  72.5500  71.7500   4642215.0
2017-01-23  71.4400  70.6100   3539854.0
2017-01-24  70.8600  71.4000   3170371.0
2017-01-25  71.4600  69.6200   7881022.0
2017-01-26  69.3500  69.2200   4701807.0
2017-01-27  69.4600  67.5900   9222687.0
2017-01-30  67.5400  68.1100   4805540.0
2017-01-31  67.7800  68.8800   4226880.0
2017-02-01  68.6500  69.1100   3597957.0
2017-02-02  68.7300  66.6900   8891702.0
2017-02-03  66.9800  67.0900   4674760.0
2017-02-06  67.0600  67.4000   3820752.0
2017-02-07  67.4200  67.7400   2968210.0
2017-02-08  67.6500  67.6200   2384325.0
2017-02-09  67.4700  67.4800   3737024.0
2017-02-10  67.5200  68.4100   3435702.0
2017-02-13  68.5500  69.3000   3657352.0
2017-02-14  69.0300  69.6300   3696195.0
2017-02-15  69.1000  69.4600   6935203.0
2017-02-16  69.6600  69.2300   3143068.0
2017-02-17  68.9600  69.9700   2716030.0
2017-02-21  69.9500  71.3700   4550083.0
2017-02-22  71.1500  70.7300   2611136.0
2017-02-23  70.8100  70.9300   2319734.0
2017-02-24  70.9700  71.5500   2830594.0
2017-02-27  71.3800  71.7500   2534369.0
2017-02-28  71.7700  70.6500   3974691.0
2017-03-01  71.1600  71.7100   3997609.0
2017-03-02  71.5100  71.9600   4222828.0
2017-03-03  72.0900  71.5800   2850724.0
2017-03-06  71.2700  70.0500   4618196.0
2017-03-07  68.8900  67.3900   8651646.0
2017-03-08  67.4400  67.6200   6486986.0
2017-03-09  67.7900  66.8600   6623458.0
2017-03-10  67.4400  67.6400   3760374.0
2017-03-13  67.7600  67.4700   4093201.0
2017-03-14  67.2500  66.8400   2995746.0
2017-03-15  65.8000  66.0600   6937942.0
2017-03-16  65.9600  64.8300   7275674.0
2017-03-17  65.1900  65.0900   7076930.0
2017-03-20  65.0800  64.3700   5556264.0
2017-03-21  64.6900  63.8400   5139578.0
2017-03-22  64.0000  63.9900   4039506.0
2017-03-23  63.9100  64.0200   5489255.0
2017-03-24  64.0000  64.1100   3106266.0
2017-03-27  64.0100  64.6000   3757553.0
2017-03-28  64.2700  64.8400   3382522.0
2017-03-29  64.6400  65.0400   4019176.0
2017-03-30  64.9700  66.5600   6149206.0
2017-03-31  66.2000  65.9100   6980049.0
2017-04-03  66.0600  65.8600   3560570.0
2017-04-04  65.6800  65.8900   3800296.0
2017-04-05  65.9100  66.0700   4246839.0
2017-04-06  65.7400  65.7900   4972847.0
2017-04-07  66.0400  66.5100   3881050.0
2017-04-10  66.5700  66.9000   3953647.0
2017-04-11  66.9500  66.7700   2427266.0
2017-04-12  66.2600  66.5400   3168777.0
2017-04-13  66.6800  66.4700   2329041.0
2017-04-17  66.7600  66.6700   3294313.0
2017-04-18  66.3000  66.0900   3622254.0
2017-04-19  66.4200  66.3600   2363734.0
2017-04-20  66.4500  67.0500   2789192.0
2017-04-21  67.0200  66.4600   2843351.0
2017-04-24  67.2700  67.2500   7800531.0
2017-04-25  58.7200  60.0100  36765840.0
2017-04-26  62.1000  61.2800  14363474.0
2017-04-27  61.2200  61.4000   6354990.0
2017-04-28  61.6200  61.3400   6466140.0
2017-05-01  61.4200  60.9200   3396606.0
2017-05-02  61.0600  61.7000   5089694.0
2017-05-03  61.6000  62.2600   4220685.0
2017-05-04  62.3900  61.7900   4799552.0
2017-05-05  61.8500  61.5800   3264770.0
2017-05-08  61.7800  61.6000   3017406.0
2017-05-09  61.6100  62.0800   3926023.0
2017-05-10  61.8300  61.0200   4778454.0
2017-05-11  60.8000  60.6700   4779191.0
2017-05-12  60.6800  59.6300   7338864.0
2017-05-15  59.8700  60.3100   4304038.0
2017-05-16  60.3100  60.1600   3626776.0
2017-05-17  59.4700  59.7300   5373705.0
2017-05-18  60.4300  59.2600   5254065.0
2017-05-19  59.2000  60.1100   5735496.0
2017-05-22  59.9700  60.3100   2978658.0
2017-05-23  60.2300  60.1500   3562232.0
2017-05-24  59.9700  59.8600   2817903.0
2017-05-25  59.9200  60.0900   2570891.0
2017-05-26  60.0500  59.7600   2309761.0
2017-05-30  59.5200  59.6000   3057909.0
2017-05-31  59.6100  59.7500   3168386.0
2017-06-01  59.9200  60.4000   3356507.0
2017-06-02  60.4000  60.6900   3251742.0
2017-06-05  61.0000  61.2800   3767866.0
2017-06-06  61.2100  60.2500   3888735.0
2017-06-07  60.0600  60.3700   2552187.0
2017-06-08  60.1900  60.3600   2424701.0
2017-06-09  60.2700  61.4100   3104130.0
2017-06-12  61.3200  62.5200   5160518.0
2017-06-13  62.6200  62.6300   4199247.0
2017-06-14  62.9500  63.1200   3244065.0
2017-06-15  63.3200  63.0900   4935680.0
2017-06-16  62.8000  63.0100   8414702.0
2017-06-19  63.0500  64.2300   3826102.0
2017-06-20  64.0000  63.4200   3273653.0
2017-06-21  63.5300  63.9700   3368908.0
2017-06-22  63.7800  64.9100   6698549.0
2017-06-23  64.9600  65.2100   4461948.0
2017-06-26  65.4200  65.5200   2669389.0
2017-06-27  65.2300  64.6200   3306509.0
2017-06-28  64.8600  65.2100   2207932.0
2017-06-29  65.0100  63.8900   3618140.0
2017-06-30  64.5900  63.8400   5348588.0
2017-07-03  64.1500  63.9200   1765679.0
2017-07-05  63.8900  63.6800   2386072.0
2017-07-06  63.5000  62.5300   2663370.0
2017-07-07  62.7700  62.5000   2893820.0
2017-07-10  62.4800  61.8300   4792620.0
2017-07-11  61.8300  61.5600   2052370.0
2017-07-12  61.9700  62.1200   2701369.0
2017-07-13  61.9700  61.7200   2128418.0
2017-07-14  61.9200  62.1400   2001799.0
2017-07-17  62.1400  62.7200   2143715.0
2017-07-18  62.6700  62.6500   2017119.0
2017-07-19  62.6400  62.0500   3706808.0
2017-07-20  62.1900  62.6400   2095419.0
2017-07-21  62.4400  62.5000   2064360.0
2017-07-24  62.3100  62.6100   2008873.0
2017-07-25  62.8000  62.5600   3329908.0
2017-07-26  63.0000  63.4700   7208713.0
2017-07-27  63.3700  62.3300   3781228.0
2017-07-28  62.4800  62.9000   3016016.0
2017-07-31  62.9000  62.6400   3155012.0
2017-08-01  62.7200  62.3600   2668258.0
2017-08-02  61.9900  61.9800   3121495.0
2017-08-03  61.8900  62.6000   2866805.0
2017-08-04  62.8300  62.5300   2603532.0
2017-08-07  62.4200  62.3200   2151768.0
2017-08-08  62.1600  62.2400   2851330.0
2017-08-09  62.0600  61.2000   3766872.0
2017-08-10  61.0000  60.3100   4266950.0
2017-08-11  60.5000  60.8200   2874807.0
2017-08-14  61.0400  61.3100   2628694.0
2017-08-15  61.3000  61.7300   2618638.0
2017-08-16  61.7300  62.0000   1992307.0
2017-08-17  61.8600  61.0400   2738042.0
2017-08-18  60.5300  60.5600   2373298.0
2017-08-21  60.6500  60.3300   2561664.0
2017-08-22  60.5200  61.6200   2901326.0
2017-08-23  61.4800  60.9300   2737750.0
2017-08-24  61.0600  60.5100   2365738.0
2017-08-25  60.7300  60.7900   1425913.0
2017-08-28  61.0600  61.1700   1854794.0
2017-08-29  60.9000  61.3800   2418913.0
2017-08-30  61.0900  61.5300   1876297.0
2017-08-31  61.7400  62.8200   2997917.0
2017-09-01  62.9300  62.1750   2444174.0
2017-09-05  61.9800  61.7500   2554770.0
2017-09-06  62.1300  62.6900   3053983.0
2017-09-07  62.6800  62.3400   2280793.0
2017-09-08  62.3300  62.9000   2213349.0
2017-09-11  63.4000  63.6700   3306240.0
2017-09-12  63.7400  62.6400   4236046.0
2017-09-13  62.6600  63.2400   2643273.0
2017-09-14  63.0200  62.3400   2308341.0
2017-09-15  62.3000  62.6500   7648296.0
2017-09-18  62.6600  62.0100   2357639.0
2017-09-19  62.1200  61.0000   7072375.0
2017-09-20  61.0000  61.8200   6723908.0
2017-09-21  61.7300  61.7200   3402828.0
2017-09-22  61.6500  62.2900   2789371.0
2017-09-25  62.1700  62.4700   2700359.0
2017-09-26  62.4300  63.0500   2112552.0
2017-09-27  63.1100  62.9600   2193077.0
2017-09-28  62.7800  63.0700   2227545.0
2017-09-29  63.1200  63.3200   3850260.0
2017-10-02  63.3700  63.6300   2622559.0
2017-10-03  63.7700  63.6500   1981090.0
2017-10-04  63.5800  63.9800   2060022.0
2017-10-05  64.0000  64.0100   2774092.0
2017-10-06  64.0700  62.3600   4700254.0
2017-10-09  61.2800  59.2200   6364361.0
2017-10-10  58.5300  58.1800   5829129.0
2017-10-11  58.2700  57.7100   4705943.0
2017-10-12  57.8100  57.6700   3682051.0
2017-10-13  57.8600  57.1400   3728053.0
2017-10-16  57.1400  56.8100   3630846.0
2017-10-17  56.8400  57.2100   3401094.0
2017-10-18  56.2000  57.7700   7797870.0
2017-10-19  57.7200  58.7500   3630793.0
2017-10-20  58.9000  59.5100   5132179.0
2017-10-23  59.5900  58.6500   3081690.0
2017-10-24  58.7000  58.8500   3545180.0
2017-10-25  59.3600  61.1600   7804346.0
2017-10-26  61.1800  58.9300   8194536.0
2017-10-27  58.5900  62.1900   9066427.0
2017-10-30  61.9400  61.3500   4589631.0
2017-10-31  61.5000  61.2900   3492656.0
2017-11-01  61.8100  62.3200   3361756.0
2017-11-02  62.3400  60.3200   2909285.0
2017-11-03  60.2000  60.5400   2580917.0
2017-11-06  60.4300  60.6200   2201299.0
2017-11-07  60.8100  60.6000   2436572.0
2017-11-09  60.9900  60.7500   2517081.0
2017-11-10  60.5200  60.0500   3600905.0
2017-11-13  59.9700  60.8800   3427104.0
2017-11-14  60.6700  60.2500   2674780.0
2017-11-15  59.5800  60.0500   2586339.0
2017-11-16  60.5400  62.4500   4452626.0
2017-11-17  62.1300  61.9400   3022050.0
2017-11-20  61.7800  61.4200   2817634.0
2017-11-21  61.5800  61.1900   2835539.0
2017-11-22  61.2200  62.1200   3195219.0
2017-11-24  61.7900  61.1800   2111326.0
2017-11-27  61.1800  61.4700   3661600.0
2017-11-28  61.4700  61.4400   3540190.0
2017-11-29  61.6000  62.8600   5752965.0
2017-11-30  63.2700  65.1800   7364470.0
2017-12-01  64.1900  64.4100   4640093.0
2017-12-04  65.5600  68.1600   8756924.0
2017-12-05  68.0000  67.8400   5086355.0
2017-12-06  69.4000  68.5700   3656210.0
2017-12-07  68.3700  67.4100   3606408.0
2017-12-08  67.7300  68.1500   2939091.0
2017-12-11  68.0000  68.3900   4214019.0
2017-12-12  68.6300  68.5600   3063113.0
2017-12-13  68.9100  68.5700   3691861.0
2017-12-14  70.0000  69.0200   6135279.0
2017-12-15  71.2500  71.5500   8786136.0
2017-12-18  72.1100  73.3800   6808794.0
2017-12-19  73.6400  73.6600   5860244.0
2017-12-20  73.5300  73.9900   3502729.0
2017-12-21  74.3400  74.4600   3978676.0
2017-12-22  74.4000  74.5300   1372308.0
2017-12-26  74.7300  74.9900   2191813.0
2017-12-27  75.0300  74.8800   1261545.0
2017-12-28  75.0000  74.9900   1266503.0
2017-12-29  75.0000  74.6400   1711323.0
2018-01-02  74.9900  75.2300   2633751.0
2018-01-03  75.1600  75.6600   2877669.0
2018-01-04  75.8900  76.0800   3527734.0
2018-01-05  76.3700  76.0100   2468550.0
2018-01-08  75.9300  76.5600   2807824.0
2018-01-09  76.6700  79.9100   6898624.0
2018-01-10  79.2500  80.3500   6096245.0
2018-01-11  80.4400  80.0900   5042183.0
2018-01-12  80.5700  80.8700   3141192.0
2018-01-16  81.1800  80.4100   4270753.0
2018-01-17  80.9700  80.7800   3147930.0
2018-01-18  80.5800  80.0000   2735616.0
2018-01-19  80.2700  80.2200   3576247.0
2018-01-22  80.4100  81.1200   4546306.0
2018-01-23  80.6600  81.1500   2603520.0
2018-01-24  81.4800  80.9600   3600715.0
2018-01-25  81.1500  80.8000   2281346.0
2018-01-26  81.0000  81.3200   3693365.0
2018-01-29  81.2400  81.9200   3413738.0
2018-01-30  75.4900  79.3050  11958136.0
2018-01-31  80.0000  79.1800   5098131.0
2018-02-01  77.0300  78.1000   4228024.0
2018-02-02  77.6100  76.5000   3414739.0
2018-02-05  76.5800  74.8999   3929197.0
2018-02-06  73.7600  75.9400   6303347.0
2018-02-07  75.3800  74.9500   3662487.0
2018-02-08  74.7300  73.3400   3232414.0
2018-02-09  73.8200  71.6900   8612201.0
2018-02-12  72.1000  72.8900   3653999.0
2018-02-13  71.9400  73.5900   3674491.0
2018-02-14  73.1300  74.9300   3863178.0
2018-02-15  75.1900  74.0700   3235968.0
2018-02-16  74.1900  75.2300   2970392.0
2018-02-20  74.5800  76.0500   3922779.0
2018-02-21  76.0500  75.8300   3080191.0
2018-02-22  75.7200  74.7200   2396171.0
2018-02-23  75.3300  77.0000   3652324.0
2018-02-26  77.4500  77.6400   3987129.0
2018-02-27  77.5700  78.6400   5105971.0
2018-02-28  80.0000  75.4500   6889836.0
2018-03-01  75.2600  74.0700   4574508.0
2018-03-02  73.7100  74.7700   3982436.0
2018-03-05  74.3000  74.7600   3699342.0
2018-03-06  74.3500  74.5800   4048813.0
2018-03-07  73.7500  73.4200   5405606.0
2018-03-08  85.0500  79.7200  38570195.0
2018-03-09  80.0000  80.7500   9067144.0
2018-03-12  80.6100  78.2500   7014948.0
2018-03-13  78.5200  77.0000   7984443.0
2018-03-14  77.2400  76.7000   8336571.0
2018-03-15  76.6200  76.3300   3991631.0
2018-03-16  76.8500  76.0200   5306990.0
2018-03-19  75.7800  72.9900   7106409.0
2018-03-20  73.5300  72.4200   6193431.0
2018-03-21  72.2000  71.6800   5757593.0
2018-03-22  71.1800  70.4700   4587148.0
2018-03-23  70.5500  70.1600   5041004.0
2018-03-26  70.6600  71.7000   7506729.0
2018-03-27  71.9300  70.3700   5783654.0