date    open   close     volume
                                    
2013-01-02  20.300  20.190   559000.0
2013-01-03  20.160  20.070   282500.0
2013-01-04  20.180  20.310   299600.0
2013-01-07  20.270  20.290   141900.0
2013-01-08  20.220  20.340   202500.0
2013-01-09  20.400  20.790   332200.0
2013-01-10  20.900  20.760   216700.0
2013-01-11  20.820  20.510   373000.0
2013-01-14  20.460  20.660   450900.0
2013-01-15  20.590  20.540   283400.0
2013-01-16  20.430  20.130   333600.0
2013-01-17  20.290  20.500   386400.0
2013-01-18  20.480  20.490   180900.0
2013-01-22  20.500  20.680   434800.0
2013-01-23  20.900  23.130  1162300.0
2013-01-24  23.320  23.310   537400.0
2013-01-25  23.490  23.470   317400.0
2013-01-28  23.490  22.790   411600.0
2013-01-29  22.700  22.700   516200.0
2013-01-30  22.600  22.250   349000.0
2013-01-31  22.150  22.200   390100.0
2013-02-01  22.380  21.910   481000.0
2013-02-04  21.700  21.080   766800.0
2013-02-05  21.250  21.240   700400.0
2013-02-06  21.180  21.500   574900.0
2013-02-07  21.550  21.230   461000.0
2013-02-08  21.140  21.330   433800.0
2013-02-11  21.260  21.300   375200.0
2013-02-12  21.280  21.500   255600.0
2013-02-13  21.620  21.780   694300.0
2013-02-14  21.730  22.090   340100.0
2013-02-15  22.250  22.060   431500.0
2013-02-19  22.170  22.370   337000.0
2013-02-20  22.460  21.860   698200.0
2013-02-21  21.800  21.630   241600.0
2013-02-22  21.800  21.670   251000.0
2013-02-25  21.820  21.010   262000.0
2013-02-26  21.010  20.820   341200.0
2013-02-27  20.810  20.820   221100.0
2013-02-28  20.830  20.680   205000.0
2013-03-01  20.450  20.980   219900.0
2013-03-04  20.860  21.010   233700.0
2013-03-05  21.120  21.190   270700.0
2013-03-06  21.250  21.410   168200.0
2013-03-07  21.360  21.590   224700.0
2013-03-08  21.750  21.690   194000.0
2013-03-11  21.540  21.400   207600.0
2013-03-12  21.360  21.270   132500.0
2013-03-13  21.330  21.120   105500.0
2013-03-14  21.170  21.130   288200.0
2013-03-15  21.200  21.430   473000.0
2013-03-18  21.300  21.240   130200.0
2013-03-19  21.350  20.890   190900.0
2013-03-20  21.100  20.890   140100.0
2013-03-21  20.730  20.600   115400.0
2013-03-22  20.740  20.720    83200.0
2013-03-25  20.890  20.770   183700.0
2013-03-26  20.870  21.390   368300.0
2013-03-27  21.230  21.370   201100.0
2013-03-28  21.420  21.300   136100.0
2013-04-01  21.250  20.850   289800.0
2013-04-02  20.000  19.580  1002200.0
2013-04-03  19.650  19.130   467800.0
2013-04-04  19.110  19.250   396900.0
2013-04-05  18.880  19.050   266900.0
2013-04-08  19.080  19.400   283700.0
2013-04-09  19.480  19.150   229300.0
2013-04-10  19.270  19.780   233100.0
2013-04-11  19.780  20.090   267300.0
2013-04-12  20.050  19.270   419900.0
2013-04-15  19.160  18.010  1011900.0
2013-04-16  18.250  18.200   527000.0
2013-04-17  18.020  17.860   350400.0
2013-04-18  17.850  18.040   315600.0
2013-04-19  18.130  17.750   584000.0
2013-04-22  17.690  17.740   383300.0
2013-04-23  17.880  17.190   687600.0
2013-04-24  17.060  17.000   799500.0
2013-04-25  17.020  17.330   409800.0
2013-04-26  17.300  17.040   682100.0
2013-04-29  17.150  16.770   937700.0
2013-04-30  16.750  16.900   586700.0
2013-05-01  17.500  18.030   894000.0
2013-05-02  18.660  19.260   665800.0
2013-05-03  19.600  19.580   643500.0
2013-05-06  19.540  19.350   350100.0
2013-05-07  19.360  19.230   339200.0
2013-05-08  19.110  19.200   349400.0
2013-05-09  19.130  19.070   231200.0
2013-05-10  19.060  18.970   274900.0
2013-05-13  18.880  18.660   400100.0
2013-05-14  18.640  18.910   316300.0
2013-05-15  18.770  19.000   250300.0
2013-05-16  18.900  18.910   193900.0
2013-05-17  18.920  19.020   210800.0
2013-05-20  19.020  19.100   260100.0
2013-05-21  19.050  19.070   322800.0
2013-05-22  19.030  18.560   255800.0
2013-05-23  18.420  18.810   268400.0
2013-05-24  18.470  18.870   210500.0
2013-05-28  19.190  19.580   370100.0
2013-05-29  19.500  19.370   178400.0
2013-05-30  19.410  19.740   219100.0
2013-05-31  19.540  19.130   252000.0
2013-06-03  19.180  19.250   350300.0
2013-06-04  19.240  19.110   158500.0
2013-06-05  19.110  18.980   123300.0
2013-06-06  18.950  19.230   177600.0
2013-06-07  19.410  19.160   171700.0
2013-06-10  19.110  19.250   303100.0
2013-06-11  19.000  19.150   149900.0
2013-06-12  19.280  18.900   161800.0
2013-06-13  18.870  19.280   137100.0
2013-06-14  19.260  18.880   168000.0
2013-06-17  19.100  19.170   193800.0
2013-06-18  19.240  19.300   216000.0
2013-06-19  19.250  19.110   104100.0
2013-06-20  18.820  18.380   359500.0
2013-06-21  18.420  18.400   888900.0
2013-06-24  18.340  18.380   374700.0
2013-06-25  18.590  18.500   194200.0
2013-06-26  17.700  17.350   404100.0
2013-06-27  17.450  17.100   232600.0
2013-06-28  17.000  16.910  1636300.0
2013-07-01  15.830  17.455   625100.0
2013-07-02  17.590  17.420   374500.0
2013-07-03  17.800  18.680   289200.0
2013-07-05  18.960  18.420   210800.0
2013-07-08  18.420  18.300   212900.0
2013-07-09  18.400  18.710   201800.0
2013-07-10  18.680  18.880   192200.0
2013-07-11  19.040  18.730   265200.0
2013-07-12  18.710  18.890   125500.0
2013-07-15  18.760  18.480   227900.0
2013-07-16  18.460  18.290   246200.0
2013-07-17  18.410  18.630   113600.0
2013-07-18  18.660  18.740   135700.0
2013-07-19  18.660  18.570   234400.0
2013-07-22  18.500  19.170   282000.0
2013-07-23  19.190  19.200   210100.0
2013-07-24  19.310  18.940   153000.0
2013-07-25  18.770  18.630   233900.0
2013-07-26  18.460  18.170   220600.0
2013-07-29  18.090  17.970   179600.0
2013-07-30  17.970  18.220   368300.0
2013-07-31  18.310  18.080   222300.0
2013-08-01  18.180  18.520   216500.0
2013-08-02  18.400  18.530   222000.0
2013-08-05  18.470  18.030   276200.0
2013-08-06  17.930  17.950   230800.0
2013-08-07  17.900  17.880   193000.0
2013-08-08  17.910  17.860   147600.0
2013-08-09  17.840  17.660   114500.0
2013-08-12  17.600  18.010   249700.0
2013-08-13  17.960  18.100   116500.0
2013-08-14  18.100  18.110   229700.0
2013-08-15  17.950  17.790   130900.0
2013-08-16  17.700  17.770   173400.0
2013-08-19  17.690  17.350   167800.0
2013-08-20  17.340  17.410   235900.0
2013-08-21  17.360  17.180   171800.0
2013-08-22  17.180  17.450   129500.0
2013-08-23  17.440  17.400   161600.0
2013-08-26  17.390  17.180   224900.0
2013-08-27  17.040  17.020   337400.0
2013-08-28  17.030  16.930   167400.0
2013-08-29  17.000  17.070   265700.0
2013-08-30  17.040  16.980   263000.0
2013-09-03  17.200  17.050   194600.0
2013-09-04  17.080  17.410   201600.0
2013-09-05  17.360  17.400   149300.0
2013-09-06  17.530  17.290   102400.0
2013-09-09  17.300  17.520   160200.0
2013-09-10  17.560  17.810   244800.0
2013-09-11  17.710  17.630   141700.0
2013-09-12  17.600  17.650   166300.0
2013-09-13  17.710  17.580   128400.0
2013-09-16  17.840  17.710   151800.0
2013-09-17  17.690  17.810   177100.0
2013-09-18  17.770  18.080   260300.0
2013-09-19  18.160  18.040   137800.0
2013-09-20  18.030  18.000   883000.0
2013-09-23  17.980  18.000   188700.0
2013-09-24  18.050  18.050   405700.0
2013-09-25  18.030  17.420   207300.0
2013-09-26  17.450  17.390   237300.0
2013-09-27  17.290  16.900   363500.0
2013-09-30  16.770  16.870   343000.0
2013-10-01  16.900  17.020   322000.0
2013-10-02  17.210  16.620   366200.0
2013-10-03  16.620  16.090   518800.0
2013-10-04  16.070  16.040   257500.0
2013-10-07  15.930  15.870   310700.0
2013-10-08  15.910  15.800   202000.0
2013-10-09  15.810  15.760   332800.0
2013-10-10  15.910  15.890   267600.0
2013-10-11  15.810  16.080   425400.0
2013-10-14  15.990  16.020   296200.0
2013-10-15  15.995  15.860   263000.0
2013-10-16  15.920  15.900   512700.0
2013-10-17  15.790  15.920   363800.0
2013-10-18  16.040  16.180   595100.0
2013-10-21  16.180  16.120   283500.0
2013-10-22  16.160  16.120   204900.0
2013-10-23  16.030  16.040   184300.0
2013-10-24  16.010  15.820   383800.0
2013-10-25  15.880  15.740   289300.0
2013-10-28  15.720  15.910   220600.0
2013-10-29  15.980  15.950   339100.0
2013-10-30  15.990  15.910   294200.0
2013-10-31  15.890  15.730   268800.0
2013-11-01  15.730  15.520   325300.0
2013-11-04  15.530  15.710   240100.0
2013-11-05  15.610  15.460   377500.0
2013-11-06  15.470  15.520   175000.0
2013-11-07  14.740  13.580  2289800.0
2013-11-08  13.590  11.340  2663200.0
2013-11-11  11.340  11.960  1613800.0
2013-11-12  11.980  11.790   623400.0
2013-11-13  11.800  11.790   313700.0
2013-11-14  11.790  12.050   479200.0
2013-11-15  12.040  11.800   364400.0
2013-11-18  11.870  12.240   496400.0
2013-11-19  12.280  12.130   353200.0
2013-11-20  12.140  11.840   289400.0
2013-11-21  11.830  12.140   489300.0
2013-11-22  12.160  11.940   584900.0
2013-11-25  11.970  11.790   645600.0
2013-11-26  11.780  11.750   365800.0
2013-11-27  11.730  11.710   442800.0
2013-11-29  11.760  11.680   234500.0
2013-12-02  11.670  11.480   497400.0
2013-12-03  11.420  10.890  1000300.0
2013-12-04  10.890  11.220   416200.0
2013-12-05  11.260  11.080   359300.0
2013-12-06  11.150  11.010   428400.0
2013-12-09  10.640  10.330  1140900.0
2013-12-10  10.400  10.310   523100.0
2013-12-11  10.300  10.120   579200.0
2013-12-12  10.140  10.120   544000.0
2013-12-13  10.100  10.310   374100.0
2013-12-16  10.390  10.620   591600.0
2013-12-17  10.620  10.480   517400.0
2013-12-18  10.520  10.580   894900.0
2013-12-19  10.530  10.590   410000.0
2013-12-20  10.640  11.080  1252600.0
2013-12-23  11.100  10.880   625100.0
2013-12-24  10.900  10.930   266000.0
2013-12-26  10.950  11.000   391100.0
2013-12-27  11.060  11.210   392300.0
2013-12-30  11.220  11.310   436800.0
2013-12-31  11.360  11.690   490100.0
2014-01-02  11.690  11.500   622900.0
2014-01-03  11.530  11.750   420600.0
2014-01-06  11.800  11.530   501900.0
2014-01-07  11.600  11.380   568800.0
2014-01-08  11.410  11.580   546500.0
2014-01-09  11.540  10.970   437900.0
2014-01-10  10.970  11.100   518300.0
2014-01-13  11.090  10.940   384600.0
2014-01-14  10.990  10.990   575000.0
2014-01-15  11.010  10.990   324900.0
2014-01-16  10.930  10.780   271100.0
2014-01-17  10.800  10.400   605400.0
2014-01-21  10.410  10.440   423600.0
2014-01-22  10.480  10.380   232500.0
2014-01-23  10.330  10.260   586600.0
2014-01-24  10.160  10.100   514600.0
2014-01-27  10.100   9.930   776200.0
2014-01-28   9.930   9.350  1159500.0
2014-01-29  11.160  11.250  4561400.0
2014-01-30  11.140  11.290   989000.0
2014-01-31  11.120  10.980   653100.0
2014-02-03  11.350  11.000   824300.0
2014-02-04  11.070  11.080   800500.0
2014-02-05  11.060  10.980   767600.0
2014-02-06  11.030  11.310   464400.0
2014-02-07  11.380  11.330   412700.0
2014-02-10  11.370  12.110  1359800.0
2014-02-11  12.230  12.620  1177900.0
2014-02-12  12.610  12.430   746900.0
2014-02-13  12.360  13.310   762400.0
2014-02-14  13.340  13.150   575300.0
2014-02-18  13.150  13.110   434400.0
2014-02-19  13.010  12.730   404600.0
2014-02-20  12.700  12.180  1195600.0
2014-02-21  12.220  12.550   626300.0
2014-02-24  12.610  12.940   745400.0
2014-02-25  12.920  12.690   403800.0
2014-02-26  12.710  12.320   633700.0
2014-02-27  12.330  12.550   387400.0
2014-02-28  12.570  12.640   572100.0
2014-03-03  12.500  12.270   461500.0
2014-03-04  12.410  12.720   449100.0
2014-03-05  12.670  12.890   437100.0
2014-03-06  12.900  12.820   345400.0
2014-03-07  12.850  13.050   506400.0
2014-03-10  13.040  12.900   417200.0
2014-03-11  12.930  12.820   243900.0
2014-03-12  12.740  12.800   263700.0
2014-03-13  12.840  12.290   672500.0
2014-03-14  12.210  12.120   502100.0
2014-03-17  12.110  12.190   359800.0
2014-03-18  12.220  12.440   397900.0
2014-03-19  12.470  12.270   378400.0
2014-03-20  12.220  12.210   270900.0
2014-03-21  12.220  12.230   784300.0
2014-03-24  12.230  11.370  1262500.0
2014-03-25  11.470  11.180   403000.0
2014-03-26  11.250  10.700   814900.0
2014-03-27  10.700  10.800   356500.0
2014-03-28  10.790  10.840   251800.0
2014-03-31  10.940  10.790   352500.0
2014-04-01  10.800  11.190   486700.0
2014-04-02  11.280  11.540   572800.0
2014-04-03  11.600  11.160   437300.0
2014-04-04  11.240  10.930   393700.0
2014-04-07  10.840  10.630   727500.0
2014-04-08  10.840  10.630   515100.0
2014-04-09  10.680  10.740   319600.0
2014-04-10  10.990  11.220   901800.0
2014-04-11  11.090  11.110   456700.0
2014-04-14  11.250  11.160   360800.0
2014-04-15  11.230  11.050   425200.0
2014-04-16  11.100  11.020   338500.0
2014-04-17  11.040  11.000   290100.0
2014-04-21  11.050  11.080   280100.0
2014-04-22  11.070  11.140   308200.0
2014-04-23  11.160  11.000   355800.0
2014-04-24  11.010  11.000   267800.0
2014-04-25  10.990  11.120   348000.0
2014-04-28  11.140  11.040   624500.0
2014-04-29  11.110  11.080   376100.0
2014-04-30  10.970  10.430  1528000.0
2014-05-01  10.380  10.600   534500.0
2014-05-02  10.620  10.760   387300.0
2014-05-05  10.710  10.570   370100.0
2014-05-06  10.520  10.410   318000.0
2014-05-07  10.450  10.370   380300.0
2014-05-08  10.370  10.440   282100.0
2014-05-09  10.400  10.680   251900.0
2014-05-12  10.700  11.200   684800.0
2014-05-13  11.160  11.080   338800.0
2014-05-14  11.040  10.600   404100.0
2014-05-15  10.540  10.470   376200.0
2014-05-16  10.450  10.590   343200.0
2014-05-19  10.530  10.590   290900.0
2014-05-20  10.550  10.460   390800.0
2014-05-21  10.450  12.450  1355800.0
2014-05-22  12.310  12.890   760600.0
2014-05-23  13.030  12.480   507900.0
2014-05-27  12.510  12.610   382400.0
2014-05-28  12.540  12.490   315300.0
2014-05-29  12.570  12.480   237800.0
2014-05-30  12.480  12.220   383300.0
2014-06-02  12.200  12.290   243300.0
2014-06-03  12.210  11.900   355900.0
2014-06-04  11.830  12.080   209200.0
2014-06-05  12.160  12.340   240500.0
2014-06-06  12.430  12.680   281700.0
2014-06-09  12.650  12.760   179500.0
2014-06-10  12.740  12.670   167200.0
2014-06-11  12.640  12.680   219500.0
2014-06-12  12.710  12.380   343800.0
2014-06-13  12.360  12.300   276400.0
2014-06-16  12.260  12.430   181900.0
2014-06-17  12.390  11.900  1137100.0
2014-06-18  11.800  11.610  9026600.0
2014-06-19  11.610  11.580  1902400.0
2014-06-20  11.630  11.600  1159300.0
2014-06-23  11.660  11.550  1026600.0
2014-06-24  11.770  11.450  1159900.0
2014-06-25  11.340  11.600  1311700.0
2014-06-26  11.630  11.530   296200.0
2014-06-27  11.470  11.470   786300.0
2014-06-30  11.490  11.550   626400.0
2014-07-01  11.560  11.670   918700.0
2014-07-02  11.720  11.650   339700.0
2014-07-03  11.730  11.740   706400.0
2014-07-07  11.730  11.680   566100.0
2014-07-08  11.630  11.590   762000.0
2014-07-09  11.600  11.580   340100.0
2014-07-10  11.360  11.310   726200.0
2014-07-11  11.250  11.200   824400.0
2014-07-14  11.190  11.110   576100.0
2014-07-15  11.120  11.100   447600.0
2014-07-16  11.170  11.090   386100.0
2014-07-17  11.040  11.060   696000.0
2014-07-18  11.020  11.120   427400.0
2014-07-21  10.200   9.760  4699400.0
2014-07-22   9.760   9.530  2209700.0
2014-07-23   9.520   9.660  1330900.0
2014-07-24   9.680   9.770  1096900.0
2014-07-25   9.750   9.550   384400.0
2014-07-28   9.560   9.510   858000.0
2014-07-29   9.540   9.740   716700.0
2014-07-30   9.780   9.950  1191300.0
2014-07-31   9.700   9.790  1154500.0
2014-08-01   9.770   9.310  1022800.0
2014-08-04   9.350   9.510   864800.0
2014-08-05   9.500   9.510   367000.0
2014-08-06   9.440   9.590   429900.0
2014-08-07   9.650   9.650   555600.0
2014-08-08   9.660   9.700   412600.0
2014-08-11   9.740   9.750   330000.0
2014-08-12   9.740   9.700   418600.0
2014-08-13   9.710   9.780   452300.0
2014-08-14   9.830   9.800   595100.0
2014-08-15   9.970  10.040  1353700.0
2014-08-18  10.150  10.410   496900.0
2014-08-19  10.490  10.750   805900.0
2014-08-20  10.820  10.735   510200.0
2014-08-21  10.720  10.700   272300.0
2014-08-22  10.700  10.580   231000.0
2014-08-25  10.590  10.500   302900.0
2014-08-26  10.500  10.590   368700.0
2014-08-27  10.580  10.480   329300.0
2014-08-28  10.410  10.510   294700.0
2014-08-29  10.520  10.630   346100.0
2014-09-02  10.640  10.680   541400.0
2014-09-03  10.740  10.740   398000.0
2014-09-04  10.780  10.400   659400.0
2014-09-05  10.300  10.290   325400.0
2014-09-08  10.230  10.120   482800.0
2014-09-09  10.120  10.200   591800.0
2014-09-10  10.180  10.150   315000.0
2014-09-11  10.120  10.340   447200.0
2014-09-12  10.370  10.200   297500.0
2014-09-15  10.170  10.380   382000.0
2014-09-16  10.330  10.450   501200.0
2014-09-17  10.500  10.880   666300.0
2014-09-18  10.950  10.690   501200.0
2014-09-19  10.700  10.480  1178600.0
2014-09-22  10.430  10.300   420600.0
2014-09-23  10.260  10.120   297700.0
2014-09-24  10.170  10.180   350717.0
2014-09-25  10.120   9.930   396072.0
2014-09-26   9.950   9.960   215524.0
2014-09-29   9.880   9.930   454255.0
2014-09-30   9.960   9.910   633299.0
2014-10-01   9.900   9.920   480008.0
2014-10-02   9.930  10.040   325763.0
2014-10-03  10.140   9.790   347948.0
2014-10-06   9.810   9.950   547293.0
2014-10-07   8.430   8.960  3544449.0
2014-10-08   9.010   9.010  1015924.0
2014-10-09   8.980   8.720  1606502.0
2014-10-10   8.660   8.650   674094.0
2014-10-13   8.620   8.720   464147.0
2014-10-14   8.850   8.950   584976.0
2014-10-15   8.890   9.390   869399.0
2014-10-16   9.350   9.550   447735.0
2014-10-17   9.680   9.170   367814.0
2014-10-20   9.140   9.930  1197460.0
2014-10-21   9.970   9.900   436197.0
2014-10-22   9.880   9.680   365935.0
2014-10-23   9.750   9.890   611384.0
2014-10-24   9.930  10.470   590298.0
2014-10-27  10.390  10.170   444086.0
2014-10-28   9.890  10.440   518961.0
2014-10-29  10.500  10.650   487958.0
2014-10-30  10.650  10.920   751813.0
2014-10-31  11.000  11.280   718619.0
2014-11-03  11.280  10.760   505246.0
2014-11-04  10.750  10.830   532834.0
2014-11-05  10.890  10.890   288617.0
2014-11-06  10.940  11.060   714640.0
2014-11-07  10.790  10.875   660424.0
2014-11-10  10.830  10.990   609638.0
2014-11-11  11.020  10.940   378550.0
2014-11-12  10.870  11.280   614913.0
2014-11-13  11.360  11.180   600692.0
2014-11-14  11.160  10.970   540673.0
2014-11-17  10.970  10.770   482712.0
2014-11-18  10.800  10.800   337797.0
2014-11-19  10.750  10.680   319272.0
2014-11-20  10.640  10.890   268422.0
2014-11-21  10.990  10.940   312051.0
2014-11-24  10.920  10.940   390415.0
2014-11-25  10.980  10.990   373820.0
2014-11-26  10.960  10.960   220067.0
2014-11-28  10.400  10.890   489177.0
2014-12-01  10.830  10.660   415775.0
2014-12-02  10.710  10.430   381466.0
2014-12-03  10.400  10.400   319546.0
2014-12-04  10.370  10.530   477079.0
2014-12-05  10.860  10.580   811334.0
2014-12-08  10.510  10.670   416073.0
2014-12-09  10.610  11.080   507024.0
2014-12-10  11.070  10.680   314817.0
2014-12-11  10.770  10.930   292845.0
2014-12-12  10.810  11.130   567217.0
2014-12-15  11.140  10.870   655765.0
2014-12-16  10.870  10.990   571126.0
2014-12-17  11.010  11.300   376935.0
2014-12-18  11.480  11.450   554369.0
2014-12-19  11.440  11.900  1172104.0
2014-12-22  11.830  11.710   594626.0
2014-12-23  11.730  11.675   264246.0
2014-12-24  11.660  11.480   161402.0
2014-12-26  11.540  11.690   254362.0
2014-12-29  11.660  11.860   325258.0
2014-12-30  11.860  11.920   275864.0
2014-12-31  11.930  11.750   318591.0
2015-01-02  11.850  11.660   246617.0
2015-01-05  11.550  11.490   271684.0
2015-01-06  11.570  11.250   385721.0
2015-01-07  11.300  11.420   428114.0
2015-01-08  11.470  11.950   623006.0
2015-01-09  11.890  11.510   292432.0
2015-01-12  11.560  11.580   287298.0
2015-01-13  11.680  11.870   578653.0
2015-01-14  11.690  12.070   297684.0
2015-01-15  12.100  12.040   676675.0
2015-01-16  12.010  12.075   314282.0
2015-01-20  12.140  11.820   318976.0
2015-01-21  11.810  11.580   704537.0
2015-01-22  11.590  11.940   341205.0
2015-01-23  11.960  12.230   374926.0
2015-01-26  12.190  12.250   347823.0
2015-01-27  12.090  11.620   391187.0
2015-01-28  10.710  10.340  2016931.0
2015-01-29  10.400  10.460  1146624.0
2015-01-30  10.310  10.310   640290.0
2015-02-02  10.310  10.000   738051.0
2015-02-03   9.950  10.370   764767.0
2015-02-04  10.340  10.315   349102.0
2015-02-05  10.370  10.260   399297.0
2015-02-06  10.260  10.510   762848.0
2015-02-09  10.500  10.270   313641.0
2015-02-10  10.340  10.060   474970.0
2015-02-11  10.070   9.920   183353.0
2015-02-12  10.010  10.250   205053.0
2015-02-13  10.260   9.960   316277.0
2015-02-17   9.920  10.140   165745.0
2015-02-18  10.120  10.010   194667.0
2015-02-19   9.960  10.360   288771.0
2015-02-20  10.360  10.370   394550.0
2015-02-23  10.380  10.430   284851.0
2015-02-24  10.440  10.190   364651.0
2015-02-25  10.150  10.320   312077.0
2015-02-26  10.320  10.310   127494.0
2015-02-27  10.360  10.440   262561.0
2015-03-02  10.450  10.150   374759.0
2015-03-03  10.100  10.110   269434.0
2015-03-04  10.090  10.000   438291.0
2015-03-05  10.000  10.190   302514.0
2015-03-06  10.130  10.110   262492.0
2015-03-09  10.140  10.290   234290.0
2015-03-10  10.150  10.180   220167.0
2015-03-11  10.250  10.290   357409.0
2015-03-12  10.370  10.600   359916.0
2015-03-13  10.600  10.610   218073.0
2015-03-16  10.680  10.560   225751.0
2015-03-17  10.590  10.690   308653.0
2015-03-18  10.630  10.650   284730.0
2015-03-19  10.630  10.490   180271.0
2015-03-20  10.560  10.480   472831.0
2015-03-23  10.500  10.540   258345.0
2015-03-24  10.570  10.500   350032.0
2015-03-25  10.520  10.050   490219.0
2015-03-26   9.990   9.460  1141367.0
2015-03-27   9.500   9.470   351716.0
2015-03-30   9.550   9.160   642265.0
2015-03-31   9.100   9.130   469807.0
2015-04-01   9.110   9.300   216784.0
2015-04-02   9.210   9.520   389336.0
2015-04-06   9.500   9.540   311089.0
2015-04-07   9.520   9.680   307451.0
2015-04-08   9.700   9.800   375119.0
2015-04-09   9.790   9.600   203109.0
2015-04-10   9.540   9.470   273695.0
2015-04-13   9.450   9.340   268210.0
2015-04-14   9.410   9.400   374692.0
2015-04-15   9.470   9.450   510503.0
2015-04-16   9.440   9.420   475481.0
2015-04-17   9.370   9.160   321447.0
2015-04-20   9.250   9.300   285884.0
2015-04-21   9.340   9.240   164846.0
2015-04-22   9.240   9.210   190218.0
2015-04-23   9.170   9.370   267393.0
2015-04-24   9.400   9.220   222185.0
2015-04-27   9.190   9.150   576695.0
2015-04-28   9.140   9.300   399366.0
2015-04-29   9.250   9.180   247268.0
2015-04-30   9.140   9.200   358029.0
2015-05-01   9.150   8.410  1450841.0
2015-05-04   8.410   8.640   451024.0
2015-05-05   8.580   8.690   432403.0
2015-05-06   8.730   8.900   339184.0
2015-05-07   8.870   8.640   338712.0
2015-05-08   8.750   9.020   530962.0
2015-05-11   9.030   8.800   480949.0
2015-05-12   8.810   9.090   350645.0
2015-05-13   9.210   9.050   265903.0
2015-05-14   9.070   9.300   292121.0
2015-05-15   9.270   9.120   222981.0
2015-05-18   9.100   9.170   190133.0
2015-05-19   9.150   9.000   319631.0
2015-05-20   9.040   8.990   167557.0
2015-05-21   8.700   8.330  1090367.0
2015-05-22   8.340   8.190   331822.0
2015-05-26   8.160   7.870   500887.0
2015-05-27   7.960   7.840  1552957.0
2015-05-28   7.840   7.900   419893.0
2015-05-29   7.860   7.940   321983.0
2015-06-01   8.040   7.750   357983.0
2015-06-02   7.700   7.750   976106.0
2015-06-03   7.850   7.770   417848.0
2015-06-04   7.780   7.710   495815.0
2015-06-05   7.700   7.740   329149.0
2015-06-08   7.700   7.620   343481.0
2015-06-09   7.610   7.440   444163.0
2015-06-10   7.530   7.400   580407.0
2015-06-11   7.400   7.240   468821.0
2015-06-12   7.230   7.230   958732.0
2015-06-15   7.210   7.430   930363.0
2015-06-16   7.390   7.290   495871.0
2015-06-17   7.300   7.210   442815.0
2015-06-18   7.270   7.400   314967.0
2015-06-19   7.450   7.950  1257167.0
2015-06-22   7.960   8.050   495459.0
2015-06-23   8.080   8.170   532691.0
2015-06-24   8.200   8.240   519614.0
2015-06-25   8.200   7.820   373803.0
2015-06-26   7.820   7.660  1306402.0
2015-06-29   7.600   7.390   490254.0
2015-06-30   7.460   7.430   402905.0
2015-07-01   7.510   7.315   236766.0
2015-07-02   7.300   7.250   355616.0
2015-07-06   7.230   7.180   374474.0
2015-07-07   7.200   7.210   490973.0
2015-07-08   7.140   7.060   719647.0
2015-07-09   7.150   7.040   706164.0
2015-07-10   7.030   7.150   336728.0
2015-07-13   7.150   7.200   304746.0
2015-07-14   7.190   7.060   404765.0
2015-07-15   7.030   7.060   555577.0
2015-07-16   7.060   6.740   425233.0
2015-07-17   6.720   6.480   975088.0
2015-07-20   6.340   6.380   620831.0
2015-07-21   6.420   6.355   304611.0
2015-07-22   6.230   6.190   469376.0
2015-07-23   6.230   6.080   454618.0
2015-07-24   6.100   6.030   404690.0
2015-07-27   5.950   6.020   184935.0
2015-07-28   6.170   6.305   406232.0
2015-07-29   6.290   6.290   360951.0
2015-07-30   6.380   6.340   418611.0
2015-07-31   6.360   7.090   494189.0
2015-08-03   7.070   6.780   476605.0
2015-08-04   6.790   6.650   200154.0
2015-08-05   6.640   6.430   197131.0
2015-08-06   6.400   6.350   165772.0
2015-08-07   6.330   6.160  1182288.0
2015-08-10   6.150   6.120   398706.0
2015-08-11   5.970   6.030   494479.0
2015-08-12   6.020   6.060   311130.0
2015-08-13   6.030   5.770   188137.0
2015-08-14   5.780   6.120   322518.0
2015-08-17   6.130   6.140   363290.0
2015-08-18   6.160   6.080   196698.0
2015-08-19   6.080   6.070   653276.0
2015-08-20   5.990   6.050   291495.0
2015-08-21   5.890   6.080   476424.0
2015-08-24   6.050   6.150   589859.0
2015-08-25   6.290   5.650   762414.0
2015-08-26   5.730   5.780   663773.0
2015-08-27   5.790   5.750   470683.0
2015-08-28   5.700   5.830   346872.0
2015-08-31   5.840   6.320   399698.0
2015-09-01   6.290   6.130   501783.0
2015-09-02   6.190   6.180   392184.0
2015-09-03   6.080   6.000   359146.0
2015-09-04   5.900   5.900   196688.0
2015-09-08   6.020   6.100   238087.0
2015-09-09   6.130   5.980   203012.0
2015-09-10   5.960   6.000   172559.0
2015-09-11   6.000   6.040   230184.0
2015-09-14   6.080   6.140   345921.0
2015-09-15   6.150   6.220   162015.0
2015-09-16   6.240   6.150   297657.0
2015-09-17   6.120   6.150   359907.0
2015-09-18   6.150   6.100   956245.0
2015-09-21   6.130   6.100   362679.0
2015-09-22   6.040   6.230   464516.0
2015-09-23   6.230   6.060   575713.0
2015-09-24   6.050   6.570   458801.0
2015-09-25   6.590   6.470   467711.0
2015-09-28   6.470   6.100   277207.0
2015-09-29   6.100   6.100   280929.0
2015-09-30   6.100   6.170   292375.0
2015-10-01   6.150   6.270   476543.0
2015-10-02   6.230   6.010   261658.0
2015-10-05   6.040   6.450   294674.0
2015-10-06   6.430   6.460   191530.0
2015-10-07   6.540   6.720   496881.0
2015-10-08   6.650   7.000   405585.0
2015-10-09   6.970   6.830   215473.0
2015-10-12   6.830   6.800   113270.0
2015-10-13   6.750   6.900   258237.0
2015-10-14   6.940   6.750   137471.0
2015-10-15   6.730   6.850   185095.0
2015-10-16   6.850   6.600   196531.0
2015-10-19   6.580   6.610   182301.0
2015-10-20   6.560   6.320   337690.0
2015-10-21   6.320   6.350   300607.0
2015-10-22   6.370   6.360   232244.0
2015-10-23   6.400   6.590   377509.0
2015-10-26   6.560   6.540   200099.0
2015-10-27   6.570   6.310   280179.0
2015-10-28   6.310   6.690   773179.0
2015-10-29   6.650   6.650   235890.0
2015-10-30   6.680   6.660   275606.0
2015-11-02   6.650   6.840   256303.0
2015-11-03   6.850   6.780   221515.0
2015-11-04   6.810   6.690   217412.0
2015-11-05   6.670   6.640   116576.0
2015-11-06   6.640   6.800   225586.0
2015-11-09   6.780   6.510   122988.0
2015-11-10   6.580   6.520   282529.0
2015-11-11   6.530   6.220   286131.0
2015-11-12   6.210   5.670   444641.0
2015-11-13   5.610   5.490   513622.0
2015-11-16   5.440   5.670   443055.0
2015-11-17   5.670   5.580   552532.0
2015-11-18   5.580   5.850   310461.0
2015-11-19   5.810   5.620   374589.0
2015-11-20   5.670   5.710   407784.0
2015-11-23   5.660   5.750   224171.0
2015-11-24   5.710   5.710   149026.0
2015-11-25   5.680   5.730   288737.0
2015-11-27   5.690   5.780   172129.0
2015-11-30   5.780   5.790   374921.0
2015-12-01   5.800   5.740   233650.0
2015-12-02   5.760   5.450   304556.0
2015-12-03   5.450   5.380   372581.0
2015-12-04   5.370   5.260   435440.0
2015-12-07   5.280   5.100   269020.0
2015-12-08   5.060   5.170   329144.0
2015-12-09   5.130   5.140   162232.0
2015-12-10   5.120   5.130   147777.0
2015-12-11   4.990   4.850   381487.0
2015-12-14   4.810   4.860   919542.0
2015-12-15   4.860   4.720   451510.0
2015-12-16   4.780   4.800   629891.0
2015-12-17   4.790   5.000   667568.0
2015-12-18   4.950   4.960  1313733.0
2015-12-21   4.990   5.310   535687.0
2015-12-22   5.290   5.210   288758.0
2015-12-23   5.280   5.390   375060.0
2015-12-24   5.310   5.250   250559.0
2015-12-28   5.210   4.930   286373.0
2015-12-29   4.940   4.990  1034147.0
2015-12-30   4.980   4.820   401068.0
2015-12-31   4.720   4.990   789606.0
2016-01-04   4.930   4.850   583852.0
2016-01-05   4.880   4.870   496004.0
2016-01-06   4.790   4.730   700743.0
2016-01-07   4.630   4.600   922841.0
2016-01-08   4.530   4.040  1822721.0
2016-01-11   4.030   3.650   985578.0
2016-01-12   3.650   3.390   933438.0
2016-01-13   3.440   3.260   966308.0
2016-01-14   3.270   3.380   831755.0
2016-01-15   3.400   3.400   920837.0
2016-01-19   3.500   3.070  1151120.0
2016-01-20   3.020   3.160   945295.0
2016-01-21   3.150   3.290   514043.0
2016-01-22   3.340   3.340   489995.0
2016-01-25   3.330   3.150   378719.0
2016-01-26   3.130   3.300   433071.0
2016-01-27   3.220   3.250   865887.0
2016-01-28   3.300   3.000   817323.0
2016-01-29   3.060   3.040  1100841.0
2016-02-01   3.030   3.120   445294.0
2016-02-02   3.080   2.980   499780.0
2016-02-03   2.990   2.960   651325.0
2016-02-04   2.940   3.070   549994.0
2016-02-05   3.080   3.120   637100.0
2016-02-08   3.030   2.890   504088.0
2016-02-09   2.700   2.650   680751.0
2016-02-10   2.800   2.610   375371.0
2016-02-11   2.590   2.490   449645.0
2016-02-12   2.500   2.480   591629.0
2016-02-16   2.510   2.650   734402.0
2016-02-17   2.730   2.880   710504.0
2016-02-18   2.900   2.820   376634.0
2016-02-19   2.760   2.920  1336255.0
2016-02-22   3.000   2.960   667375.0
2016-02-23   2.940   2.860   210848.0
2016-02-24   2.830   2.800   289452.0
2016-02-25   2.780   2.780   151638.0
2016-02-26   2.770   2.870   149059.0
2016-02-29   2.900   2.900   371960.0
2016-03-01   2.910   2.790   159679.0
2016-03-02   2.820   3.020   293082.0
2016-03-03   3.000   3.130   326297.0
2016-03-04   3.120   3.130   285717.0
2016-03-07   3.100   3.220   385985.0
2016-03-08   3.200   2.980   295365.0
2016-03-09   3.000   3.020   524483.0
2016-03-10   3.010   2.840   338018.0
2016-03-11   2.900   2.890   415534.0
2016-03-14   2.870   2.940   227543.0
2016-03-15   2.930   2.750   187647.0
2016-03-16   2.730   2.800   157422.0
2016-03-17   2.780   2.880   203523.0
2016-03-18   2.900   3.010  1863748.0
2016-03-21   2.970   2.960   257730.0
2016-03-22   2.920   2.970   213833.0
2016-03-23   2.950   2.820   257795.0
2016-03-24   2.830   2.980   404614.0
2016-03-28   2.960   3.040   276917.0
2016-03-29   3.000   2.990   327958.0
2016-03-30   3.010   3.020   262148.0
2016-03-31   3.000   2.970   466176.0
2016-04-01   2.950   2.980   270925.0
2016-04-04   3.010   3.200   872652.0
2016-04-05   3.200   3.140   312738.0
2016-04-06   3.130   3.400   491779.0
2016-04-07   3.400   4.030   989142.0
2016-04-08   3.930   3.840   697593.0
2016-04-11   3.830   3.700   447880.0
2016-04-12   3.700   3.680   631208.0
2016-04-13   3.710   4.000   832837.0
2016-04-14   4.020   4.030   427044.0
2016-04-15   3.990   4.130   258930.0
2016-04-18   4.090   4.280   634502.0
2016-04-19   4.350   4.400   567347.0
2016-04-20   4.450   4.550   659354.0
2016-04-21   4.580   4.510   437375.0
2016-04-22   4.560   4.820  1285333.0
2016-04-25   4.830   4.660   357738.0
2016-04-26   4.670   4.670   303490.0
2016-04-27   4.630   4.790   295878.0
2016-04-28   4.840   4.870  1328992.0
2016-04-29   4.880   4.950   689771.0
2016-05-02   5.020   4.980   354859.0
2016-05-03   4.900   4.870   340224.0
2016-05-04   4.800   4.840   256234.0
2016-05-05   4.870   4.640   250457.0
2016-05-06   4.630   4.860   447601.0
2016-05-09   4.870   4.760   357044.0
2016-05-10   4.590   5.430  2185700.0
2016-05-11   5.410   5.850  1474763.0
2016-05-12   5.890   5.560  1079591.0
2016-05-13   5.560   5.690   867235.0
2016-05-16   5.730   5.810   607575.0
2016-05-17   5.810   5.910   888282.0
2016-05-18   5.920   5.920   377200.0
2016-05-19   5.880   6.030   415586.0
2016-05-20   6.090   6.270   798733.0
2016-05-23   6.270   6.570   710960.0
2016-05-24   6.670   6.700   814468.0
2016-05-25   6.810   6.730   973816.0
2016-05-26   6.760   6.580   543833.0
2016-05-27   6.600   6.650   318598.0
2016-05-31   6.840   6.780   508365.0
2016-06-01   6.680   6.780   533632.0
2016-06-02   6.580   6.850   459571.0
2016-06-03   6.840   6.770   521929.0
2016-06-06   6.790   7.130  1206028.0
2016-06-07   7.130   7.070   471338.0
2016-06-08   7.100   6.960   373962.0
2016-06-09   6.970   6.690   392444.0
2016-06-10   6.680   6.590   264198.0
2016-06-13   6.530   6.510   229894.0
2016-06-14   6.500   6.340   300249.0
2016-06-15   6.420   6.390   419230.0
2016-06-16   6.300   6.580   543257.0
2016-06-17   6.590   6.850   682102.0
2016-06-20   6.950   7.160   439313.0
2016-06-21   6.990   7.210   367127.0
2016-06-22   7.200   6.990   558095.0
2016-06-23   7.110   7.480   620503.0
2016-06-24   7.100   7.500  1130358.0
2016-06-27   7.450   6.850   680268.0
2016-06-28   6.780   7.010   399241.0
2016-06-29   7.120   7.340   499598.0
2016-06-30   7.390   7.560   598379.0
2016-07-01   7.520   7.600   440006.0
2016-07-05   7.610   7.400   505138.0
2016-07-06   7.340   7.640   633414.0
2016-07-07   8.830   8.900  2281495.0
2016-07-08   8.880   8.970  1648820.0
2016-07-11   9.000   9.240   761757.0
2016-07-12   9.380   9.660   823960.0
2016-07-13   9.750   9.440   698154.0
2016-07-14   9.520   9.500   811547.0
2016-07-15   9.600   9.800   831377.0
2016-07-18   9.760   9.640   397424.0
2016-07-19   9.520   9.570   567548.0
2016-07-20   9.630   9.320   451468.0
2016-07-21   9.380   9.150   452474.0
2016-07-22   9.110   9.270   418241.0
2016-07-25   9.230   9.050   247749.0
2016-07-26   9.070   9.150   378302.0
2016-07-27   9.150   9.250   283633.0
2016-07-28   9.120   9.120   229212.0
2016-07-29   8.930   9.060   276618.0
2016-08-01   9.080   9.040   231210.0
2016-08-02   9.060   9.090   289079.0
2016-08-03   9.080   9.290   759250.0
2016-08-04   9.400   9.270   437937.0
2016-08-05   9.300   9.270   385701.0
2016-08-08   9.320   9.360   252424.0
2016-08-09   9.230   9.300   352681.0
2016-08-10   9.280   9.160   608185.0
2016-08-11   9.260   9.200   391648.0
2016-08-12   9.190   9.060   584016.0
2016-08-15   9.070   9.640   632747.0
2016-08-16   9.590   9.300   397601.0
2016-08-17   9.670   9.960   987405.0
2016-08-18   9.990  10.080   644257.0
2016-08-19  10.040  10.150   341672.0
2016-08-22  10.140  10.310   262662.0
2016-08-23  10.360  10.340   439489.0
2016-08-24  10.300   9.920   323118.0
2016-08-25   9.920  10.100   277762.0
2016-08-26  10.140   9.970   252018.0
2016-08-29  10.010  10.160   259858.0
2016-08-30  10.130  10.280   295905.0
2016-08-31  10.320  10.350   675038.0
2016-09-01  10.340  10.170   331677.0
2016-09-02  10.170  10.540   406502.0
2016-09-06  10.480  10.490   393153.0
2016-09-07  10.490  10.470   533944.0
2016-09-08  10.510  10.380   314581.0
2016-09-09  10.300   9.850   557178.0
2016-09-12   9.700  10.270   493537.0
2016-09-13  10.190   9.970   626011.0
2016-09-14  10.010   9.870   478783.0
2016-09-15   9.910  10.210   517553.0
2016-09-16  10.230  10.060   692571.0
2016-09-19  10.140  10.020   634988.0
2016-09-20  10.120   9.980   350702.0
2016-09-21  10.030   9.990   366435.0
2016-09-22  10.060   9.900   643679.0
2016-09-23   9.900  10.120   472919.0
2016-09-26  10.020   9.940   412181.0
2016-09-27   9.900   9.830   352561.0
2016-09-28   9.890  10.350   914755.0
2016-09-29  10.380  10.800  1052766.0
2016-09-30  10.950  11.060  1083019.0
2016-10-03  11.090  11.140   561238.0
2016-10-04  11.090  10.740   390317.0
2016-10-05  10.870  10.850   338937.0
2016-10-06  10.790  10.560   220757.0
2016-10-07  10.540  10.460   476714.0
2016-10-10  10.570  10.650   213291.0
2016-10-11  10.600  10.610   256844.0
2016-10-12  10.620  10.930   352123.0
2016-10-13  10.930  10.930   384119.0
2016-10-14  10.970  10.900   273615.0
2016-10-17  10.860  10.800   189421.0
2016-10-18  10.950  10.890   341539.0
2016-10-19  10.960  10.920   157875.0
2016-10-20  10.810  10.950   186398.0
2016-10-21  10.810  10.860   158806.0
2016-10-24  10.910  10.820   225091.0
2016-10-25  10.820  10.650   566523.0
2016-10-26  10.550  10.430   690113.0
2016-10-27  10.570  10.220   672667.0
2016-10-28  10.260   9.990   475042.0
2016-10-31   9.950   9.750   608203.0
2016-11-01   9.850   9.750   304810.0
2016-11-02   9.650   9.650   345156.0
2016-11-03   9.650   9.550   185008.0
2016-11-04   9.600   9.600   203993.0
2016-11-07   9.800   9.800   497734.0
2016-11-08   9.750   9.600   250639.0
2016-11-09   9.600  10.000   418049.0
2016-11-10  10.100  10.550   772159.0
2016-11-11  10.500  10.950   795744.0
2016-11-14  11.200  11.100   582672.0
2016-11-15  11.100  11.150   560324.0
2016-11-16  11.150  11.100   344568.0
2016-11-17  11.200  11.000   315086.0
2016-11-18  11.050  11.250   339872.0
2016-11-21  11.900  11.350   322735.0
2016-11-22  11.350  11.600   260171.0
2016-11-23  11.600  11.650   377703.0
2016-11-25  11.650  11.450    84990.0
2016-11-28  11.450  11.250   244494.0
2016-11-29  11.350  11.200   349748.0
2016-11-30  11.200  11.650   469772.0
2016-12-01  11.750  11.600   347585.0
2016-12-02  11.650  11.300   310558.0
2016-12-05  11.500  11.350   310172.0
2016-12-06  11.450  11.750   425549.0
2016-12-07  11.650  11.800   374901.0
2016-12-08  11.300  11.750   656416.0
2016-12-09  11.850  11.750   620158.0
2016-12-12  11.350  10.950  1161671.0
2016-12-13  10.950  10.550   600516.0
2016-12-14  10.650  10.500   314692.0
2016-12-15  10.600  10.400   421230.0
2016-12-16  10.400  10.400  1495762.0
2016-12-19  10.400  10.300   512964.0
2016-12-20  10.250  10.600   184399.0
2016-12-21  10.550  10.650   125596.0
2016-12-22  10.650  10.500   145452.0
2016-12-23  10.500  10.600   103916.0
2016-12-27  10.600  10.900   123325.0
2016-12-28  10.900  10.750   260063.0
2016-12-29  10.800  10.900   174981.0
2016-12-30  10.900  10.650   300423.0
2017-01-03  10.800  10.650   321315.0
2017-01-04  10.700  10.950   375944.0
2017-01-05  10.800  10.700   398021.0
2017-01-06  10.700  10.600   104325.0
2017-01-09  10.500  10.350   202503.0
2017-01-10  10.300  10.650   260613.0
2017-01-11  10.600  10.600   232654.0
2017-01-12  10.350   9.800   929795.0
2017-01-13   9.800   9.800   325897.0
2017-01-17   9.750   9.600   371120.0
2017-01-18   9.700   9.800   434483.0
2017-01-19   9.800   9.500   297726.0
2017-01-20   9.550   9.650   240313.0
2017-01-23   9.600   9.700   210044.0
2017-01-24   9.700   9.950   309729.0
2017-01-25   9.950  10.050   189352.0
2017-01-26   9.950   9.800   356202.0
2017-01-27   9.750   9.700   243899.0
2017-01-30   9.550   9.600   249112.0
2017-01-31   9.600   9.900   422977.0
2017-02-01  10.000   9.950   321009.0
2017-02-02   9.950   9.900   322267.0
2017-02-03   9.100   9.750   416565.0
2017-02-06   9.750   9.500   426651.0
2017-02-07   9.550   9.300   358667.0
2017-02-08   9.300   9.250   310559.0
2017-02-09   9.200   9.250   346242.0
2017-02-10   9.350   9.550   199742.0
2017-02-13   9.500   9.200   282306.0
2017-02-14   9.150   9.100   231423.0
2017-02-15   9.100   9.150   256362.0
2017-02-16   9.200   9.050   484850.0
2017-02-17   9.050   9.150   298702.0
2017-02-21   9.050   9.050   258269.0
2017-02-22   9.000   9.000   212384.0
2017-02-23   8.950   9.000   300372.0
2017-02-24   8.900   8.950   182399.0
2017-02-27   8.900   9.050   194124.0
2017-02-28   9.000   8.800   504083.0
2017-03-01   8.900   9.150   223012.0
2017-03-02   9.100   9.000   168621.0
2017-03-03   9.000   9.000   267573.0
2017-03-06   8.900   8.750   319140.0
2017-03-07   8.700   8.550   267166.0
2017-03-08   8.550   8.450   388625.0
2017-03-09   8.500   8.400   333549.0
2017-03-10   8.400   8.350   418697.0
2017-03-13   8.300   8.250   314567.0
2017-03-14   8.250   8.200   375159.0
2017-03-15   8.200   8.000   614021.0
2017-03-16   8.050   8.150   457796.0
2017-03-17   8.100   8.100   943935.0
2017-03-20   8.100   8.200   322277.0
2017-03-21   8.300   8.050   265957.0
2017-03-22   8.000   7.900   301849.0
2017-03-23   7.900   8.150   272468.0
2017-03-24   8.100   7.950   319226.0
2017-03-27   7.850   8.000   234416.0
2017-03-28   7.950   8.050   273059.0
2017-03-29   8.000   8.350   272643.0
2017-03-30   8.350   8.050   231028.0
2017-03-31   8.050   8.150   527773.0
2017-04-03   8.150   8.150   342663.0
2017-04-04   8.150   8.100   264666.0
2017-04-05   8.150   7.850   527091.0
2017-04-06   7.800   7.850   477353.0
2017-04-07   8.100   8.350   555340.0
2017-04-10   8.350   8.650   452743.0
2017-04-11   8.650   8.700   357729.0
2017-04-12   8.700   8.550   344875.0
2017-04-13   8.550   8.450   201886.0
2017-04-17   8.500   8.450   204245.0
2017-04-18   8.450   8.700   273664.0
2017-04-19   8.800   8.700   235947.0
2017-04-20   8.750   8.850   286995.0
2017-04-21   8.850   8.800   176613.0
2017-04-24   9.000   9.200   356057.0
2017-04-25   9.250   9.450   255088.0
2017-04-26   9.400   9.350   265726.0
2017-04-27   9.400   9.300   163960.0
2017-04-28   9.300   9.050   167269.0
2017-05-01   9.100   8.900   188621.0
2017-05-02   8.950   8.950   177480.0
2017-05-03   8.850   8.650   331082.0
2017-05-04   8.900   8.800   600925.0
2017-05-05   8.800   9.000   255886.0
2017-05-08   9.000   8.900   228165.0
2017-05-09   8.950   8.850   237020.0
2017-05-10   8.750   8.800   232581.0
2017-05-11   8.800   8.750   220496.0
2017-05-12   8.700   8.700   237696.0
2017-05-15   8.650   8.550   202205.0
2017-05-16   8.550   8.650   197405.0
2017-05-17   8.450   8.400   301043.0
2017-05-18   8.400   8.450   446989.0
2017-05-19   8.450   8.500   217154.0
2017-05-22   8.500   8.500   223015.0
2017-05-23   8.550   8.650   117111.0
2017-05-24   8.600   8.450   232711.0
2017-05-25   8.500   8.650   257967.0
2017-05-26   8.600   8.700   268682.0
2017-05-30   8.650   8.500   236140.0
2017-05-31   8.550   8.500   244594.0
2017-06-01   8.500   8.650   263463.0
2017-06-02   8.550   8.950   359881.0
2017-06-05   8.900   8.650   198664.0
2017-06-06   8.550   8.600   147264.0
2017-06-07   8.600   8.700   268315.0
2017-06-08   8.750   9.050   331868.0
2017-06-09   9.100   9.300   395228.0
2017-06-12   9.300   9.200   186865.0
2017-06-13   9.300   9.050   175867.0
2017-06-14   9.100   9.050   206957.0
2017-06-15   9.000   8.950   152475.0
2017-06-16   8.850   9.050   395433.0
2017-06-19   9.050   9.000   267768.0
2017-06-20   9.000   8.950   171052.0
2017-06-21   8.900   8.750   324528.0
2017-06-22   8.800   9.000   140472.0
2017-06-23   8.950   9.100   311652.0
2017-06-26   9.100   9.150   144489.0
2017-06-27   9.200   9.100   234851.0
2017-06-28   8.300   7.700  3371075.0
2017-06-29   7.750   7.650  2351481.0
2017-06-30   7.600   7.700  3110542.0
2017-07-03   7.700   7.700   446477.0
2017-07-05   7.700   7.700  2219590.0
2017-07-06   7.700   7.850  1453896.0
2017-07-07   7.900   7.850   511168.0
2017-07-10   7.850   7.750   457877.0
2017-07-11   7.800   7.650   249823.0
2017-07-12   7.600   7.600   558044.0
2017-07-13   7.600   7.650   603655.0
2017-07-14   7.600   7.700   343861.0
2017-07-17   7.650   7.600   519496.0
2017-07-18   7.650   7.850   448227.0
2017-07-19   7.800   8.000   552524.0
2017-07-20   8.000   7.900   334194.0
2017-07-21   8.000   8.000   348826.0
2017-07-24   7.950   7.900   387346.0
2017-07-25   7.950   7.950   394413.0
2017-07-26   7.950   8.000   308195.0
2017-07-27   8.000   7.950   309082.0
2017-07-28   7.950   8.000   272724.0
2017-07-31   8.050   7.800   649074.0
2017-08-01   8.300   8.400  2369012.0
2017-08-02   8.450   8.450  1715065.0
2017-08-03   8.400   8.400   440739.0
2017-08-04   8.800   8.750  1241816.0
2017-08-07   8.900   8.850  1497268.0
2017-08-08   8.850   9.050   727432.0
2017-08-09   9.050   8.800   515037.0
2017-08-10   8.800   8.900   964077.0
2017-08-11   8.850   9.000   880106.0
2017-08-14   9.100   9.100   915491.0
2017-08-15   9.200   9.000   418490.0
2017-08-16   9.000   8.950   710716.0
2017-08-17   8.950   8.750   463541.0
2017-08-18   8.650   8.800   554495.0
2017-08-21   8.700   8.800   343559.0
2017-08-22   8.900   8.850   209635.0
2017-08-23   8.850   8.900   321194.0
2017-08-24   9.000   9.000   207029.0
2017-08-25   9.000   9.050   279393.0
2017-08-28   9.050   9.000   892354.0
2017-08-29   9.000   9.050   366622.0
2017-08-30   9.100   9.050   310082.0
2017-08-31   9.100   9.050   285566.0
2017-09-01   9.000   9.200   176442.0
2017-09-05   9.150   9.100   286480.0
2017-09-06   9.200   9.050   209195.0
2017-09-07   9.100   9.150   383243.0
2017-09-08   9.150   9.200   330542.0
2017-09-11   9.250   9.150   278657.0
2017-09-12   9.250   9.250   268334.0
2017-09-13   9.250   9.400   611530.0
2017-09-14   9.450   9.350   540648.0
2017-09-15   9.350   9.400   505755.0
2017-09-18   9.400   9.400   237066.0
2017-09-19   9.400   9.450   636099.0
2017-09-20   9.500   9.700   427294.0
2017-09-21   9.700   9.700   422696.0
2017-09-22   9.650   9.850   274987.0
2017-09-25   9.800  10.000  1167502.0
2017-09-26   9.950   9.850   984543.0
2017-09-27   9.850  10.000   378021.0
2017-09-28  10.000  10.250   844113.0
2017-09-29  10.250   9.500  1192584.0
2017-10-02   9.600   9.700   596719.0
2017-10-03   9.650   9.450  1217516.0
2017-10-04   9.500   9.350   453446.0
2017-10-05   9.400   9.500   347420.0
2017-10-06   9.450   9.400   202360.0
2017-10-09   9.550   9.975   538931.0
2017-10-10  10.100   9.900   498244.0
2017-10-11   9.950   9.900   761241.0
2017-10-12   9.900   9.650   313788.0
2017-10-13   9.750   9.600   339001.0
2017-10-16   9.700   9.750   529616.0
2017-10-17   9.800   9.850   325073.0
2017-10-18   9.800   9.950   422016.0
2017-10-19   9.900   9.800   310793.0
2017-10-20   9.800   9.950   218681.0
2017-10-23  10.000  10.050   712273.0
2017-10-24  10.150  10.100   405439.0
2017-10-25  10.050  10.050   324413.0
2017-10-26  10.100  10.250   533670.0
2017-10-27  10.250  10.450   411599.0
2017-10-30  10.350  10.300   496151.0
2017-10-31  10.350  10.250   346727.0
2017-11-01  10.350  10.150   282555.0
2017-11-02  10.200  10.225   231476.0
2017-11-03  10.150  10.100   269100.0
2017-11-06  10.150  10.150   144775.0
2017-11-07  10.100   9.850   257738.0
2017-11-09   9.800  10.000   437824.0
2017-11-10  10.000   9.900   201138.0
2017-11-13   9.900   9.750   337067.0
2017-11-14   9.750   9.800   238961.0
2017-11-15   9.750  10.000   381791.0
2017-11-16  11.000  11.000  1789260.0
2017-11-17  11.000  11.150  1630266.0
2017-11-20  11.100  11.400   847649.0
2017-11-21  11.350  11.550   764984.0
2017-11-22  11.600  11.950   761035.0
2017-11-24  11.900  11.800   248539.0
2017-11-27  11.850  11.850   633060.0
2017-11-28  11.950  11.900   548079.0
2017-11-29  11.900  12.050   602014.0
2017-11-30  12.050  12.050   501718.0
2017-12-01  12.100  12.100   428177.0
2017-12-04  12.200  12.150   348007.0
2017-12-05  12.250  12.050   326964.0
2017-12-06  12.050  12.350   598975.0
2017-12-07  12.400  12.050   206281.0
2017-12-08  12.150  12.200   215651.0
2017-12-11  12.300  12.250   422338.0
2017-12-12  12.300  12.300   508071.0
2017-12-13  12.300  12.250   329063.0
2017-12-14  12.200  11.900   909085.0
2017-12-15  11.900  12.250   906599.0
2017-12-18  12.400  12.350   869324.0
2017-12-19  12.150  12.150   630756.0
2017-12-20  12.200  12.250   368921.0
2017-12-21  12.350  12.300   469014.0
2017-12-22  12.250  12.250   161233.0
2017-12-26  12.250  12.300   217620.0
2017-12-27  12.300  12.200   219316.0
2017-12-28  12.200  12.000   211562.0
2017-12-29  12.100  12.200   366879.0
2018-01-02  12.300  12.100   403089.0
2018-01-03  12.150  12.200   368404.0
2018-01-04  12.300  12.050  1177975.0
2018-01-05  12.100  12.100   408243.0
2018-01-08  12.150  11.900   702646.0
2018-01-09  11.900  12.000  1519808.0
2018-01-10  12.000  11.950   275333.0
2018-01-11  11.950  12.100   627257.0
2018-01-12  12.200  12.050  1244012.0
2018-01-16  12.150  12.100   530220.0
2018-01-17  12.200  12.300   247513.0
2018-01-18  12.300  11.850   404062.0
2018-01-19  11.850  12.100   621791.0
2018-01-22  12.000  11.800   389679.0
2018-01-23  11.800  11.850   328092.0
2018-01-24  11.850  11.850   558727.0
2018-01-25  11.850  12.000   365729.0
2018-01-26  12.000  12.000   328947.0
2018-01-29  11.950  11.800   335775.0
2018-01-30  11.800  11.800   219540.0
2018-01-31  11.850  11.800   457295.0
2018-02-01  12.500  13.500  6220584.0
2018-02-02  13.600  13.000  1019995.0
2018-02-05  13.050  12.925   738126.0
2018-02-06  12.700  13.100   652973.0
2018-02-07  13.100  13.200   503170.0
2018-02-08  13.200  13.200  1003322.0
2018-02-09  13.200  13.150   843814.0
2018-02-12  13.150  12.700   633288.0
2018-02-13  12.650  12.750   551088.0
2018-02-14  12.700  12.850   278402.0
2018-02-15  12.900  12.850   505486.0
2018-02-16  12.850  13.050   428871.0
2018-02-20  12.950  12.800   324306.0
2018-02-21  12.750  13.150   464521.0
2018-02-22  13.250  13.100   282515.0
2018-02-23  13.200  13.150   317824.0
2018-02-26  13.150  13.150   147314.0
2018-02-27  13.200  12.850   338816.0
2018-02-28  12.850  13.000   336647.0
2018-03-01  12.950  12.800   579075.0
2018-03-02  12.700  13.200   702439.0
2018-03-05  13.050  13.600   726029.0
2018-03-06  13.600  13.600   410443.0
2018-03-07  13.500  13.550   564394.0
2018-03-08  13.700  13.550   221192.0
2018-03-09  13.600  13.550   511082.0
2018-03-12  13.600  13.850   520886.0
2018-03-13  14.000  13.700   419686.0
2018-03-14  13.750  13.350  1640799.0
2018-03-15  13.300  13.100   417125.0
2018-03-16  13.200  13.250   701076.0
2018-03-19  13.250  13.200   264558.0
2018-03-20  13.150  13.150   160974.0
2018-03-21  13.200  13.400   370740.0
2018-03-22  13.300  13.125   505860.0
2018-03-23  13.150  12.950   400831.0
2018-03-26  13.050  13.550   507826.0
2018-03-27  13.550  12.950   573840.0