date      open     close       volume
                                          
2013-01-02   27.4400   28.0000   69846400.0
2013-01-03   27.8800   27.7700   63140600.0
2013-01-04   28.0100   28.7600   72715400.0
2013-01-07   28.6900   29.4213   83781800.0
2013-01-08   29.5100   29.0607   45871300.0
2013-01-09   29.6700   30.5900  104787700.0
2013-01-10   30.6000   31.3000   95316400.0
2013-01-11   31.2800   31.7200   89598000.0
2013-01-14   32.0800   30.9475   98892800.0
2013-01-15   30.6400   30.1000  173242600.0
2013-01-16   30.2100   29.8500   75332700.0
2013-01-17   30.0800   30.1400   40256700.0
2013-01-18   30.3100   29.6600   49631500.0
2013-01-22   29.7500   30.7290   55243300.0
2013-01-23   31.1000   30.8200   48899800.0
2013-01-24   31.2700   31.0800   43845100.0
2013-01-25   31.4100   31.5400   54363600.0
2013-01-28   31.8800   32.4690   59682500.0
2013-01-29   32.0000   30.7900   72976500.0
2013-01-30   30.9800   31.2400   87682100.0
2013-01-31   29.1500   30.9810  190744900.0
2013-02-01   31.0100   29.7300   85856700.0
2013-02-04   29.0600   28.1090   92362200.0
2013-02-05   28.2600   28.6400   47948200.0
2013-02-06   28.7400   29.0500   38375900.0
2013-02-07   29.1100   28.6500   34540100.0
2013-02-08   28.8900   28.5450   37708800.0
2013-02-11   28.6100   28.2600   37361800.0
2013-02-12   27.6700   27.3700   93498700.0
2013-02-13   27.3600   27.9075   50164000.0
2013-02-14   28.0200   28.5000   35615800.0
2013-02-15   28.5200   28.3200   33109300.0
2013-02-19   28.2300   28.9300   49396400.0
2013-02-20   28.9200   28.4620   42098200.0
2013-02-21   28.2800   27.2830   49642300.0
2013-02-22   27.6200   27.1300   36350200.0
2013-02-25   27.1600   27.2700   34652000.0
2013-02-26   27.3600   27.3900   31611700.0
2013-02-27   27.3400   26.8700   44319700.0
2013-02-28   26.8400   27.2500   83027800.0
2013-03-01   27.0500   27.7800   54064800.0
2013-03-04   27.7600   27.7200   32400700.0
2013-03-05   27.8800   27.5200   40622200.0
2013-03-06   28.1000   27.4525   33532600.0
2013-03-07   27.5700   28.5780   74540200.0
2013-03-08   28.4250   27.9600   44198900.0
2013-03-11   28.0100   28.1400   35642100.0
2013-03-12   28.1000   27.8300   27569600.0
2013-03-13   27.6200   27.0800   39619500.0
2013-03-14   27.1000   27.0400   27646400.0
2013-03-15   27.0300   26.6450   31597400.0
2013-03-18   26.3700   26.4900   26653700.0
2013-03-19   26.5300   26.5500   25254200.0
2013-03-20   26.6800   25.8600   44006500.0
2013-03-21   25.6600   25.7400   24336100.0
2013-03-22   25.7960   25.7300   18456300.0
2013-03-25   25.7500   25.1310   39199000.0
2013-03-26   25.0800   25.2050   26957200.0
2013-03-27   25.0000   26.0900   52297400.0
2013-03-28   26.0900   25.5800   28585700.0
2013-04-01   25.6300   25.5300   22249300.0
2013-04-02   25.7700   25.4200   35153300.0
2013-04-03   25.8300   26.2500   48195200.0
2013-04-04   26.6200   27.0725   82016800.0
2013-04-05   26.8600   27.3900   64566600.0
2013-04-08   27.1900   26.8490   27256000.0
2013-04-09   26.5800   26.5900   21311100.0
2013-04-10   27.0099   27.5700   45949400.0
2013-04-11   27.4800   28.0175   33368500.0
2013-04-12   28.0000   27.4000   28697400.0
2013-04-15   27.1600   26.5200   30275400.0
2013-04-16   26.8100   26.9200   27365900.0
2013-04-17   26.6500   26.6250   26440600.0
2013-04-18   26.8200   25.6900   39059000.0
2013-04-19   25.6200   25.7300   20380900.0
2013-04-22   25.8100   25.9700   25687600.0
2013-04-23   26.2150   25.9800   25191500.0
2013-04-24   25.9300   26.1100   19729900.0
2013-04-25   26.0700   26.1400   17150000.0
2013-04-26   26.6000   26.8500   33018000.0
2013-04-29   27.1600   26.9800   29201100.0
2013-04-30   27.1300   27.7690   36245700.0
2013-05-01   27.8500   27.4300   64567600.0
2013-05-02   28.0099   28.9700  104257000.0
2013-05-03   29.0400   28.3110   58506400.0
2013-05-06   28.3300   27.5700   43939400.0
2013-05-07   27.5500   26.8890   41259100.0
2013-05-08   26.8800   27.1200   34654900.0
2013-05-09   27.0800   27.0400   33457200.0
2013-05-10   27.1400   26.6800   30847100.0
2013-05-13   26.6000   26.8200   29068800.0
2013-05-14   26.8854   27.0700   24930300.0
2013-05-15   26.9200   26.6000   30299800.0
2013-05-16   26.4800   26.1300   35499100.0
2013-05-17   26.4000   26.2500   29462700.0
2013-05-20   26.1800   25.7590   42402900.0
2013-05-21   25.8700   25.6600   26261300.0
2013-05-22   25.6500   25.1590   45314500.0
2013-05-23   24.8000   25.0600   37663100.0
2013-05-24   24.9700   24.3125   58727900.0
2013-05-28   24.5400   24.1000   50079700.0
2013-05-29   23.7900   23.3200   64237800.0
2013-05-30   24.1300   24.5500   60733200.0
2013-05-31   24.6300   24.3480   35925000.0
2013-06-03   24.2650   23.8480   35733800.0
2013-06-04   23.8900   23.5200   34760800.0
2013-06-05   23.3500   22.8990   53819700.0
2013-06-06   22.9900   22.9700   31260700.0
2013-06-07   23.0300   23.2910   38699200.0
2013-06-10   24.0600   24.3300   58393000.0
2013-06-11   24.0300   24.0300   29885900.0
2013-06-12   24.1600   23.7700   26445800.0
2013-06-13   23.7200   23.7300   31189300.0
2013-06-14   23.5600   23.6300   30677100.0
2013-06-17   23.9100   24.0220   33664500.0
2013-06-18   24.0900   24.2100   36709100.0
2013-06-19   24.2000   24.3090   31790600.0
2013-06-20   24.2800   23.9000   42765600.0
2013-06-21   24.5900   24.5300   45833900.0
2013-06-24   23.9500   23.9350   40626000.0
2013-06-25   24.1400   24.2500   24713200.0
2013-06-26   24.5100   24.1600   29890300.0
2013-06-27   24.2400   24.6600   34694100.0
2013-06-28   24.6800   24.8800   96778900.0
2013-07-01   24.9694   24.8100   20582200.0
2013-07-02   24.7000   24.4100   18394100.0
2013-07-03   24.2200   24.5200   10404400.0
2013-07-05   24.6500   24.3700   20229500.0
2013-07-08   24.4700   24.7100   27064600.0
2013-07-09   25.0700   25.4800   30387900.0
2013-07-10   25.5800   25.8000   26721800.0
2013-07-11   25.9600   25.8100   26777400.0
2013-07-12   25.7400   25.9100   16537900.0
2013-07-15   25.9300   26.2800   24234000.0
2013-07-16   26.3900   26.3200   30817600.0
2013-07-17   26.3700   26.6500   21518500.0
2013-07-18   26.7500   26.1800   24806900.0
2013-07-19   25.8200   25.8810   46539700.0
2013-07-22   25.9900   26.0450   27526300.0
2013-07-23   26.1000   26.1300   28221600.0
2013-07-24   26.3200   26.5100   82635600.0
2013-07-25   33.5450   34.3590  365457900.0
2013-07-26   33.7700   34.0100  136028900.0
2013-07-29   34.0700   35.4300  124718800.0
2013-07-30   35.6500   37.6270  173582800.0
2013-07-31   37.9600   36.8000  154828700.0
2013-08-01   37.3000   37.4890  106066500.0
2013-08-02   37.6600   38.0500   73058500.0
2013-08-05   38.4300   39.1890   79994800.0
2013-08-06   39.1100   38.5500   63950800.0
2013-08-07   38.6100   38.8700   68854800.0
2013-08-08   39.1300   38.5400   41301000.0
2013-08-09   38.5900   38.5000   43532300.0
2013-08-12   38.2000   38.2200   31161000.0
2013-08-13   38.2400   37.0190   65379200.0
2013-08-14   36.8300   36.6500   48423900.0
2013-08-15   36.3600   36.5600   56521100.0
2013-08-16   36.9700   37.0800   45840800.0
2013-08-19   37.4300   37.8100   57609600.0
2013-08-20   38.3500   38.4100   57995200.0
2013-08-21   38.3800   38.3200   46116900.0
2013-08-22   38.3700   38.5500   21931200.0
2013-08-23   39.0000   40.5500   86442300.0
2013-08-26   40.9000   41.3400   94162400.0
2013-08-27   40.6800   39.6400   72695100.0
2013-08-28   39.9600   40.5480   57918200.0
2013-08-29   40.8900   41.2800   58303400.0
2013-08-30   42.0250   41.2940   67735100.0
2013-09-03   41.8400   41.8700   48774900.0
2013-09-04   42.0100   41.7800   42581900.0
2013-09-05   41.7900   42.6600   50035400.0
2013-09-06   43.0900   43.9500  117535700.0
2013-09-09   44.3600   44.0400   75794700.0
2013-09-10   44.2400   43.6000   54540300.0
2013-09-11   43.3900   45.0400   72328300.0
2013-09-12   45.5300   44.7500   68072300.0
2013-09-13   45.0400   44.3100   52765300.0
2013-09-16   44.8500   42.5100   70424200.0
2013-09-17   42.5000   45.0700   91934600.0
2013-09-18   44.8400   45.2300   79317000.0
2013-09-19   45.5100   45.9800   63972400.0
2013-09-20   46.3200   47.4900  115508400.0
2013-09-23   47.2800   47.1900   75177000.0
2013-09-24   48.5050   48.4500  136716100.0
2013-09-25   49.2300   49.4600   87879700.0
2013-09-26   50.0100   50.3900   98220100.0
2013-09-27   50.2900   51.2400   81410500.0
2013-09-30   50.1400   50.2300  100095000.0
2013-10-01   49.9700   50.4200   98114000.0
2013-10-02   50.1300   50.2800   62834000.0
2013-10-03   50.4700   49.1830   82045000.0
2013-10-04   49.7700   51.0400   74447000.0
2013-10-07   50.7300   50.5150   57204000.0
2013-10-08   50.6000   47.1400  136081000.0
2013-10-09   47.3750   46.7700  147297000.0
2013-10-10   47.8650   49.0500   99774000.0
2013-10-11   49.1800   49.1100   58428000.0
2013-10-14   48.3100   49.5100   68781000.0
2013-10-15   49.9900   49.5000   81167000.0
2013-10-16   50.0400   51.1350   64678000.0
2013-10-17   51.1200   52.2100   71522000.0
2013-10-18   54.1800   54.2200   88260000.0
2013-10-21   54.6800   53.8500   58235000.0
2013-10-22   54.3300   52.6750   83204000.0
2013-10-23   51.7500   51.9000   57207000.0
2013-10-24   52.3800   52.4450   46775000.0
2013-10-25   53.1800   51.9500   45085000.0
2013-10-28   51.5400   50.2290   73472000.0
2013-10-29   50.7300   49.3950  102143000.0
2013-10-30   50.0000   49.0100  127073000.0
2013-10-31   47.1550   50.2050  248809000.0
2013-11-01   50.8500   49.7500   95033000.0
2013-11-04   49.3650   48.2200   80371000.0
2013-11-05   47.7900   50.1050   76835000.0
2013-11-06   50.2600   49.1200   67889000.0
2013-11-07   49.2400   47.5600   97128000.0
2013-11-08   47.8100   47.5300   70731000.0
2013-11-11   47.0400   46.2000   80910000.0
2013-11-12   46.0000   46.6050   68196000.0
2013-11-13   46.2300   48.7100   79245000.0
2013-11-14   48.7000   48.9900   75117000.0
2013-11-15   49.1100   49.0100   42453000.0
2013-11-18   48.4700   45.8300   85910000.0
2013-11-19   46.2600   46.3600   75602000.0
2013-11-20   46.6100   46.4300   53933000.0
2013-11-21   46.9900   46.7000   34886000.0
2013-11-22   47.0400   46.2300   40545000.0
2013-11-25   46.3600   44.8200   82565000.0
2013-11-26   44.6600   45.8900   82016000.0
2013-11-27   45.9700   46.4900   44993000.0
2013-11-29   46.7500   47.0100   22953900.0
2013-12-02   46.9000   47.0600   50774000.0
2013-12-03   46.7500   46.7300   32086000.0
2013-12-04   46.4600   48.6200   60890000.0
2013-12-05   48.1500   48.3400   43855000.0
2013-12-06   48.9800   47.9400   42938000.0
2013-12-09   48.0900   48.8400   36056000.0
2013-12-10   48.6400   50.2450   68479000.0
2013-12-11   50.5500   49.3800   65776000.0
2013-12-12   51.0450   51.8300   92723000.0
2013-12-13   51.6600   53.3200   82641000.0
2013-12-16   53.2500   53.8100   85119000.0
2013-12-17   54.7600   54.8600   78751000.0
2013-12-18   54.8600   55.5700   76003000.0
2013-12-19   54.3300   55.0500   89753200.0
2013-12-20   54.9300   55.1200  239824000.0
2013-12-23   55.5000   57.7700   98297000.0
2013-12-24   58.2700   57.9600   46617800.0
2013-12-26   58.3200   57.7300   55101000.0
2013-12-27   57.4800   55.4400   60466000.0
2013-12-30   54.9300   53.7100   68307000.0
2013-12-31   54.1200   54.6490   43076200.0
2014-01-02   54.8300   54.7100   43195500.0
2014-01-03   55.0200   54.5570   38246200.0
2014-01-06   54.4200   57.2000   68852600.0
2014-01-07   57.7000   57.9200   77207400.0
2014-01-08   57.6000   58.2300   56682400.0
2014-01-09   58.6500   57.2200   92253300.0
2014-01-10   57.1300   57.9400   42449500.0
2014-01-13   57.9100   55.9100   63010900.0
2014-01-14   56.4600   57.7400   37503600.0
2014-01-15   57.9800   57.6000   33663400.0
2014-01-16   57.2600   57.1900   34541800.0
2014-01-17   57.3000   56.3000   40849200.0
2014-01-21   56.6000   58.5100   48669200.0
2014-01-22   58.8500   57.5100   61352900.0
2014-01-23   56.3700   56.6300   47951800.0
2014-01-24   56.1500   54.4500   55200700.0
2014-01-27   54.7300   53.5500   73924100.0
2014-01-28   54.0200   55.1400   48191200.0
2014-01-29   54.6100   53.5300   92995600.0
2014-01-30   62.1200   61.0800  150178900.0
2014-01-31   60.4700   62.5700   87794600.0
2014-02-03   63.0300   61.4800   74866600.0
2014-02-04   62.0500   62.7500   45985500.0
2014-02-05   62.7400   62.1900   51685100.0
2014-02-06   61.4600   62.1600   42086500.0
2014-02-07   62.2700   64.3200   60704300.0
2014-02-10   64.3000   63.5480   43666100.0
2014-02-11   63.7500   64.8510   45675600.0
2014-02-12   64.9200   64.4500   47282100.0
2014-02-13   64.1800   67.3300   61911700.0
2014-02-14   67.5000   67.0900   36694900.0
2014-02-18   66.9400   67.3000   43809900.0
2014-02-19   67.0500   68.0600   62087100.0
2014-02-20   67.7300   69.6300  130928900.0
2014-02-21   69.6900   68.5900   70932400.0
2014-02-24   68.7400   70.7800   76620300.0
2014-02-25   70.9500   69.8500   52077000.0
2014-02-26   70.1900   69.2600   55322700.0
2014-02-27   69.3400   68.9400   41653700.0
2014-02-28   69.4700   68.4600   66783700.0
2014-03-03   66.9600   67.4100   56824100.0
2014-03-04   68.6600   68.8000   42013500.0
2014-03-05   69.6900   71.5700   74567700.0
2014-03-06   71.8800   70.8400   46026500.0
2014-03-07   71.0800   69.8000   38927000.0
2014-03-10   70.7700   72.0300   59871600.0
2014-03-11   72.5000   70.1000   59408300.0
2014-03-12   69.8600   70.8799   46340500.0
2014-03-13   71.2900   68.8300   57091000.0
2014-03-14   68.4900   67.7200   48227000.0
2014-03-17   68.1800   68.7399   52197000.0
2014-03-18   68.7600   69.1900   40827000.0
2014-03-19   69.1700   68.2400   43981000.0
2014-03-20   68.0100   66.9700   44439000.0
2014-03-21   67.5300   67.2400   59999900.0
2014-03-24   67.1900   64.1000   85696000.0
2014-03-25   64.8900   64.8900   68786000.0
2014-03-26   64.7400   60.3850   97503900.0
2014-03-27   60.5100   60.9700  112650000.0
2014-03-28   61.3400   60.0100   67052000.0
2014-03-31   60.7800   60.2400   53011000.0
2014-04-01   60.4600   62.6200   59291000.0
2014-04-02   63.2100   62.7200   66277000.0
2014-04-03   62.5500   59.4900   83859000.0
2014-04-04   59.9400   56.7490  125214400.0
2014-04-07   55.9000   56.9500  108488000.0
2014-04-08   57.6800   58.1901   78836000.0
2014-04-09   59.6300   62.4100  100215000.0
2014-04-10   63.0800   59.1600  114988000.0
2014-04-11   57.6000   58.5300   91452000.0
2014-04-14   60.0900   58.8900   72325000.0
2014-04-15   59.2900   59.0900  108623000.0
2014-04-16   59.7900   59.7200   78774000.0
2014-04-17   59.3000   58.9400   88040000.0
2014-04-21   59.4600   61.2400   60364000.0
2014-04-22   62.6500   63.0301   60631000.0
2014-04-23   63.4500   61.3600   96565000.0
2014-04-24   63.6000   60.8700  138769000.0
2014-04-25   59.9700   57.7100   92502000.0
2014-04-28   58.0500   56.1400  107758000.0
2014-04-29   56.0900   58.1500   75557000.0
2014-04-30   57.5800   59.7800   76093000.0
2014-05-01   60.4300   61.1500   82429000.0
2014-05-02   61.3000   60.4600   54189000.0
2014-05-05   59.6700   61.2200   46057000.0
2014-05-06   60.9800   58.5300   55901000.0
2014-05-07   58.7700   57.3900   78587000.0
2014-05-08   57.2300   56.7600   61251000.0
2014-05-09   56.8500   57.2400   52584000.0
2014-05-12   57.9800   59.8300   48575000.0
2014-05-13   59.6600   59.8300   48525000.0
2014-05-14   59.5300   59.2300   47429000.0
2014-05-15   59.2600   57.9190   56814000.0
2014-05-16   58.3100   58.0199   47933000.0
2014-05-19   57.8900   59.2100   43034000.0
2014-05-20   59.5000   58.5600   53931000.0
2014-05-21   58.5600   60.4900   58992000.0
2014-05-22   60.9400   60.5200   54200000.0
2014-05-23   60.4100   61.3510   38294000.0
2014-05-27   61.6200   63.4800   55682000.0
2014-05-28   63.3900   63.5100   47795000.0
2014-05-29   63.8400   63.8300   42700000.0
2014-05-30   63.9500   63.3000   45253500.0
2014-06-02   63.2300   63.0800   35947400.0
2014-06-03   62.6200   62.8700   32217000.0
2014-06-04   62.4500   63.3400   36514000.0
2014-06-05   63.6600   63.1860   47352000.0
2014-06-06   63.3700   62.5000   42386300.0
2014-06-09   62.4000   62.8800   37573600.0
2014-06-10   63.5300   65.7700   69206900.0
2014-06-11   65.3200   65.7810   44158300.0
2014-06-12   65.8500   64.2901   55642800.0
2014-06-13   64.7000   64.5000   29383800.0
2014-06-16   64.1600   64.1900   30856800.0
2014-06-17   64.1000   64.4000   27636500.0
2014-06-18   64.4900   65.6000   35493200.0
2014-06-19   65.4600   64.3415   34133800.0
2014-06-20   64.4600   64.5000   46407900.0
2014-06-23   64.3200   65.3700   34434000.0
2014-06-24   65.3600   65.7200   57284100.0
2014-06-25   65.5800   67.4400   44245500.0
2014-06-26   68.0000   67.1300   47646700.0
2014-06-27   67.3100   67.6000   46444300.0
2014-06-30   67.4600   67.2900   27102800.0
2014-07-01   67.5800   68.0600   33166100.0
2014-07-02   68.0400   66.4500   41805900.0
2014-07-03   66.8550   66.2900   25203200.0
2014-07-07   66.3000   65.2900   28707100.0
2014-07-08   65.0600   62.7600   68855600.0
2014-07-09   63.4100   64.9700   51378000.0
2014-07-10   63.3100   64.8725   44388200.0
2014-07-11   65.2800   66.3400   39167800.0
2014-07-14   67.1300   67.9000   38468000.0
2014-07-15   67.9600   67.1650   44213200.0
2014-07-16   67.5400   67.6600   29541600.0
2014-07-17   67.0300   66.4099   38024200.0
2014-07-18   66.8000   68.4199   42262200.0
2014-07-21   68.8100   69.4000   49431600.0
2014-07-22   69.7600   69.2700   40301800.0
2014-07-23   69.7400   71.2900   77435900.0
2014-07-24   75.9600   74.9800  124006900.0
2014-07-25   74.9900   75.1900   45823100.0
2014-07-28   75.1700   74.9200   41640000.0
2014-07-29   74.7200   73.7100   41126900.0
2014-07-30   74.2100   74.6770   36823000.0
2014-07-31   74.0000   72.6500   43909200.0
2014-08-01   72.2200   72.3600   43456400.0
2014-08-04   72.3600   73.5100   30656900.0
2014-08-05   73.2000   72.6900   34820400.0
2014-08-06   72.0200   72.4700   30940200.0
2014-08-07   73.0000   73.1700   38093400.0
2014-08-08   73.4000   73.0600   27155700.0
2014-08-11   73.4600   73.4400   24544100.0
2014-08-12   73.0900   72.8300   27374400.0
2014-08-13   73.1200   73.7700   29198500.0
2014-08-14   73.9700   74.2960   22182800.0
2014-08-15   74.3200   73.6300   38846600.0
2014-08-18   74.0000   74.5900   23913200.0
2014-08-19   74.8100   75.2900   26618600.0
2014-08-20   74.9700   74.8100   22878000.0
2014-08-21   74.9200   74.5700   20075900.0
2014-08-22   74.3400   74.5700   20874600.0
2014-08-25   74.9400   75.0200   19691100.0
2014-08-26   75.0000   75.9601   23886100.0
2014-08-27   75.2700   74.6300   36238700.0
2014-08-28   74.0000   73.8550   21922800.0
2014-08-29   74.3000   74.8200   26224300.0
2014-09-02   75.0100   76.6800   34785800.0
2014-09-03   77.1400   75.8300   32330200.0
2014-09-04   75.8900   75.9500   26625500.0
2014-09-05   76.1000   77.2600   29407300.0
2014-09-08   77.2600   77.8900   28149300.0
2014-09-09   77.5900   76.6700   28769300.0
2014-09-10   76.5200   77.4300   29864000.0
2014-09-11   77.1300   77.9200   32219000.0
2014-09-12   78.0200   77.4800   26676800.0
2014-09-15   77.1500   74.5800   49576900.0
2014-09-16   73.5200   76.0800   37672600.0
2014-09-17   75.9600   76.4300   28647200.0
2014-09-18   76.7700   77.0000   22983300.0
2014-09-19   77.4000   77.9100   76638600.0
2014-09-22   77.0000   76.8000   31917700.0
2014-09-23   76.3300   78.2900   36721000.0
2014-09-24   78.1000   78.5350   30596541.0
2014-09-25   78.6000   77.2200   37354970.0
2014-09-26   77.5900   78.7900   28872012.0
2014-09-29   78.1200   79.0000   34030635.0
2014-09-30   79.3500   79.0400   35899444.0
2014-10-01   78.7800   76.5500   55090157.0
2014-10-02   76.5700   77.0800   36487612.0
2014-10-03   77.7600   77.4400   23340173.0
2014-10-06   77.1900   77.5550   25729191.0
2014-10-07   77.0500   76.2900   25317488.0
2014-10-08   76.1800   77.5200   32975514.0
2014-10-09   77.2800   75.9100   32487174.0
2014-10-10   75.5900   72.9100   52146162.0
2014-10-13   73.2300   72.9900   43937638.0
2014-10-14   74.0000   73.5900   50299288.0
2014-10-15   71.6900   73.2100   61528317.0
2014-10-16   70.7900   72.6300   53529459.0
2014-10-17   74.2300   75.9500   76341638.0
2014-10-20   75.6000   76.9500   34701260.0
2014-10-21   77.5600   78.6900   32252403.0
2014-10-22   78.8150   78.3700   41862393.0
2014-10-23   79.3800   80.0400   35055800.0
2014-10-24   80.2000   80.6700   32247520.0
2014-10-27   80.7400   80.2800   30168921.0
2014-10-28   80.1800   80.7700   74211768.0
2014-10-29   75.4500   75.8600  106119520.0
2014-10-30   75.0500   74.1100   83269554.0
2014-10-31   74.9300   74.9900   44544325.0
2014-11-03   75.4700   73.8800   40727330.0
2014-11-04   74.2300   75.7600   39326471.0
2014-11-05   76.5100   74.8300   35912588.0
2014-11-06   74.8900   75.2600   21383194.0
2014-11-07   75.3900   75.6000   20774381.0
2014-11-10   75.3600   75.0000   21575126.0
2014-11-11   74.9500   74.6100   18735123.0
2014-11-12   74.2800   74.7200   26536609.0
2014-11-13   74.7400   74.2500   26448451.0
2014-11-14   74.2700   74.8800   19476878.0
2014-11-17   74.8800   74.2400   28701191.0
2014-11-18   74.4500   74.3400   20696643.0
2014-11-19   74.0100   73.3300   25441163.0
2014-11-20   72.8000   73.6000   19154862.0
2014-11-21   74.5000   73.7500   23060382.0
2014-11-24   73.5400   74.0100   22103831.0
2014-11-25   74.2100   75.6300   32250205.0
2014-11-26   75.5300   77.6200   32721585.0
2014-11-28   77.6700   77.7000   15992035.0
2014-12-01   77.2600   75.1000   31789866.0
2014-12-02   75.3300   75.4600   16773884.0
2014-12-03   75.3800   74.8800   16689857.0
2014-12-04   74.8300   75.2400   14390520.0
2014-12-05   75.8000   76.3600   24306446.0
2014-12-08   76.1800   76.5200   25733853.0
2014-12-09   75.2000   76.8400   25358584.0
2014-12-10   76.6500   76.1800   32210532.0
2014-12-11   76.5200   77.7300   33492661.0
2014-12-12   77.1600   77.8300   28091617.0
2014-12-15   78.4600   76.9900   29396532.0
2014-12-16   76.1900   74.6900   31554593.0
2014-12-17   75.0100   76.1100   29203904.0
2014-12-18   76.8900   78.4000   34222081.0
2014-12-19   78.7500   79.8800   43334992.0
2014-12-22   80.0800   81.4500   31395770.0
2014-12-23   82.0200   80.6100   19865820.0
2014-12-24   81.0300   80.7700    7685481.0
2014-12-26   81.0200   80.7750   10647388.0
2014-12-29   80.4900   80.0200   14134666.0
2014-12-30   79.8500   79.2200   14370763.0
2014-12-31   79.5400   78.0200   20040439.0
2015-01-02   78.5800   78.4500   18177475.0
2015-01-05   77.9800   77.1900   26452191.0
2015-01-06   77.2300   76.1500   27399288.0
2015-01-07   76.7600   76.1500   22045333.0
2015-01-08   76.7400   78.1750   23960953.0
2015-01-09   78.2000   77.7400   21004109.0
2015-01-12   77.8400   76.7200   19190194.0
2015-01-13   77.2300   76.4500   25179561.0
2015-01-14   76.4200   76.2800   25918564.0
2015-01-15   76.4000   74.0500   34133974.0
2015-01-16   74.0400   75.1800   21791529.0
2015-01-20   75.7200   76.2400   22821614.0
2015-01-21   76.1600   76.7400   25096737.0
2015-01-22   77.1700   77.6500   19519458.0
2015-01-23   77.6500   77.8300   16746503.0
2015-01-26   77.9800   77.4950   19260820.0
2015-01-27   76.7100   75.7800   20109977.0
2015-01-28   76.9000   76.2400   53306422.0
2015-01-29   76.8500   78.0000   61293468.0
2015-01-30   78.0000   75.9100   42649491.0
2015-02-02   76.1100   74.9900   41955258.0
2015-02-03   75.1900   75.4000   26957714.0
2015-02-04   75.0900   75.6300   20277368.0
2015-02-05   75.7100   75.6150   15062573.0
2015-02-06   75.6800   74.4700   21210994.0
2015-02-09   74.0500   74.4400   16194322.0
2015-02-10   74.8500   75.1900   15811344.0
2015-02-11   75.0900   76.5100   20877427.0
2015-02-12   76.8600   76.2300   17234976.0
2015-02-13   76.4600   75.7400   18621860.0
2015-02-17   75.3000   75.6000   25254400.0
2015-02-18   75.9400   76.7100   22426421.0
2015-02-19   76.9860   79.4200   45851177.0
2015-02-20   79.5500   79.8950   36931698.0
2015-02-23   79.9600   78.8400   24139056.0
2015-02-24   78.5000   78.4500   18897133.0
2015-02-25   78.5000   79.5600   25593800.0
2015-02-26   79.8800   80.4100   31111891.0
2015-02-27   80.6800   78.9700   30739197.0
2015-03-02   79.0000   79.7500   21662537.0
2015-03-03   79.6100   79.6000   18634973.0
2015-03-04   79.3000   80.8950   28126686.0
2015-03-05   81.2300   81.2100   27825733.0
2015-03-06   80.9000   80.0050   24488581.0
2015-03-09   79.6800   79.4400   18925097.0
2015-03-10   78.5000   77.5500   23067057.0
2015-03-11   77.8000   77.5700   20215704.0
2015-03-12   78.1000   78.9300   16093319.0
2015-03-13   78.6000   78.0500   18557296.0
2015-03-16   77.9600   78.0700   19305406.0
2015-03-17   78.3600   79.3650   22169969.0
2015-03-18   79.2500   80.9100   36912446.0
2015-03-19   81.1200   82.7500   42099523.0
2015-03-20   83.3900   83.8000   44466323.0
2015-03-23   83.9200   84.4300   27357333.0
2015-03-24   84.7100   85.3100   32576522.0
2015-03-25   85.5000   82.9200   37436147.0
2015-03-26   82.7200   83.0100   32794800.0
2015-03-27   83.3800   83.3000   18372582.0
2015-03-30   83.8100   83.1950   24527686.0
2015-03-31   82.9000   82.2150   19734277.0
2015-04-01   82.5000   81.6650   22058167.0
2015-04-02   82.2500   81.5550   19664053.0
2015-04-06   80.8000   82.4400   19062934.0
2015-04-07   82.6500   82.3200   17467042.0
2015-04-08   82.6300   82.2750   18966732.0
2015-04-09   82.5000   82.1700   15927281.0
2015-04-10   82.2100   82.0400   12529738.0
2015-04-13   81.9300   83.0100   26883094.0
2015-04-14   83.1700   83.5150   19634173.0
2015-04-15   83.5500   82.7050   22390943.0
2015-04-16   82.4700   82.3100   13769687.0
2015-04-17   81.4800   80.7750   24214983.0
2015-04-20   81.5400   83.0900   28796761.0
2015-04-21   84.0000   83.6200   27171852.0
2015-04-22   84.3200   84.6300   45547963.0
2015-04-23   84.1000   82.4100   73728080.0
2015-04-24   82.7700   81.5300   29660356.0
2015-04-27   81.8700   81.9100   25446032.0
2015-04-28   81.8300   80.6800   23775344.0
2015-04-29   80.0100   80.4650   26430258.0
2015-04-30   80.0100   78.7700   28999005.0
2015-05-01   79.2400   78.9900   24136358.0
2015-05-04   79.3300   78.8100   14691991.0
2015-05-05   78.5500   77.5600   22311318.0
2015-05-06   77.9700   78.1000   28663026.0
2015-05-07   78.0000   78.4250   19749428.0
2015-05-08   79.1000   78.5100   19943595.0
2015-05-11   78.4800   78.0100   18874054.0
2015-05-12   77.8700   77.4600   21285310.0
2015-05-13   77.7200   78.4400   21512309.0
2015-05-14   78.9400   81.3700   49437996.0
2015-05-15   81.4100   80.4200   27069884.0
2015-05-18   80.3300   80.8800   21613674.0
2015-05-19   81.2500   80.6300   17955389.0
2015-05-20   80.4700   80.5500   23056899.0
2015-05-21   80.1900   80.4800   13402749.0
2015-05-22   80.3500   80.5400   19567937.0
2015-05-26   80.4300   79.3350   16321339.0
2015-05-27   79.6000   80.5500   14160865.0
2015-05-28   80.2500   80.1450   11982008.0
2015-05-29   79.9500   79.1900   16134580.0
2015-06-01   79.3000   80.2900   18119012.0
2015-06-02   79.7600   80.4450   18923300.0
2015-06-03   81.3500   82.4400   31774993.0
2015-06-04   82.1400   82.0500   20863877.0
2015-06-05   81.8700   82.1400   16143093.0
2015-06-08   81.8200   80.6700   16915471.0
2015-06-09   80.6000   80.6700   16497538.0
2015-06-10   80.8300   82.1600   21531208.0
2015-06-11   82.3100   81.8300   18656811.0
2015-06-12   81.3700   81.5300   11417882.0
2015-06-15   80.5500   80.7100   18805087.0
2015-06-16   80.8200   81.0600   13693666.0
2015-06-17   81.7600   81.7900   18350287.0
2015-06-18   81.6400   82.9050   26782573.0
2015-06-19   82.8300   82.5100   23353194.0
2015-06-22   83.4100   84.7400   29383079.0
2015-06-23   84.9600   87.8800   50667853.0
2015-06-24   87.6600   88.8600   41370227.0
2015-06-25   89.2600   87.9800   27301967.0
2015-06-26   88.1200   88.0100   38214647.0
2015-06-29   86.6100   85.8000   35957872.0
2015-06-30   86.6000   85.7650   23233183.0
2015-07-01   86.7700   86.9100   25260045.0
2015-07-02   87.4000   87.2850   16908781.0
2015-07-06   86.4900   87.5500   24635915.0
2015-07-07   87.8000   87.2200   33059921.0
2015-07-08   86.2900   85.6500   24399340.0
2015-07-09   86.7300   85.8800   23307402.0
2015-07-10   87.3500   87.9500   23245873.0
2015-07-13   88.6600   90.1000   29976670.0
2015-07-14   90.4600   89.6800   26627849.0
2015-07-15   90.0000   89.7600   30886601.0
2015-07-16   90.2800   90.8500   21804086.0
2015-07-17   92.5500   94.9700   54001635.0
2015-07-20   95.8500   97.9100   54860541.0
2015-07-21   98.9500   98.3900   39453332.0
2015-07-22   96.7400   97.0400   28299518.0
2015-07-23   96.9600   95.4400   29418833.0
2015-07-24   97.3500   96.9500   33444930.0
2015-07-27   96.5800   94.1700   38585381.0
2015-07-28   94.8400   95.2900   35235993.0
2015-07-29   96.3200   96.9900   64648320.0
2015-07-30   94.9100   95.2100   86211323.0
2015-07-31   94.9500   94.0100   46509045.0
2015-08-03   93.5300   94.1400   29343117.0
2015-08-04   93.7900   94.0600   20136036.0
2015-08-05   95.2500   96.4400   29629221.0
2015-08-06   97.1800   95.1200   42271318.0
2015-08-07   95.3800   94.3000   23199145.0
2015-08-10   95.6800   94.1500   21624153.0
2015-08-11   93.7300   93.6200   22491031.0
2015-08-12   92.7000   94.1900   27120375.0
2015-08-13   94.0500   93.4300   17451768.0
2015-08-14   93.5400   94.4200   15929656.0
2015-08-17   94.4200   93.9300   18313531.0
2015-08-18   94.0800   95.1700   22278848.0
2015-08-19   94.6300   95.3100   23251271.0
2015-08-20   93.5400   90.5600   44598224.0
2015-08-21   87.5200   86.0600   62778680.0
2015-08-24   77.0300   82.0900   83710727.0
2015-08-25   86.9500   83.0000   52021230.0
2015-08-26   85.9500   87.1900   45124302.0
2015-08-27   89.1900   89.7300   42431375.0
2015-08-28   89.9400   91.0100   33215885.0
2015-08-31   90.5900   89.4300   32850666.0
2015-09-01   86.9900   87.2300   36097370.0
2015-09-02   88.8200   89.8900   27190527.0
2015-09-03   89.7600   88.1500   27048198.0
2015-09-04   87.2000   88.2600   27328667.0
2015-09-08   89.6900   89.5300   27012543.0
2015-09-09   90.7800   90.4400   32551123.0
2015-09-10   90.0700   91.9800   26437398.0
2015-09-11   91.6800   92.0500   21185049.0
2015-09-14   92.3100   92.3100   20127871.0
2015-09-15   92.3700   92.9000   18859351.0
2015-09-16   92.9000   93.4500   16321193.0
2015-09-17   93.3700   94.3400   27841803.0
2015-09-18   93.2000   94.4000   62299984.0
2015-09-21   94.6200   95.5500   28789973.0
2015-09-22   93.7700   92.9600   36888893.0
2015-09-23   93.4000   93.9700   21701427.0
2015-09-24   93.0600   94.4100   29105964.0
2015-09-25   95.7900   92.7700   28961622.0
2015-09-28   92.0800   89.2100   40914897.0
2015-09-29   89.1000   86.6700   42281838.0
2015-09-30   88.4400   89.7300   35159225.0
2015-10-01   90.0500   90.9500   29283652.0
2015-10-02   88.9000   92.0700   37881652.0
2015-10-05   92.9400   94.0100   27292517.0
2015-10-06   94.0800   92.8000   22488275.0
2015-10-07   93.1100   92.4000   24129277.0
2015-10-08   91.8900   92.4700   27290523.0
2015-10-09   92.9000   93.2400   20012911.0
2015-10-12   93.3200   94.2600   18449562.0
2015-10-13   93.6600   94.1200   19480347.0
2015-10-14   94.0800   94.0700   19253351.0
2015-10-15   94.9900   95.9600   27557516.0
2015-10-16   96.1800   97.5400   25412856.0
2015-10-19   97.1800   98.4700   23729924.0
2015-10-20   98.7300   97.0000   30881777.0
2015-10-21   97.3700   97.1100   22003730.0
2015-10-22   97.7900   99.6700   26392075.0
2015-10-23  101.9100  102.1900   42809661.0
2015-10-26  102.2000  103.7700   25961212.0
2015-10-27  102.9400  103.7000   23795472.0
2015-10-28  103.9000  104.2000   24081515.0
2015-10-29  103.9600  104.8800   20316691.0
2015-10-30  104.5100  101.9700   33487104.0
2015-11-02  102.4600  103.3100   24003944.0
2015-11-03  103.2200  102.5800   21242341.0
2015-11-04  103.1900  103.9400   43469308.0
2015-11-05  108.8000  108.7600   63232861.0
2015-11-06  108.0400  107.0950   35084342.0
2015-11-09  107.0000  106.4900   26383540.0
2015-11-10  105.9600  107.9100   25031681.0
2015-11-11  108.2700  109.0100   25057099.0
2015-11-12  108.4800  108.0200   20924674.0
2015-11-13  107.7100  103.9500   30278403.0
2015-11-16  103.3200  104.0400   49309167.0
2015-11-17  104.6200  105.1300   26774146.0
2015-11-18  105.8000  107.7700   23836526.0
2015-11-19  107.3600  106.2600   25520599.0
2015-11-20  106.8400  107.3200   22129648.0
2015-11-23  107.1900  106.9500   19897220.0
2015-11-24  106.0000  105.7400   23577293.0
2015-11-25  106.3300  105.4100   15150785.0
2015-11-27  105.7800  105.4500    5913066.0
2015-11-30  105.8400  104.2400   20383179.0
2015-12-01  104.8300  107.1200   22781868.0
2015-12-02  107.0000  106.0700   24429063.0
2015-12-03  106.2700  104.3800   23236485.0
2015-12-04  104.8100  106.1800   21224721.0
2015-12-07  106.4800  105.6100   15474890.0
2015-12-08  104.0000  106.4900   20401791.0
2015-12-09  106.1800  104.6000   23517268.0
2015-12-10  105.0500  105.4200   17454312.0
2015-12-11  104.1500  102.1200   26427727.0
2015-12-14  102.2850  104.6600   24813496.0
2015-12-15  105.3000  104.5500   21764331.0
2015-12-16  105.3700  106.7900   22680547.0
2015-12-17  107.4900  106.2200   21675686.0
2015-12-18  106.0800  104.0400   35994199.0
2015-12-21  104.9100  104.7700   16138786.0
2015-12-22  105.2200  105.5100   14597122.0
2015-12-23  105.8900  104.6300   19599673.0
2015-12-24  104.7400  105.0200    6512134.0
2015-12-28  105.0200  105.9300   13069733.0
2015-12-29  106.4200  107.2600   17179901.0
2015-12-30  107.0000  106.2200   13115007.0
2015-12-31  106.0000  104.6600   18391064.0
2016-01-04  101.9500  102.2200   37912403.0
2016-01-05  102.8900  102.7300   23258238.0
2016-01-06  101.1300  102.9700   25096183.0
2016-01-07  100.5000   97.9200   45172906.0
2016-01-08   99.8800   97.3300   35402298.0
2016-01-11   97.9100   97.5100   29932385.0
2016-01-12   99.0000   99.3700   28395390.0
2016-01-13  100.5800   95.4400   33410553.0
2016-01-14   95.8500   98.3700   48658623.0
2016-01-15   93.9800   94.9700   46132781.0
2016-01-19   96.5300   95.2600   30998256.0
2016-01-20   92.8300   94.3500   59051429.0
2016-01-21   94.9100   94.1600   30518939.0
2016-01-22   96.4100   97.9400   30495387.0
2016-01-25   98.7200   97.0100   32482015.0
2016-01-26   97.7600   97.3400   26877080.0
2016-01-27   97.7900   94.4500   58699359.0
2016-01-28  107.2000  109.1100  107475327.0
2016-01-29  108.9900  112.2100   62739548.0
2016-02-01  112.2700  115.0900   46132726.0
2016-02-02  114.8000  114.6100   59778571.0
2016-02-03  115.2700  112.6900   56919324.0
2016-02-04  111.8000  110.4900   38890199.0
2016-02-05  109.5100  104.0700   76894741.0
2016-02-08  100.4100   99.7500   71229746.0
2016-02-09   97.1400   99.5400   62709018.0
2016-02-10  101.5500  101.0000   45179370.0
2016-02-11   99.6000  101.9100   43670634.0
2016-02-12  103.7400  102.0100   36176760.0
2016-02-16  103.8000  101.6100   45687224.0
2016-02-17  101.9400  105.2000   44073369.0
2016-02-18  105.8000  103.4700   29593508.0
2016-02-19  102.5500  104.5700   32404516.0
2016-02-22  105.4900  107.1600   35709714.0
2016-02-23  106.8500  105.4600   25319315.0
2016-02-24  104.2100  106.8800   34412437.0
2016-02-25  107.1100  108.0700   29906278.0
2016-02-26  108.7000  107.9200   26686193.0
2016-02-29  107.6000  106.9200   32778992.0
2016-03-01  107.8300  109.8200   26817309.0
2016-03-02  109.6800  109.9500   25670170.0
2016-03-03  110.2500  109.5800   21353092.0
2016-03-04  110.0500  108.3900   24938858.0
2016-03-07  108.0700  105.7300   31534055.0
2016-03-08  104.7800  105.9300   25204666.0
2016-03-09  106.7000  107.5100   20493305.0
2016-03-10  107.9100  107.3200   24854284.0
2016-03-11  108.4800  109.4100   20697553.0
2016-03-14  109.2800  109.8900   17249365.0
2016-03-15  109.1100  110.6700   17618460.0
2016-03-16  110.4900  112.1800   24744778.0
2016-03-17  112.1500  111.0200   24241247.0
2016-03-18  111.5600  111.4500   36256877.0
2016-03-21  111.6600  111.8500   18447974.0
2016-03-22  111.3600  112.2500   19001076.0
2016-03-23  112.0100  112.5400   18561974.0
2016-03-24  112.1300  113.0500   17839119.0
2016-03-28  113.3200  113.6900   21351751.0
2016-03-29  113.8300  116.1400   29825340.0
2016-03-30  116.7300  114.7000   33235184.0
2016-03-31  114.7000  114.1000   21207526.0
2016-04-01  113.7500  116.0600   24760504.0
2016-04-04  114.0700  112.5500   48487913.0
2016-04-05  112.1100  112.2200   22962365.0
2016-04-06  112.4700  113.7100   20814640.0
2016-04-07  113.7900  113.6400   20714537.0
2016-04-08  114.2500  110.6300   48497808.0
2016-04-11  110.7000  108.9900   39762304.0
2016-04-12  109.3400  110.6100   26248081.0
2016-04-13  112.2300  110.5100   88227393.0
2016-04-14  110.6200  110.8400   28473322.0
2016-04-15  110.7900  109.6400   20922803.0
2016-04-18  109.7400  110.4500   21167199.0
2016-04-19  111.1000  112.2900   30210455.0
2016-04-20  112.4300  112.4200   21027901.0
2016-04-21  112.5500  113.4400   20875230.0
2016-04-22  111.2100  110.5600   38458201.0
2016-04-25  109.8700  110.1000   21017895.0
2016-04-26  110.4900  108.7600   22521534.0
2016-04-27  107.9400  108.8900   52213107.0
2016-04-28  119.5750  116.7300   87110080.0
2016-04-29  116.8200  117.5800   37140594.0
2016-05-02  117.8300  118.5700   28095168.0
2016-05-03  117.5200  117.4300   24117463.0
2016-05-04  116.6100  118.0600   23448440.0
2016-05-05  118.0400  117.8100   22056749.0
2016-05-06  117.1600  119.4900   26395568.0
2016-05-09  119.5400  119.2400   21138059.0
2016-05-10  119.6200  120.5000   23220046.0
2016-05-11  120.4100  119.5200   22038396.0
2016-05-12  119.9800  120.2800   22035465.0
2016-05-13  120.3800  119.8100   18124286.0
2016-05-16  119.3800  118.6700   31247834.0
2016-05-17  118.8200  117.3500   21328648.0
2016-05-18  116.8000  117.6500   21642299.0
2016-05-19  117.0500  116.8100   20544109.0
2016-05-20  116.9600  117.3500   18944831.0
2016-05-23  117.4200  115.9700   20441004.0
2016-05-24  116.2400  117.7000   20183627.0
2016-05-25  118.1300  117.8900   20035494.0
2016-05-26  118.2400  119.4700   18481340.0
2016-05-27  119.5600  119.3800   13493563.0
2016-05-31  119.4600  118.8100   23547597.0
2016-06-01  118.5000  118.7800   15029494.0
2016-06-02  118.6900  118.9300   13228310.0
2016-06-03  118.9750  118.4700   14135114.0
2016-06-06  118.6200  118.7900   12744676.0
2016-06-07  119.2400  117.7600   17103023.0
2016-06-08  117.7600  118.3900   14505596.0
2016-06-09  118.1300  118.5600   13859240.0
2016-06-10  117.5400  116.6200   18510826.0
2016-06-13  115.0000  113.9500   31718239.0
2016-06-14  114.0700  114.9400   17618479.0
2016-06-15  115.3000  114.6000   19819432.0
2016-06-16  113.8700  114.3900   19236255.0
2016-06-17  114.4200  113.0200   24644308.0
2016-06-20  113.7700  113.3700   20785390.0
2016-06-21  114.1200  114.3800   19166269.0
2016-06-22  114.6500  113.9100   14846329.0
2016-06-23  114.3700  115.0800   16176895.0
2016-06-24  111.0100  112.0800   40643130.0
2016-06-27  111.5700  108.9700   36409606.0
2016-06-28  110.6300  112.7000   26813842.0
2016-06-29  113.3700  114.1600   20968273.0
2016-06-30  114.6700  114.2800   23192716.0
2016-07-01  114.2000  114.1900   14980023.0
2016-07-05  113.9400  114.0000   14207037.0
2016-07-06  113.3600  116.7000   24337586.0
2016-07-07  116.6300  115.8500   16630201.0
2016-07-08  116.4300  117.2400   18142597.0
2016-07-11  117.7100  117.8700   17711570.0
2016-07-12  118.6300  117.9300   15217700.0
2016-07-13  118.3900  116.7800   16207662.0
2016-07-14  117.5000  117.2900   14579736.0
2016-07-15  117.7400  116.8600   16645964.0
2016-07-18  117.3200  119.3700   20868367.0
2016-07-19  118.9900  120.6100   21541292.0
2016-07-20  121.2500  121.9200   20046452.0
2016-07-21  121.9200  120.6100   17801663.0
2016-07-22  119.9000  121.0000   18422410.0
2016-07-25  121.3900  121.6300   18487449.0
2016-07-26  122.0000  121.2200   17611964.0
2016-07-27  122.4200  123.3400   52654239.0
2016-07-28  127.5200  125.0000   78955758.0
2016-07-29  124.6500  123.9400   35058803.0
2016-08-01  123.8500  124.3100   25006850.0
2016-08-02  124.0600  123.0900   23968414.0
2016-08-03  123.0900  122.5100   18525332.0
2016-08-04  122.9400  124.3600   21065974.0
2016-08-05  124.9800  125.1500   20184035.0
2016-08-08  125.2500  125.2600   15233929.0
2016-08-09  125.3400  125.0600   19620967.0
2016-08-10  125.0700  124.8800   10670148.0
2016-08-11  125.2000  124.9000   11729519.0
2016-08-12  124.7000  124.8800   12158955.0
2016-08-15  124.9100  123.9000   19295130.0
2016-08-16  123.5000  123.3000   14222410.0
2016-08-17  123.6600  124.3700   13794179.0
2016-08-18  124.0100  123.9100   12400816.0
2016-08-19  123.6000  123.5600   11688265.0
2016-08-22  123.3300  124.1500   14386361.0
2016-08-23  124.5100  124.3700   13309452.0
2016-08-24  124.4700  123.4800   12243719.0
2016-08-25  123.1200  123.8900   10730811.0
2016-08-26  124.0500  124.9600   17504825.0
2016-08-29  124.3500  126.5400   15925900.0
2016-08-30  126.6000  125.8400   17804286.0
2016-08-31  125.6000  126.1200   14200636.0
2016-09-01  126.3800  126.1700   13536125.0
2016-09-02  126.8500  126.5100   12118773.0
2016-09-06  126.6700  129.7300   26278407.0
2016-09-07  130.0400  131.0500   27990796.0
2016-09-08  130.9200  130.2700   15676595.0
2016-09-09  129.7100  127.1000   27100679.0
2016-09-12  125.9600  128.6900   21252752.0
2016-09-13  128.0300  127.2100   18016152.0
2016-09-14  126.8900  127.7700   15720388.0
2016-09-15  127.9800  128.3500   15111838.0
2016-09-16  128.2000  129.0700   24119174.0
2016-09-19  129.9100  128.6500   14958794.0
2016-09-20  128.6500  128.6400   11083808.0
2016-09-21  129.1300  129.9400   14068336.0
2016-09-22  130.5000  130.0800   15538307.0
2016-09-23  127.5600  127.9600   28326266.0
2016-09-26  127.3700  127.3100   15064940.0
2016-09-27  127.6100  128.6900   15637111.0
2016-09-28  129.2100  129.2300   12047636.0
2016-09-29  129.1800  128.0900   14532241.0
2016-09-30  128.0300  128.2700   18402945.0
2016-10-03  128.3800  128.7700   13156943.0
2016-10-04  129.1700  128.1900   14307548.0
2016-10-05  128.2500  128.4700   12386753.0
2016-10-06  128.4300  128.7400   11682729.0
2016-10-07  129.0400  128.9900   12804420.0
2016-10-10  129.6800  130.2400   15138720.0
2016-10-11  130.2300  128.8800   17537928.0
2016-10-12  129.0100  129.0500   11072991.0
2016-10-13  128.2100  127.8200   17139306.0
2016-10-14  128.4900  127.8800   13345292.0
2016-10-17  128.2000  127.5400   11351681.0
2016-10-18  128.6800  128.5700   13503967.0
2016-10-19  128.7400  130.1100   16752321.0
2016-10-20  130.0700  130.0000   13167503.0
2016-10-21  129.7800  132.0700   19088794.0
2016-10-24  132.7200  133.2800   17470227.0
2016-10-25  133.5000  132.2900   13336787.0
2016-10-26  131.6400  131.0400   13084731.0
2016-10-27  131.7400  129.6900   16741393.0
2016-10-28  130.5000  131.2900   24545547.0
2016-10-31  132.0100  130.9900   15668982.0
2016-11-01  131.4100  129.5000   22077779.0
2016-11-02  130.2300  127.1700   50190225.0
2016-11-03  122.0000  120.0000   63766259.0
2016-11-04  119.5900  120.7500   30545466.0
2016-11-07  122.8300  122.1500   23008880.0
2016-11-08  122.0300  124.2200   19460768.0
2016-11-09  121.5000  123.1800   31916020.0
2016-11-10  123.9300  120.8000   67846704.0
2016-11-11  120.4400  119.0200   32840137.0
2016-11-14  119.1256  115.0800   51377040.0
2016-11-15  116.7300  117.2000   34681369.0
2016-11-16  117.2000  116.3400   32397947.0
2016-11-17  116.8400  117.7900   18597766.0
2016-11-18  118.3900  117.0200   22879303.0
2016-11-21  118.3900  121.7700   35415366.0
2016-11-22  122.4000  121.4700   26089163.0
2016-11-23  121.2300  120.8400   15672136.0
2016-11-25  121.0100  120.3800    8658605.0
2016-11-28  120.1200  120.4100   18101314.0
2016-11-29  120.5700  120.8700   18890956.0
2016-11-30  120.3200  118.4200   30188922.0
2016-12-01  118.3800  115.1000   43276994.0
2016-12-02  115.1100  115.4000   25070364.0
2016-12-05  115.9500  117.4300   20201528.0
2016-12-06  117.6900  117.3100   19131202.0
2016-12-07  117.0000  117.9500   21913658.0
2016-12-08  117.9800  118.9100   22442756.0
2016-12-09  119.2200  119.6800   17464736.0
2016-12-12  119.2200  117.7700   17805527.0
2016-12-13  117.8600  120.3100   29768028.0
2016-12-14  120.0000  120.2100   25913095.0
2016-12-15  120.0800  120.5700   20139568.0
2016-12-16  120.9000  119.8700   25324299.0
2016-12-19  119.8500  119.2400   15918146.0
2016-12-20  119.5000  119.0900   13684402.0
2016-12-21  118.9200  119.0400   10767646.0
2016-12-22  118.8600  117.4000   16258587.0
2016-12-23  117.0000  117.2700   10889985.0
2016-12-27  116.9600  118.0100   12051481.0
2016-12-28  118.1900  116.9200   12087377.0
2016-12-29  117.0000  116.3500    9934873.0
2016-12-30  116.5950  115.0500   18684106.0
2017-01-03  116.0300  116.8600   20663912.0
2017-01-04  117.5500  118.6900   19630932.0
2017-01-05  118.8600  120.6700   19492150.0
2017-01-06  120.9800  123.4100   28545263.0
2017-01-09  123.5500  124.9000   22880360.0
2017-01-10  124.8200  124.3500   17324590.0
2017-01-11  124.3500  126.0900   18356523.0
2017-01-12  125.6100  126.6200   18653914.0
2017-01-13  127.4900  128.3400   24884325.0
2017-01-17  128.0400  127.8700   15294460.0
2017-01-18  128.4100  127.9200   13145852.0
2017-01-19  128.2300  127.5500   12195465.0
2017-01-20  128.1000  127.0400   19097223.0
2017-01-23  127.3100  128.9300   16593563.0
2017-01-24  129.3800  129.3700   15162724.0
2017-01-25  130.0000  131.4800   18777314.0
2017-01-26  131.6300  132.7800   20020141.0
2017-01-27  132.6800  132.1800   19539514.0
2017-01-30  131.5800  130.9800   18956095.0
2017-01-31  130.1700  130.3200   19790484.0
2017-02-01  132.2500  133.2300   50139775.0
2017-02-02  133.2200  130.8400   54366447.0
2017-02-03  131.2400  130.9800   24804890.0
2017-02-06  130.9800  132.0600   17058494.0
2017-02-07  132.2400  131.8400   14596449.0
2017-02-08  132.6000  134.2000   22390556.0
2017-02-09  134.4900  134.1400   16470609.0
2017-02-10  134.1000  134.1900   15061939.0
2017-02-13  134.6975  134.0500   13526221.0
2017-02-14  134.1000  133.8500   14364877.0
2017-02-15  133.4500  133.4400   13226534.0
2017-02-16  133.0700  133.8400   12831092.0
2017-02-17  133.5000  133.5300   12276490.0
2017-02-21  133.5000  133.7200   14759109.0
2017-02-22  133.6000  136.1200   27360092.0
2017-02-23  135.8900  135.3600   18422549.0
2017-02-24  134.1600  135.4400   12625742.0
2017-02-27  135.2600  136.4100   14306668.0
2017-02-28  136.7900  135.5400   16112092.0
2017-03-01  136.4700  137.4200   16257010.0
2017-03-02  137.0900  136.7600   12294804.0
2017-03-03  136.6300  137.1700   11160563.0
2017-03-06  136.8800  137.4200   12748179.0
2017-03-07  137.0300  137.3000   13527132.0
2017-03-08  137.1500  137.7200   10184514.0
2017-03-09  137.7200  138.2400   15535259.0
2017-03-10  138.9100  138.7900   16314113.0
2017-03-13  138.7100  139.6000   10955450.0
2017-03-14  139.4600  139.3200   12944018.0
2017-03-15  139.2900  139.7200   19344826.0
2017-03-16  140.2000  139.9900   13612942.0
2017-03-17  140.3400  139.8400   20592818.0
2017-03-20  139.7100  139.9400   12099471.0
2017-03-21  141.1500  138.5100   29894784.0
2017-03-22  137.9300  139.5900   17055449.0
2017-03-23  139.4800  139.5300   13022801.0
2017-03-24  140.0800  140.3400   16664683.0
2017-03-27  139.0500  140.3200   12800544.0
2017-03-28  140.3600  141.7600   14679436.0
2017-03-29  141.9900  142.6500   16527574.0
2017-03-30  142.4000  142.4100   12403997.0
2017-03-31  142.3100  142.0500   11478265.0
2017-04-03  141.9300  142.2800   13563960.0
2017-04-04  141.8600  141.7300   12948599.0
2017-04-05  142.2600  141.8500   17158059.0
2017-04-06  142.1100  141.1700   15103426.0
2017-04-07  141.2000  140.7800   11811439.0
2017-04-10  141.0000  141.0400    9039366.0
2017-04-11  140.8000  139.9200   16638087.0
2017-04-12  139.7200  139.5800   11612456.0
2017-04-13  139.6200  139.3900   10965614.0
2017-04-17  139.7600  141.4200   11519663.0
2017-04-18  141.2700  140.9600   14807472.0
2017-04-19  141.3500  142.2700   15563945.0
2017-04-20  142.9500  143.8000   15968164.0
2017-04-21  143.9000  143.6800   12382002.0
2017-04-24  144.9600  145.4700   14397448.0
2017-04-25  145.7900  146.4900   17684833.0
2017-04-26  147.0900  146.5600   11324335.0
2017-04-27  146.6700  147.7000   10561420.0
2017-04-28  149.5000  150.2500   30280373.0
2017-05-01  151.7400  152.4600   24669159.0
2017-05-02  153.3400  152.7800   21255365.0
2017-05-03  153.6000  151.8000   21755088.0
2017-05-04  150.1700  150.8500   36060301.0
2017-05-05  151.4500  150.2400   17051519.0
2017-05-08  150.7100  151.0600   15662472.0
2017-05-09  151.4900  150.4800   17325999.0
2017-05-10  150.2300  150.2900   11653395.0
2017-05-11  150.3100  150.0400   11623865.0
2017-05-12  150.4000  150.3300    9497040.0
2017-05-15  150.1700  150.1900   14909882.0
2017-05-16  150.1100  149.7800   14420715.0
2017-05-17  148.0000  144.8500   27908167.0
2017-05-18  144.7200  147.6600   21784326.0
2017-05-19  148.4450  148.0600   16101229.0
2017-05-22  148.0800  148.2400   12379481.0
2017-05-23  148.5200  148.0700   12665886.0
2017-05-24  148.5100  150.0400   17769670.0
2017-05-25  150.3000  151.9600   19780399.0
2017-05-26  152.2300  152.1300   14907827.0
2017-05-30  151.9700  152.3800   13145329.0
2017-05-31  152.7000  151.4600   17709427.0
2017-06-01  151.7500  151.5300   14459173.0
2017-06-02  151.8500  153.6100   16787255.0
2017-06-05  153.6400  153.6300   12279871.0
2017-06-06  153.4100  152.8100   13291727.0
2017-06-07  153.2700  153.1200   11822136.0
2017-06-08  154.0800  154.7100   17539521.0
2017-06-09  154.7700  149.6300   35256368.0
2017-06-12  148.1700  148.4400   33238543.0
2017-06-13  150.1500  150.6800   20316202.0
2017-06-14  151.2600  150.2500   20552981.0
2017-06-15  147.6700  149.8000   18877305.0
2017-06-16  149.5900  150.6400   22169800.0
2017-06-19  151.7100  152.8700   18678807.0
2017-06-20  152.8800  152.2500   14557895.0
2017-06-21  152.3600  153.9100   14760242.0
2017-06-22  153.0100  153.4000   12783958.0
2017-06-23  152.7200  155.0700   16192249.0
2017-06-26  156.2500  153.5900   17934289.0
2017-06-27  152.8400  150.5800   19274022.0
2017-06-28  150.9200  153.2400   16621566.0
2017-06-29  152.2800  151.0400   23771610.0
2017-06-30  151.9000  150.9800   14540013.0
2017-07-03  151.7200  148.4300   13860113.0
2017-07-05  149.0000  150.3400   14037692.0
2017-07-06  149.0300  148.8200   14788811.0
2017-07-07  149.2500  151.4400   13229352.0
2017-07-10  151.6900  153.5000   13296447.0
2017-07-11  153.3700  155.2700   13208251.0
2017-07-12  156.4900  158.9000   22483868.0
2017-07-13  158.7400  159.2600   13839891.0
2017-07-14  160.1300  159.9700   16172560.0
2017-07-17  160.2500  159.7300   12567935.0
2017-07-18  159.6600  162.8600   23621711.0
2017-07-19  163.5900  164.1400   25915988.0
2017-07-20  164.8000  164.5300   18293111.0
2017-07-21  164.1600  164.4300   14494667.0
2017-07-24  164.6400  166.0000   16595460.0
2017-07-25  165.0100  165.2800   15164613.0
2017-07-26  166.0100  165.6100   24081060.0
2017-07-27  174.7000  170.4400   68065163.0
2017-07-28  169.0700  172.4500   24036502.0
2017-07-31  172.0000  169.2500   25157896.0
2017-08-01  169.8200  169.8600   14051379.0
2017-08-02  170.3000  169.2500   17061845.0
2017-08-03  169.3000  168.5900   10316246.0
2017-08-04  168.9700  169.6200   10360774.0
2017-08-07  169.9500  171.9800   12504157.0
2017-08-08  171.8800  171.2300   13813683.0
2017-08-09  169.9800  171.1800   10597084.0
2017-08-10  170.0600  167.4000   20353485.0
2017-08-11  167.9500  168.0800   13664032.0
2017-08-14  170.0900  170.7500   12786286.0
2017-08-15  171.4900  171.0000    8621787.0
2017-08-16  171.2500  170.0000   15580549.0
2017-08-17  169.3400  166.9100   16791591.0
2017-08-18  166.8400  167.4100   14933261.0
2017-08-21  167.1600  167.7800   11880823.0
2017-08-22  168.2800  169.6400   11333260.0
2017-08-23  168.8400  168.7100    9756817.0
2017-08-24  168.8800  167.7400   13552865.0
2017-08-25  167.8600  166.3200   12391910.0
2017-08-28  166.9100  167.2400    8360380.0
2017-08-29  165.2500  168.0500   10992617.0
2017-08-30  168.1700  169.9200   10850005.0
2017-08-31  170.4000  172.0000   16873901.0
2017-09-01  172.4000  172.0200   11614185.0
2017-09-05  171.2700  170.7200   13175866.0
2017-09-06  170.9100  172.0900   13659317.0
2017-09-07  171.9400  173.2100   17922494.0
2017-09-08  173.0900  170.9500   10936358.0
2017-09-11  172.4000  173.5100   12183568.0
2017-09-12  173.7600  172.9600   11051768.0
2017-09-13  173.0100  173.0500    8908633.0
2017-09-14  172.2600  170.9600   15496424.0
2017-09-15  170.8800  171.5800   15468473.0
2017-09-18  171.9900  170.0100   12785437.0
2017-09-19  170.6200  172.5200   12911661.0
2017-09-20  172.5000  172.1700   11899057.0
2017-09-21  171.6900  171.1100   11054545.0
2017-09-22  170.2100  170.5400   11835708.0
2017-09-25  169.2400  162.8700   40538994.0
2017-09-26  164.5000  164.2100   22866403.0
2017-09-27  165.9000  167.6800   18963276.0
2017-09-28  167.9400  168.7300   12084865.0
2017-09-29  168.8300  170.8100   15114619.0
2017-10-02  171.3900  169.4700   13104304.0
2017-10-03  169.3000  169.9600    8054219.0
2017-10-04  169.8300  168.4200   11829323.0
2017-10-05  169.1800  171.2400   14013869.0
2017-10-06  170.2500  172.2300   12670089.0
2017-10-09  172.7000  172.5000   14472612.0
2017-10-10  173.0000  171.5900   11231234.0
2017-10-11  171.9500  172.7400   11023310.0
2017-10-12  172.6100  172.5500   10312488.0
2017-10-13  173.4500  173.7400   13305724.0
2017-10-16  174.4900  174.5200   11225293.0
2017-10-17  174.7100  176.1100   15381990.0
2017-10-18  176.6500  176.0300   12655492.0
2017-10-19  174.9300  174.5600   13602869.0
2017-10-20  175.5000  174.9800   11861307.0
2017-10-23  175.2000  171.2700   13622072.0
2017-10-24  172.3000  171.8000   11629341.0
2017-10-25  171.9000  170.6000   15095603.0
2017-10-26  171.3800  170.6300   10932929.0
2017-10-27  174.1500  177.8800   29867490.0
2017-10-30  179.2600  179.8700   24179258.0
2017-10-31  180.5700  180.0600   19766043.0
2017-11-01  182.3600  182.6600   28922959.0
2017-11-02  180.6300  178.9200   35119841.0
2017-11-03  179.2900  178.9200   17572587.0
2017-11-06  178.5600  180.1700   13065077.0
2017-11-07  180.5000  180.2500   12679885.0
2017-11-09  178.3100  179.3000   12460345.0
2017-11-10  178.3500  178.4600   10933405.0
2017-11-13  177.5000  178.7700    9431449.0
2017-11-14  178.1300  178.0700    9465112.0
2017-11-15  176.6600  177.9500   10131051.0
2017-11-16  178.7600  179.5900   14655982.0
2017-11-17  179.3000  179.0000   12722802.0
2017-11-20  178.8700  178.7400    9476502.0
2017-11-21  179.1500  181.8600   14409305.0
2017-11-22  181.3000  180.8700   10238140.0
2017-11-24  180.4000  182.7800    9426010.0
2017-11-27  182.5600  183.0300   12249740.0
2017-11-28  183.5100  182.4200   13761926.0
2017-11-29  181.8900  175.1300   41651953.0
2017-11-30  176.8500  177.1800   24613431.0
2017-12-01  176.0300  175.1000   19824531.0
2017-12-04  176.2900  171.4700   24184006.0
2017-12-05  170.4500  172.8300   20028656.0
2017-12-06  172.5000  176.0600   20059293.0
2017-12-07  175.8000  180.1400   19588217.0
2017-12-08  181.5300  179.0000   19377310.0
2017-12-11  179.3000  179.0400   12630207.0
2017-12-12  178.6000  176.9600   16675275.0
2017-12-13  177.3000  178.3000   14406776.0
2017-12-14  178.2900  178.3900   13393757.0
2017-12-15  179.0200  180.1800   26225100.0
2017-12-18  181.0100  180.8200   17014337.0
2017-12-19  179.9500  179.5100   14769239.0
2017-12-20  179.8100  177.8900   11754823.0
2017-12-21  177.9400  177.4500   11050969.0
2017-12-22  177.1400  177.2000    8462491.0
2017-12-26  176.6300  175.9900    8726829.0
2017-12-27  176.5500  177.6200    9296258.0
2017-12-28  177.9500  177.9200   11008996.0
2017-12-29  178.0000  176.4600   10028758.0
2018-01-02  177.6800  181.4200   17694891.0
2018-01-03  181.8800  184.6700   16595495.0
2018-01-04  184.9000  184.3300   13554357.0
2018-01-05  185.5900  186.8500   13042388.0
2018-01-08  187.2000  188.2800   14719216.0
2018-01-09  188.7000  187.8700   12342722.0
2018-01-10  186.9400  187.8400   10464528.0
2018-01-11  188.4000  187.7700    8855144.0
2018-01-12  178.0600  179.3700   76645626.0
2018-01-16  181.5000  178.3900   35027166.0
2018-01-17  179.2600  177.6000   27356988.0
2018-01-18  178.1300  179.8000   22783759.0
2018-01-19  180.8500  181.2900   26266081.0
2018-01-22  180.8000  185.3700   20567285.0
2018-01-23  186.0500  189.3500   24956444.0
2018-01-24  189.8900  186.5500   22992031.0
2018-01-25  187.9500  187.4800   16698537.0
2018-01-26  187.7500  190.0000   16652197.0
2018-01-29  188.7500  185.9800   20022931.0
2018-01-30  183.0100  187.1200   20382841.0
2018-01-31  188.3700  186.8900   27299152.0
2018-02-01  188.2200  193.0900   53608910.0
2018-02-02  192.0400  190.2800   25514560.0
2018-02-05  186.9300  182.6500   29852293.0
2018-02-06  178.5700  185.3100   36829710.0
2018-02-07  184.1500  180.1800   26891282.0
2018-02-08  181.0100  171.5499   35672214.0
2018-02-09  174.7600  175.9800   37214470.0
2018-02-12  177.0600  176.4100   31697374.0
2018-02-13  175.6200  173.1500   20880702.0
2018-02-14  173.4500  179.5200   27963758.0
2018-02-15  180.5000  179.9600   20554092.0
2018-02-16  178.9900  177.3600   20475445.0
2018-02-20  175.7700  176.0100   20887317.0
2018-02-21  176.7100  177.9100   22844006.0
2018-02-22  178.7000  178.9900   17085490.0
2018-02-23  179.9000  183.2900   18621950.0
2018-02-26  184.5800  184.9300   17418814.0
2018-02-27  184.4500  181.4600   15649326.0
2018-02-28  182.3000  178.3200   18208084.0
2018-03-01  179.0100  175.9400   23201626.0
2018-03-02  173.2900  176.6200   20025905.0
2018-03-05  176.2000  180.4000   16189280.0
2018-03-06  181.7800  179.7800   15086784.0
2018-03-07  178.7400  183.7100   19097293.0
2018-03-08  183.5600  182.3400   15336555.0
2018-03-09  183.9100  185.2300   17952177.0
2018-03-12  185.2300  184.7600   14873538.0
2018-03-13  185.6100  181.8800   17742312.0
2018-03-14  182.6000  184.1900   16426843.0
2018-03-15  183.2400  183.8600   15461869.0
2018-03-16  184.4900  185.0900   23090480.0
2018-03-19  177.0100  172.5600   86897749.0
2018-03-20  167.4700  168.1500  128925534.0
2018-03-21  164.8000  169.3900  105350867.0
2018-03-22  166.1300  164.8900   73389988.0
2018-03-23  165.4400  159.3900   52306891.0
2018-03-26  160.8200  160.0600  125438294.0
2018-03-27  156.3100  152.1900   76787884.0