date     open  close    volume
                                   
2013-01-02  34.7500  34.89   52000.0
2013-01-03  34.9000  34.69   19400.0
2013-01-04  34.9000  34.94   38100.0
2013-01-07  34.6700  34.42   11000.0
2013-01-08  34.2200  34.46   27000.0
2013-01-09  34.6000  34.50   16500.0
2013-01-10  34.5200  34.45   29900.0
2013-01-11  34.5300  34.26   19800.0
2013-01-14  34.2800  34.05   57200.0
2013-01-15  33.7100  33.75   67400.0
2013-01-16  33.5600  33.63   41000.0
2013-01-17  33.6400  33.85   49200.0
2013-01-18  33.8100  33.71   36000.0
2013-01-22  33.6400  34.49   37200.0
2013-01-23  34.5000  33.89   59800.0
2013-01-24  33.8500  34.58   31200.0
2013-01-25  34.6900  35.00   51800.0
2013-01-28  34.8900  34.88   39300.0
2013-01-29  34.8900  35.00   35800.0
2013-01-30  34.9900  34.53   21000.0
2013-01-31  34.5000  34.93   50300.0
2013-02-01  35.0000  34.94   56300.0
2013-02-04  34.6900  34.39   29300.0
2013-02-05  34.6300  34.76   16000.0
2013-02-06  34.5800  34.91   14900.0
2013-02-07  34.8900  34.72   21000.0
2013-02-08  34.9700  35.01   73800.0
2013-02-11  34.8600  34.96   19800.0
2013-02-12  34.9700  34.91    9000.0
2013-02-13  34.9900  35.00   98800.0
2013-02-14  34.8900  35.49  103600.0
2013-02-15  35.4400  36.44  123100.0
2013-02-19  36.4900  36.72   84200.0
2013-02-20  36.2900  35.81   65100.0
2013-02-21  35.7200  36.06   47200.0
2013-02-22  36.3200  36.32   83000.0
2013-02-25  36.4200  35.40   52500.0
2013-02-26  35.6100  35.67   95200.0
2013-02-27  35.5800  36.28   60000.0
2013-02-28  36.2200  36.34   46800.0
2013-03-01  35.9700  36.65   51000.0
2013-03-04  36.6400  36.52   64700.0
2013-03-05  36.7500  36.78   77100.0
2013-03-06  37.0300  37.03   16200.0
2013-03-07  37.0400  37.35   35500.0
2013-03-08  37.6600  37.85   85600.0
2013-03-11  37.8500  38.25   59300.0
2013-03-12  38.2500  38.22   81200.0
2013-03-13  38.2000  38.30   36200.0
2013-03-14  38.4900  38.65   76900.0
2013-03-15  38.8100  39.02   91700.0
2013-03-18  38.5300  38.64   38200.0
2013-03-19  38.8500  38.82   62800.0
2013-03-20  38.7600  38.86   31500.0
2013-03-21  38.5200  38.77   42600.0
2013-03-22  38.9900  38.67   34100.0
2013-03-25  38.9100  38.90   39200.0
2013-03-26  39.0000  38.92   26700.0
2013-03-27  38.6600  38.81   37100.0
2013-03-28  38.9000  38.86   31500.0
2013-04-01  38.7600  38.72   35400.0
2013-04-02  38.8600  38.53   21700.0
2013-04-03  38.7000  38.40   27700.0
2013-04-04  38.3900  38.51   28500.0
2013-04-05  37.7200  38.10   25400.0
2013-04-08  38.2500  38.47   36000.0
2013-04-09  38.6500  38.76   30900.0
2013-04-10  38.7300  39.15   59200.0
2013-04-11  39.1500  39.22   23300.0
2013-04-12  39.0000  38.98   23600.0
2013-04-15  38.6500  37.83   43100.0
2013-04-16  38.0200  38.11   42700.0
2013-04-17  37.7400  37.55   29300.0
2013-04-18  37.5000  37.65   26500.0
2013-04-19  37.6600  38.25   14000.0
2013-04-22  38.4800  38.12   14700.0
2013-04-23  38.6200  39.33   16500.0
2013-04-24  39.2100  39.50   15600.0
2013-04-25  39.4400  39.36   23500.0
2013-04-26  39.1000  38.48   39000.0
2013-04-29  38.6700  39.26   18200.0
2013-04-30  38.8600  39.31   17800.0
2013-05-01  39.1200  38.05   36900.0
2013-05-02  38.1500  38.51   29100.0
2013-05-03  38.5200  39.45   28500.0
2013-05-06  39.3500  39.61   53800.0
2013-05-07  39.6100  39.71   28800.0
2013-05-08  39.7500  40.38   39200.0
2013-05-09  40.4400  40.11   28700.0
2013-05-10  40.0600  39.86   11600.0
2013-05-13  39.5000  39.86   14000.0
2013-05-14  39.8000  40.15   36800.0
2013-05-15  40.1800  40.63   18600.0
2013-05-16  40.6300  39.68   41400.0
2013-05-17  39.9900  40.17   28900.0
2013-05-20  40.0000  39.24   70300.0
2013-05-21  38.9960  39.48   19400.0
2013-05-22  39.4000  39.97   60900.0
2013-05-23  39.6700  40.07   17100.0
2013-05-24  39.8500  39.96   56900.0
2013-05-28  40.6500  41.61   62000.0
2013-05-29  41.5000  41.31   78200.0
2013-05-30  41.5000  41.49   31700.0
2013-05-31  41.1700  41.09   67500.0
2013-06-03  41.3300  42.03   84500.0
2013-06-04  42.0700  42.41   87100.0
2013-06-05  42.5000  41.77   59900.0
2013-06-06  40.8900  42.57   59200.0
2013-06-07  42.5000  42.86   54600.0
2013-06-10  42.8300  43.09   18900.0
2013-06-11  42.7100  42.42   30500.0
2013-06-12  42.5900  42.41   34000.0
2013-06-13  42.3700  42.94   49500.0
2013-06-14  42.7100  42.51   53000.0
2013-06-17  42.7900  43.10   33100.0
2013-06-18  43.0500  43.24   23300.0
2013-06-19  43.1000  43.04   29000.0
2013-06-20  42.8700  43.18   32000.0
2013-06-21  43.3800  43.18   59500.0
2013-06-24  43.0700  42.68   67200.0
2013-06-25  43.0000  42.92   40100.0
2013-06-26  43.2400  42.85   31100.0
2013-06-27  43.0100  43.03   29500.0
2013-06-28  42.8100  43.51  167000.0
2013-07-01  43.5000  44.37   56600.0
2013-07-02  44.2300  43.54   31500.0
2013-07-03  43.4300  43.46   10300.0
2013-07-05  44.3300  44.22   32000.0
2013-07-08  44.4500  44.40   37600.0
2013-07-09  44.7800  44.55   44100.0
2013-07-10  44.5000  44.89   22900.0
2013-07-11  45.3100  45.32   28700.0
2013-07-12  45.2100  45.52   44800.0
2013-07-15  45.5200  45.70   37900.0
2013-07-16  46.2000  45.70   40700.0
2013-07-17  45.7200  45.28   38800.0
2013-07-18  45.4300  45.64   24800.0
2013-07-19  45.6000  45.45   18800.0
2013-07-22  45.9000  45.72   31600.0
2013-07-23  45.9100  45.38   44200.0
2013-07-24  45.4200  44.77   46000.0
2013-07-25  44.5000  45.00   45100.0
2013-07-26  44.7300  44.71   79100.0
2013-07-29  44.5900  44.41   33600.0
2013-07-30  44.6900  44.39   52100.0
2013-07-31  44.3800  44.23   44300.0
2013-08-01  44.3900  44.50   61800.0
2013-08-02  44.9500  44.61  118100.0
2013-08-05  44.6900  44.48   69700.0
2013-08-06  44.3100  44.41   40000.0
2013-08-07  44.2500  44.25   46600.0
2013-08-08  44.5000  44.26   37700.0
2013-08-09  44.0800  43.74   64500.0
2013-08-12  43.4600  43.10   29700.0
2013-08-13  43.1100  43.02   31000.0
2013-08-14  42.9000  43.64   51000.0
2013-08-15  43.4100  43.22   29100.0
2013-08-16  43.0300  43.79   69900.0
2013-08-19  43.6100  43.22   46600.0
2013-08-20  43.3000  44.28   72500.0
2013-08-21  44.2500  44.07   23300.0
2013-08-22  44.0700  44.50   81300.0
2013-08-23  44.5000  44.47   45800.0
2013-08-26  44.1700  43.93   24400.0
2013-08-27  44.0500  43.38   67200.0
2013-08-28  44.1200  44.82  109300.0
2013-08-29  45.2500  44.75  108500.0
2013-08-30  44.5200  44.08  121000.0
2013-09-03  44.5500  44.98  121000.0
2013-09-04  42.8400  43.46   66500.0
2013-09-05  43.4600  43.96   42200.0
2013-09-06  44.2700  44.37   53500.0
2013-09-09  44.5900  45.06   73900.0
2013-09-10  45.1500  45.73   40600.0
2013-09-11  45.2400  45.49   44200.0
2013-09-12  45.5000  44.92   24500.0
2013-09-13  44.9100  45.44   35200.0
2013-09-16  45.6600  45.75   51700.0
2013-09-17  45.6100  45.90   27300.0
2013-09-18  45.8700  45.64   31400.0
2013-09-19  45.6000  44.84   21300.0
2013-09-20  44.8500  44.90   75000.0
2013-09-23  45.0900  44.95   29600.0
2013-09-24  45.1900  45.35   34100.0
2013-09-25  45.5000  45.17   19000.0
2013-09-26  45.1300  45.47   54100.0
2013-09-27  45.3500  44.95   45400.0
2013-09-30  44.3700  44.90   98000.0
2013-10-01  45.0300  45.01   57600.0
2013-10-02  44.8300  44.76   28100.0
2013-10-03  44.3100  44.12   36300.0
2013-10-04  44.0900  44.58   34900.0
2013-10-07  44.1500  44.14   30000.0
2013-10-08  44.1800  43.21   23000.0
2013-10-09  43.3100  43.05   50200.0
2013-10-10  43.6000  44.06   36300.0
2013-10-11  43.8200  44.55   60600.0
2013-10-14  44.2500  44.71   37500.0
2013-10-15  44.5000  44.81   37400.0
2013-10-16  45.1700  45.18   25600.0
2013-10-17  45.1300  45.30   30000.0
2013-10-18  45.6900  45.74   29500.0
2013-10-21  45.9800  45.67   27200.0
2013-10-22  45.6600  45.67   12700.0
2013-10-23  45.3700  45.51   28800.0
2013-10-24  45.4300  45.84   30800.0
2013-10-25  45.8400  45.70   11300.0
2013-10-28  45.5900  45.62   13300.0
2013-10-29  45.6200  45.82   14900.0
2013-10-30  45.9500  45.31   23600.0
2013-10-31  45.3100  44.74   27500.0
2013-11-01  43.8300  43.04   50600.0
2013-11-04  43.2500  42.78   30300.0
2013-11-05  42.7000  43.32   33100.0
2013-11-06  43.6200  43.61   25300.0
2013-11-07  43.6600  42.56   16700.0
2013-11-08  42.5000  43.78   16800.0
2013-11-11  43.5700  43.61   22700.0
2013-11-12  43.4000  43.61   18000.0
2013-11-13  43.2500  43.71   21500.0
2013-11-14  43.8500  44.16   13000.0
2013-11-15  44.0700  44.17   18700.0
2013-11-18  44.1900  44.13   12300.0
2013-11-19  44.1400  43.89   20500.0
2013-11-20  43.9400  43.61   16800.0
2013-11-21  43.8400  44.33   17600.0
2013-11-22  44.2800  44.91   14700.0
2013-11-25  45.2700  45.77   87900.0
2013-11-26  45.9700  45.88   39700.0
2013-11-27  45.9600  46.08   28300.0
2013-11-29  46.3300  45.91    5800.0
2013-12-02  46.0600  45.40   11900.0
2013-12-03  45.6400  45.27   42400.0
2013-12-04  45.2060  44.86   37900.0
2013-12-05  44.4180  44.61    5000.0
2013-12-06  45.0900  45.41   12700.0
2013-12-09  45.8200  44.87   24400.0
2013-12-10  44.5840  44.55   27000.0
2013-12-11  44.3300  43.59   25000.0
2013-12-12  43.7200  43.19   33500.0
2013-12-13  43.1900  43.42   15700.0
2013-12-16  43.4600  43.77   21600.0
2013-12-17  43.4100  43.52   14800.0
2013-12-18  43.6799  44.65   25100.0
2013-12-19  44.4700  43.95   20900.0
2013-12-20  43.9200  44.73   64000.0
2013-12-23  44.3400  44.77   26400.0
2013-12-24  45.0300  44.95   24800.0
2013-12-26  45.0000  45.20   21200.0
2013-12-27  45.1200  44.77    9100.0
2013-12-30  44.6200  44.39   11000.0
2013-12-31  44.5900  44.79   52700.0
2014-01-02  44.4500  44.53   19800.0
2014-01-03  44.5200  44.18   27100.0
2014-01-06  44.2100  43.64   24800.0
2014-01-07  43.8900  43.86   20100.0
2014-01-08  43.4900  43.69   20400.0
2014-01-09  43.7300  43.88   15000.0
2014-01-10  44.0000  43.08   61100.0
2014-01-13  43.0300  42.37   20600.0
2014-01-14  42.0310  42.67   24300.0
2014-01-15  42.6100  43.44   15700.0
2014-01-16  42.9900  41.13   63600.0
2014-01-17  40.7500  41.36   22700.0
2014-01-21  41.5590  41.43   18100.0
2014-01-22  41.4200  41.47   23700.0
2014-01-23  41.2700  40.46   18000.0
2014-01-24  40.3300  39.76   35800.0
2014-01-27  39.7600  39.30   42100.0
2014-01-28  39.3300  38.99   56500.0
2014-01-29  38.6500  38.58   38700.0
2014-01-30  39.0200  39.22   28100.0
2014-01-31  38.5200  38.63   95300.0
2014-02-03  38.6500  37.08   38400.0
2014-02-04  37.1000  37.11   31700.0
2014-02-05  36.9400  36.79   29500.0
2014-02-06  37.0400  37.15   33900.0
2014-02-07  37.5500  38.47   43200.0
2014-02-10  38.6400  38.20   40700.0
2014-02-11  38.4200  38.73   27800.0
2014-02-12  38.6600  38.95   32500.0
2014-02-13  38.4800  39.71   34300.0
2014-02-14  39.7100  39.06   52900.0
2014-02-18  38.8600  39.49   61000.0
2014-02-19  39.5100  39.38   35500.0
2014-02-20  39.5400  39.78   19300.0
2014-02-21  40.1600  40.08   49100.0
2014-02-24  40.2700  40.65   73400.0
2014-02-25  40.5300  40.41   57000.0
2014-02-26  40.3300  41.10   39300.0
2014-02-27  41.0900  41.64   36900.0
2014-02-28  41.8100  41.84  109300.0
2014-03-03  41.6100  41.75   60800.0
2014-03-04  42.0500  42.61   96700.0
2014-03-05  42.7100  42.75   32000.0
2014-03-06  42.7600  42.92   36700.0
2014-03-07  43.0000  43.61   79700.0
2014-03-10  43.3700  44.01   88700.0
2014-03-11  43.9100  43.43   37100.0
2014-03-12  42.9000  43.21   27500.0
2014-03-13  43.1400  43.20   49600.0
2014-03-14  43.0800  43.19   19000.0
2014-03-17  43.3600  42.97   21900.0
2014-03-18  42.8000  43.70   26200.0
2014-03-19  43.5900  43.60   22600.0
2014-03-20  43.8900  44.18   15800.0
2014-03-21  44.5100  44.24   43500.0
2014-03-24  44.2200  44.22   27000.0
2014-03-25  44.3700  43.08   45200.0
2014-03-26  43.1500  42.65   61500.0
2014-03-27  42.5200  42.35   56100.0
2014-03-28  42.2700  42.58   52400.0
2014-03-31  43.0100  43.32  264800.0
2014-04-01  43.4400  43.71   46000.0
2014-04-02  43.5500  43.78   17700.0
2014-04-03  43.7500  43.39   12800.0
2014-04-04  43.7800  42.57   36900.0
2014-04-07  42.5400  42.57   31700.0
2014-04-08  42.8800  43.07   37400.0
2014-04-09  43.3500  43.27   21500.0
2014-04-10  43.3700  43.08   49700.0
2014-04-11  42.6500  42.94   37700.0
2014-04-14  43.5000  43.06   28700.0
2014-04-15  43.3200  43.30   27000.0
2014-04-16  43.5000  43.50   22600.0
2014-04-17  43.3100  43.67   16700.0
2014-04-21  43.7900  43.79   17600.0
2014-04-22  43.8100  44.18   24200.0
2014-04-23  44.2100  44.08   23700.0
2014-04-24  44.5000  43.85   46400.0
2014-04-25  43.8100  44.20   39700.0
2014-04-28  43.8100  43.90   26400.0
2014-04-29  44.1800  44.11   27200.0
2014-04-30  43.9000  44.71   47800.0
2014-05-01  44.5100  44.28   39900.0
2014-05-02  44.2700  44.91   31600.0
2014-05-05  44.7200  44.80   41600.0
2014-05-06  44.7900  44.27   61800.0
2014-05-07  44.5100  45.09   37800.0
2014-05-08  45.1700  45.21   45100.0
2014-05-09  45.0300  45.18   59100.0
2014-05-12  45.5500  45.77   55400.0
2014-05-13  45.9000  45.30   60800.0
2014-05-14  45.4200  44.14   32100.0
2014-05-15  43.8300  43.06   37800.0
2014-05-16  43.0600  43.52   36200.0
2014-05-19  43.4500  43.81   10900.0
2014-05-20  43.6000  43.11   34700.0
2014-05-21  43.4200  43.42   17100.0
2014-05-22  43.6300  43.39   18200.0
2014-05-23  43.5800  43.92   17900.0
2014-05-27  43.9700  44.20   20600.0
2014-05-28  44.2500  43.78   18600.0
2014-05-29  44.0000  43.81   54200.0
2014-05-30  43.9200  43.71    7700.0
2014-06-02  43.9300  43.88   18900.0
2014-06-03  43.8500  43.97   47100.0
2014-06-04  44.0700  44.37   12300.0
2014-06-05  44.3700  45.03   38100.0
2014-06-06  45.3300  45.82   21900.0
2014-06-09  45.5900  45.66   53700.0
2014-06-10  45.7100  45.94   30700.0
2014-06-11  45.5800  45.05   26900.0
2014-06-12  45.4100  44.29   23600.0
2014-06-13  44.6200  44.87   61700.0
2014-06-16  45.0200  45.98  175500.0
2014-06-17  45.7700  46.09   47300.0
2014-06-18  46.2400  46.04   68000.0
2014-06-19  46.1800  46.28   22200.0
2014-06-20  46.4700  47.03  123900.0
2014-06-23  47.2600  46.13   85000.0
2014-06-24  46.2200  46.32   42600.0
2014-06-25  46.2500  46.68   48300.0
2014-06-26  46.7300  46.45   55900.0
2014-06-27  46.1300  45.67   91600.0
2014-06-30  45.8400  46.00   59800.0
2014-07-01  45.9400  46.26   48300.0
2014-07-02  46.4400  46.32   29800.0
2014-07-03  46.5400  46.81   13200.0
2014-07-07  46.6800  46.07   17500.0
2014-07-08  46.1600  45.86   19200.0
2014-07-09  45.9500  45.41   27700.0
2014-07-10  44.4600  44.94   17600.0
2014-07-11  44.7500  44.92   15600.0
2014-07-14  45.3000  45.12   13200.0
2014-07-15  45.1300  44.60   18300.0
2014-07-16  44.9800  44.44   29700.0
2014-07-17  44.4100  43.83   41500.0
2014-07-18  43.7200  44.72   34400.0
2014-07-21  44.6600  43.94   24900.0
2014-07-22  44.3000  43.96   47600.0
2014-07-23  43.8600  43.88   17100.0
2014-07-24  44.1200  43.65   19300.0
2014-07-25  43.4000  43.21   25000.0
2014-07-28  43.2000  43.42   16900.0
2014-07-29  43.6400  43.31   18500.0
2014-07-30  43.5400  43.42   18000.0
2014-07-31  43.2200  42.78   31300.0
2014-08-01  43.0600  42.58   38200.0
2014-08-04  42.8600  43.47   67800.0
2014-08-05  43.4500  43.84   22400.0
2014-08-06  43.7700  44.05   24200.0
2014-08-07  44.1200  44.19   13800.0
2014-08-08  44.1200  44.26   17700.0
2014-08-11  44.5800  44.23   27700.0
2014-08-12  43.9100  44.19   19000.0
2014-08-13  44.4900  44.66   28200.0
2014-08-14  44.7100  44.48   13100.0
2014-08-15  44.9700  44.70   40800.0
2014-08-18  45.1600  45.51   17600.0
2014-08-19  45.6700  45.79   21200.0
2014-08-20  45.7000  45.12   21900.0
2014-08-21  45.1500  46.00   28600.0
2014-08-22  45.9500  45.95   37900.0
2014-08-25  46.2000  46.23   20700.0
2014-08-26  46.4200  46.82   25900.0
2014-08-27  46.8400  46.18   69800.0
2014-08-28  45.5500  46.29   22600.0
2014-08-29  46.5000  46.83   19400.0
2014-09-02  46.7900  47.15  117600.0
2014-09-03  47.3900  46.68   12000.0
2014-09-04  46.9300  46.65   13100.0
2014-09-05  46.4500  46.32    8800.0
2014-09-08  46.2676  46.23   10300.0
2014-09-09  46.0300  45.77   17700.0
2014-09-10  45.9400  45.66   21100.0
2014-09-11  45.2200  45.25   18100.0
2014-09-12  45.4000  45.01   19500.0
2014-09-15  45.0800  44.69   18300.0
2014-09-16  44.7700  45.12   26300.0
2014-09-17  44.9000  45.03   21300.0
2014-09-18  45.0700  45.15   11300.0
2014-09-19  45.1200  45.14   44600.0
2014-09-22  44.9900  45.26   37487.0
2014-09-23  45.2300  44.20   25275.0
2014-09-24  44.2250  44.89   19707.0
2014-09-25  44.7900  44.76   24519.0
2014-09-26  44.8200  44.79   14840.0
2014-09-29  44.5500  44.97   26615.0
2014-09-30  45.2100  44.70   33096.0
2014-10-01  44.5200  43.94   35996.0
2014-10-02  44.0000  44.78   39493.0
2014-10-03  45.3300  44.84   17956.0
2014-10-06  44.8300  44.74   17655.0
2014-10-07  44.6000  44.59   35749.0
2014-10-08  44.3700  45.37   34295.0
2014-10-09  45.5000  44.93   29871.0
2014-10-10  44.6300  45.25   26948.0
2014-10-13  45.4500  46.27   41394.0
2014-10-14  46.5000  46.99   62667.0
2014-10-15  46.4300  47.10   62469.0
2014-10-16  46.7200  47.37   35207.0
2014-10-17  47.8600  47.45   35483.0
2014-10-20  47.2500  47.14   42320.0
2014-10-21  47.2300  47.29   35859.0
2014-10-22  47.4400  47.21   28353.0
2014-10-23  47.4500  47.31   36546.0
2014-10-24  47.3900  47.49   27180.0
2014-10-27  47.1600  47.60   27803.0
2014-10-28  47.6300  49.00   61893.0
2014-10-29  48.9100  49.34   32424.0
2014-10-30  49.1600  49.70   32203.0
2014-10-31  50.5400  49.58   86320.0
2014-11-03  49.4100  49.76   27928.0
2014-11-04  49.8500  50.51   50749.0
2014-11-05  50.9600  50.08   35461.0
2014-11-06  50.3200  50.18   34648.0
2014-11-07  50.3400  51.18   45146.0
2014-11-10  51.2500  52.00   52498.0
2014-11-11  51.7500  51.89   35642.0
2014-11-12  51.8700  52.35   42988.0
2014-11-13  52.6100  52.00   30732.0
2014-11-14  51.8600  51.31   36555.0
2014-11-17  51.4400  51.23   29059.0
2014-11-18  51.1300  50.78   44213.0
2014-11-19  50.5000  50.35   22902.0
2014-11-20  50.3500  51.27   19062.0
2014-11-21  51.7400  50.60   36504.0
2014-11-24  50.7900  51.71   24413.0
2014-11-25  52.0400  51.53   11879.0
2014-11-26  51.5900  51.98   21804.0
2014-11-28  51.9500  51.41   13479.0
2014-12-01  51.3600  51.45   28627.0
2014-12-02  51.6100  52.05   27185.0
2014-12-03  52.2500  56.01  132425.0
2014-12-04  55.8000  54.81   78881.0
2014-12-05  54.6300  54.40   34690.0
2014-12-08  54.4000  54.22   28245.0
2014-12-09  54.0000  54.00   67025.0
2014-12-10  53.9600  54.87   65105.0
2014-12-11  54.6700  54.66   42394.0
2014-12-12  54.1600  53.37   41142.0
2014-12-15  53.7700  53.72   27472.0
2014-12-16  53.2800  53.78   34684.0
2014-12-17  54.0800  55.61   35822.0
2014-12-18  55.4600  56.88   41034.0
2014-12-19  56.6700  55.73  126803.0
2014-12-22  56.1000  56.19   43955.0
2014-12-23  56.5900  56.26   38385.0
2014-12-24  56.2000  56.38   21649.0
2014-12-26  56.7200  56.45   46749.0
2014-12-29  56.6800  56.99   21098.0
2014-12-30  56.9600  57.80   67001.0
2014-12-31  58.2800  58.03  126552.0
2015-01-02  58.0300  57.14   41001.0
2015-01-05  56.9200  56.36   43049.0
2015-01-06  56.2000  54.71   32573.0
2015-01-07  55.2000  54.97   41428.0
2015-01-08  55.4400  55.10   41816.0
2015-01-09  55.2800  54.02   28607.0
2015-01-12  53.7600  53.45   62984.0
2015-01-13  53.5600  53.18   55518.0
2015-01-14  52.4200  52.74   29946.0
2015-01-15  53.0000  52.63   38241.0
2015-01-16  52.3300  53.65   30031.0
2015-01-20  53.6500  53.75   45992.0
2015-01-21  53.8300  53.70   39881.0
2015-01-22  54.1800  54.81   35854.0
2015-01-23  55.0200  54.17   39057.0
2015-01-26  54.2200  53.88   43458.0
2015-01-27  53.4100  53.61   22113.0
2015-01-28  54.0400  52.64   24793.0
2015-01-29  52.4600  53.69   33747.0
2015-01-30  53.1900  52.19   28408.0
2015-02-02  52.6300  54.02   35674.0
2015-02-03  54.5200  55.03   37412.0
2015-02-04  55.0300  54.46   28905.0
2015-02-05  54.4600  53.50   95932.0
2015-02-06  53.9600  58.64  134218.0
2015-02-09  58.3400  57.86   48029.0
2015-02-10  58.3900  58.46   52348.0
2015-02-11  58.7000  58.03   34454.0
2015-02-12  58.5900  58.14   39574.0
2015-02-13  58.2900  58.39   43633.0
2015-02-17  58.5700  58.38   24163.0
2015-02-18  58.1300  58.04   19690.0
2015-02-19  57.9900  58.00   42110.0
2015-02-20  58.0000  57.62   30278.0
2015-02-23  57.7300  57.69   17321.0
2015-02-24  57.8400  58.00   28114.0
2015-02-25  58.1300  58.02   12829.0
2015-02-26  57.8600  58.46   28403.0
2015-02-27  58.2400  57.84   17596.0
2015-03-02  58.0000  58.04   30705.0
2015-03-03  58.2400  57.84   27309.0
2015-03-04  57.7900  56.88   44601.0
2015-03-05  57.1000  57.04   41358.0
2015-03-06  57.0500  57.38   63109.0
2015-03-09  57.3400  57.82   98345.0
2015-03-10  57.6200  58.53   87529.0
2015-03-11  58.5000  58.17   54657.0
2015-03-12  56.7600  58.25   69086.0
2015-03-13  58.2500  58.06   53627.0
2015-03-16  58.2500  58.14   25281.0
2015-03-17  57.7100  58.14   41077.0
2015-03-18  58.1500  58.11   83135.0
2015-03-19  57.7700  58.51   38691.0
2015-03-20  58.6800  59.74  114534.0
2015-03-23  60.3100  60.10   56135.0
2015-03-24  60.2300  60.26   71692.0
2015-03-25  60.5300  59.24   78027.0
2015-03-26  59.4000  59.81   49010.0
2015-03-27  60.0600  60.31   36436.0
2015-03-30  60.8200  61.89   37752.0
2015-03-31  61.3500  62.01   89275.0
2015-04-01  61.6700  62.43   36553.0
2015-04-02  62.7000  62.98   30825.0
2015-04-06  62.3700  61.17   75251.0
2015-04-07  61.4000  60.95   60210.0
2015-04-08  61.2700  62.71   48529.0
2015-04-09  62.6000  62.24   31553.0
2015-04-10  62.6200  61.55   34344.0
2015-04-13  61.6500  62.40   40511.0
2015-04-14  62.5000  62.70   37195.0
2015-04-15  62.7400  62.77   27439.0
2015-04-16  62.9200  62.61   38863.0
2015-04-17  62.1900  61.82   40261.0
2015-04-20  62.4100  62.50   56560.0
2015-04-21  62.4200  62.02   34122.0
2015-04-22  62.2900  62.39   23161.0
2015-04-23  62.2600  62.04   43820.0
2015-04-24  62.0800  61.36   30943.0
2015-04-27  61.2800  60.59   38517.0
2015-04-28  60.3700  60.94   58809.0
2015-04-29  60.9700  60.41   20574.0
2015-04-30  60.1700  58.27   44352.0
2015-05-01  58.2800  58.71   42933.0
2015-05-04  58.5800  58.43   56232.0
2015-05-05  58.5700  58.58   45674.0
2015-05-06  58.4700  59.21   36264.0
2015-05-07  59.3900  59.79   39022.0
2015-05-08  59.5200  59.68   49681.0
2015-05-11  59.6900  58.91   40071.0
2015-05-12  58.8100  59.14   43979.0
2015-05-13  59.3800  59.04   39559.0
2015-05-14  59.0800  59.54   20808.0
2015-05-15  59.2700  58.47   37980.0
2015-05-18  58.6200  59.21   46716.0
2015-05-19  59.4200  59.31   53634.0
2015-05-20  59.6000  59.29   20736.0
2015-05-21  59.0200  58.66   20291.0
2015-05-22  58.8000  58.54   39497.0
2015-05-26  58.5000  57.98   57355.0
2015-05-27  57.9200  58.45   21410.0
2015-05-28  58.5000  58.82   40148.0
2015-05-29  58.8100  57.44   56084.0
2015-06-01  57.5700  56.27   69782.0
2015-06-02  55.9900  56.62   63940.0
2015-06-03  56.9100  57.77   34984.0
2015-06-04  57.4000  56.15   55223.0
2015-06-05  56.4300  56.41   48543.0
2015-06-08  56.5700  56.09   46321.0
2015-06-09  56.1400  55.76   58554.0
2015-06-10  56.1200  56.78   67448.0
2015-06-11  56.3500  56.58   47943.0
2015-06-12  56.2500  56.64   33267.0
2015-06-15  56.0600  56.11   53246.0
2015-06-16  56.0200  57.62   38250.0
2015-06-17  57.6000  57.52   23884.0
2015-06-18  57.6300  58.36   48355.0
2015-06-19  58.4800  58.22   58676.0
2015-06-22  58.3100  58.57   35214.0
2015-06-23  58.5800  58.21   55631.0
2015-06-24  58.2900  58.20   48028.0
2015-06-25  58.7000  58.20   51333.0
2015-06-26  58.5900  58.13  100551.0
2015-06-29  58.0000  57.23   55264.0
2015-06-30  57.8300  57.72   53246.0
2015-07-01  58.3800  57.89   54176.0
2015-07-02  58.1400  56.75   22678.0
2015-07-06  56.4100  56.02   53431.0
2015-07-07  56.2300  56.48   56953.0
2015-07-08  55.8100  55.76   43716.0
2015-07-09  56.5100  55.87   75573.0
2015-07-10  56.4200  57.18   29178.0
2015-07-13  57.6800  57.48   34831.0
2015-07-14  57.5200  57.26   32433.0
2015-07-15  57.1400  57.22   29970.0
2015-07-16  57.7500  57.49   35531.0
2015-07-17  57.3200  57.55   31915.0
2015-07-20  57.8100  56.99   37873.0
2015-07-21  57.1000  57.14   35401.0
2015-07-22  57.1200  57.22   20061.0
2015-07-23  57.2200  56.15   37075.0
2015-07-24  56.1500  56.15   43323.0
2015-07-27  55.9900  56.04   24960.0
2015-07-28  56.3300  55.73   38269.0
2015-07-29  55.6000  56.61   32238.0
2015-07-30  56.5000  57.00   47945.0
2015-07-31  57.0600  57.01   38160.0
2015-08-03  56.8500  56.92   32997.0
2015-08-04  56.8200  57.28   35416.0
2015-08-05  58.8900  57.71   55006.0
2015-08-06  57.7400  56.70   29177.0
2015-08-07  56.3900  56.62   33482.0
2015-08-10  56.6800  57.47   28544.0
2015-08-11  57.0700  59.20   39443.0
2015-08-12  58.4200  58.39   38570.0
2015-08-13  58.4000  58.53   45926.0
2015-08-14  58.7400  59.59   36481.0
2015-08-17  59.2100  59.79   29104.0
2015-08-18  59.6000  59.99   32388.0
2015-08-19  59.5000  60.37   86558.0
2015-08-20  59.7700  59.43   31610.0
2015-08-21  58.0500  57.07   48401.0
2015-08-24  54.9400  55.36   78580.0
2015-08-25  56.4700  55.25   68300.0
2015-08-26  56.1400  56.74   30469.0
2015-08-27  56.9400  57.01   38571.0
2015-08-28  56.6500  56.95   21178.0
2015-08-31  56.6700  57.04   40053.0
2015-09-01  56.2200  56.15   46288.0
2015-09-02  56.6400  56.79   29058.0
2015-09-03  56.8900  56.81   37892.0
2015-09-04  56.1700  56.09   18452.0
2015-09-08  56.8300  56.93   37245.0
2015-09-09  57.0000  56.45   34293.0
2015-09-10  56.3600  56.77   15004.0
2015-09-11  56.0500  56.59   22811.0
2015-09-14  56.6700  56.60   21431.0
2015-09-15  56.5300  57.44   23103.0
2015-09-16  57.2200  58.08   30949.0
2015-09-17  57.9100  58.49   55826.0
2015-09-18  57.7500  57.85   73154.0
2015-09-21  58.0700  58.57   48686.0
2015-09-22  57.9800  57.96   28636.0
2015-09-23  58.1000  58.61   31894.0
2015-09-24  58.2900  58.99   42029.0
2015-09-25  59.4400  59.78   61736.0
2015-09-28  59.4200  59.89   59059.0
2015-09-29  60.0200  61.38   51836.0
2015-09-30  61.7000  61.52   68332.0
2015-10-01  61.4600  60.92   47235.0
2015-10-02  60.3400  59.75   35817.0
2015-10-05  60.0600  61.20   19913.0
2015-10-06  60.9600  60.28   62641.0
2015-10-07  60.6900  61.92   49687.0
2015-10-08  61.6600  63.15   48505.0
2015-10-09  63.0000  63.07   49949.0
2015-10-12  62.9200  63.66   51972.0
2015-10-13  63.4200  62.30   98530.0
2015-10-14  62.3000  60.77   32609.0
2015-10-15  60.9500  61.64   26106.0
2015-10-16  61.8100  61.81   24220.0
2015-10-19  61.5400  61.81   19931.0
2015-10-20  61.6200  62.34   30996.0
2015-10-21  62.5100  61.56   34832.0
2015-10-22  62.0700  62.59   23419.0
2015-10-23  62.7200  63.64   26378.0
2015-10-26  63.3400  63.23   35918.0
2015-10-27  62.7500  62.32   63906.0
2015-10-28  62.3700  63.93   41677.0
2015-10-29  63.4300  63.47   35642.0
2015-10-30  63.1700  62.90   55373.0
2015-11-02  62.7100  63.82   39145.0
2015-11-03  63.8500  63.45   51337.0
2015-11-04  63.9500  65.86   73558.0
2015-11-05  65.7000  65.07   30059.0
2015-11-06  65.0000  66.90   53276.0
2015-11-09  67.0900  65.63   23906.0
2015-11-10  66.1900  66.46   30966.0
2015-11-11  66.8700  65.88   17653.0
2015-11-12  65.5400  64.24   21421.0
2015-11-13  64.1600  64.38   18848.0
2015-11-16  64.1600  65.04   28616.0
2015-11-17  64.8000  65.01   28612.0
2015-11-18  64.7300  65.91   23599.0
2015-11-19  65.4700  66.59   24961.0
2015-11-20  67.0000  67.46   29852.0
2015-11-23  67.0800  66.32   47987.0
2015-11-24  66.2500  67.02   23935.0
2015-11-25  66.7800  67.70   22653.0
2015-11-27  68.1200  68.45    8649.0
2015-11-30  68.4200  68.32   50708.0
2015-12-01  68.0700  69.43   23281.0
2015-12-02  69.4000  68.52   21072.0
2015-12-03  68.4800  67.00   28444.0
2015-12-04  67.0300  68.12   33995.0
2015-12-07  68.3300  68.53   31367.0
2015-12-08  67.8400  67.00   44751.0
2015-12-09  67.1000  65.15   20580.0
2015-12-10  65.0200  64.40   24821.0
2015-12-11  62.1000  62.81   36685.0
2015-12-14  62.4500  62.51   36438.0
2015-12-15  62.1100  63.84   33853.0
2015-12-16  63.3400  64.70   39563.0
2015-12-17  64.7000  64.63   37981.0
2015-12-18  64.1700  62.78   85397.0
2015-12-21  63.3200  63.23   24451.0
2015-12-22  63.3000  63.48   36190.0
2015-12-23  64.0200  64.54   42005.0
2015-12-24  64.6600  64.55    6674.0
2015-12-28  64.0600  64.94   16197.0
2015-12-29  65.2400  65.56   16690.0
2015-12-30  65.4400  64.97   26741.0
2015-12-31  64.6300  63.64   28462.0
2016-01-04  61.6000  60.98   63143.0
2016-01-05  60.9800  61.81   40586.0
2016-01-06  59.0300  60.89   65496.0
2016-01-07  59.6900  59.84   36804.0
2016-01-08  60.1500  58.46   40115.0
2016-01-11  58.3900  58.78   34246.0
2016-01-12  59.1500  58.75   55178.0
2016-01-13  58.9800  57.13   47993.0
2016-01-14  57.6100  58.00   58962.0
2016-01-15  56.5900  58.04   63237.0
2016-01-19  58.6500  57.25   32972.0
2016-01-20  56.5800  57.51   60971.0
2016-01-21  57.5100  56.45   60284.0
2016-01-22  57.0600  58.42   54324.0
2016-01-25  58.0300  57.50   53838.0
2016-01-26  57.6000  57.86   40596.0
2016-01-27  58.0500  58.02   39117.0
2016-01-28  58.6400  59.25   35864.0
2016-01-29  59.4100  61.06   54690.0
2016-02-01  60.5000  60.34   34352.0
2016-02-02  59.7900  59.01   22428.0
2016-02-03  59.3600  58.73   48823.0
2016-02-04  58.8000  58.68   34741.0
2016-02-05  58.7700  58.91   48187.0
2016-02-08  58.5400  59.57   40640.0
2016-02-09  58.9800  59.59  100344.0
2016-02-10  59.8600  59.00   45895.0
2016-02-11  58.0000  56.10   46567.0
2016-02-12  58.6000  56.74   69299.0
2016-02-16  57.5100  56.78   48846.0
2016-02-17  57.3100  59.12   99119.0
2016-02-18  58.8700  58.90   56397.0
2016-02-19  58.8600  58.60   37646.0
2016-02-22  59.1600  59.13   48570.0
2016-02-23  58.9100  58.03   51876.0
2016-02-24  57.4700  58.46   57495.0
2016-02-25  58.5600  58.44   37016.0
2016-02-26  58.9000  58.67   47369.0
2016-02-29  58.4600  57.51   28090.0
2016-03-01  57.9100  58.94   30163.0
2016-03-02  59.1300  58.58   28711.0
2016-03-03  58.7800  58.58   35684.0
2016-03-04  59.4400  60.69   74536.0
2016-03-07  60.4000  60.94   49123.0
2016-03-08  60.5000  60.72   54272.0
2016-03-09  60.7400  60.06   52258.0
2016-03-10  60.0600  59.48   70177.0
2016-03-11  57.4200  58.13   90816.0
2016-03-14  58.0800  57.98   81112.0
2016-03-15  57.5100  57.85   34839.0
2016-03-16  57.8100  58.16   29130.0
2016-03-17  57.8300  58.99   32486.0
2016-03-18  59.4100  59.38   66320.0
2016-03-21  58.7800  58.36   52448.0
2016-03-22  57.8500  58.53   46167.0
2016-03-23  58.5900  58.23   35276.0
2016-03-24  58.0600  58.07   75496.0
2016-03-28  58.6100  59.32  110395.0
2016-03-29  59.1400  60.05   68191.0
2016-03-30  60.1500  60.80   68750.0
2016-03-31  60.8000  61.52  101810.0
2016-04-01  61.3000  61.01   48397.0
2016-04-04  60.8700  59.64   23161.0
2016-04-05  59.4000  59.00   47284.0
2016-04-06  58.9500  59.52   87470.0
2016-04-07  59.4400  57.90   81411.0
2016-04-08  58.0700  58.30   25154.0
2016-04-11  58.6500  57.99   35560.0
2016-04-12  57.9900  59.24   63422.0
2016-04-13  59.5500  60.38   56474.0
2016-04-14  60.1400  60.06   44285.0
2016-04-15  59.9800  60.21   32889.0
2016-04-18  60.0700  60.15   32448.0
2016-04-19  60.3000  60.52   41417.0
2016-04-20  60.3700  61.07   17551.0
2016-04-21  61.0700  60.41   17912.0
2016-04-22  60.6200  61.40   30888.0
2016-04-25  60.9200  60.65   22258.0
2016-04-26  60.5100  61.59   38124.0
2016-04-27  61.5800  61.00   24127.0
2016-04-28  60.4200  60.24   43584.0
2016-04-29  60.2400  60.47   28923.0
2016-05-02  60.4200  60.26   48267.0
2016-05-03  59.7600  59.22   39617.0
2016-05-04  58.8200  59.16   27452.0
2016-05-05  59.4000  59.26   30497.0
2016-05-06  59.1400  59.17   22685.0
2016-05-09  59.2200  59.38   27463.0
2016-05-10  59.9800  61.19   41652.0
2016-05-11  61.2100  60.61   26261.0
2016-05-12  60.5800  60.72   26623.0
2016-05-13  60.7700  59.88   52565.0
2016-05-16  60.0000  60.42   26613.0
2016-05-17  60.3700  59.65   33394.0
2016-05-18  59.4600  61.42   30252.0
2016-05-19  61.2100  60.15   21812.0
2016-05-20  60.1900  60.82   32398.0
2016-05-23  60.5800  60.55   14520.0
2016-05-24  60.7300  62.28   36567.0
2016-05-25  62.1600  61.92   20519.0
2016-05-26  61.7300  62.28   35843.0
2016-05-27  62.2300  62.95   22195.0
2016-05-31  63.2200  62.91   23115.0
2016-06-01  62.1700  62.98   14139.0
2016-06-02  62.6600  63.04   15239.0
2016-06-03  62.6900  62.29   21683.0
2016-06-06  62.1300  63.11   27322.0
2016-06-07  63.3000  63.02   15953.0
2016-06-08  63.1900  63.34   16300.0
2016-06-09  62.9700  62.55   19132.0
2016-06-10  62.2000  62.09   23912.0
2016-06-13  61.6800  60.75   19968.0
2016-06-14  60.5800  60.24   14911.0
2016-06-15  60.3200  59.63   31961.0
2016-06-16  59.0900  60.01   24786.0
2016-06-17  60.0300  58.19   81840.0
2016-06-20  58.9500  60.06   37793.0
2016-06-21  60.1600  61.06   98104.0
2016-06-22  60.6100  60.14   19301.0
2016-06-23  61.1600  62.05   42356.0
2016-06-24  59.5100  57.59   67004.0
2016-06-27  56.6600  56.66   63428.0
2016-06-28  57.2100  57.39   34949.0
2016-06-29  58.0600  58.79   47203.0
2016-06-30  58.7000  60.67   35590.0
2016-07-01  60.1400  59.66   16911.0
2016-07-05  59.1900  58.68   21053.0
2016-07-06  58.3500  58.70   29793.0
2016-07-07  58.6300  58.72   19795.0
2016-07-08  59.4700  60.20   33497.0
2016-07-11  60.3700  61.16   36963.0
2016-07-12  61.4600  61.90   42705.0
2016-07-13  61.9100  61.95   45116.0
2016-07-14  62.5000  62.13   28870.0
2016-07-15  62.5500  62.08   25393.0
2016-07-18  61.8400  61.77   19498.0
2016-07-19  61.8000  61.71   19629.0
2016-07-20  61.7100  62.20   24689.0
2016-07-21  61.8700  61.92   22095.0
2016-07-22  62.0450  62.30   13180.0
2016-07-25  62.1400  61.98   14204.0
2016-07-26  62.3400  62.25   14790.0
2016-07-27  62.1700  62.35   12116.0
2016-07-28  61.9800  62.08   12488.0
2016-07-29  61.4400  62.37   39310.0
2016-08-01  62.3700  61.06   30377.0
2016-08-02  61.0400  61.02   16940.0
2016-08-03  60.8400  62.16   18665.0
2016-08-04  62.0100  61.15   14354.0
2016-08-05  60.8000  63.27   33228.0
2016-08-08  63.5300  63.70   18971.0
2016-08-09  63.6275  63.75   42731.0
2016-08-10  63.8000  63.33   23541.0
2016-08-11  63.3800  63.17   12061.0
2016-08-12  62.7500  63.29   19976.0
2016-08-15  63.2500  63.87   18504.0
2016-08-16  63.5200  63.80   29112.0
2016-08-17  63.6400  63.72   13472.0
2016-08-18  63.5000  63.85   14015.0
2016-08-19  63.6700  63.86   18632.0
2016-08-22  63.9950  63.81   24247.0
2016-08-23  64.1500  63.88   13781.0
2016-08-24  63.7200  64.50   15484.0
2016-08-25  64.2500  65.15   16797.0
2016-08-26  66.0000  65.16   13052.0
2016-08-29  65.2800  66.33   63560.0
2016-08-30  66.2500  66.34   20911.0
2016-08-31  66.2800  66.12   29323.0
2016-09-01  66.0600  65.74   16991.0
2016-09-02  65.8300  66.29    8173.0
2016-09-06  65.6400  65.91   24769.0
2016-09-07  65.6300  65.90   24460.0
2016-09-08  65.9600  65.74   60085.0
2016-09-09  64.8700  64.89   55475.0
2016-09-12  64.5000  65.18   36575.0
2016-09-13  63.9100  63.18   23632.0
2016-09-14  63.3200  62.64   17591.0
2016-09-15  62.9500  63.09   18457.0
2016-09-16  63.0800  63.63   64107.0
2016-09-19  63.5900  63.69   12125.0
2016-09-20  63.9600  64.35   13517.0
2016-09-21  64.5700  64.91   12584.0
2016-09-22  65.0000  66.06   16949.0
2016-09-23  65.7800  64.62   17480.0
2016-09-26  64.2900  63.25   27294.0
2016-09-27  63.2500  63.80   43334.0
2016-09-28  63.6300  64.21   44595.0
2016-09-29  63.9600  62.97   43975.0
2016-09-30  63.1800  63.97   53610.0
2016-10-03  63.6000  62.80   29989.0
2016-10-04  62.8000  62.74   51672.0
2016-10-05  62.8000  64.43   47009.0
2016-10-06  64.2600  63.43   66807.0
2016-10-07  63.3200  63.60   35813.0
2016-10-10  62.9200  63.66   12108.0
2016-10-11  63.5800  63.25   21067.0
2016-10-12  63.1200  63.92   16912.0
2016-10-13  63.1000  63.26   24415.0
2016-10-14  64.0000  64.44   27256.0
2016-10-17  64.3400  63.71   13776.0
2016-10-18  64.4300  64.10   18904.0
2016-10-19  64.2300  64.50   32516.0
2016-10-20  64.5400  63.47   19448.0
2016-10-21  62.8300  62.85   13327.0
2016-10-24  63.3000  63.73   13828.0
2016-10-25  63.7300  63.53   16180.0
2016-10-26  63.3600  63.39   13949.0
2016-10-27  64.0400  63.87   18364.0
2016-10-28  63.8100  62.94   18326.0
2016-10-31  63.0000  63.30   30363.0
2016-11-01  63.3500  62.25   19187.0
2016-11-02  62.4500  62.55   21165.0
2016-11-03  62.6500  61.45   26019.0
2016-11-04  62.3500  65.05   43129.0
2016-11-07  66.4000  68.85   47210.0
2016-11-08  68.5000  68.00   25262.0
2016-11-09  68.6500  70.80   47265.0
2016-11-10  71.1000  72.40   72987.0
2016-11-11  71.9500  76.35   44794.0
2016-11-14  77.5500  76.95   34446.0
2016-11-15  76.2000  75.00   47906.0
2016-11-16  74.9500  74.55   34242.0
2016-11-17  74.5500  75.50   26796.0
2016-11-18  75.5000  76.25   21102.0
2016-11-21  76.7500  78.05   23057.0
2016-11-22  78.6000  79.05   18261.0
2016-11-23  79.0500  78.75   16789.0
2016-11-25  78.8500  79.20    7659.0
2016-11-28  78.9000  77.25   17600.0
2016-11-29  77.0000  77.40   14358.0
2016-11-30  78.2500  76.55   25723.0
2016-12-01  76.7000  77.10   20878.0
2016-12-02  77.2500  75.70   12147.0
2016-12-05  76.1500  76.75   17996.0
2016-12-06  76.6500  77.10   16984.0
2016-12-07  77.8500  78.85   20392.0
2016-12-08  79.0500  80.75   45526.0
2016-12-09  81.1000  81.90   21692.0
2016-12-12  81.8500  81.30   35193.0
2016-12-13  81.4000  81.15   42341.0
2016-12-14  80.8500  78.70   23326.0
2016-12-15  78.7500  79.95   25432.0
2016-12-16  79.5000  78.30  118763.0
2016-12-19  78.7000  79.95   22660.0
2016-12-20  80.4000  80.50   17356.0
2016-12-21  80.5500  79.60   19202.0
2016-12-22  79.8500  78.15   34141.0
2016-12-23  78.4000  79.55   12755.0
2016-12-27  79.6500  79.05   13072.0
2016-12-28  79.3000  78.20   12656.0
2016-12-29  78.3000  78.35   15581.0
2016-12-30  78.6000  78.15   26981.0
2017-01-03  79.6000  77.65   35397.0
2017-01-04  77.5500  78.05   32123.0
2017-01-05  78.0500  76.35   13130.0
2017-01-06  76.4500  76.90   21808.0
2017-01-09  76.4000  74.25   42978.0
2017-01-10  74.1500  75.05   20790.0
2017-01-11  75.0500  75.05   43754.0
2017-01-12  74.6000  73.55   25152.0
2017-01-13  73.9000  74.05   22810.0
2017-01-17  73.4000  73.00   31298.0
2017-01-18  73.3000  73.20   15233.0
2017-01-19  73.4500  70.85   29001.0
2017-01-20  70.4500  70.00   51309.0
2017-01-23  69.8000  68.80   81153.0
2017-01-24  68.7500  70.50   60381.0
2017-01-25  70.6500  71.10   31013.0
2017-01-26  71.2500  71.15   18456.0
2017-01-27  70.9000  71.35   21561.0
2017-01-30  70.8500  69.55   22521.0
2017-01-31  69.5000  69.80   26783.0
2017-02-01  70.3500  69.10   22424.0
2017-02-02  69.2000  68.70   25101.0
2017-02-03  69.6000  69.70   21174.0
2017-02-06  69.0500  68.20   23129.0
2017-02-07  68.6000  69.00   30158.0
2017-02-08  68.5000  67.75   12666.0
2017-02-09  68.2000  68.90   16148.0
2017-02-10  68.0000  69.15   19923.0
2017-02-13  69.7000  69.45   15427.0
2017-02-14  69.5000  69.65   34867.0
2017-02-15  69.6000  69.40   27751.0
2017-02-16  69.5000  70.60   24399.0
2017-02-17  70.5000  70.90   26141.0
2017-02-21  71.0000  69.40   15652.0
2017-02-22  68.9500  69.55    8837.0
2017-02-23  69.6000  69.55   11362.0
2017-02-24  68.6500  69.30   11051.0
2017-02-27  69.3500  69.40   17906.0
2017-02-28  68.9000  68.35   21123.0
2017-03-01  69.2500  70.30   24105.0
2017-03-02  70.5000  68.90   16253.0
2017-03-03  69.6500  69.70   28091.0
2017-03-06  69.5000  70.25   25310.0
2017-03-07  70.5000  69.75   24792.0
2017-03-08  70.2500  68.70   23832.0
2017-03-09  69.0500  67.95   27410.0
2017-03-10  68.5500  68.35   30909.0
2017-03-13  66.2000  65.75   25772.0
2017-03-14  65.3000  65.65   18117.0
2017-03-15  66.2000  66.80   34925.0
2017-03-16  66.9500  67.50   27885.0
2017-03-17  67.5500  67.00   65148.0
2017-03-20  66.9000  65.95   25021.0
2017-03-21  66.3500  64.10   37345.0
2017-03-22  63.8000  63.00   36136.0
2017-03-23  62.6500  63.35   33771.0
2017-03-24  63.6000  62.90   15825.0
2017-03-27  61.8000  63.70   23812.0
2017-03-28  63.1500  64.00   33232.0
2017-03-29  63.7500  63.05   20732.0
2017-03-30  63.0000  64.55   24671.0
2017-03-31  64.5500  65.45  113137.0
2017-04-03  65.5000  65.00   41075.0
2017-04-04  64.7500  65.80   25489.0
2017-04-05  66.3000  63.95   20035.0
2017-04-06  63.8500  64.55   18263.0
2017-04-07  64.3000  64.70   25542.0
2017-04-10  64.4500  64.95   17738.0
2017-04-11  64.7000  66.20   19851.0
2017-04-12  66.0000  64.80   17568.0
2017-04-13  64.7000  63.60   24619.0
2017-04-17  63.9000  64.90   17518.0
2017-04-18  64.6000  65.10   20061.0
2017-04-19  65.2500  64.50   19004.0
2017-04-20  64.7500  65.95   21809.0
2017-04-21  65.6500  66.40   24998.0
2017-04-24  67.1500  67.60   23068.0
2017-04-25  68.3000  68.55   21052.0
2017-04-26  68.5500  68.40   29917.0
2017-04-27  68.8000  67.85   17172.0
2017-04-28  67.8500  66.50   28013.0
2017-05-01  66.8500  67.30   21044.0
2017-05-02  67.3500  67.30   17770.0
2017-05-03  66.9500  66.95   14807.0
2017-05-04  67.1000  67.35   14757.0
2017-05-05  68.2500  66.40   25557.0
2017-05-08  66.8000  65.85   15234.0
2017-05-09  65.9500  65.65   22127.0
2017-05-10  65.1600  65.25   13972.0
2017-05-11  65.3500  64.30   18858.0
2017-05-12  63.8500  63.05   17161.0
2017-05-15  63.5000  63.25   14684.0
2017-05-16  63.2500  63.40   18867.0
2017-05-17  62.1500  61.20   21182.0
2017-05-18  60.8000  61.45   26280.0
2017-05-19  61.5500  61.75   39650.0
2017-05-22  61.9000  62.45   13682.0
2017-05-23  62.6000  62.95   14544.0
2017-05-24  62.8500  62.35   12031.0
2017-05-25  62.0000  62.60    8805.0
2017-05-26  62.6500  63.15   17684.0
2017-05-30  62.9000  62.65   13279.0
2017-05-31  62.7000  62.95   18755.0
2017-06-01  63.1000  64.20   15121.0
2017-06-02  64.2500  65.25   24221.0
2017-06-05  64.1000  63.30   13668.0
2017-06-06  63.0500  61.90   13183.0
2017-06-07  62.0500  61.75   12739.0
2017-06-08  61.8000  63.40   16993.0
2017-06-09  63.5500  64.70   25392.0
2017-06-12  64.9500  64.95   19167.0
2017-06-13  64.5500  63.40   20699.0
2017-06-14  63.3000  63.70   18638.0
2017-06-15  63.0000  63.50   13438.0
2017-06-16  61.6000  64.15   50347.0
2017-06-19  64.5000  63.55   15987.0
2017-06-20  63.4500  62.30   14155.0
2017-06-21  62.3500  61.55   11613.0
2017-06-22  61.7000  61.10   11008.0
2017-06-23  61.1500  60.35   33118.0
2017-06-26  60.9000  60.15   31315.0
2017-06-27  60.0000  60.25   26022.0
2017-06-28  60.5500  61.70   18947.0
2017-06-29  62.0500  61.75   18822.0
2017-06-30  61.9000  61.50   18632.0
2017-07-03  61.7000  62.10   14971.0
2017-07-05  62.1000  61.85   14851.0
2017-07-06  61.8250  62.95   26817.0
2017-07-07  63.1500  64.65   24805.0
2017-07-10  64.7000  65.05   27880.0
2017-07-11  65.0000  64.45   43391.0
2017-07-12  64.8000  65.35   24644.0
2017-07-13  65.3000  65.75   18531.0
2017-07-14  65.5500  65.05   21953.0
2017-07-17  64.6000  65.95   43373.0
2017-07-18  65.7000  66.20   20782.0
2017-07-19  66.5500  66.35   25665.0
2017-07-20  66.6500  65.85   29349.0
2017-07-21  66.5000  66.05   42553.0
2017-07-24  66.0000  68.05   40261.0
2017-07-25  68.4000  68.65   30613.0
2017-07-26  68.7000  66.40   17704.0
2017-07-27  66.6500  67.05   41482.0
2017-07-28  67.1000  67.50   18170.0
2017-07-31  67.9000  67.90   26489.0
2017-08-01  68.1000  67.90   17122.0
2017-08-02  67.5500  67.55   16346.0
2017-08-03  67.5000  66.90   19947.0
2017-08-04  67.0500  71.60   34202.0
2017-08-07  70.6997  69.50   29475.0
2017-08-08  69.8600  74.00   64343.0
2017-08-09  74.0000  76.50   43761.0
2017-08-10  76.4500  74.65   24549.0
2017-08-11  73.5500  69.75   65247.0
2017-08-14  70.3000  71.40   40501.0
2017-08-15  71.6000  70.70   29779.0
2017-08-16  70.9000  71.00   22384.0
2017-08-17  70.7000  68.80   16748.0
2017-08-18  68.1000  68.70   30673.0
2017-08-21  68.8000  68.05   16289.0
2017-08-22  68.3000  69.30   49095.0
2017-08-23  69.0500  68.75   13941.0
2017-08-24  69.0000  68.95   46625.0
2017-08-25  69.1000  68.95   63328.0
2017-08-28  69.0000  67.75   29651.0
2017-08-29  67.1500  67.10   17314.0
2017-08-30  67.1000  67.85   31296.0
2017-08-31  68.2000  68.00   25095.0
2017-09-01  68.3000  68.90   20683.0
2017-09-05  68.8000  66.60   17599.0
2017-09-06  66.9000  68.00   69304.0
2017-09-07  68.0500  66.25   28901.0
2017-09-08  66.1500  67.90   18278.0
2017-09-11  68.8000  69.10   16400.0
2017-09-12  69.7062  68.80   15205.0
2017-09-13  68.8000  71.05   37259.0
2017-09-14  70.6500  69.65   30107.0
2017-09-15  69.8000  69.85   68188.0
2017-09-18  70.0000  69.95   12889.0
2017-09-19  70.0000  70.00   18084.0
2017-09-20  70.0500  70.40   17762.0
2017-09-21  70.5500  70.50   12546.0
2017-09-22  70.3000  71.45   11818.0
2017-09-25  71.5000  72.90   39274.0
2017-09-26  73.1000  72.50   48206.0
2017-09-27  73.3500  73.30   80646.0
2017-09-28  73.2000  74.95   23432.0
2017-09-29  74.5000  74.50   77910.0
2017-10-02  74.5500  75.65   26052.0
2017-10-03  75.6500  75.75   28311.0
2017-10-04  75.4500  74.60   18618.0
2017-10-05  74.6500  75.45   16096.0
2017-10-06  75.5500  76.40   22359.0
2017-10-09  76.4000  75.35   20686.0
2017-10-10  75.9500  76.70   29272.0
2017-10-11  76.3000  77.40   24380.0
2017-10-12  77.6000  76.60   27832.0
2017-10-13  76.7500  77.25   16675.0
2017-10-16  77.7500  78.00   18192.0
2017-10-17  78.2500  76.45   24435.0
2017-10-18  76.9500  77.60   20521.0
2017-10-19  77.2000  78.55   17576.0
2017-10-20  79.7000  78.55   24661.0
2017-10-23  78.9000  78.50   18514.0
2017-10-24  78.6000  78.05   15766.0
2017-10-25  78.4000  78.30    8767.0
2017-10-26  78.5000  78.50   14619.0
2017-10-27  78.5500  79.05   12851.0
2017-10-30  78.8500  77.05   11201.0
2017-10-31  77.4500  77.35   15801.0
2017-11-01  78.0000  76.65   14618.0
2017-11-02  76.9000  77.40   32329.0
2017-11-03  75.8000  72.80   34407.0
2017-11-06  72.2500  72.85   34145.0
2017-11-07  72.6500  72.70   26702.0
2017-11-09  71.9500  72.40   13440.0
2017-11-10  72.3500  71.85   10692.0
2017-11-13  71.4500  71.20   13999.0
2017-11-14  70.8000  71.25   17317.0
2017-11-15  70.6000  72.00   18654.0
2017-11-16  72.2500  73.10   20066.0
2017-11-17  72.5000  74.40   21051.0
2017-11-20  74.3000  74.90   17898.0
2017-11-21  75.0500  75.70   17325.0
2017-11-22  75.5500  74.30   22217.0
2017-11-24  74.5000  73.90    7096.0
2017-11-27  74.6000  74.15   10754.0
2017-11-28  74.4500  76.50   19819.0
2017-11-29  76.8500  76.30   30647.0
2017-11-30  76.9000  75.40   29503.0
2017-12-01  75.3500  74.90   14733.0
2017-12-04  75.8500  74.55   18784.0
2017-12-05  74.7000  74.85   21852.0
2017-12-06  74.7500  72.60   20683.0
2017-12-07  72.7000  72.90   23713.0
2017-12-08  73.1500  71.65   16292.0
2017-12-11  71.9000  70.85   25718.0
2017-12-12  71.3000  70.55   24023.0
2017-12-13  70.8000  71.85   46586.0
2017-12-14  70.2500  70.25   19824.0
2017-12-15  71.6250  71.60   79972.0
2017-12-18  71.9000  72.50   28426.0
2017-12-19  71.9000  71.90   18519.0
2017-12-20  72.3500  71.80    9978.0
2017-12-21  71.9500  72.25    9068.0
2017-12-22  71.7000  71.80   11356.0
2017-12-26  72.0500  71.75   13568.0
2017-12-27  71.6000  71.15   11520.0
2017-12-28  71.2500  70.55   11084.0
2017-12-29  70.6500  69.65   20145.0
2018-01-02  69.6500  70.25   27752.0
2018-01-03  70.1000  70.20   13927.0
2018-01-04  70.6000  70.80    9438.0
2018-01-05  71.0500  71.55   17923.0
2018-01-08  71.2000  70.80   17230.0
2018-01-09  70.8500  70.10   11268.0
2018-01-10  70.1000  70.90   10623.0
2018-01-11  71.8500  73.40   15291.0
2018-01-12  73.4500  74.00   19769.0
2018-01-16  74.7000  71.75   42768.0
2018-01-17  72.5000  73.45   28357.0
2018-01-18  73.6500  72.40   14587.0
2018-01-19  72.2000  73.60   11126.0
2018-01-22  72.7500  72.65    9622.0
2018-01-23  72.7000  73.50   13085.0
2018-01-24  73.9500  72.20    6574.0
2018-01-25  72.8000  71.90    5690.0
2018-01-26  72.4000  71.90    7918.0
2018-01-29  71.8500  70.90    5571.0
2018-01-30  70.2500  69.85   17002.0
2018-01-31  70.0000  69.60   19881.0
2018-02-01  69.2500  71.20   16927.0
2018-02-02  70.7000  70.00   12231.0
2018-02-05  69.2500  67.55   16718.0
2018-02-06  66.5000  67.45   36027.0
2018-02-07  67.9000  69.25   25610.0
2018-02-08  69.2000  66.25   20733.0
2018-02-09  65.7500  64.75   17763.0
2018-02-12  65.3000  66.50   22993.0
2018-02-13  66.4000  67.20   18769.0
2018-02-14  66.6500  68.80   14063.0
2018-02-15  69.4000  69.35   17100.0
2018-02-16  68.8500  70.70   14011.0
2018-02-20  70.7000  70.15   18535.0
2018-02-21  70.5500  70.75   18567.0
2018-02-22  71.2500  70.20   16422.0
2018-02-23  70.8500  71.55   16836.0
2018-02-26  71.7000  71.30   12373.0
2018-02-27  71.5500  70.00   15517.0
2018-02-28  70.5000  64.90   85728.0
2018-03-01  65.0000  65.20   22151.0
2018-03-02  64.7000  69.35   27666.0
2018-03-05  68.8500  70.40   15994.0
2018-03-06  70.7500  70.95   20652.0
2018-03-07  70.3500  72.00   18141.0
2018-03-08  71.6000  72.40   13815.0
2018-03-09  72.8500  72.80   37774.0
2018-03-12  72.9500  73.75   25499.0
2018-03-13  74.3000  73.30   44132.0
2018-03-14  71.9000  70.30   38147.0
2018-03-15  70.3500  70.25   24692.0
2018-03-16  70.3000  70.00   63650.0
2018-03-19  69.8000  70.05   22575.0
2018-03-20  70.3000  69.85   16802.0
2018-03-21  69.9500  70.25    7992.0
2018-03-22  69.4000  68.60   14173.0
2018-03-23  68.4000  70.65   71796.0
2018-03-26  71.6500  69.20   25978.0
2018-03-27  69.3000  67.75   22692.0