date     open   close     volume
                                     
2013-01-02   70.670   71.21  2021500.0
2013-01-03   71.120   71.49  1740800.0
2013-01-04   71.650   71.07  2406300.0
2013-01-07   70.780   71.86  1941700.0
2013-01-08   71.500   70.41  1734900.0
2013-01-09   70.530   70.68  1404400.0
2013-01-10   71.030   71.65  1176700.0
2013-01-11   71.930   70.74  1588100.0
2013-01-14   70.600   70.35  2036300.0
2013-01-15   70.180   70.58  1488000.0
2013-01-16   70.610   69.80  1966900.0
2013-01-17   70.090   71.02  2186800.0
2013-01-18   70.890   70.66  2283400.0
2013-01-22   70.470   70.71  1853400.0
2013-01-23   68.370   71.45  8097300.0
2013-01-24   71.360   70.64  4237700.0
2013-01-25   70.750   70.96  2513400.0
2013-01-28   70.670   70.01  2846100.0
2013-01-29   69.850   69.25  2953600.0
2013-01-30   69.330   68.43  3040900.0
2013-01-31   68.220   66.30  5447300.0
2013-02-01   66.460   65.88  7156000.0
2013-02-04   65.160   64.57  4565300.0
2013-02-05   65.020   65.14  4732800.0
2013-02-06   65.000   66.27  4061800.0
2013-02-07   66.290   66.77  3747200.0
2013-02-08   66.740   66.82  2099200.0
2013-02-11   66.820   66.66  1650700.0
2013-02-12   66.930   66.68  1950800.0
2013-02-13   66.710   66.11  2673800.0
2013-02-14   65.810   66.22  2642200.0
2013-02-15   66.180   66.40  2015400.0
2013-02-19   66.520   67.03  2391600.0
2013-02-20   67.040   66.61  2304000.0
2013-02-21   66.600   66.49  1910300.0
2013-02-22   66.710   67.32  2115100.0
2013-02-25   67.710   66.69  3383200.0
2013-02-26   67.010   66.91  2701900.0
2013-02-27   66.750   68.55  3236400.0
2013-02-28   68.450   67.97  2338200.0
2013-03-01   67.540   67.73  1726500.0
2013-03-04   67.420   67.04  1598000.0
2013-03-05   67.300   67.67  1432300.0
2013-03-06   67.880   67.68  1945400.0
2013-03-07   67.900   67.74  1930400.0
2013-03-08   68.050   68.89  2456600.0
2013-03-11   68.850   69.16  1492800.0
2013-03-12   69.110   68.77  1341700.0
2013-03-13   68.900   70.11  2444300.0
2013-03-14   70.130   69.65  1580800.0
2013-03-15   69.320   69.91  3352500.0
2013-03-18   69.200   69.69  1314400.0
2013-03-19   70.000   69.92  1847600.0
2013-03-20   70.210   69.74  1572300.0
2013-03-21   69.370   68.89  1544300.0
2013-03-22   69.140   69.29  1138700.0
2013-03-25   69.530   69.53  1949200.0
2013-03-26   69.780   70.30  2362200.0
2013-03-27   69.810   70.26  2560600.0
2013-03-28   70.290   70.51  2504300.0
2013-04-01   70.140   68.16  2788800.0
2013-04-02   68.540   67.00  3552900.0
2013-04-03   67.160   68.39  3044400.0
2013-04-04   68.490   67.69  2333600.0
2013-04-05   67.370   69.56  3411400.0
2013-04-08   69.550   69.08  1861500.0
2013-04-09   69.370   69.33  1502700.0
2013-04-10   68.850   69.46  1748100.0
2013-04-11   69.700   71.33  2784600.0
2013-04-12   70.780   70.60  3324400.0
2013-04-15   69.670   68.19  2224500.0
2013-04-16   68.550   68.39  1810300.0
2013-04-17   67.740   66.43  3789700.0
2013-04-18   66.500   65.99  3396300.0
2013-04-19   66.350   67.00  2861600.0
2013-04-22   67.160   66.37  1760900.0
2013-04-23   66.940   67.10  1719000.0
2013-04-24   68.520   71.73  5152800.0
2013-04-25   71.560   73.53  4411900.0
2013-04-26   73.360   73.30  2026300.0
2013-04-29   73.480   73.28  1994400.0
2013-04-30   73.300   73.96  2080300.0
2013-05-01   73.680   73.78  2345900.0
2013-05-02   73.840   74.46  1293300.0
2013-05-03   74.500   75.24  1803100.0
2013-05-06   75.070   75.25  1480900.0
2013-05-07   75.290   75.20  1595700.0
2013-05-08   75.100   75.42  1584400.0
2013-05-09   75.440   75.25  1202100.0
2013-05-10   75.250   75.70  1876600.0
2013-05-13   75.420   75.20  1733300.0
2013-05-14   75.320   76.64  2664000.0
2013-05-15   76.330   76.61  2191700.0
2013-05-16   76.550   76.14  2057100.0
2013-05-17   76.390   78.29  2720900.0
2013-05-20   78.150   78.60  2315700.0
2013-05-21   78.470   77.98  1875000.0
2013-05-22   78.120   77.42  1742100.0
2013-05-23   76.440   76.94  1368300.0
2013-05-24   76.650   77.34  1278600.0
2013-05-28   78.120   77.87  1068300.0
2013-05-29   77.460   77.53  1151000.0
2013-05-30   77.790   78.35  1167600.0
2013-05-31   78.000   77.10  1715800.0
2013-06-03   77.230   77.57  1612700.0
2013-06-04   77.410   77.21  1661400.0
2013-06-05   76.870   76.68  1310000.0
2013-06-06   76.690   77.85  1844100.0
2013-06-07   78.300   79.12  1914000.0
2013-06-10   79.020   78.58  1672300.0
2013-06-11   77.950   78.17  1448800.0
2013-06-12   78.660   78.30  1258500.0
2013-06-13   78.150   78.07  2498400.0
2013-06-14   78.110   78.00  1570000.0
2013-06-17   78.630   78.38  1322200.0
2013-06-18   78.580   78.85  1890300.0
2013-06-19   78.940   77.50  1735200.0
2013-06-20   76.980   76.23  2246400.0
2013-06-21   76.810   76.20  3264400.0
2013-06-24   76.040   76.48  2283500.0
2013-06-25   76.970   76.42  2067900.0
2013-06-26   77.200   77.89  2217400.0
2013-06-27   78.340   78.67  1848700.0
2013-06-28   78.440   78.33  2382600.0
2013-07-01   78.060   79.01  2260700.0
2013-07-02   78.210   78.07  2863900.0
2013-07-03   77.710   78.34   885800.0
2013-07-05   79.040   79.42  1172000.0
2013-07-08   79.910   79.72  2848800.0
2013-07-09   80.210   79.86  1942800.0
2013-07-10   79.990   80.60  2234500.0
2013-07-11   81.330   82.45  2794200.0
2013-07-12   82.280   82.60  2296900.0
2013-07-15   82.650   83.56  1563800.0
2013-07-16   83.630   83.01  3147300.0
2013-07-17   83.030   82.93  1020700.0
2013-07-18   83.250   83.72  1553400.0
2013-07-19   83.810   84.40  2955200.0
2013-07-22   84.160   84.23  1897500.0
2013-07-23   84.450   84.03  1469800.0
2013-07-24   85.020   85.31  2996300.0
2013-07-25   85.400   85.80  1605500.0
2013-07-26   85.320   85.86  1142900.0
2013-07-29   84.800   85.02  2024900.0
2013-07-30   85.170   85.65  1496400.0
2013-07-31   85.500   85.34  2853400.0
2013-08-01   85.800   86.81  1524400.0
2013-08-02   86.680   87.49  1761700.0
2013-08-05   87.040   87.69  1547900.0
2013-08-06   87.280   87.34  1658600.0
2013-08-07   87.300   87.02  2125300.0
2013-08-08   87.380   87.02   998500.0
2013-08-09   87.030   86.92  1337700.0
2013-08-12   86.630   85.77  1265400.0
2013-08-13   85.810   86.00  1266100.0
2013-08-14   86.030   85.29  1384400.0
2013-08-15   84.440   83.81  1171700.0
2013-08-16   83.480   83.75  1466300.0
2013-08-19   83.430   84.15  1299800.0
2013-08-20   84.140   84.11   882900.0
2013-08-21   84.000   83.71  1084600.0
2013-08-22   84.000   84.50  1022200.0
2013-08-23   84.470   84.61   954500.0
2013-08-26   84.670   84.24  1534100.0
2013-08-27   83.740   82.91  1275400.0
2013-08-28   82.870   82.85  1265600.0
2013-08-29   82.690   83.58  1011300.0
2013-08-30   83.640   83.25  1178700.0
2013-09-03   84.320   84.35  1239500.0
2013-09-04   84.130   84.99  2013800.0
2013-09-05   84.840   84.99   838500.0
2013-09-06   85.110   84.57   973800.0
2013-09-09   84.760   85.28  1101100.0
2013-09-10   85.600   86.74  1348700.0
2013-09-11   86.300   86.90  1072900.0
2013-09-12   87.020   86.63   931400.0
2013-09-13   86.860   87.13   922300.0
2013-09-16   87.570   88.07  1209000.0
2013-09-17   86.650   89.14  1315800.0
2013-09-18   89.000   89.39  1319800.0
2013-09-19   89.380   89.65  1279800.0
2013-09-20   89.620   88.15  1688900.0
2013-09-23   88.060   87.91  1293700.0
2013-09-24   87.850   87.93  1536000.0
2013-09-25   88.040   87.74  1288100.0
2013-09-26   87.680   88.25   823300.0
2013-09-27   87.900   88.29  1126100.0
2013-09-30   86.250   87.52  1695600.0
2013-10-01   87.450   88.48  1127400.0
2013-10-02   88.040   87.51  1303300.0
2013-10-03   87.460   85.98  1472700.0
2013-10-04   85.870   85.91   911400.0
2013-10-07   85.360   86.17  1232400.0
2013-10-08   86.310   84.97  1491300.0
2013-10-09   84.520   84.28  1513200.0
2013-10-10   85.030   87.41  1765800.0
2013-10-11   87.410   87.76   963500.0
2013-10-14   87.130   87.81   709500.0
2013-10-15   87.890   86.85   787900.0
2013-10-16   87.160   87.55  1025000.0
2013-10-17   87.470   88.38   801400.0
2013-10-18   88.470   88.40  1360300.0
2013-10-21   88.600   88.00  1980300.0
2013-10-22   88.450   88.16  2098200.0
2013-10-23   88.890   86.23  2410100.0
2013-10-24   86.200   87.12  2036300.0
2013-10-25   86.920   88.26  1907600.0
2013-10-28   88.110   87.65  1750100.0
2013-10-29   87.820   87.88  1762700.0
2013-10-30   88.090   86.49  2055100.0
2013-10-31   86.620   86.63  1446800.0
2013-11-01   86.850   87.15   877700.0
2013-11-04   87.460   87.08   800900.0
2013-11-05   87.050   87.10  1081500.0
2013-11-06   87.590   87.67  1192200.0
2013-11-07   87.710   86.80  1349900.0
2013-11-08   86.760   87.20  1427900.0
2013-11-11   87.220   87.17   989400.0
2013-11-12   86.760   86.73  1014000.0
2013-11-13   86.510   87.08  1846200.0
2013-11-14   87.500   87.94  2238800.0
2013-11-15   87.820   88.71  1588600.0
2013-11-18   89.000   89.30  1407500.0
2013-11-19   89.170   89.81  1796600.0
2013-11-20   89.900   89.62  1688900.0
2013-11-21   90.000   91.10  1796900.0
2013-11-22   90.940   92.15  1538400.0
2013-11-25   92.310   91.68  1122900.0
2013-11-26   91.720   91.92  1004700.0
2013-11-27   91.990   92.27   886300.0
2013-11-29   92.330   91.66   776200.0
2013-12-02   91.400   91.22  1136900.0
2013-12-03   91.090   90.34  1198600.0
2013-12-04   90.000   89.48  1597700.0
2013-12-05   89.280   89.23   882000.0
2013-12-06   90.060   90.79  1042700.0
2013-12-09   90.890   90.53   690200.0
2013-12-10   90.230   90.55   893000.0
2013-12-11   90.740   89.70  1924600.0
2013-12-12   89.470   89.89  1141100.0
2013-12-13   89.890   90.26  1178100.0
2013-12-16   90.480   90.92  1200800.0
2013-12-17   91.270   91.44  1124200.0
2013-12-18   91.400   93.55  1926800.0
2013-12-19   92.950   92.66  1365600.0
2013-12-20   92.640   93.37  1832100.0
2013-12-23   93.850   93.18  1019500.0
2013-12-24   93.320   93.77   358400.0
2013-12-26   93.950   94.84   786800.0
2013-12-27   94.490   95.00   944600.0
2013-12-30   94.970   95.10  1015100.0
2013-12-31   94.740   95.55  1078900.0
2014-01-02   94.850   94.75  1816400.0
2014-01-03   94.760   94.74  1045600.0
2014-01-06   94.950   94.46  1581900.0
2014-01-07   94.700   95.26  1470800.0
2014-01-08   95.160   94.72  1842200.0
2014-01-09   95.020   95.23  1848500.0
2014-01-10   95.600   95.10  1459900.0
2014-01-13   94.890   95.01  1846500.0
2014-01-14   95.440   95.96  1659900.0
2014-01-15   95.230   95.59  2668300.0
2014-01-16   95.450   95.40   777300.0
2014-01-17   95.400   95.47  1748500.0
2014-01-21   95.840   95.30  1673100.0
2014-01-22   96.120   99.65  5421000.0
2014-01-23   99.960  101.55  3070600.0
2014-01-24  100.040   98.31  3503500.0
2014-01-27   97.855   99.95  3145800.0
2014-01-28  100.020  100.50  3568800.0
2014-01-29   99.780   99.01  2536200.0
2014-01-30   99.140  100.49  2363900.0
2014-01-31   99.210  101.31  3304200.0
2014-02-03  101.000   98.47  2721800.0
2014-02-04  100.820   99.68  7819300.0
2014-02-05   99.260   98.88  4055600.0
2014-02-06  100.150  101.22  3383200.0
2014-02-07  101.870  104.19  3158900.0
2014-02-10  103.200  102.51  2759600.0
2014-02-11  102.760  103.22  1949100.0
2014-02-12  103.290  103.66  2008900.0
2014-02-13  103.040  103.73  1629500.0
2014-02-14  103.410  106.35  2579600.0
2014-02-18  106.080  106.77  2246800.0
2014-02-19  106.330  105.26  2762400.0
2014-02-20  105.650  107.75  2377000.0
2014-02-21  108.070  107.45  2426000.0
2014-02-24  107.270  108.76  2642400.0
2014-02-25  108.610  108.27  2090400.0
2014-02-26  108.240  108.03  2137700.0
2014-02-27  107.980  108.98  1894100.0
2014-02-28  109.040  109.54  2282300.0
2014-03-03  108.060  110.61  3125000.0
2014-03-04  111.130  112.66  3641800.0
2014-03-05  112.400  111.84  2236800.0
2014-03-06  110.810  111.45  2589700.0
2014-03-07  110.830  111.49  2642300.0
2014-03-10  110.520  110.41  2191300.0
2014-03-11  109.840  108.99  1905200.0
2014-03-12  108.500  109.38  1793500.0
2014-03-13  109.580  107.99  3006200.0
2014-03-14  107.850  107.63  2445400.0
2014-03-17  106.360  108.41  1756700.0
2014-03-18  108.890  109.40  2034200.0
2014-03-19  109.660  108.02  2185600.0
2014-03-20  107.950  107.25  2057300.0
2014-03-21  108.280  107.08  5152100.0
2014-03-24  107.500  106.58  2191600.0
2014-03-25  107.130  107.65  1850800.0
2014-03-26  108.190  106.66  2073500.0
2014-03-27  106.200  106.37  1893000.0
2014-03-28  106.430  107.70  1505700.0
2014-03-31  108.500  108.92  1713500.0
2014-04-01  109.160  109.68  1441100.0
2014-04-02  109.770  110.61  1672500.0
2014-04-03  110.960  110.89  1199100.0
2014-04-04  111.350  108.29  2052000.0
2014-04-07  108.290  107.65  2338300.0
2014-04-08  107.650  106.38  2403500.0
2014-04-09  106.150  108.04  1695400.0
2014-04-10  108.270  105.71  1453700.0
2014-04-11  105.370  104.99  1447800.0
2014-04-14  105.410  105.13  1718200.0
2014-04-15  105.450  106.70  1709900.0
2014-04-16  107.450  108.18  1194800.0
2014-04-17  108.430  109.06  1556800.0
2014-04-21  109.190  109.30  1280000.0
2014-04-22  109.360  108.04  2020900.0
2014-04-23  108.370  111.58  2264700.0
2014-04-24  111.800  110.42  2016700.0
2014-04-25  110.000  109.01  1258400.0
2014-04-28  109.870  107.39  2644200.0
2014-04-29  108.540  108.26  2801700.0
2014-04-30  108.380  109.45  2409100.0
2014-05-01  109.510  109.77  1880500.0
2014-05-02  109.970  111.01  2124700.0
2014-05-05  110.600  111.88  2117800.0
2014-05-06  111.340  111.72  1795200.0
2014-05-07  112.000  111.96  2503700.0
2014-05-08  111.970  111.93  2128800.0
2014-05-09  111.860  112.79  2129900.0
2014-05-12  113.000  114.85  2412000.0
2014-05-13  115.000  115.29  2225400.0
2014-05-14  115.340  114.66  1958600.0
2014-05-15  114.560  113.22  2110100.0
2014-05-16  113.320  113.56  2534700.0
2014-05-19  112.930  114.82  2027800.0
2014-05-20  114.040  113.08  1853500.0
2014-05-21  113.280  114.65  1550800.0
2014-05-22  114.700  114.98  1313200.0
2014-05-23  115.030  115.49  1472100.0
2014-05-27  115.750  116.35  1151600.0
2014-05-28  116.070  117.56  2146700.0
2014-05-29  117.530  117.97  1893300.0
2014-05-30  117.700  118.12  1870900.0
2014-06-02  118.110  118.02  1508700.0
2014-06-03  117.000  118.36  2090900.0
2014-06-04  118.320  118.36  1512700.0
2014-06-05  118.750  120.89  1969200.0
2014-06-06  120.770  120.83  1871600.0
2014-06-09  121.000  120.62  2245200.0
2014-06-10  120.550  120.82  1586000.0
2014-06-11  120.320  119.87  1578200.0
2014-06-12  119.770  118.46  1049300.0
2014-06-13  118.760  119.14   956500.0
2014-06-16  118.900  119.20  1251200.0
2014-06-17  119.260  119.10  1197900.0
2014-06-18  119.320  119.64   926500.0
2014-06-19  119.660  120.04  1256800.0
2014-06-20  119.700  119.55  2210200.0
2014-06-23  119.820  118.74  1193200.0
2014-06-24  118.110  116.69  1483400.0
2014-06-25  116.700  117.22  1215900.0
2014-06-26  117.290  116.98   909200.0
2014-06-27  116.780  117.50  1522400.0
2014-06-30  117.410  116.55  1231500.0
2014-07-01  115.170  116.45  2174100.0
2014-07-02  116.190  115.50  1484300.0
2014-07-03  116.050  116.02   888900.0
2014-07-07  116.170  115.75  1392000.0
2014-07-08  115.670  114.80  1316300.0
2014-07-09  115.000  115.62  1094800.0
2014-07-10  114.070  115.53  1173200.0
2014-07-11  115.670  116.85  1513300.0
2014-07-14  117.090  116.68  1556900.0
2014-07-15  116.890  117.51  1596700.0
2014-07-16  117.960  117.51   798800.0
2014-07-17  117.060  116.10   795800.0
2014-07-18  116.650  117.64  1424900.0
2014-07-21  117.480  118.35   828500.0
2014-07-22  118.710  118.55  1382700.0
2014-07-23  120.350  120.73  2915400.0
2014-07-24  120.720  121.48  2182100.0
2014-07-25  120.960  121.14  1220600.0
2014-07-28  120.710  120.48  1239300.0
2014-07-29  120.480  119.18   990000.0
2014-07-30  119.230  119.21  1184200.0
2014-07-31  118.330  116.77  2168100.0
2014-08-01  117.380  117.23  1540200.0
2014-08-04  117.380  117.23  1814900.0
2014-08-05  117.000  116.35  1914300.0
2014-08-06  115.560  114.75  1826600.0
2014-08-07  114.740  114.39  1566300.0
2014-08-08  114.600  117.16  1873500.0
2014-08-11  117.860  117.82  1139000.0
2014-08-12  117.720  117.22   936800.0
2014-08-13  117.850  119.12   921100.0
2014-08-14  119.350  119.12   966000.0
2014-08-15  119.550  119.34  1879600.0
2014-08-18  120.200  121.18  1079400.0
2014-08-19  121.400  121.81  1054800.0
2014-08-20  121.650  123.48  1220800.0
2014-08-21  123.470  123.68  1254700.0
2014-08-22  123.670  123.85  1121600.0
2014-08-25  124.190  124.42  1167900.0
2014-08-26  123.550  124.93   760300.0
2014-08-27  124.600  123.99   878500.0
2014-08-28  123.700  123.39  1083900.0
2014-08-29  123.050  123.25  1140600.0
2014-09-02  123.350  122.66  1711300.0
2014-09-03  123.550  124.93  2142800.0
2014-09-04  124.950  124.70  1493000.0
2014-09-05  124.730  125.45  1459800.0
2014-09-08  125.260  125.77  1479400.0
2014-09-09  125.770  126.26  1607800.0
2014-09-10  126.130  127.42  1203000.0
2014-09-11  127.090  126.62  1241800.0
2014-09-12  126.610  126.40  1027200.0
2014-09-15  126.340  126.85  1099300.0
2014-09-16  126.600  127.75  1253000.0
2014-09-17  128.000  128.24   985100.0
2014-09-18  128.600  129.28  1122600.0
2014-09-19  130.000  129.45  2467400.0
2014-09-22  129.270  128.02  1155308.0
2014-09-23  127.620  125.97  1602808.0
2014-09-24  126.140  126.98  1232044.0
2014-09-25  126.870  125.01  1431138.0
2014-09-26  125.470  127.70  1569269.0
2014-09-29  126.800  127.49  1303622.0
2014-09-30  127.500  127.09  1820477.0
2014-10-01  126.170  124.29  1929316.0
2014-10-02  123.080  121.80  5747446.0
2014-10-03  122.620  123.54  2679818.0
2014-10-06  124.160  123.11  1493756.0
2014-10-07  122.800  120.69  1783778.0
2014-10-08  120.270  123.15  1767094.0
2014-10-09  123.190  121.50  2090885.0
2014-10-10  121.670  121.22  2437331.0
2014-10-13  122.190  118.27  2320894.0
2014-10-14  118.530  118.61  2468960.0
2014-10-15  117.600  117.98  2292655.0
2014-10-16  115.990  117.85  2157130.0
2014-10-17  119.010  120.87  1929926.0
2014-10-20  120.510  121.30  1115698.0
2014-10-21  121.190  123.89  1780970.0
2014-10-22  127.180  126.31  2620861.0
2014-10-23  128.590  130.34  2192437.0
2014-10-24  130.340  132.50  1407795.0
2014-10-27  132.330  133.09  1988833.0
2014-10-28  133.800  136.60  2045080.0
2014-10-29  136.420  136.45  1828950.0
2014-10-30  135.560  138.29  2275015.0
2014-10-31  139.790  139.76  2758594.0
2014-11-03  139.760  139.72  2339148.0
2014-11-04  139.650  140.79  1965177.0
2014-11-05  141.140  141.95  1916194.0
2014-11-06  142.000  141.56  1490880.0
2014-11-07  141.500  140.14  1994816.0
2014-11-10  140.300  140.82  1762483.0
2014-11-11  141.050  141.30  1276642.0
2014-11-12  140.880  141.30  1226831.0
2014-11-13  140.980  142.71  1977426.0
2014-11-14  142.610  142.66  1768458.0
2014-11-17  142.210  142.05  1298568.0
2014-11-18  142.240  143.93  1349062.0
2014-11-19  143.510  143.37  1069742.0
2014-11-20  142.760  143.75  1102985.0
2014-11-21  145.345  144.59  1404872.0
2014-11-24  145.090  144.88  1631934.0
2014-11-25  145.400  144.60  1614582.0
2014-11-26  144.900  144.53  1552777.0
2014-11-28  145.310  145.36   840142.0
2014-12-01  145.000  143.76  1823468.0
2014-12-02  144.090  144.22  1489363.0
2014-12-03  144.750  145.13  1980527.0
2014-12-04  145.320  144.88  1365511.0
2014-12-05  145.000  145.15  1812500.0
2014-12-08  145.250  144.96  2135648.0
2014-12-09  143.555  145.02  1850416.0
2014-12-10  144.660  141.14  1996508.0
2014-12-11  141.760  142.40  1599711.0
2014-12-12  141.010  137.41  2988665.0
2014-12-15  137.670  135.61  2469215.0
2014-12-16  135.430  136.40  2210150.0
2014-12-17  136.600  137.23  1954556.0
2014-12-18  138.720  139.82  3154527.0
2014-12-19  140.120  139.83  4035592.0
2014-12-22  140.680  141.40  3254782.0
2014-12-23  142.140  141.31  1554328.0
2014-12-24  141.600  141.54   815254.0
2014-12-26  141.930  141.39   570702.0
2014-12-29  141.000  140.67   985759.0
2014-12-30  140.620  139.63   965892.0
2014-12-31  139.200  137.62  1169391.0
2015-01-02  138.470  138.45  1112127.0
2015-01-05  137.960  135.56  1437105.0
2015-01-06  135.780  135.72  2772698.0
2015-01-07  135.790  135.20  2067315.0
2015-01-08  136.130  138.46  3858422.0
2015-01-09  138.370  138.97  3029560.0
2015-01-12  139.590  137.90  1386557.0
2015-01-13  139.510  137.79  1722098.0
2015-01-14  135.830  137.35  1258766.0
2015-01-15  138.160  137.71  1482226.0
2015-01-16  137.490  139.07  1681524.0
2015-01-20  139.090  138.09  1761889.0
2015-01-21  138.310  138.89  1197950.0
2015-01-22  139.420  141.21  1311172.0
2015-01-23  141.160  141.32   896415.0
2015-01-26  141.130  140.06  1223728.0
2015-01-27  138.330  137.20  1590220.0
2015-01-28  139.000  136.40  2764641.0
2015-01-29  136.320  134.48  3133026.0
2015-01-30  132.830  133.21  3479826.0
2015-02-02  133.890  136.12  2031002.0
2015-02-03  136.900  138.95  1893141.0
2015-02-04  138.750  138.53  1500466.0
2015-02-05  138.560  138.69  1399490.0
2015-02-06  138.690  139.29  1428411.0
2015-02-09  138.650  136.94  1902148.0
2015-02-10  138.730  138.16  1361432.0
2015-02-11  138.090  137.21  1297443.0
2015-02-12  137.270  138.15   860934.0
2015-02-13  137.700  137.61  1361709.0
2015-02-17  137.310  138.05  1242485.0
2015-02-18  137.740  138.66   755161.0
2015-02-19  138.340  139.51   742822.0
2015-02-20  139.320  142.24  1341241.0
2015-02-23  141.740  141.26   747378.0
2015-02-24  140.880  141.68   764208.0
2015-02-25  141.680  140.14   735321.0
2015-02-26  140.200  139.43  1059622.0
2015-02-27  139.060  138.78  1267795.0
2015-03-02  139.210  139.80  1278156.0
2015-03-03  139.120  137.09  1513454.0
2015-03-04  136.530  136.25  1866677.0
2015-03-05  136.210  136.43  1660498.0
2015-03-06  135.660  134.60  1393123.0
2015-03-09  134.370  135.92  1115279.0
2015-03-10  134.510  132.69  1997371.0
2015-03-11  133.450  132.30  1495151.0
2015-03-12  132.540  133.67  1520060.0
2015-03-13  133.540  132.19  1627329.0
2015-03-16  132.940  134.97  1899845.0
2015-03-17  134.270  134.13  1170209.0
2015-03-18  133.500  136.12  2032843.0
2015-03-19  135.560  135.28  1628547.0
2015-03-20  135.600  135.41  5233203.0
2015-03-23  136.450  135.88  1596608.0
2015-03-24  135.840  135.20  1435101.0
2015-03-25  135.880  133.76  1803518.0
2015-03-26  132.990  134.53  1856225.0
2015-03-27  134.350  135.04   945707.0
2015-03-30  135.660  137.51  1099072.0
2015-03-31  136.480  135.73  1286351.0
2015-04-01  135.070  133.98  1131993.0
2015-04-02  134.090  133.73   815193.0
2015-04-06  133.260  135.51  1112140.0
2015-04-07  135.800  135.00  1611554.0
2015-04-08  134.200  135.24  1157845.0
2015-04-09  135.290  135.78   845215.0
2015-04-10  136.220  135.91  1028101.0
2015-04-13  135.640  134.77   754121.0
2015-04-14  134.650  133.10  1486378.0
2015-04-15  133.670  132.60  1257083.0
2015-04-16  132.290  133.15  1352484.0
2015-04-17  132.570  131.27  1223847.0
2015-04-20  132.050  133.28   777463.0
2015-04-21  133.820  133.14   742259.0
2015-04-22  133.020  133.71   869436.0
2015-04-23  133.020  132.80  1613799.0
2015-04-24  132.800  134.10  1229013.0
2015-04-27  134.490  133.56  1070296.0
2015-04-28  133.280  133.48  1163868.0
2015-04-29  136.690  138.53  2822574.0
2015-04-30  137.910  137.32  2907986.0
2015-05-01  137.820  140.14  1885698.0
2015-05-04  139.840  140.60  1697698.0
2015-05-05  140.550  137.98  1652119.0
2015-05-06  138.600  137.63  1793564.0
2015-05-07  137.500  138.30  1157451.0
2015-05-08  140.100  141.66  1727724.0
2015-05-11  141.500  140.22   968263.0
2015-05-12  139.140  139.43   804107.0
2015-05-13  140.000  139.02   953333.0
2015-05-14  140.000  140.94   875466.0
2015-05-15  141.000  140.11  1278279.0
2015-05-18  140.200  140.28  1074634.0
2015-05-19  140.220  140.05   881124.0
2015-05-20  140.540  139.95   951473.0
2015-05-21  139.960  140.87  1248114.0
2015-05-22  139.880  139.64  1183972.0
2015-05-26  139.460  137.99  1092171.0
2015-05-27  138.650  140.56  1615566.0
2015-05-28  139.960  140.41  1134645.0
2015-05-29  140.510  140.16  1698974.0
2015-06-01  140.350  140.25  1221581.0
2015-06-02  139.620  140.60   932173.0
2015-06-03  140.790  140.68  1036893.0
2015-06-04  139.810  138.98  1590356.0
2015-06-05  138.500  139.22   873755.0
2015-06-08  139.170  138.34  1027931.0
2015-06-09  138.340  138.68  1284206.0
2015-06-10  138.680  141.54  1335515.0
2015-06-11  141.680  142.25  1425012.0
2015-06-12  141.760  142.05  1203911.0
2015-06-15  140.740  142.02  1414316.0
2015-06-16  141.710  143.23  1888280.0
2015-06-17  143.520  144.50  1394980.0
2015-06-18  144.660  145.99  1717634.0
2015-06-19  145.590  145.09  1468965.0
2015-06-22  145.700  145.37  1223483.0
2015-06-23  146.020  145.37  1293857.0
2015-06-24  145.250  145.52  1583319.0
2015-06-25  146.000  144.13  1140797.0
2015-06-26  144.560  145.74  2906893.0
2015-06-29  144.370  141.84  1626993.0
2015-06-30  142.410  141.69  1363788.0
2015-07-01  142.430  143.17  1217421.0
2015-07-02  143.800  143.15  1098893.0
2015-07-06  142.240  143.34  1307475.0
2015-07-07  143.560  143.65  1539640.0
2015-07-08  142.730  142.26  1566269.0
2015-07-09  143.800  143.88  1790462.0
2015-07-10  145.870  146.10  1707422.0
2015-07-13  147.230  146.23  1723732.0
2015-07-14  146.570  146.97  1787615.0
2015-07-15  147.150  147.25  1646000.0
2015-07-16  148.000  148.45  1316528.0
2015-07-17  148.600  148.65  1064805.0
2015-07-20  148.640  149.01   983171.0
2015-07-21  148.540  146.29  1451881.0
2015-07-22  146.110  145.22  2012420.0
2015-07-23  145.620  144.80  1467379.0
2015-07-24  144.810  142.62  1658988.0
2015-07-27  142.120  142.41  1466168.0
2015-07-28  142.940  144.29  2060757.0
2015-07-29  149.270  149.96  4004478.0
2015-07-30  149.950  150.28  1603763.0
2015-07-31  150.560  149.11  1309361.0
2015-08-03  149.130  148.85   921480.0
2015-08-04  148.700  148.80   897209.0
2015-08-05  149.750  149.82   809707.0
2015-08-06  150.110  149.46   814098.0
2015-08-07  149.280  149.72   951353.0
2015-08-10  150.670  151.96  1011889.0
2015-08-11  150.670  150.60   950364.0
2015-08-12  149.110  150.39  1414310.0
2015-08-13  150.130  150.54   851031.0
2015-08-14  150.410  151.61   712925.0
2015-08-17  151.080  152.85  1182078.0
2015-08-18  152.300  153.28   982588.0
2015-08-19  152.790  152.75  1287925.0
2015-08-20  151.850  148.93  1293043.0
2015-08-21  147.740  145.17  2651999.0
2015-08-24  136.010  140.81  3009338.0
2015-08-25  144.090  138.84  2174196.0
2015-08-26  141.850  144.05  1801692.0
2015-08-27  144.630  145.17  2418259.0
2015-08-28  145.120  144.53  1203176.0
2015-08-31  143.580  142.03  1224852.0
2015-09-01  139.590  138.89  2290021.0
2015-09-02  140.310  142.45  1171843.0
2015-09-03  142.660  143.41  1356383.0
2015-09-04  141.610  141.18   973981.0
2015-09-08  143.410  144.39  1375637.0
2015-09-09  145.580  142.47  1207931.0
2015-09-10  142.470  140.71  1590223.0
2015-09-11  140.250  141.88  1258952.0
2015-09-14  142.000  140.65  1053804.0
2015-09-15  141.010  141.79  1124746.0
2015-09-16  141.830  141.84  1147294.0
2015-09-17  142.010  141.56  1215559.0
2015-09-18  139.970  139.24  3093370.0
2015-09-21  139.540  139.72   897833.0
2015-09-22  138.020  137.95  1390365.0
2015-09-23  137.960  136.57   951377.0
2015-09-24  135.670  138.51  1982677.0
2015-09-25  139.230  138.02  1174216.0
2015-09-28  136.810  135.11  1757815.0
2015-09-29  134.830  135.59  1869612.0
2015-09-30  137.380  137.95  1552030.0
2015-10-01  138.000  138.18  1226814.0
2015-10-02  135.990  139.13  1169826.0
2015-10-05  140.480  144.12  1774827.0
2015-10-06  143.510  140.66  1787020.0
2015-10-07  140.820  140.36  1406729.0
2015-10-08  139.590  141.91  1102930.0
2015-10-09  141.910  142.72  1265571.0
2015-10-12  143.070  143.69   588586.0
2015-10-13  142.160  141.71   703720.0
2015-10-14  141.770  139.50   866048.0
2015-10-15  140.550  141.29   750404.0
2015-10-16  141.060  141.70  1058344.0
2015-10-19  140.930  141.25   958113.0
2015-10-20  141.190  141.25   990491.0
2015-10-21  142.000  143.09  1105046.0
2015-10-22  144.000  147.25  1330657.0
2015-10-23  148.250  148.28  1198971.0
2015-10-26  148.220  148.15   852198.0
2015-10-27  147.680  148.40  1620738.0
2015-10-28  150.870  150.78  2626351.0
2015-10-29  150.470  149.97  1680012.0
2015-10-30  150.350  148.58  2127500.0
2015-11-02  149.240  148.72  1651140.0
2015-11-03  147.580  147.17  1868031.0
2015-11-04  147.290  147.28   893562.0
2015-11-05  147.210  147.07  1272741.0
2015-11-06  146.690  145.92  1744556.0
2015-11-09  145.460  144.29  1164113.0
2015-11-10  143.730  143.94  1455289.0
2015-11-11  144.430  143.31  1219907.0
2015-11-12  143.010  141.85  1667938.0
2015-11-13  141.230  140.60  1634115.0
2015-11-16  141.250  143.28  1731408.0
2015-11-17  143.710  142.87  1426737.0
2015-11-18  143.290  143.71  1037380.0
2015-11-19  144.830  145.20  1510545.0
2015-11-20  146.250  145.50  1644298.0
2015-11-23  145.760  144.59  1129734.0
2015-11-24  143.870  145.53  1260018.0
2015-11-25  145.630  145.18  1157692.0
2015-11-27  145.530  145.56   542084.0
2015-11-30  146.500  146.46  1960533.0
2015-12-01  147.230  147.60  1618767.0
2015-12-02  147.410  145.35  1576407.0
2015-12-03  145.440  141.96  2988723.0
2015-12-04  142.450  143.84  1882766.0
2015-12-07  143.760  143.09  1782824.0
2015-12-08  142.170  142.00  1423542.0
2015-12-09  141.900  140.17  1653680.0
2015-12-10  140.200  140.00  1355323.0
2015-12-11  138.910  137.84  1307768.0
2015-12-14  138.330  139.19  1244196.0
2015-12-15  139.830  138.04  2181852.0
2015-12-16  137.740  139.64  2163112.0
2015-12-17  139.570  138.16  1186677.0
2015-12-18  137.400  136.71  2547896.0
2015-12-21  137.280  138.09   941751.0
2015-12-22  139.130  139.94  1283572.0
2015-12-23  140.430  139.89   967337.0
2015-12-24  139.730  139.84   358100.0
2015-12-28  139.750  139.59   731183.0
2015-12-29  140.640  140.34   776888.0
2015-12-30  140.230  139.26   765974.0
2015-12-31  138.500  137.36   786531.0
2016-01-04  135.620  136.07  1772183.0
2016-01-05  136.100  136.64  1525876.0
2016-01-06  135.000  135.26  1576185.0
2016-01-07  133.690  130.80  2096097.0
2016-01-08  130.940  130.19  2121060.0
2016-01-11  131.400  131.29  2080137.0
2016-01-12  132.440  132.49  1516815.0
2016-01-13  132.520  129.05  1400925.0
2016-01-14  129.130  129.04  1713325.0
2016-01-15  125.830  125.99  2849105.0
2016-01-19  126.900  127.38  1643680.0
2016-01-20  125.400  124.18  2161812.0
2016-01-21  124.380  124.32  1568315.0
2016-01-22  125.500  126.37  1195840.0
2016-01-25  126.010  124.60  1787958.0
2016-01-26  124.290  127.38  1777392.0
2016-01-27  124.110  129.00  5841527.0
2016-01-28  128.850  128.65  2504552.0
2016-01-29  129.150  133.77  3751566.0
2016-02-01  132.300  133.62  2793893.0
2016-02-02  132.680  133.53  2896669.0
2016-02-03  134.090  133.79  2047026.0
2016-02-04  133.760  135.35  2306265.0
2016-02-05  135.210  134.20  1799121.0
2016-02-08  132.320  132.26  1941097.0
2016-02-09  130.470  132.13  2205426.0
2016-02-10  132.530  133.07  1337243.0
2016-02-11  130.590  128.58  2580369.0
2016-02-12  129.640  130.18  1722094.0
2016-02-16  131.480  131.51  1620433.0
2016-02-17  132.240  135.03  1566343.0
2016-02-18  134.620  135.05  1359083.0
2016-02-19  134.890  135.26  1370409.0
2016-02-22  136.320  136.62  1209063.0
2016-02-23  135.940  135.91  1221869.0
2016-02-24  135.000  135.15  1371843.0
2016-02-25  135.520  137.24  1091439.0
2016-02-26  137.610  137.11  1752840.0
2016-02-29  136.900  136.27  2944268.0
2016-03-01  136.970  138.24  1291376.0
2016-03-02  137.690  135.61  2665237.0
2016-03-03  135.740  135.74  2012552.0
2016-03-04  135.740  135.28  1710244.0
2016-03-07  134.170  132.33  2097984.0
2016-03-08  131.280  131.40  1661561.0
2016-03-09  131.620  131.91  1503346.0
2016-03-10  132.800  133.57  2234647.0
2016-03-11  134.550  135.52  1496187.0
2016-03-14  134.940  134.21  1418490.0
2016-03-15  134.090  133.29  1468255.0
2016-03-16  133.280  133.99  1146604.0
2016-03-17  134.260  134.12  1617006.0
2016-03-18  134.490  135.45  2581235.0
2016-03-21  134.900  134.78  1152108.0
2016-03-22  134.680  135.24   954882.0
2016-03-23  135.200  134.32   785587.0
2016-03-24  132.400  129.08  3344481.0
2016-03-28  129.500  130.82  1786060.0
2016-03-29  130.790  131.86  1633783.0
2016-03-30  132.130  131.73  1400252.0
2016-03-31  131.570  131.37  1820779.0
2016-04-01  130.380  132.34  2060940.0
2016-04-04  132.290  131.69  1556101.0
2016-04-05  131.340  130.84  1488732.0
2016-04-06  129.790  131.72  1455182.0
2016-04-07  131.280  131.39  1419792.0
2016-04-08  132.420  132.91  1120784.0
2016-04-11  133.380  131.90   902231.0
2016-04-12  131.940  133.55   826841.0
2016-04-13  134.480  134.32  1387821.0
2016-04-14  134.120  133.57  1159867.0
2016-04-15  133.690  134.81  1158625.0
2016-04-18  134.620  136.29  1283500.0
2016-04-19  136.550  136.69  1568010.0
2016-04-20  136.740  136.71  1639002.0
2016-04-21  136.860  137.72  1493164.0
2016-04-22  138.030  137.90  1140928.0
2016-04-25  137.050  136.79   951482.0
2016-04-26  137.510  138.71  1468794.0
2016-04-27  139.000  143.61  2888131.0
2016-04-28  142.210  141.16  1782892.0
2016-04-29  140.100  140.52  1893673.0
2016-05-02  140.720  141.83  1529103.0
2016-05-03  141.140  142.34  1291672.0
2016-05-04  141.990  141.43   958244.0
2016-05-05  141.660  142.20  1429049.0
2016-05-06  141.990  143.44  1780881.0
2016-05-09  143.280  142.97  1399973.0
2016-05-10  143.740  145.71  1564991.0
2016-05-11  145.740  144.96  1383472.0
2016-05-12  144.740  145.31  1372087.0
2016-05-13  144.870  144.37   991235.0
2016-05-16  144.060  145.37   937312.0
2016-05-17  145.430  145.00  1557506.0
2016-05-18  144.310  144.31  1154389.0
2016-05-19  143.460  143.59  1236925.0
2016-05-20  144.480  144.62  1194496.0
2016-05-23  144.280  142.25  1631655.0
2016-05-24  142.750  142.96  1977783.0
2016-05-25  143.450  142.97  1349529.0
2016-05-26  142.950  142.83   951435.0
2016-05-27  142.800  143.13   761207.0
2016-05-31  143.540  141.87  1690851.0
2016-06-01  141.380  141.47  5111268.0
2016-06-02  140.920  140.13  2087041.0
2016-06-03  140.010  140.23  2602403.0
2016-06-06  140.530  140.34   979923.0
2016-06-07  140.750  141.06  1827134.0
2016-06-08  140.870  141.49   870546.0
2016-06-09  141.190  141.98  1347258.0
2016-06-10  141.170  141.53  1400764.0
2016-06-13  141.200  139.11  1390839.0
2016-06-14  138.990  139.43  1084114.0
2016-06-15  139.750  140.11  1462240.0
2016-06-16  139.540  139.76   946185.0
2016-06-17  139.900  138.99  1520413.0
2016-06-20  140.420  140.92  1897486.0
2016-06-21  141.220  139.41  1597285.0
2016-06-22  139.780  138.79  1359968.0
2016-06-23  140.150  139.78  1017859.0
2016-06-24  135.890  136.14  4483662.0
2016-06-27  135.000  133.06  2301548.0
2016-06-28  134.560  133.94  1912091.0
2016-06-29  134.740  135.63  1299856.0
2016-06-30  135.820  139.24  2677003.0
2016-07-01  139.520  141.34  3942954.0
2016-07-05  140.930  138.41  1948706.0
2016-07-06  138.140  139.89  1998622.0
2016-07-07  139.690  138.69  1439291.0
2016-07-08  139.560  140.48  2033872.0
2016-07-11  140.560  141.19  1331666.0
2016-07-12  142.100  141.54  1853713.0
2016-07-13  141.700  141.73  1099610.0
2016-07-14  142.810  142.56  1111889.0
2016-07-15  142.910  142.09  1448730.0
2016-07-18  142.050  141.00  1278037.0
2016-07-19  141.000  143.31  2447383.0
2016-07-20  143.710  144.54  1511745.0
2016-07-21  144.610  142.86   986870.0
2016-07-22  142.590  143.77   829954.0
2016-07-25  143.280  143.72  1142034.0
2016-07-26  143.990  144.51  1312925.0
2016-07-27  146.070  146.63  2743009.0
2016-07-28  146.500  147.10  2150502.0
2016-07-29  146.460  146.89  1591399.0
2016-08-01  147.150  149.09  2237844.0
2016-08-02  148.590  148.22  1711352.0
2016-08-03  148.180  147.81  1192525.0
2016-08-04  147.960  147.37  1398653.0
2016-08-05  147.570  148.89  1138379.0
2016-08-08  148.560  148.11   833867.0
2016-08-09  148.140  148.57   921292.0
2016-08-10  149.590  151.47  2667832.0
2016-08-11  151.380  151.30  2155838.0
2016-08-12  150.730  151.47  1045005.0
2016-08-15  151.430  153.40  2128704.0
2016-08-16  152.750  152.40  1206412.0
2016-08-17  152.550  152.97  1155748.0
2016-08-18  152.910  152.43  1514050.0
2016-08-19  151.940  152.38  1152229.0
2016-08-22  152.370  152.22  1086274.0
2016-08-23  153.000  152.15  1352161.0
2016-08-24  151.830  152.29  1040471.0
2016-08-25  152.290  152.68   907970.0
2016-08-26  152.930  151.58  1153766.0
2016-08-29  151.480  152.82   954419.0
2016-08-30  152.690  152.56   665378.0
2016-08-31  152.560  152.22  1054206.0
2016-09-01  152.630  152.84   597631.0
2016-09-02  153.200  153.81  1041870.0
2016-09-06  153.740  154.63   992988.0
2016-09-07  154.480  153.11  1054164.0
2016-09-08  152.870  152.40  1002523.0
2016-09-09  151.600  149.91  1195939.0
2016-09-12  149.140  151.81  1006158.0
2016-09-13  150.990  150.60   920233.0
2016-09-14  150.570  149.83  1427659.0
2016-09-15  150.150  152.16  1224128.0
2016-09-16  151.550  150.75  1869328.0
2016-09-19  151.680  152.17   886944.0
2016-09-20  152.410  151.86   726799.0
2016-09-21  152.000  153.10   800701.0
2016-09-22  153.880  154.86  1161076.0
2016-09-23  152.040  153.81   876828.0
2016-09-26  153.470  153.87  1252583.0
2016-09-27  153.720  155.28  1412974.0
2016-09-28  155.770  156.01  1083328.0
2016-09-29  155.160  155.61  1771343.0
2016-09-30  156.360  155.16  1856926.0
2016-10-03  154.580  154.71  1325952.0
2016-10-04  155.460  153.55  1412954.0
2016-10-05  153.390  153.72  1142818.0
2016-10-06  153.800  154.14  1685100.0
2016-10-07  151.830  152.96  2063784.0
2016-10-10  153.530  152.89  1247717.0
2016-10-11  152.060  149.60  1693971.0
2016-10-12  149.610  150.00  1151692.0
2016-10-13  149.490  151.01   951293.0
2016-10-14  152.790  151.34   862647.0
2016-10-17  151.280  150.48   971617.0
2016-10-18  151.350  151.88   703763.0
2016-10-19  152.100  151.42   706846.0
2016-10-20  151.480  150.71   944035.0
2016-10-21  149.580  150.18  1245660.0
2016-10-24  151.170  151.44   905534.0
2016-10-25  151.210  152.59  1448672.0
2016-10-26  149.670  151.14  2787418.0
2016-10-27  151.580  150.13  1594045.0
2016-10-28  150.460  151.50  1500931.0
2016-10-31  152.030  150.74  1568305.0
2016-11-01  151.070  149.98  1529944.0
2016-11-02  149.690  149.67  1309435.0
2016-11-03  150.000  150.03  1461185.0
2016-11-04  150.030  149.81  1059625.0
2016-11-07  151.310  152.39  1425313.0
2016-11-08  152.260  153.78  1216924.0
2016-11-09  157.670  162.09  5323064.0
2016-11-10  162.470  166.51  3251817.0
2016-11-11  165.990  168.55  1725623.0
2016-11-14  169.860  170.19  2589668.0
2016-11-15  169.970  168.02  2508821.0
2016-11-16  167.720  165.84  1611686.0
2016-11-17  165.820  165.63  1553250.0
2016-11-18  165.510  166.62  1596944.0
2016-11-21  166.950  168.43  1523992.0
2016-11-22  169.700  170.18  1446399.0
2016-11-23  170.400  170.55  1432556.0
2016-11-25  170.780  172.08   627023.0
2016-11-28  172.240  172.67  1835445.0
2016-11-29  172.970  175.13  1640307.0
2016-11-30  175.420  175.35  2326611.0
2016-12-01  175.810  176.40  1691748.0
2016-12-02  176.500  178.67  1715405.0
2016-12-05  179.800  178.52  1744551.0
2016-12-06  177.590  178.09  1923518.0
2016-12-07  178.100  178.43  1941842.0
2016-12-08  178.080  173.67  2365889.0
2016-12-09  173.430  175.39  1495613.0
2016-12-12  172.220  173.74  2961717.0
2016-12-13  174.610  174.31  1462756.0
2016-12-14  174.490  173.74  1721119.0
2016-12-15  173.340  174.12  1193895.0
2016-12-16  174.470  174.41  3017433.0
2016-12-19  175.000  174.63  1358711.0
2016-12-20  174.960  175.26  1185617.0
2016-12-21  175.600  174.10   944420.0
2016-12-22  174.560  174.53   904699.0
2016-12-23  173.890  175.25   685225.0
2016-12-27  175.950  174.58   999496.0
2016-12-28  174.700  173.05  1182495.0
2016-12-29  173.550  173.21   967835.0
2016-12-30  173.750  172.66  1192293.0
2017-01-03  174.390  175.45  1321857.0
2017-01-04  176.140  175.54  1238472.0
2017-01-05  175.780  176.14  1279691.0
2017-01-06  176.000  177.46   998624.0
2017-01-09  176.600  176.07  1072728.0
2017-01-10  176.770  176.36  1095145.0
2017-01-11  176.330  177.07  1425717.0
2017-01-12  177.230  176.52  1275819.0
2017-01-13  176.770  177.89   952949.0
2017-01-17  177.000  175.97  1202185.0
2017-01-18  175.170  175.99   950155.0
2017-01-19  177.000  177.81  1523619.0
2017-01-20  178.310  178.28  1755435.0
2017-01-23  178.520  177.23  1265465.0
2017-01-24  176.340  177.25  1213848.0
2017-01-25  176.420  175.32  2656146.0
2017-01-26  175.500  177.30  1843940.0
2017-01-27  176.310  185.14  4338991.0
2017-01-30  185.230  182.47  2802115.0
2017-01-31  181.140  181.08  2235754.0
2017-02-01  181.310  181.03  1244296.0
2017-02-02  180.750  180.36  1130244.0
2017-02-03  180.030  183.12  1544711.0
2017-02-06  183.400  183.04  1106764.0
2017-02-07  183.910  183.21  1532573.0
2017-02-08  182.900  183.14  1249626.0
2017-02-09  183.680  182.59  1310645.0
2017-02-10  182.840  184.40  1414935.0
2017-02-13  184.650  186.60  1272722.0
2017-02-14  187.050  187.23  1391513.0
2017-02-15  186.760  187.99   998618.0
2017-02-16  188.050  188.74  1153610.0
2017-02-17  188.600  189.06  1163416.0
2017-02-21  189.020  189.59  1102710.0
2017-02-22  189.580  189.89   765703.0
2017-02-23  189.870  188.30  1157962.0
2017-02-24  187.900  189.63  1147538.0
2017-02-27  189.650  190.40  1604973.0
2017-02-28  190.190  189.81  1874269.0
2017-03-01  190.500  192.41  2088612.0
2017-03-02  192.200  191.05  1064889.0
2017-03-03  190.990  189.65  1502617.0
2017-03-06  189.280  190.94  1126918.0
2017-03-07  190.900  191.47   926599.0
2017-03-08  191.320  190.38   926557.0
2017-03-09  190.530  190.34   843173.0
2017-03-10  191.850  190.84   835755.0
2017-03-13  190.830  191.56   852973.0
2017-03-14  190.830  189.75  1055234.0
2017-03-15  190.080  191.66   985938.0
2017-03-16  191.970  190.65  1082767.0
2017-03-17  191.310  193.27  1824484.0
2017-03-20  193.200  191.98   930482.0
2017-03-21  192.350  188.69  1266500.0
2017-03-22  188.880  189.60   835908.0
2017-03-23  189.540  189.56   794531.0
2017-03-24  189.540  187.52  1498556.0
2017-03-27  184.890  185.49  1930621.0
2017-03-28  185.000  188.44  1231018.0
2017-03-29  188.000  188.29   869704.0
2017-03-30  188.440  188.78   926293.0
2017-03-31  188.390  187.20  2063841.0
2017-04-03  187.480  187.74  1259488.0
2017-04-04  187.740  187.72  1073632.0
2017-04-05  187.620  185.85   931983.0
2017-04-06  185.870  186.30   746083.0
2017-04-07  188.800  188.04  1189368.0
2017-04-10  188.090  187.66   911081.0
2017-04-11  187.440  188.38   810587.0
2017-04-12  188.430  186.34  1121017.0
2017-04-13  186.040  186.73  1173275.0
2017-04-17  187.180  188.89   843945.0
2017-04-18  188.300  187.38  1199413.0
2017-04-19  187.840  187.75  1239830.0
2017-04-20  188.020  188.13   984129.0
2017-04-21  188.840  188.94  1153330.0
2017-04-24  191.380  191.91  1561395.0
2017-04-25  190.870  193.17  1702241.0
2017-04-26  194.670  194.85  1927262.0
2017-04-27  195.480  195.03   976465.0
2017-04-28  195.040  193.79  1191549.0
2017-05-01  194.240  193.15  1004460.0
2017-05-02  193.900  194.07   930112.0
2017-05-03  193.870  194.18   770408.0
2017-05-04  194.280  194.55  1093721.0
2017-05-05  194.750  195.97   697063.0
2017-05-08  195.590  196.33   883606.0
2017-05-09  196.490  196.59   736816.0
2017-05-10  195.060  194.39  1359764.0
2017-05-11  194.260  194.98   896878.0
2017-05-12  194.360  195.59   660211.0
2017-05-15  195.480  195.18   853973.0
2017-05-16  195.070  195.29   785189.0
2017-05-17  193.720  192.01  1367096.0
2017-05-18  191.790  192.64  1248474.0
2017-05-19  193.210  195.87  1062959.0
2017-05-22  197.480  197.75  1453350.0
2017-05-23  198.220  199.32  1012683.0
2017-05-24  199.600  199.98   679103.0
2017-05-25  200.510  201.09  1122111.0
2017-05-26  201.090  202.24   751108.0
2017-05-30  202.190  202.01   919219.0
2017-05-31  202.370  203.25  1443319.0
2017-06-01  203.160  202.52  1290887.0
2017-06-02  202.700  203.70   916370.0
2017-06-05  203.370  201.47   848438.0
2017-06-06  200.930  198.44  1190903.0
2017-06-07  198.850  198.87   938575.0
2017-06-08  199.360  199.64   991930.0
2017-06-09  199.640  199.47  1055481.0
2017-06-12  199.470  198.40  1858344.0
2017-06-13  198.400  200.55  1263486.0
2017-06-14  200.550  201.28   928311.0
2017-06-15  199.770  202.03   820983.0
2017-06-16  202.370  202.67  1389079.0
2017-06-19  203.410  204.52  1023199.0
2017-06-20  203.760  203.86   833865.0
2017-06-21  204.400  203.89   668664.0
2017-06-22  203.790  201.26   906934.0
2017-06-23  201.230  201.32  1162534.0
2017-06-26  201.770  200.20   672893.0
2017-06-27  200.110  198.84   713780.0
2017-06-28  199.820  200.83   787111.0
2017-06-29  200.990  196.96  1419995.0
2017-06-30  197.750  198.10   939354.0
2017-07-03  199.420  199.66   750575.0
2017-07-05  199.030  200.74  1151270.0
2017-07-06  200.700  199.02   797994.0
2017-07-07  199.500  201.26  1264496.0
2017-07-10  201.220  201.07  1028579.0
2017-07-11  200.800  199.91  1139412.0
2017-07-12  201.320  201.11  1402060.0
2017-07-13  201.190  200.15   766231.0
2017-07-14  200.280  201.15  1019837.0
2017-07-17  201.080  200.14  1150768.0
2017-07-18  200.250  201.42  1118532.0
2017-07-19  202.000  202.34   640564.0
2017-07-20  202.510  202.40  1058659.0
2017-07-21  202.110  204.55   986160.0
2017-07-24  204.550  204.93  1073395.0
2017-07-25  205.660  203.56  1204660.0
2017-07-26  199.100  194.66  4074110.0
2017-07-27  195.730  193.84  2265716.0
2017-07-28  194.050  197.94  1779819.0
2017-07-31  198.580  196.33  1470377.0
2017-08-01  196.960  196.53  1390046.0
2017-08-02  196.530  198.04   980934.0
2017-08-03  198.300  199.33  1070719.0
2017-08-04  199.520  200.07  1247145.0
2017-08-07  200.340  201.14  1479902.0
2017-08-08  199.240  198.80  1350478.0
2017-08-09  199.290  201.00  1327673.0
2017-08-10  200.670  198.28  1120324.0
2017-08-11  198.520  197.89  1105900.0
2017-08-14  199.170  200.30  1190583.0
2017-08-15  200.560  199.49  1014333.0
2017-08-16  200.000  200.61   866407.0
2017-08-17  199.360  197.99  1002204.0
2017-08-18  198.380  198.73  1577923.0
2017-08-21  198.740  198.73  1110628.0
2017-08-22  199.450  201.23   875071.0
2017-08-23  200.700  199.75   827421.0
2017-08-24  200.220  199.47   719978.0
2017-08-25  200.320  199.05   593050.0
2017-08-28  199.910  197.87   802324.0
2017-08-29  198.270  200.95   982979.0
2017-08-30  200.950  201.22   893560.0
2017-08-31  201.740  201.35   828252.0
2017-09-01  201.770  200.00   734674.0
2017-09-05  200.910  198.73  1114115.0
2017-09-06  199.550  196.74   964458.0
2017-09-07  197.000  197.04   968505.0
2017-09-08  196.520  197.87   614044.0
2017-09-11  198.620  200.33  1032826.0
2017-09-12  199.890  199.00   749320.0
2017-09-13  198.300  196.85   852611.0
2017-09-14  196.630  197.63   920034.0
2017-09-15  198.100  198.27  2056370.0
2017-09-18  199.000  202.18  1312994.0
2017-09-19  201.910  203.12   782264.0
2017-09-20  202.780  204.27  1291608.0
2017-09-21  204.560  205.72   859959.0
2017-09-22  206.090  205.41  1037883.0
2017-09-25  205.500  204.87  1196644.0
2017-09-26  205.050  205.33   705291.0
2017-09-27  205.770  206.80   898898.0
2017-09-28  205.870  205.03   638864.0
2017-09-29  204.830  205.58   729111.0
2017-10-02  206.430  208.72   720468.0
2017-10-03  208.720  210.53   907092.0
2017-10-04  210.050  211.30   843038.0
2017-10-05  210.760  213.45  1215173.0
2017-10-06  212.860  212.60   941894.0
2017-10-09  213.020  213.53   671558.0
2017-10-10  214.000  212.55   642543.0
2017-10-11  212.940  212.83   699624.0
2017-10-12  212.480  213.72   725032.0
2017-10-13  214.500  213.34   782666.0
2017-10-16  213.500  213.44   747950.0
2017-10-17  212.750  211.54   766850.0
2017-10-18  211.300  210.39   945639.0
2017-10-19  210.300  211.64   674486.0
2017-10-20  212.590  213.86   898933.0
2017-10-23  213.860  212.51   802463.0
2017-10-24  212.510  212.08  1344875.0
2017-10-25  208.200  207.33  1567984.0
2017-10-26  208.180  203.91  1474177.0
2017-10-27  204.500  204.99  1255128.0
2017-10-30  204.820  206.17  1259671.0
2017-10-31  206.360  202.98   990632.0
2017-11-01  203.570  201.62  1727319.0
2017-11-02  201.730  203.82  1077208.0
2017-11-03  204.320  204.06   995303.0
2017-11-06  204.000  202.37   739942.0
2017-11-07  202.370  203.76   918008.0
2017-11-09  202.170  198.87  1297229.0
2017-11-10  198.850  199.77   929810.0
2017-11-13  199.130  200.13   910506.0
2017-11-14  199.250  200.22   813639.0
2017-11-15  199.450  198.99  1066803.0
2017-11-16  199.490  199.22  1103818.0
2017-11-17  198.260  197.77   762499.0
2017-11-20  198.010  198.74  1283893.0
2017-11-21  198.720  200.10  1190781.0
2017-11-22  199.820  200.04   917050.0
2017-11-24  200.190  200.00   411418.0
2017-11-27  200.000  201.07  1018906.0
2017-11-28  201.890  204.19  1155465.0
2017-11-29  204.610  204.17   724304.0
2017-11-30  204.210  207.16  1821481.0
2017-12-01  207.110  202.64  1304896.0
2017-12-04  203.750  201.69  1704471.0
2017-12-05  202.420  199.91   905393.0
2017-12-06  199.930  200.21  1223005.0
2017-12-07  199.890  200.17  1236078.0
2017-12-08  200.240  201.07  1339183.0
2017-12-11  201.200  199.64   800548.0
2017-12-12  197.910  196.18  1957955.0
2017-12-13  196.670  196.63  1412583.0
2017-12-14  197.910  196.22  1136553.0
2017-12-15  197.660  198.84  1691110.0
2017-12-18  198.980  198.45  1558957.0
2017-12-19  198.390  199.83  1238527.0
2017-12-20  200.500  201.30  1049112.0
2017-12-21  201.335  202.48  1495909.0
2017-12-22  203.090  202.64   787480.0
2017-12-26  202.850  201.97   574814.0
2017-12-27  202.010  202.72   595415.0
2017-12-28  203.450  203.86   689665.0
2017-12-29  204.000  203.45   765827.0
2018-01-02  203.540  200.49  1578020.0
2018-01-03  200.210  201.74  1684547.0
2018-01-04  202.370  205.21  1470922.0
2018-01-05  205.980  204.70  1713691.0
2018-01-08  204.850  204.70  1041369.0
2018-01-09  205.490  205.88  1284869.0
2018-01-10  205.000  204.75   956895.0
2018-01-11  204.790  205.51  1245602.0
2018-01-12  206.530  210.59  1892689.0
2018-01-16  211.010  206.33  1748179.0
2018-01-17  207.760  208.52  1417191.0
2018-01-18  208.360  207.80  1241667.0
2018-01-19  209.410  209.10  1407526.0
2018-01-22  209.080  208.20  1660092.0
2018-01-23  208.300  207.48  2195242.0
2018-01-24  202.990  219.27  4128969.0
2018-01-25  220.000  226.53  2989691.0
2018-01-26  224.950  226.24  1951554.0
2018-01-29  226.500  225.50  1712676.0
2018-01-30  224.910  224.28  1580143.0
2018-01-31  226.090  222.48  1741648.0
2018-02-01  222.390  225.21  1779758.0
2018-02-02  220.840  221.72  1372793.0
2018-02-05  220.440  211.22  2330620.0
2018-02-06  206.320  212.46  2864214.0
2018-02-07  212.410  214.95  1943608.0
2018-02-08  216.130  206.05  1923074.0
2018-02-09  208.120  212.10  2552565.0
2018-02-12  214.170  209.53  2693774.0
2018-02-13  207.910  211.81  2525484.0
2018-02-14  211.100  218.25  2467772.0
2018-02-15  224.380  225.40  2622946.0
2018-02-16  225.600  224.19  1921075.0
2018-02-20  223.000  221.83  1006509.0
2018-02-21  221.440  220.75  1144236.0
2018-02-22  221.680  220.14   867343.0
2018-02-23  221.450  221.00  1022289.0
2018-02-26  222.970  226.78  1443896.0
2018-02-27  226.490  223.89  1081324.0
2018-02-28  224.600  222.45  1002951.0
2018-03-01  222.980  219.15  2009589.0
2018-03-02  217.730  223.34  2058715.0
2018-03-05  220.640  224.64  1965585.0
2018-03-06  225.080  224.81  1336506.0
2018-03-07  222.550  226.28  1238314.0
2018-03-08  227.000  226.65   984546.0
2018-03-09  227.940  229.95  1305897.0
2018-03-12  229.500  224.64  1217105.0
2018-03-13  225.920  223.35  1161722.0
2018-03-14  224.590  221.69  1002595.0
2018-03-15  222.510  222.60   853511.0
2018-03-16  223.460  222.74  1968291.0
2018-03-19  222.650  223.90   862479.0
2018-03-20  224.410  225.38   788830.0
2018-03-21  225.370  223.75   846146.0
2018-03-22  222.250  218.37  1163530.0
2018-03-23  218.500  218.81  1429467.0
2018-03-26  221.930  223.47  1276783.0
2018-03-27  225.000  221.07  1114901.0