date     open    close      volume
                                       
2013-01-02  40.9000  41.3200   3998000.0
2013-01-03  41.4400  41.3400   4064900.0
2013-01-04  41.4400  41.7700   4054700.0
2013-01-07  41.6000  41.5995   4724300.0
2013-01-08  41.1900  41.2700   4949100.0
2013-01-09  41.2700  41.2300   2847500.0
2013-01-10  41.2900  41.6000   3760400.0
2013-01-11  40.9900  40.6200   7339100.0
2013-01-14  40.6900  40.9300   3475300.0
2013-01-15  40.8700  40.8200   3275200.0
2013-01-16  40.8300  40.8400   3312400.0
2013-01-17  40.9300  41.1500   3050200.0
2013-01-18  41.1900  41.3700   2954500.0
2013-01-22  41.3900  41.4900   2745300.0
2013-01-23  41.4900  41.5100   2192500.0
2013-01-24  41.4400  41.7000   2632200.0
2013-01-25  41.8600  41.7500   2596900.0
2013-01-28  41.7000  41.7400   2625500.0
2013-01-29  41.6600  41.9700   2555000.0
2013-01-30  41.9600  42.0400   3014000.0
2013-01-31  42.0400  41.9400   3714700.0
2013-02-01  42.3100  42.1300   2771400.0
2013-02-04  41.9700  41.7500   2818000.0
2013-02-05  41.9400  42.1300   3319700.0
2013-02-06  42.0000  42.3600   3520700.0
2013-02-07  42.3100  42.4700   2790500.0
2013-02-08  42.4500  42.6000   2092000.0
2013-02-11  42.5900  42.6700   2359600.0
2013-02-12  42.6100  42.9700   3851700.0
2013-02-13  42.9800  42.9800   3084900.0
2013-02-14  43.2000  44.3100  11824000.0
2013-02-15  44.5900  44.5900   6661400.0
2013-02-19  44.6700  45.4300   6384900.0
2013-02-20  45.3900  45.4700   5389200.0
2013-02-21  45.3900  45.3300   3933800.0
2013-02-22  45.3300  45.6700   3040900.0
2013-02-25  45.7400  45.4200   4307400.0
2013-02-26  45.5700  46.0100   5022800.0
2013-02-27  46.0000  46.2800   2607700.0
2013-02-28  46.2800  46.2500   3379400.0
2013-03-01  46.2200  46.3900   5480000.0
2013-03-04  46.3600  46.4500   4240500.0
2013-03-05  46.5000  46.4900   4314000.0
2013-03-06  46.5500  46.4300   3459200.0
2013-03-07  46.4500  46.4600   3282000.0
2013-03-08  46.5200  46.3300   3265300.0
2013-03-11  46.0600  45.7000   6328800.0
2013-03-12  45.5600  46.2700   4696000.0
2013-03-13  46.3200  46.4800   3630000.0
2013-03-14  46.4900  46.4200   3569700.0
2013-03-15  46.2100  46.2400   5181400.0
2013-03-18  45.9800  46.3300   3547000.0
2013-03-19  46.3800  46.4200   4179600.0
2013-03-20  46.5700  47.6100   9057800.0
2013-03-21  47.5500  47.8600   7078500.0
2013-03-22  47.9400  48.1500   3324800.0
2013-03-25  48.1700  48.0800   3381800.0
2013-03-26  48.1900  48.6300   3557300.0
2013-03-27  48.5800  48.7900   3858500.0
2013-03-28  48.9700  49.3100   4746600.0
2013-04-01  48.2500  48.6800   4340200.0
2013-04-02  48.8100  48.8100   3659600.0
2013-04-03  48.8000  48.2700   4437000.0
2013-04-04  48.3500  49.0200   5303300.0
2013-04-05  48.7500  48.7400   3624400.0
2013-04-08  48.3400  48.7000   3088600.0
2013-04-09  48.7900  48.6900   2939000.0
2013-04-10  48.8100  49.0300   3526200.0
2013-04-11  49.2000  49.2500   3174100.0
2013-04-12  49.1600  49.3500   2314700.0
2013-04-15  49.1700  49.0600   4136300.0
2013-04-16  49.2600  49.8600   3186000.0
2013-04-17  49.7400  49.5400   3421200.0
2013-04-18  49.6050  49.8600   3724600.0
2013-04-19  49.9700  50.3400   4231600.0
2013-04-22  50.3300  50.4500   1877200.0
2013-04-23  50.5300  50.6800   3335800.0
2013-04-24  50.6800  49.3400   5661900.0
2013-04-25  49.4200  49.3900   3900700.0
2013-04-26  49.4200  49.6800   2366500.0
2013-04-29  49.7000  50.2100   2821800.0
2013-04-30  50.1000  50.4200   2827100.0
2013-05-01  50.4500  50.4000   3348400.0
2013-05-02  50.3500  50.4500   2626300.0
2013-05-03  50.6900  50.7200   2733100.0
2013-05-06  50.5500  49.5900   4080400.0
2013-05-07  49.7300  50.7600   4117400.0
2013-05-08  50.7300  49.9400   4217300.0
2013-05-09  50.0300  49.6300   3073300.0
2013-05-10  49.6800  49.9100   2728300.0
2013-05-13  49.8700  50.0900   3009000.0
2013-05-14  50.1400  50.6300   3625000.0
2013-05-15  50.5200  50.9300   2849500.0
2013-05-16  50.8700  50.4700   2616800.0
2013-05-17  50.4100  50.3600   3260500.0
2013-05-20  50.4200  49.1300   5327000.0
2013-05-21  49.1300  49.3600   4614300.0
2013-05-22  49.3000  49.0300   4708200.0
2013-05-23  48.8000  48.8500   3959800.0
2013-05-24  48.7500  48.9800   2725000.0
2013-05-28  49.4400  49.1100   2902500.0
2013-05-29  48.7800  48.1800   4187800.0
2013-05-30  47.9300  47.8400   3755400.0
2013-05-31  47.6200  47.0800   6859300.0
2013-06-03  47.1400  47.5000   6212600.0
2013-06-04  47.5300  47.8700   3966400.0
2013-06-05  47.7800  47.1900   3180400.0
2013-06-06  47.2600  47.4000   3970200.0
2013-06-07  47.6400  48.0800   3431900.0
2013-06-10  48.1100  48.2000   2954600.0
2013-06-11  48.1100  48.3300   3647300.0
2013-06-12  49.3200  48.4600   3372200.0
2013-06-13  48.4500  49.0200   2969800.0
2013-06-14  49.0000  49.2900   3097800.0
2013-06-17  49.5200  49.8000   3137000.0
2013-06-18  49.8400  49.9100   2256100.0
2013-06-19  49.7000  49.1800   3676400.0
2013-06-20  48.8600  48.2100   4301000.0
2013-06-21  48.5800  48.6400   4961100.0
2013-06-24  48.3500  48.3200   4339000.0
2013-06-25  48.7200  48.3300   3466600.0
2013-06-26  48.0700  48.1000   5121000.0
2013-06-27  48.3900  48.3400   4370600.0
2013-06-28  48.3600  48.5300   5136500.0
2013-07-01  48.5400  48.7900   2996800.0
2013-07-02  48.7800  49.1700   3222800.0
2013-07-03  49.1200  48.9500   2144900.0
2013-07-05  49.0300  49.0300   2432800.0
2013-07-08  48.9800  49.3000   3989300.0
2013-07-09  49.5100  49.5300   3030200.0
2013-07-10  49.5800  49.9100   3447900.0
2013-07-11  50.4300  51.0300   3838000.0
2013-07-12  50.9900  51.0900   3587300.0
2013-07-15  51.1500  51.2200   2628000.0
2013-07-16  51.1400  51.1500   2230500.0
2013-07-17  51.3100  51.1400   2115400.0
2013-07-18  51.1500  51.2600   2000100.0
2013-07-19  51.4600  51.6800   2337600.0
2013-07-22  51.7300  51.5300   1791000.0
2013-07-23  51.5400  51.4600   2441600.0
2013-07-24  51.5800  51.0600   3102100.0
2013-07-25  51.0400  51.4300   1755900.0
2013-07-26  51.3100  51.5100   2033900.0
2013-07-29  51.5200  51.8300   2163300.0
2013-07-30  51.8500  51.8900   2771500.0
2013-07-31  52.1300  52.0000   3307200.0
2013-08-01  53.0300  52.7300   4468900.0
2013-08-02  52.6600  52.3500   3806100.0
2013-08-05  52.3400  52.5700   2290700.0
2013-08-06  52.5600  52.6100   2074600.0
2013-08-07  52.5500  52.4400   1976100.0
2013-08-08  52.6900  52.6700   1772900.0
2013-08-09  52.6700  52.4200   1777000.0
2013-08-12  52.3100  52.4900   1879100.0
2013-08-13  52.5000  52.4200   2216600.0
2013-08-14  52.3700  52.0500   2870100.0
2013-08-15  51.4600  50.5500   5434800.0
2013-08-16  50.0200  49.3800   5824000.0
2013-08-19  49.2800  49.5000   2878000.0
2013-08-20  49.5400  49.4000   3211300.0
2013-08-21  49.4400  49.0700   3340600.0
2013-08-22  49.1100  49.3000   2349000.0
2013-08-23  49.4500  49.8200   2293100.0
2013-08-26  49.8600  49.3800   3278000.0
2013-08-27  49.0900  49.1400   3593000.0
2013-08-28  49.0200  48.7400   2936700.0
2013-08-29  48.6900  49.2100   3515400.0
2013-08-30  49.2400  49.3200   3064300.0
2013-09-03  49.6700  49.1900   3163800.0
2013-09-04  49.0800  49.1000   3007600.0
2013-09-05  49.1400  49.1000   3636300.0
2013-09-06  49.2500  49.1900   2652600.0
2013-09-09  49.1500  49.0600   3423700.0
2013-09-10  49.3200  48.7100   5745700.0
2013-09-11  48.6500  48.8000   6864400.0
2013-09-12  48.8200  48.8800   9576800.0
2013-09-13  49.0000  49.2500   2717700.0
2013-09-16  49.7400  49.7300   3230800.0
2013-09-17  49.7000  49.7800   2772400.0
2013-09-18  50.0000  50.1500   5001500.0
2013-09-19  49.7700  48.8300   5492400.0
2013-09-20  48.8200  48.6600   5411900.0
2013-09-23  48.6800  48.6400   2881600.0
2013-09-24  48.8300  48.8500   3374800.0
2013-09-25  48.7500  48.3800   3272200.0
2013-09-26  48.4800  48.5200   1728900.0
2013-09-27  48.3000  48.0800   2842600.0
2013-09-30  47.7700  47.9200   3262800.0
2013-10-01  47.7300  47.9800   3161000.0
2013-10-02  47.9100  48.0100   3764900.0
2013-10-03  47.9500  47.6300   3210800.0
2013-10-04  47.6300  47.9500   2423800.0
2013-10-07  47.9100  47.9900   3374200.0
2013-10-08  47.8500  47.4100   4241400.0
2013-10-09  47.5400  47.6800   3358900.0
2013-10-10  47.9900  48.4500   3408600.0
2013-10-11  48.4000  48.3500   1960000.0
2013-10-14  48.2000  48.3400   2036600.0
2013-10-15  48.2500  47.9100   1936900.0
2013-10-16  48.2100  48.7700   2941400.0
2013-10-17  48.6400  48.9700   2789500.0
2013-10-18  49.1600  49.1900   2339800.0
2013-10-21  48.8000  48.9700   3986100.0
2013-10-22  49.0500  49.6500   2451100.0
2013-10-23  49.4500  50.0200   2751200.0
2013-10-24  49.9700  49.9100   1649400.0
2013-10-25  49.9000  50.0600   1360800.0
2013-10-28  50.0100  50.7000   3460300.0
2013-10-29  50.7700  51.0600   1886500.0
2013-10-30  51.1100  50.6400   2060900.0
2013-10-31  50.6500  50.4200   2620900.0
2013-11-01  50.5500  50.3200   3600600.0
2013-11-04  50.5000  50.4600   1976200.0
2013-11-05  50.2400  50.7000   2347400.0
2013-11-06  50.9700  51.1500   1727200.0
2013-11-07  51.0500  50.4000   2694000.0
2013-11-08  50.2000  50.5400   2618000.0
2013-11-11  50.6000  50.4500   1642500.0
2013-11-12  50.4400  50.4600   1974200.0
2013-11-13  50.2700  50.8800   2484600.0
2013-11-14  50.9700  51.5300   2125100.0
2013-11-15  51.5200  51.3100   2338000.0
2013-11-18  51.2500  50.9500   3182100.0
2013-11-19  50.5400  50.3800   4195400.0
2013-11-20  50.4600  49.2400   5515700.0
2013-11-21  49.3400  49.4200   2737700.0
2013-11-22  49.4500  50.1200   3025500.0
2013-11-25  50.2600  49.8800   2222500.0
2013-11-26  50.0599  50.4800   4162900.0
2013-11-27  50.4900  50.5300   1663000.0
2013-11-29  50.5100  50.4300   1216100.0
2013-12-02  50.2200  50.2600   1996400.0
2013-12-03  50.2000  50.6000   2226600.0
2013-12-04  50.3100  50.7100   2143100.0
2013-12-05  50.4900  50.2600   2578400.0
2013-12-06  50.6300  51.5000   3245200.0
2013-12-09  51.5500  51.4400   2958200.0
2013-12-10  51.2700  50.7300   2762200.0
2013-12-11  50.7900  50.5900   3494100.0
2013-12-12  50.4500  49.5700   4073200.0
2013-12-13  49.5900  49.6400   2781900.0
2013-12-16  49.7800  49.9100   3360200.0
2013-12-17  49.8500  49.5800   3729000.0
2013-12-18  48.8500  49.7300   7334500.0
2013-12-19  50.2800  49.3600   5780700.0
2013-12-20  49.3200  49.3000   5604800.0
2013-12-23  49.3000  49.1600   3259100.0
2013-12-24  49.2300  49.2800   1114600.0
2013-12-26  49.4500  49.7000   2162900.0
2013-12-27  49.8100  49.8400   1805500.0
2013-12-30  49.9000  49.9600   2052100.0
2013-12-31  49.9300  49.9100   1928800.0
2014-01-02  49.6000  49.4000   2205500.0
2014-01-03  49.4100  49.2600   2309700.0
2014-01-06  49.3800  49.3400   3260200.0
2014-01-07  49.6400  49.8500   4606800.0
2014-01-08  49.3400  48.5700   5747800.0
2014-01-09  48.6400  49.0000   4565600.0
2014-01-10  49.1700  49.2900   2797700.0
2014-01-13  49.1300  48.8100   2674600.0
2014-01-14  48.2700  48.8000   4311800.0
2014-01-15  48.9300  48.4000   3929400.0
2014-01-16  48.3000  48.5200   3255100.0
2014-01-17  48.4400  48.2800   3790700.0
2014-01-21  48.5500  48.5400   3473800.0
2014-01-22  48.5400  48.7700   2986500.0
2014-01-23  48.5000  48.7100   3504100.0
2014-01-24  48.4500  48.2800   4033200.0
2014-01-27  48.3400  48.5300   3413400.0
2014-01-28  48.5300  48.9600   3129000.0
2014-01-29  48.6700  47.9400   5125700.0
2014-01-30  48.0700  48.5700   3290600.0
2014-01-31  48.0200  48.0200   3734200.0
2014-02-03  48.0700  46.8600   4716800.0
2014-02-04  46.9900  47.0900   2649200.0
2014-02-05  46.8900  47.3600   3004400.0
2014-02-06  47.4900  47.6600   3025100.0
2014-02-07  47.7400  48.0500   2376800.0
2014-02-10  47.9600  48.3100   1863000.0
2014-02-11  48.1300  48.9300   3307000.0
2014-02-12  48.8000  48.5300   2918400.0
2014-02-13  48.2700  49.1900   2607400.0
2014-02-14  49.1400  49.8900   3774600.0
2014-02-18  49.9400  49.6800   2825900.0
2014-02-19  49.4700  49.2700   2131600.0
2014-02-20  49.2700  49.7800   2436000.0
2014-02-21  49.8900  49.5100   2937200.0
2014-02-24  49.7300  49.8500   2828300.0
2014-02-25  49.9300  50.0500   2760400.0
2014-02-26  50.0900  49.6600   2141600.0
2014-02-27  49.4800  49.7800   2172300.0
2014-02-28  49.8200  50.0300   3337200.0
2014-03-03  49.5200  49.8600   3464600.0
2014-03-04  50.2200  50.7400   3823600.0
2014-03-05  50.6200  50.6400   2317300.0
2014-03-06  50.5800  50.6700   1962100.0
2014-03-07  50.7300  50.8000   1808600.0
2014-03-10  50.5500  50.4500   2581800.0
2014-03-11  50.5600  50.7400   2281100.0
2014-03-12  50.6100  51.3500   2964600.0
2014-03-13  51.3900  51.0100   3737200.0
2014-03-14  49.4400  49.7700   5782700.0
2014-03-17  50.0400  50.4300   3428800.0
2014-03-18  50.7100  50.7100   3077500.0
2014-03-19  50.6500  50.7400   3425700.0
2014-03-20  50.8800  51.0500   3369600.0
2014-03-21  51.4400  51.0300   6460100.0
2014-03-24  51.2200  50.7200   3534500.0
2014-03-25  51.0300  51.0800   3425200.0
2014-03-26  51.0500  51.1000   4643700.0
2014-03-27  51.0700  51.0800   4844200.0
2014-03-28  51.3700  51.3000   1943100.0
2014-03-31  51.5300  51.8200   2995600.0
2014-04-01  51.6500  51.7800   2782200.0
2014-04-02  51.8500  51.6200   2339700.0
2014-04-03  51.9200  52.2300   3611400.0
2014-04-04  51.9200  51.2500   4452200.0
2014-04-07  51.4500  51.8500   5409100.0
2014-04-08  51.4400  51.2800   4559300.0
2014-04-09  51.2200  51.2700   3248000.0
2014-04-10  51.3600  51.0000   4626400.0
2014-04-11  51.0200  51.1500   4236400.0
2014-04-14  51.4700  51.3000   2618200.0
2014-04-15  51.3400  51.2500   4045300.0
2014-04-16  51.5600  52.2600   3755700.0
2014-04-17  52.2300  52.0900   2648800.0
2014-04-21  52.0700  52.3000   2039100.0
2014-04-22  52.1600  52.1900   2163100.0
2014-04-23  52.2300  52.3700   2660800.0
2014-04-24  52.3300  52.4300   2290600.0
2014-04-25  52.4300  52.2900   2205000.0
2014-04-28  52.5800  53.1700   3315500.0
2014-04-29  53.2700  52.8100   2055600.0
2014-04-30  52.7800  53.0200   2273400.0
2014-05-01  53.2200  52.6800   2115300.0
2014-05-02  52.5400  52.7500   1943300.0
2014-05-05  52.5800  53.0100   1773700.0
2014-05-06  52.9900  52.8600   2309100.0
2014-05-07  53.0700  53.5400   2637700.0
2014-05-08  53.4400  53.6700   2208800.0
2014-05-09  53.6600  54.4000   3889000.0
2014-05-12  54.5500  54.2600   2748200.0
2014-05-13  54.2600  54.3700   1788100.0
2014-05-14  54.4000  54.1000   1480600.0
2014-05-15  53.9800  53.4100   3143200.0
2014-05-16  53.3200  53.8100   2657400.0
2014-05-19  53.5600  53.7200   1241400.0
2014-05-20  53.7000  53.4800   2100900.0
2014-05-21  53.5000  53.4800   1842700.0
2014-05-22  53.5000  53.7400   1694000.0
2014-05-23  53.7500  53.8100   1317100.0
2014-05-27  53.9600  54.2400   2210000.0
2014-05-28  54.3500  54.2400   1899900.0
2014-05-29  54.3900  54.7000   1674500.0
2014-05-30  54.5100  54.9300   2516300.0
2014-06-02  54.8700  54.9100   1883300.0
2014-06-03  54.6000  55.0500   2100500.0
2014-06-04  54.9000  55.5600   2405100.0
2014-06-05  55.4800  55.3400   1776000.0
2014-06-06  55.3000  55.4100   1580200.0
2014-06-09  55.4100  55.1700   1815800.0
2014-06-10  55.0700  55.1600   1772200.0
2014-06-11  55.1400  54.7500   1559600.0
2014-06-12  54.5100  54.2000   2276700.0
2014-06-13  54.2600  54.3100   2414400.0
2014-06-16  54.3100  54.2100   2468400.0
2014-06-17  54.3100  54.2900   2379800.0
2014-06-18  54.0600  54.6800   3641600.0
2014-06-19  54.5500  54.8400   2506200.0
2014-06-20  54.9800  54.6400   4096900.0
2014-06-23  54.6400  54.2700   2761200.0
2014-06-24  54.1600  53.7000   4624000.0
2014-06-25  51.8000  51.7600   8822200.0
2014-06-26  51.8700  52.0300   5677200.0
2014-06-27  52.0000  52.3100   4480000.0
2014-06-30  52.2500  52.5400   4011100.0
2014-07-01  52.1800  52.9000   3924100.0
2014-07-02  52.8900  53.0100   2465300.0
2014-07-03  53.3600  53.0500   2975100.0
2014-07-07  53.1000  53.4200   2934100.0
2014-07-08  53.0000  53.1000   4049900.0
2014-07-09  53.3300  53.2600   2711900.0
2014-07-10  52.9000  53.0200   2737800.0
2014-07-11  53.0800  52.9100   2053400.0
2014-07-14  53.1200  53.0400   2280200.0
2014-07-15  53.0100  52.9300   2430200.0
2014-07-16  52.9800  53.0800   2831200.0
2014-07-17  53.0000  52.7800   2609500.0
2014-07-18  53.0200  53.0600   2869700.0
2014-07-21  52.9400  52.8600   1699300.0
2014-07-22  52.7600  52.9500   1770100.0
2014-07-23  52.9500  52.9000   2213300.0
2014-07-24  52.9600  52.9500   2051400.0
2014-07-25  52.9200  52.8100   1665300.0
2014-07-28  52.7900  52.8700   1900000.0
2014-07-29  52.8100  52.5100   1966900.0
2014-07-30  52.5800  51.6500   3684900.0
2014-07-31  51.3500  50.1500   5499600.0
2014-08-01  51.0900  51.2900   4714400.0
2014-08-04  51.0900  51.2900   2926900.0
2014-08-05  51.2400  50.8800   2969400.0
2014-08-06  50.8200  51.7200   3270600.0
2014-08-07  51.3500  51.2800   1872200.0
2014-08-08  51.3700  51.9700   2113000.0
2014-08-11  52.0200  52.4400   2422600.0
2014-08-12  52.2500  52.4800   1908500.0
2014-08-13  52.6900  52.5500   1607700.0
2014-08-14  52.5000  52.7800   1696700.0
2014-08-15  52.9300  52.6600   1973200.0
2014-08-18  52.9300  52.9900   2166900.0
2014-08-19  53.0000  53.2300   1637400.0
2014-08-20  53.0500  53.4200   1662000.0
2014-08-21  53.5000  53.2200   2389600.0
2014-08-22  53.2400  52.7100   3286400.0
2014-08-25  53.1000  52.8500   2269700.0
2014-08-26  53.1600  52.9800   2242800.0
2014-08-27  52.9100  53.2600   1532600.0
2014-08-28  53.0800  53.1900   1380400.0
2014-08-29  53.2000  53.3800   2313700.0
2014-09-02  53.4000  53.3600   2045600.0
2014-09-03  53.5800  53.5400   2191300.0
2014-09-04  53.5600  53.4800   1882200.0
2014-09-05  53.4500  53.8200   1959800.0
2014-09-08  53.5400  53.5100   1365700.0
2014-09-09  53.3300  53.1700   3897200.0
2014-09-10  53.1100  53.2300   2233300.0
2014-09-11  53.1900  53.2700   2113300.0
2014-09-12  53.1700  52.7900   1951800.0
2014-09-15  52.8800  53.1800   2209300.0
2014-09-16  53.1800  53.1800   3174700.0
2014-09-17  52.0400  50.8300  11820900.0
2014-09-18  50.8400  51.2200   7498600.0
2014-09-19  51.4500  51.2800   4140100.0
2014-09-22  51.2000  50.7500   3547346.0
2014-09-23  50.5600  50.4100   4516725.0
2014-09-24  50.5000  50.4500   5137387.0
2014-09-25  50.4900  50.1200   4115563.0
2014-09-26  50.1200  50.2800   3002444.0
2014-09-29  50.0900  50.6300   2691393.0
2014-09-30  50.4600  50.4500   2824038.0
2014-10-01  49.7100  49.9800   3797717.0
2014-10-02  49.9800  50.1400   3471883.0
2014-10-03  50.4100  50.4700   2383707.0
2014-10-06  50.6100  50.5900   2866336.0
2014-10-07  50.4100  50.1800   3306149.0
2014-10-08  49.8000  50.1500   3417534.0
2014-10-09  50.1800  49.8900   3548027.0
2014-10-10  49.8900  49.8100   3800318.0
2014-10-13  50.0300  49.2800   2955944.0
2014-10-14  49.4200  49.5200   2621116.0
2014-10-15  49.1700  49.1100   4593913.0
2014-10-16  48.4300  48.8600   3741981.0
2014-10-17  49.0700  49.2900   3012031.0
2014-10-20  49.3000  49.9200   2621735.0
2014-10-21  50.2200  50.4600   3401422.0
2014-10-22  50.6200  50.6000   2170124.0
2014-10-23  50.8300  50.5100   1709663.0
2014-10-24  50.5400  51.0300   1744838.0
2014-10-27  51.0000  51.1600   1366336.0
2014-10-28  51.4400  51.3800   1370646.0
2014-10-29  51.4200  50.9000   2920343.0
2014-10-30  50.6500  51.4500   2055119.0
2014-10-31  51.9100  51.9600   2666267.0
2014-11-03  52.0000  52.6600   3463846.0
2014-11-04  52.7200  52.8600   3903781.0
2014-11-05  53.1300  53.1700   2398216.0
2014-11-06  53.2100  53.2700   1962649.0
2014-11-07  51.4600  51.3600   6440262.0
2014-11-10  51.3000  50.8700   4397291.0
2014-11-11  50.8300  50.9700   2570642.0
2014-11-12  50.6000  50.9600   2615770.0
2014-11-13  51.1100  51.0000   3048245.0
2014-11-14  50.9900  50.8200   2814137.0
2014-11-17  50.8200  51.3500   2196297.0
2014-11-18  51.4200  51.5900   2215294.0
2014-11-19  51.4000  51.9200   1920602.0
2014-11-20  51.8200  51.6400   1540130.0
2014-11-21  52.2300  51.8500   2508671.0
2014-11-24  51.7900  51.5000   2213572.0
2014-11-25  51.5000  51.6500   3555155.0
2014-11-26  51.7200  51.8500   1355489.0
2014-11-28  52.1300  52.7500   1664466.0
2014-12-01  52.5300  52.6300   2183869.0
2014-12-02  52.7900  53.0500   3093382.0
2014-12-03  52.9000  53.0400   4708044.0
2014-12-04  52.9500  53.0000   2933150.0
2014-12-05  53.0000  53.1200   2579309.0
2014-12-08  52.9100  52.9300   2881117.0
2014-12-09  52.5900  52.2800   2956780.0
2014-12-10  52.5100  51.9900   2518730.0
2014-12-11  52.0900  52.4800   4118152.0
2014-12-12  52.0600  52.1000   4614385.0
2014-12-15  52.1600  51.4700   3320142.0
2014-12-16  51.4300  51.1300   3904567.0
2014-12-17  51.5300  52.1900   4644461.0
2014-12-18  52.5000  53.5100   4622050.0
2014-12-19  53.5000  53.8100   4901905.0
2014-12-22  53.9500  54.3800   2552378.0
2014-12-23  54.5600  54.4100   2343195.0
2014-12-24  54.3400  54.3100   1214479.0
2014-12-26  54.3400  54.3800   1053843.0
2014-12-29  54.2200  54.3100   1487870.0
2014-12-30  54.3000  54.3500   1361569.0
2014-12-31  54.1900  53.3300   2526117.0
2015-01-02  53.1000  53.1100   2168616.0
2015-01-05  52.2700  52.1500   4155769.0
2015-01-06  52.4400  52.0200   3036444.0
2015-01-07  52.4500  53.1200   3200087.0
2015-01-08  53.0900  53.5700   4005929.0
2015-01-09  53.5900  53.0300   2045885.0
2015-01-12  52.8800  52.6500   2009401.0
2015-01-13  53.0300  52.7100   2998180.0
2015-01-14  52.4200  52.9200   4428118.0
2015-01-15  53.1800  53.4500   4532136.0
2015-01-16  53.3200  53.4100   4273079.0
2015-01-20  53.6100  54.4000   5211131.0
2015-01-21  54.1000  54.0800   3565462.0
2015-01-22  54.4100  54.7800   2986177.0
2015-01-23  54.6800  54.5600   3000473.0
2015-01-26  54.5000  54.9500   3717866.0
2015-01-27  54.3600  55.1100   4819593.0
2015-01-28  55.2400  54.0800   3116525.0
2015-01-29  53.6000  53.6300   4450107.0
2015-01-30  53.1900  52.4800   3919462.0
2015-02-02  52.6500  53.0700   3631358.0
2015-02-03  53.4500  53.2600   2632361.0
2015-02-04  53.2800  53.2200   2434766.0
2015-02-05  53.2700  53.4000   1948790.0
2015-02-06  53.2600  53.1600   1997107.0
2015-02-09  53.0600  53.0000   3168079.0
2015-02-10  53.1000  53.2300   2530246.0
2015-02-11  53.3700  53.1600   2523628.0
2015-02-12  52.5500  52.9300   3115638.0
2015-02-13  52.6600  52.4800   3464679.0
2015-02-17  52.3300  52.3400   3534085.0
2015-02-18  52.3400  52.8800   2572891.0
2015-02-19  52.8800  53.4500   3431717.0
2015-02-20  53.4100  53.4700   3113009.0
2015-02-23  53.3800  53.4900   1747241.0
2015-02-24  53.3700  53.4200   2463499.0
2015-02-25  53.3600  53.5400   1824188.0
2015-02-26  53.6300  53.4200   2099108.0
2015-02-27  53.4500  53.7900   3038289.0
2015-03-02  53.6100  53.5000   1518873.0
2015-03-03  53.4100  53.4800   1690726.0
2015-03-04  53.3400  53.2100   1993840.0
2015-03-05  53.3500  53.2800   1600653.0
2015-03-06  52.9400  52.1300   3430866.0
2015-03-09  52.0900  52.5000   2170174.0
2015-03-10  52.2100  51.7900   2280248.0
2015-03-11  51.9600  51.7000   2545076.0
2015-03-12  51.8800  52.6200   2501064.0
2015-03-13  52.4700  52.1500   2240144.0
2015-03-16  52.3400  52.4100   2811789.0
2015-03-17  52.2200  52.0500   2854014.0
2015-03-18  51.8900  52.8600   5122662.0
2015-03-19  52.7300  52.5400   2495979.0
2015-03-20  52.8300  53.4500   4070051.0
2015-03-23  53.4500  53.7400   2622953.0
2015-03-24  53.8800  53.2000   2850047.0
2015-03-25  53.7700  53.7400   6753340.0
2015-03-26  53.5300  53.9400   5693146.0
2015-03-27  53.9100  54.9900   4990793.0
2015-03-30  55.0300  56.3500   7165937.0
2015-03-31  56.2200  56.6000   7898268.0
2015-04-01  56.3900  56.4800   4627861.0
2015-04-02  56.4400  56.5500   3271114.0
2015-04-06  57.5400  56.7400   4172963.0
2015-04-07  56.7400  56.0800   3109621.0
2015-04-08  55.7000  55.8300   2875322.0
2015-04-09  55.7000  56.1300   2261509.0
2015-04-10  56.1700  56.4900   2962907.0
2015-04-13  56.4700  56.4300   2555795.0
2015-04-14  56.4900  56.6300   2443882.0
2015-04-15  56.7800  56.4500   2067564.0
2015-04-16  56.3800  56.2300   2704645.0
2015-04-17  55.8600  56.0900   2639300.0
2015-04-20  56.6900  56.4500   2276570.0
2015-04-21  56.4500  56.1100   1805744.0
2015-04-22  56.3700  56.2100   1891600.0
2015-04-23  55.9800  56.2900   2411650.0
2015-04-24  56.4600  56.3800   1754831.0
2015-04-27  56.4400  56.0500   1697139.0
2015-04-28  56.0000  56.1000   1805548.0
2015-04-29  56.0100  55.5700   2069243.0
2015-04-30  55.5800  55.3400   1815572.0
2015-05-01  55.5100  55.7000   2573874.0
2015-05-04  55.7300  55.8500   1426134.0
2015-05-05  56.0000  55.6300   2097979.0
2015-05-06  55.8600  55.3000   2198364.0
2015-05-07  55.2500  55.6300   1620913.0
2015-05-08  55.9400  56.2700   1884796.0
2015-05-11  56.1400  56.0700   1351609.0
2015-05-12  55.9200  56.4000   1780143.0
2015-05-13  56.3600  56.2200   1736601.0
2015-05-14  56.6000  56.8400   2412593.0
2015-05-15  56.7800  57.1400   2170522.0
2015-05-18  56.9000  56.8500   2545382.0
2015-05-19  56.7900  56.8600   1566568.0
2015-05-20  56.8400  56.9700   1391342.0
2015-05-21  56.9500  56.8200   1572454.0
2015-05-22  56.7100  56.5200   1813590.0
2015-05-26  56.5100  55.9800   2141322.0
2015-05-27  56.1300  56.4700   1617217.0
2015-05-28  56.3500  56.2500   1841888.0
2015-05-29  56.2200  56.1500   3132336.0
2015-06-01  56.3200  56.2900   2285449.0
2015-06-02  56.1300  55.8600   1244896.0
2015-06-03  56.0500  55.7000   1820355.0
2015-06-04  55.3900  55.0600   2186251.0
2015-06-05  54.8700  54.4200   2454862.0
2015-06-08  54.4800  54.3600   1609626.0
2015-06-09  54.5400  54.4500   2178535.0
2015-06-10  54.6700  55.0900   2287891.0
2015-06-11  55.1500  55.1100   1843176.0
2015-06-12  55.0100  54.9200   1342435.0
2015-06-15  54.6100  54.4000   2200433.0
2015-06-16  54.5100  55.0900   2302349.0
2015-06-17  55.0600  55.2500   2301618.0
2015-06-18  55.4700  55.8500   2999414.0
2015-06-19  55.8500  56.1300   4183216.0
2015-06-22  56.3900  56.5700   2170792.0
2015-06-23  56.5700  56.5600   2163998.0
2015-06-24  56.5500  56.5500   4657500.0
2015-06-25  57.0200  56.4900   3766741.0
2015-06-26  56.6900  56.9300   5394657.0
2015-06-29  56.5200  56.0600   3735903.0
2015-06-30  56.3600  55.7200   3432097.0
2015-07-01  55.1200  57.0900  10353204.0
2015-07-02  57.1800  57.0500   8850713.0
2015-07-06  56.9100  56.5900   3468728.0
2015-07-07  56.7000  57.8900   4285696.0
2015-07-08  57.2900  56.9500   3604030.0
2015-07-09  57.4100  56.9300   2234564.0
2015-07-10  57.2600  57.2700   2011038.0
2015-07-13  57.4900  57.5200   2412840.0
2015-07-14  57.5000  57.2500   3175412.0
2015-07-15  57.0700  56.8100   3591667.0
2015-07-16  57.1600  57.0300   2871475.0
2015-07-17  56.8500  56.9400   2514623.0
2015-07-20  56.9800  56.8300   4683781.0
2015-07-21  57.3800  57.2100   4491236.0
2015-07-22  57.2500  57.6300   2045297.0
2015-07-23  57.5500  57.0800   1717872.0
2015-07-24  56.9400  56.9200   1994631.0
2015-07-27  56.6000  56.9600   2926971.0
2015-07-28  57.2600  57.5500   2846348.0
2015-07-29  57.5500  57.4900   3360329.0
2015-07-30  57.3000  58.2600   2716180.0
2015-07-31  58.4900  58.2100   3013919.0
2015-08-03  58.2900  58.9300   2593296.0
2015-08-04  58.9000  58.9900   2502440.0
2015-08-05  59.0800  59.4000   2238441.0
2015-08-06  59.7600  59.5500   2583663.0
2015-08-07  59.2900  59.1100   2325248.0
2015-08-10  59.2300  59.4000   1895402.0
2015-08-11  58.9700  59.1400   1797996.0
2015-08-12  58.7700  59.1000   2914337.0
2015-08-13  58.9400  58.8900   2526595.0
2015-08-14  58.9500  59.2600   1440533.0
2015-08-17  59.0800  59.2900   1484835.0
2015-08-18  59.1600  58.9400   2180769.0
2015-08-19  58.6800  58.5300   3119486.0
2015-08-20  58.0700  57.8200   2668123.0
2015-08-21  57.5200  56.2100   4074911.0
2015-08-24  53.9300  54.5200   6846413.0
2015-08-25  55.8700  54.8100   5662280.0
2015-08-26  55.7600  55.8900   5052244.0
2015-08-27  56.5200  56.9600   4011158.0
2015-08-28  56.6300  57.1300   4288955.0
2015-08-31  56.8100  56.7600   3389351.0
2015-09-01  55.7700  55.5300   4629031.0
2015-09-02  56.6800  56.8200   5751710.0
2015-09-03  56.7900  57.6100   5217639.0
2015-09-04  56.9400  56.5900   4330526.0
2015-09-08  57.2100  57.1600   3844575.0
2015-09-09  57.4800  55.7900   4923656.0
2015-09-10  55.7100  55.8900   4112841.0
2015-09-11  55.7600  56.4700   2623164.0
2015-09-14  56.3700  56.0900   3336782.0
2015-09-15  56.2500  56.7400   2508063.0
2015-09-16  56.9400  57.1200   3031140.0
2015-09-17  57.1800  57.4800   2826337.0
2015-09-18  56.6200  56.5700   5248051.0
2015-09-21  56.9500  56.7900   4193765.0
2015-09-22  56.7800  57.1300   5959771.0
2015-09-23  57.1800  57.4100   4745623.0
2015-09-24  57.1900  56.9500   5120874.0
2015-09-25  57.1400  57.4300   4835737.0
2015-09-28  57.2000  55.4100   8937367.0
2015-09-29  55.5600  55.5600   4036985.0
2015-09-30  56.1400  56.1300   4423644.0
2015-10-01  55.8900  55.9900   3493603.0
2015-10-02  55.6000  56.6200   4062342.0
2015-10-05  57.0000  57.2200   4898047.0
2015-10-06  57.2300  55.7000   5045375.0
2015-10-07  55.5700  55.7200   4368496.0
2015-10-08  55.6500  56.4800   2836889.0
2015-10-09  56.4200  56.6100   2593917.0
2015-10-12  56.5200  57.1700   2357214.0
2015-10-13  56.9000  56.5900   2492266.0
2015-10-14  56.5600  56.0900   2330708.0
2015-10-15  56.4500  56.4000   2137059.0
2015-10-16  56.5600  56.9400   2331778.0
2015-10-19  56.8100  56.6800   1939056.0
2015-10-20  56.7000  56.6000   2025228.0
2015-10-21  56.6700  56.9800   3345202.0
2015-10-22  57.2600  59.2300   4469283.0
2015-10-23  59.2300  58.3300   3335079.0
2015-10-26  58.4600  58.3100   2384958.0
2015-10-27  58.0200  58.2200   2765418.0
2015-10-28  58.4900  58.1200   2353676.0
2015-10-29  58.0300  58.1800   1620735.0
2015-10-30  58.1200  58.1100   2373733.0
2015-11-02  58.1800  57.9800   1842518.0
2015-11-03  57.6900  57.3100   3529903.0
2015-11-04  57.5100  57.2900   2485179.0
2015-11-05  57.2500  57.6200   2419150.0
2015-11-06  57.3100  56.5800   3318690.0
2015-11-09  56.3800  56.4300   3864525.0
2015-11-10  56.2900  56.6600   2460347.0
2015-11-11  56.8300  57.1300   1907734.0
2015-11-12  56.6900  56.2000   2378480.0
2015-11-13  56.1400  55.8100   3124661.0
2015-11-16  55.9100  57.1100   2770991.0
2015-11-17  57.0800  56.1900   4712339.0
2015-11-18  56.2700  57.1700   2636111.0
2015-11-19  57.2900  56.9100   3296792.0
2015-11-20  57.2300  56.7500   2643400.0
2015-11-23  56.9500  57.8100   2705246.0
2015-11-24  57.5200  57.9700   3217760.0
2015-11-25  57.9800  58.2400   1912345.0
2015-11-27  58.3300  58.4100    950180.0
2015-11-30  58.5700  57.7600   3703317.0
2015-12-01  58.2000  58.2600   3413887.0
2015-12-02  58.1400  57.7900   2674461.0
2015-12-03  57.8900  57.2700   4353485.0
2015-12-04  57.4900  58.5200   4047970.0
2015-12-07  58.4000  58.5800   3932246.0
2015-12-08  58.0900  59.0100   3421457.0
2015-12-09  58.5800  58.5800   3309388.0
2015-12-10  58.5900  58.7800   2635271.0
2015-12-11  58.2400  58.1000   3910437.0
2015-12-14  58.2000  58.4300   3637305.0
2015-12-15  58.8500  58.5500   3974977.0
2015-12-16  58.7800  59.1900   4609008.0
2015-12-17  57.9100  57.2300   7538772.0
2015-12-18  56.6000  56.9400   6748013.0
2015-12-21  57.2800  57.4100   4099269.0
2015-12-22  57.6900  58.4100   3037089.0
2015-12-23  58.5500  58.9200   3050471.0
2015-12-24  58.9200  58.7200   1252443.0
2015-12-28  58.5400  58.5800   2344477.0
2015-12-29  58.7700  58.8800   2187915.0
2015-12-30  58.9800  58.5600   1880641.0
2015-12-31  58.0700  57.6600   2341937.0
2016-01-04  56.8400  57.4600   4257504.0
2016-01-05  57.6800  57.2000   3647950.0
2016-01-06  56.8000  56.7300   4709058.0
2016-01-07  55.7000  55.1100   5417372.0
2016-01-08  55.1700  55.2900   4295844.0
2016-01-11  55.3900  55.9100   4831403.0
2016-01-12  56.2100  56.3700   3511264.0
2016-01-13  56.4900  55.3000   4001836.0
2016-01-14  55.3400  55.3500   4465141.0
2016-01-15  54.2700  54.7400   6695455.0
2016-01-19  55.3000  55.4200   4203721.0
2016-01-20  54.7700  54.5600   4257634.0
2016-01-21  54.5900  54.1200   4911850.0
2016-01-22  54.7600  55.3300   3452173.0
2016-01-25  55.2800  54.8000   2848029.0
2016-01-26  54.8600  55.1300   2716633.0
2016-01-27  55.2600  54.9400   2553549.0
2016-01-28  55.3500  55.2100   3283964.0
2016-01-29  55.2100  56.5100   4407670.0
2016-02-01  56.5600  56.6700   2415748.0
2016-02-02  56.1200  55.8000   3177740.0
2016-02-03  55.9400  55.6700   3277481.0
2016-02-04  55.3800  55.1200   3089132.0
2016-02-05  55.1200  55.3700   3245280.0
2016-02-08  55.1300  55.7200   3278919.0
2016-02-09  55.3000  55.9400   3983115.0
2016-02-10  56.1600  56.0900   2991716.0
2016-02-11  55.4000  55.9800   3302521.0
2016-02-12  56.1700  56.8900   3569826.0
2016-02-16  57.0000  57.6600   4095400.0
2016-02-17  57.9900  58.1400   5210832.0
2016-02-18  58.1100  58.6000   3141200.0
2016-02-19  58.5300  58.7200   2626341.0
2016-02-22  58.9600  58.3700   3887390.0
2016-02-23  58.2900  58.8200   2675055.0
2016-02-24  58.5300  58.9600   2683785.0
2016-02-25  59.0400  60.1400   3195827.0
2016-02-26  60.0500  59.0000   2774809.0
2016-02-29  58.9300  58.8500   2804167.0
2016-03-01  59.2500  59.3700   2869887.0
2016-03-02  59.1500  59.5300   2862692.0
2016-03-03  59.4900  59.7900   2272604.0
2016-03-04  59.7100  60.2000   2667314.0
2016-03-07  59.8000  59.6200   2242627.0
2016-03-08  59.3300  59.9500   3321778.0
2016-03-09  60.1100  60.4400   3051505.0
2016-03-10  60.5900  60.5300   2638867.0
2016-03-11  60.8900  61.0600   2794595.0
2016-03-14  60.9900  60.8900   1920345.0
2016-03-15  60.6400  61.2400   2387435.0
2016-03-16  61.1100  61.3900   2458781.0
2016-03-17  61.5700  61.7800   3229339.0
2016-03-18  61.8100  61.7900   8676253.0
2016-03-21  61.5500  61.3000   4670553.0
2016-03-22  61.1100  60.7900   4228496.0
2016-03-23  60.5300  61.0100   5265123.0
2016-03-24  60.8000  61.3600   4916979.0
2016-03-28  61.4500  61.8800   3444533.0
2016-03-29  61.9200  62.9400   6390896.0
2016-03-30  63.3600  63.3100   4861181.0
2016-03-31  63.2100  63.3500   8874409.0
2016-04-01  62.9000  64.9600   7433875.0
2016-04-04  65.0000  65.3600   6174015.0
2016-04-05  65.3700  64.2800   4835176.0
2016-04-06  64.4200  64.1400   5110284.0
2016-04-07  63.1400  63.1200   4445927.0
2016-04-08  63.2000  63.3000   3470930.0
2016-04-11  63.4200  62.8800   3295866.0
2016-04-12  63.1200  63.4600   3606359.0
2016-04-13  63.4500  62.6900   2559139.0
2016-04-14  62.6800  62.1100   2687296.0
2016-04-15  62.2400  62.4500   2960492.0
2016-04-18  62.4300  62.5300   3185921.0
2016-04-19  62.7000  62.3800   2135056.0
2016-04-20  62.3700  61.6400   2463838.0
2016-04-21  61.5800  60.1200   3570019.0
2016-04-22  60.2300  60.5600   3207147.0
2016-04-25  60.4500  61.0900   2258660.0
2016-04-26  61.1200  60.7100   2164205.0
2016-04-27  60.9000  61.1300   2685532.0
2016-04-28  60.7000  61.2600   2166067.0
2016-04-29  61.0600  61.3400   2703179.0
2016-05-02  61.5900  62.2200   2848518.0
2016-05-03  61.9200  61.6500   2731547.0
2016-05-04  61.3300  61.7400   2648130.0
2016-05-05  61.8000  62.0800   3084778.0
2016-05-06  62.0700  62.1100   2271929.0
2016-05-09  62.2100  62.7300   2418865.0
2016-05-10  62.8800  63.7300   3245661.0
2016-05-11  63.7300  64.0100   3449814.0
2016-05-12  64.1300  64.7200   2563760.0
2016-05-13  64.6100  64.5200   2763845.0
2016-05-16  64.3900  64.5700   2274759.0
2016-05-17  64.3000  62.9900   3497206.0
2016-05-18  62.7200  62.3900   3036853.0
2016-05-19  62.2800  62.9200   2577119.0
2016-05-20  62.9100  62.4500   3313346.0
2016-05-23  62.5500  62.7000   2127054.0
2016-05-24  61.6900  62.4000   4196123.0
2016-05-25  62.5100  62.3600   2631357.0
2016-05-26  62.5300  62.8700   1776281.0
2016-05-27  62.7100  62.8700   1634062.0
2016-05-31  62.9600  62.7800   3160225.0
2016-06-01  62.7700  63.1700   2538445.0
2016-06-02  63.0700  63.2300   1593647.0
2016-06-03  63.2000  63.6900   1979859.0
2016-06-06  63.6600  63.5800   1649263.0
2016-06-07  63.6800  64.0200   2000482.0
2016-06-08  64.0000  64.4200   2323243.0
2016-06-09  64.4300  65.3400   2460658.0
2016-06-10  65.0600  65.4100   2677096.0
2016-06-13  65.0200  64.8500   2407791.0
2016-06-14  64.6400  65.0400   2671354.0
2016-06-15  64.9700  64.8900   2042380.0
2016-06-16  64.8400  65.7800   2147133.0
2016-06-17  65.6300  65.8100   3331338.0
2016-06-20  65.9700  65.8800   2321721.0
2016-06-21  66.0700  66.5200   3132768.0
2016-06-22  66.5900  66.4000   2630163.0
2016-06-23  66.7500  66.7700   2107826.0
2016-06-24  65.6600  66.1400   4836035.0
2016-06-27  65.8300  66.1900   4253930.0
2016-06-28  66.2500  65.7600   4961415.0
2016-06-29  66.1700  67.8600   7759723.0
2016-06-30  68.0000  71.3200  12379965.0
2016-07-01  71.1900  71.9400   6075907.0
2016-07-05  71.8800  72.1100   4805950.0
2016-07-06  72.2700  72.5600   7086835.0
2016-07-07  72.4400  72.0200   4383870.0
2016-07-08  72.3900  72.4600   4234142.0
2016-07-11  72.2700  71.8100   3559890.0
2016-07-12  71.4700  71.4200   3486503.0
2016-07-13  71.4900  71.9400   2852134.0
2016-07-14  71.6900  72.0900   2689362.0
2016-07-15  72.2500  72.0200   2848745.0
2016-07-18  72.1900  72.2800   2217150.0
2016-07-19  72.2100  72.6400   1996151.0
2016-07-20  72.6500  71.7000   2840969.0
2016-07-21  71.7100  71.2100   3027375.0
2016-07-22  71.4400  71.2200   3079245.0
2016-07-25  71.2100  71.6900   2574673.0
2016-07-26  71.6500  71.2800   2592083.0
2016-07-27  71.4800  70.5500   4578319.0
2016-07-28  70.5100  71.3400   2724541.0
2016-07-29  71.1900  71.8900   2728776.0
2016-08-01  71.9800  71.6300   3417555.0
2016-08-02  71.5500  70.9700   4370515.0
2016-08-03  71.1200  69.7800   5387367.0
2016-08-04  70.0000  70.4900   4234666.0
2016-08-05  70.5000  70.5500   2539154.0
2016-08-08  70.4900  70.6300   2428695.0
2016-08-09  70.7500  70.9300   2333042.0
2016-08-10  70.9600  71.0600   2189633.0
2016-08-11  71.1000  71.0700   2212662.0
2016-08-12  71.1600  71.1700   1871333.0
2016-08-15  71.0300  71.0400   2096208.0
2016-08-16  70.5700  70.5000   2642315.0
2016-08-17  70.5100  70.5600   3923300.0
2016-08-18  70.5600  71.2700   2517046.0
2016-08-19  71.2600  71.4500   2543727.0
2016-08-22  71.5300  71.5600   2277357.0
2016-08-23  71.5600  71.1000   2270255.0
2016-08-24  71.0000  71.0000   2494700.0
2016-08-25  70.8200  71.3900   3197337.0
2016-08-26  71.3390  70.8700   1975309.0
2016-08-29  70.9900  71.4200   2489582.0
2016-08-30  71.3900  70.5100   4403383.0
2016-08-31  70.5600  70.8200   3776202.0
2016-09-01  70.6700  70.1100   4253481.0
2016-09-02  70.5700  70.9400   2446591.0
2016-09-06  71.0400  70.9000   3566453.0
2016-09-07  70.4500  67.8500   6769868.0
2016-09-08  67.6000  67.4700   4110456.0
2016-09-09  66.9700  65.0500   6391273.0
2016-09-12  65.0000  66.2800   4290810.0
2016-09-13  66.4900  65.6000   3536414.0
2016-09-14  65.8100  65.4800   3010629.0
2016-09-15  65.2200  65.5400   2835041.0
2016-09-16  65.2600  65.1900   3705320.0
2016-09-19  65.0500  65.2100   2546019.0
2016-09-20  65.2000  64.7000   3526841.0
2016-09-21  64.0600  65.2600   5468920.0
2016-09-22  65.2600  65.0600   4140196.0
2016-09-23  64.8900  64.6500   3252396.0
2016-09-26  64.4500  63.9000   3176371.0
2016-09-27  64.0600  63.9200   2693107.0
2016-09-28  64.1500  64.0800   2474918.0
2016-09-29  64.0500  63.6600   3006627.0
2016-09-30  63.9200  63.8800   3328379.0
2016-10-03  63.7600  63.8800   2758782.0
2016-10-04  63.8600  63.0500   3617990.0
2016-10-05  62.6100  62.3600   5118137.0
2016-10-06  62.1600  62.4200   3091402.0
2016-10-07  62.4000  62.1300   2759316.0
2016-10-10  62.4500  62.4400   2846973.0
2016-10-11  62.2800  61.9500   3007468.0
2016-10-12  62.1700  62.1300   2832534.0
2016-10-13  61.7600  62.2200   2683177.0
2016-10-14  62.4200  61.7800   3337151.0
2016-10-17  62.4800  61.7700   3404134.0
2016-10-18  62.2400  61.9100   5041271.0
2016-10-19  61.9500  61.5700   4423251.0
2016-10-20  61.5600  61.0000   4403112.0
2016-10-21  60.7900  60.7100   3710024.0
2016-10-24  60.9900  60.8900   3040488.0
2016-10-25  60.9700  61.1000   2012004.0
2016-10-26  61.2000  60.8400   1852594.0
2016-10-27  61.0100  60.7200   2277540.0
2016-10-28  60.8400  61.6600   2750120.0
2016-10-31  61.7000  61.9800   2745301.0
2016-11-01  62.1600  61.6300   3450335.0
2016-11-02  61.6200  61.3800   2889573.0
2016-11-03  61.3600  61.1200   2317137.0
2016-11-04  61.0500  60.6500   2578310.0
2016-11-07  61.0300  61.8300   3173873.0
2016-11-08  61.8600  63.7100   4599047.0
2016-11-09  62.4200  62.7400   4893173.0
2016-11-10  62.4200  61.0700   6338230.0
2016-11-11  61.0900  61.0400   3329707.0
2016-11-14  60.9300  61.2000   3466531.0
2016-11-15  61.4700  61.3000   3852388.0
2016-11-16  61.3300  61.2600   3284265.0
2016-11-17  61.3200  61.3600   2902874.0
2016-11-18  61.3600  61.2600   2227876.0
2016-11-21  61.0300  61.6300   2392799.0
2016-11-22  61.9300  62.6800   2739474.0
2016-11-23  62.4200  61.4800   2563370.0
2016-11-25  61.7400  62.3000   1069482.0
2016-11-28  62.1200  62.0800   2206324.0
2016-11-29  62.2500  62.6600   3143566.0
2016-11-30  62.3300  60.9400   5940025.0
2016-12-01  60.9200  60.5900   3215648.0
2016-12-02  60.7900  60.9400   2349860.0
2016-12-05  61.0000  61.1300   2132974.0
2016-12-06  61.1800  61.0300   1821393.0
2016-12-07  61.2400  62.9900   3564628.0
2016-12-08  62.7000  62.4800   2646242.0
2016-12-09  62.5600  63.2000   1938701.0
2016-12-12  63.0500  63.8700   1802609.0
2016-12-13  63.8500  63.7400   3112990.0
2016-12-14  63.9000  62.8700   2593886.0
2016-12-15  62.0700  62.8200   2963715.0
2016-12-16  62.8800  63.5000   3883933.0
2016-12-19  63.7400  63.0600   2913249.0
2016-12-20  61.0600  61.4500   6168088.0
2016-12-21  61.4200  62.3900   4290161.0
2016-12-22  62.2800  62.4600   2645393.0
2016-12-23  62.4600  62.1600   1460070.0
2016-12-27  62.3200  62.2000   1599717.0
2016-12-28  62.1100  61.8900   1701656.0
2016-12-29  61.7100  62.3600   1483370.0
2016-12-30  62.3700  61.7700   1938083.0
2017-01-03  62.0900  62.0900   2327949.0
2017-01-04  62.0500  62.0700   2135942.0
2017-01-05  62.0000  62.2500   2557894.0
2017-01-06  61.7200  61.4700   2282018.0
2017-01-09  61.3600  60.5600   3408890.0
2017-01-10  60.6000  60.4500   3244256.0
2017-01-11  60.4500  60.9800   3374041.0
2017-01-12  60.9200  61.2700   2961772.0
2017-01-13  61.2100  61.0800   1853784.0
2017-01-17  60.9600  61.9800   2775139.0
2017-01-18  61.8800  62.0800   2116360.0
2017-01-19  62.1100  61.6500   2421539.0
2017-01-20  62.0000  62.4200   3103966.0
2017-01-23  62.1900  62.1200   2837433.0
2017-01-24  62.0700  62.6700   2632543.0
2017-01-25  62.8400  63.0100   2681435.0
2017-01-26  62.8900  62.7000   1957115.0
2017-01-27  62.7500  62.7200   1845209.0
2017-01-30  62.5600  62.6000   1692258.0
2017-01-31  62.6000  62.4800   3543633.0
2017-02-01  62.3200  61.3700   2643577.0
2017-02-02  61.6400  61.7200   2167891.0
2017-02-03  62.1300  62.7300   2532374.0
2017-02-06  62.5400  61.4400   2335620.0
2017-02-07  61.6800  61.8200   1622773.0
2017-02-08  61.7400  62.2200   1682336.0
2017-02-09  62.3200  63.0600   2509411.0
2017-02-10  62.8600  62.7600   1977886.0
2017-02-13  62.7700  62.8900   1843621.0
2017-02-14  62.8100  63.0900   3639684.0
2017-02-15  62.6800  63.1900   2651381.0
2017-02-16  63.0700  61.5400   6020290.0
2017-02-17  58.8900  59.2300  11680779.0
2017-02-21  60.9200  61.0200   7527707.0
2017-02-22  60.7500  60.5900   3327033.0
2017-02-23  60.8900  60.7800   2499938.0
2017-02-24  60.8300  61.3700   2594311.0
2017-02-27  61.1100  59.9400   3804156.0
2017-02-28  60.0800  60.3700   3654114.0
2017-03-01  60.7800  60.5500   3178723.0
2017-03-02  60.6000  60.9100   3826705.0
2017-03-03  60.9800  60.7300   1893398.0
2017-03-06  60.4600  60.4300   2246082.0
2017-03-07  60.4900  60.2500   2282442.0
2017-03-08  60.3000  60.0700   2114849.0
2017-03-09  60.2500  60.6300   2272068.0
2017-03-10  60.9100  60.5700   2745156.0
2017-03-13  60.4700  60.5200   2988257.0
2017-03-14  60.5200  60.4600   1710490.0
2017-03-15  60.4300  61.1600   4713132.0
2017-03-16  60.9900  60.8100   4250091.0
2017-03-17  61.0700  60.6600  10957793.0
2017-03-20  60.7700  60.2600   4817602.0
2017-03-21  59.6600  59.7600   5442283.0
2017-03-22  59.4800  58.9400   5135274.0
2017-03-23  58.9100  59.3700   2982084.0
2017-03-24  59.6400  59.1600   3070651.0
2017-03-27  59.0100  58.7900   3263805.0
2017-03-28  58.7700  59.0100   2508338.0
2017-03-29  59.1800  59.4400   2505472.0
2017-03-30  59.4100  59.0700   1936554.0
2017-03-31  59.1000  59.0100   2506787.0
2017-04-03  59.0500  58.5500   3398973.0
2017-04-04  58.5900  58.3800   3430254.0
2017-04-05  58.4400  58.2500   3185042.0
2017-04-06  57.8900  57.6900   3471762.0
2017-04-07  57.8200  57.6500   2217216.0
2017-04-10  57.6800  57.5200   2483361.0
2017-04-11  57.4700  57.4200   2494685.0
2017-04-12  57.2500  57.5800   3230473.0
2017-04-13  57.5300  57.1700   2226435.0
2017-04-17  57.2600  57.6000   2333327.0
2017-04-18  57.7000  58.1600   3223784.0
2017-04-19  58.2000  57.8400   2464089.0
2017-04-20  57.8500  57.8800   2967005.0
2017-04-21  57.8300  57.7300   2219659.0
2017-04-24  58.0300  58.1400   2638924.0
2017-04-25  58.1700  58.2400   2227093.0
2017-04-26  58.2900  57.8800   2397681.0
2017-04-27  58.0400  57.4100   2392994.0
2017-04-28  57.5000  57.5100   3554824.0
2017-05-01  57.5600  56.6000   3035900.0
2017-05-02  56.9000  55.9200   4414297.0
2017-05-03  55.9900  56.0500   3473893.0
2017-05-04  56.1100  57.0500  19743600.0
2017-05-05  57.3300  57.3000   3732767.0
2017-05-08  57.3700  57.4000   2982360.0
2017-05-09  57.4000  56.3700   4152275.0
2017-05-10  56.3700  56.3400   3913447.0
2017-05-11  56.4000  56.2600   3954605.0
2017-05-12  56.1600  56.2500   2295745.0
2017-05-15  56.3200  56.3600   2239138.0
2017-05-16  56.4400  56.0900   2301438.0
2017-05-17  55.7000  56.0300   2757055.0
2017-05-18  56.0000  55.9100   3302759.0
2017-05-19  55.9200  56.2300   3747179.0
2017-05-22  56.0900  56.7100   3702967.0
2017-05-23  56.7200  56.6900   2544158.0
2017-05-24  56.6800  56.9100   2388283.0
2017-05-25  56.8900  56.8300   2089675.0
2017-05-26  56.9700  57.3200   2911397.0
2017-05-30  57.0700  56.5700   5507609.0
2017-05-31  56.5000  56.7400   6516802.0
2017-06-01  56.8900  57.5500   3279663.0
2017-06-02  57.6900  57.5500   3543162.0
2017-06-05  57.4700  57.4400   2734207.0
2017-06-06  57.4300  57.5300   3380983.0
2017-06-07  57.6000  57.7000   3034668.0
2017-06-08  57.6800  57.2000   3641834.0
2017-06-09  57.0700  57.0900   2866024.0
2017-06-12  56.9600  57.2400   3851756.0
2017-06-13  57.2300  58.1700   4012706.0
2017-06-14  58.3600  58.7500   6699356.0
2017-06-15  58.7400  58.8300   4682102.0
2017-06-16  58.6100  57.1000   7327451.0
2017-06-19  57.3100  57.1200   3381455.0
2017-06-20  57.1800  56.7400   2297787.0
2017-06-21  56.8300  56.2100   2667651.0
2017-06-22  56.1600  56.0000   2790424.0
2017-06-23  55.9400  55.9400   4379402.0
2017-06-26  56.0100  56.1700   3048762.0
2017-06-27  56.0200  55.5200   4233510.0
2017-06-28  56.8700  56.4200   6688590.0
2017-06-29  56.4000  54.9700   6558904.0
2017-06-30  55.1100  55.4000   4225421.0
2017-07-03  55.2900  55.1800   2083117.0
2017-07-05  55.2300  54.8100   4868332.0
2017-07-06  54.2100  53.8200   5101702.0
2017-07-07  53.8700  53.6300   3751950.0
2017-07-10  53.7300  53.4000   2898860.0
2017-07-11  53.2900  53.5300   7054335.0
2017-07-12  53.8800  53.4400   3960301.0
2017-07-13  53.4100  53.2800   3245951.0
2017-07-14  53.4000  53.7400   2826768.0
2017-07-17  53.6500  54.1500   7039947.0
2017-07-18  54.1100  53.6700   3985791.0
2017-07-19  53.6000  53.8500   2880179.0
2017-07-20  53.9400  54.1700   3917215.0
2017-07-21  54.0800  54.3500   3634430.0
2017-07-24  54.3400  54.4800   4528210.0
2017-07-25  54.6400  55.1200   3123510.0
2017-07-26  55.0800  55.1300   3395753.0
2017-07-27  55.0700  55.4900   3837202.0
2017-07-28  55.4500  55.3300   2395127.0
2017-07-31  55.3100  55.6600   3731569.0
2017-08-01  55.6400  55.2000   3720229.0
2017-08-02  55.2100  56.0700   6143866.0
2017-08-03  56.0800  56.2200   3955289.0
2017-08-04  56.3000  56.1700   5559832.0
2017-08-07  56.1800  56.3800   3404949.0
2017-08-08  56.1900  55.7800   3123981.0
2017-08-09  55.7200  55.7700   2658284.0
2017-08-10  55.5200  56.2900   3663178.0
2017-08-11  56.2500  56.5900   3702015.0
2017-08-14  56.7200  57.4000   3488406.0
2017-08-15  57.3300  57.3100   4502474.0
2017-08-16  57.3100  57.5300   2773681.0
2017-08-17  57.4800  57.5700   4234387.0
2017-08-18  57.4800  57.1400   4570178.0
2017-08-21  57.1500  57.2900   2899032.0
2017-08-22  57.2000  57.5000   1923719.0
2017-08-23  57.4200  57.6800   3336679.0
2017-08-24  57.3900  55.6800   4598637.0
2017-08-25  56.0300  55.0200   3734677.0
2017-08-28  55.0500  54.2800   3652774.0
2017-08-29  54.4100  53.9300   4259305.0
2017-08-30  53.9500  53.7500   3916864.0
2017-08-31  53.4200  53.2600   6364925.0
2017-09-01  53.2600  53.7200   3912358.0
2017-09-05  53.7600  53.7200   4257158.0
2017-09-06  53.8800  54.7000   5698121.0
2017-09-07  54.4200  54.6600   4731751.0
2017-09-08  54.6600  55.3500   3388521.0
2017-09-11  55.5800  55.7800   2836887.0
2017-09-12  55.8400  55.5600   2893740.0
2017-09-13  55.5000  55.2900   2195375.0
2017-09-14  55.1500  55.0500   3127074.0
2017-09-15  55.0400  55.8000   4258540.0
2017-09-18  55.8200  56.4300   4519427.0
2017-09-19  56.1800  55.3800   6205369.0
2017-09-20  51.7500  52.1700  15940564.0
2017-09-21  52.0700  51.6900   6406685.0
2017-09-22  51.8000  51.2300   4492342.0
2017-09-25  51.2300  52.2700   4116079.0
2017-09-26  52.3000  51.9700   2782906.0
2017-09-27  51.9400  52.4300   4215964.0
2017-09-28  52.1300  52.2600   2748786.0
2017-09-29  52.4600  51.7600   4391825.0
2017-10-02  51.5700  51.8100   4333941.0
2017-10-03  51.8700  51.3200   3420206.0
2017-10-04  51.3200  52.0100   5458912.0
2017-10-05  52.0300  52.0900   3197203.0
2017-10-06  51.7300  51.4000   2602958.0
2017-10-09  51.4400  50.1900   4764436.0
2017-10-10  50.4200  50.9500   3375477.0
2017-10-11  50.9700  50.8700   3870525.0
2017-10-12  50.8600  51.2700   3383447.0
2017-10-13  51.4500  51.5300   3593741.0
2017-10-16  51.5300  51.8100   2644257.0
2017-10-17  51.8100  51.7000   3041696.0
2017-10-18  51.6800  52.2500   5962855.0
2017-10-19  52.1100  52.0300   3903828.0
2017-10-20  52.1100  52.0100   3368009.0
2017-10-23  52.1100  51.6700   2987815.0
2017-10-24  51.8000  51.7900   3034733.0
2017-10-25  51.6700  51.5400   2425869.0
2017-10-26  51.5900  51.7600   3240249.0
2017-10-27  51.8000  51.5700   2087922.0
2017-10-30  51.7600  50.6600   5328416.0
2017-10-31  51.0600  51.9200   4657010.0
2017-11-01  51.9800  52.0300   2632843.0
2017-11-02  51.9700  51.7600   2645428.0
2017-11-03  51.6100  51.3400   1955005.0
2017-11-06  51.0800  50.1000   3777202.0
2017-11-07  50.0700  50.9700   3655478.0
2017-11-09  52.0600  51.7800   3906143.0
2017-11-10  51.5800  53.2800   5047637.0
2017-11-13  53.0200  52.9700   3432731.0
2017-11-14  53.0600  54.1200   5394057.0
2017-11-15  53.9500  52.5300   4855926.0
2017-11-16  52.7800  53.6700   3354011.0
2017-11-17  53.4900  53.7200   4449797.0
2017-11-20  53.6900  54.2400   3666496.0
2017-11-21  53.8300  53.5200   3908017.0
2017-11-22  53.4100  53.6500   2186533.0
2017-11-24  53.8400  53.6500   1036309.0
2017-11-27  53.6700  54.0500   2870645.0
2017-11-28  54.2000  54.8400   3932752.0
2017-11-29  54.7900  56.3400   5624023.0
2017-11-30  56.3200  56.5600   6298807.0
2017-12-01  56.5100  56.4600   4281578.0
2017-12-04  56.6500  57.8600   6292244.0
2017-12-05  57.9000  57.2500   4072709.0
2017-12-06  57.2000  57.4100   2968630.0
2017-12-07  57.2000  56.6900   3124260.0
2017-12-08  56.7100  55.8400   3937153.0
2017-12-11  55.6500  55.8900   3283576.0
2017-12-12  56.0400  56.0600   2767809.0
2017-12-13  56.0600  56.4700   4257631.0
2017-12-14  56.3600  56.1300   2842044.0
2017-12-15  56.3900  56.8900   8177880.0
2017-12-18  57.6100  57.8000   5102019.0
2017-12-19  58.0100  57.6300   5565634.0
2017-12-20  58.1900  58.7600   6874802.0
2017-12-21  58.9700  59.5300   7526993.0
2017-12-22  59.9350  60.1300   6496319.0
2017-12-26  60.0400  60.1200   2223547.0
2017-12-27  60.0000  60.1800   2268142.0
2017-12-28  60.1000  59.5500   2236819.0
2017-12-29  59.4900  59.2900   2420632.0
2018-01-02  59.4300  59.0400   4085431.0
2018-01-03  59.5900  58.7300   3118761.0
2018-01-04  59.0100  59.4100   3186319.0
2018-01-05  59.5800  59.9200   2288108.0
2018-01-08  59.7800  60.1200   3311246.0
2018-01-09  59.6800  59.3200   2865642.0
2018-01-10  58.8900  58.6300   3090075.0
2018-01-11  58.7000  58.0900   2878418.0
2018-01-12  58.2700  57.8500   2553094.0
2018-01-16  57.9700  58.4300   3900023.0
2018-01-17  58.6700  59.1200   3177900.0
2018-01-18  59.2300  58.6600   2227253.0
2018-01-19  58.8600  59.1100   4127389.0
2018-01-22  59.1800  59.7700   3149693.0
2018-01-23  59.5100  59.7900   2664037.0
2018-01-24  59.9200  59.7200   4365007.0
2018-01-25  59.9300  60.1400   2352070.0
2018-01-26  60.1500  60.2000   5376520.0
2018-01-29  60.3500  59.5800   2201595.0
2018-01-30  59.4300  58.5800   3157115.0
2018-01-31  58.6500  58.4900   3495336.0
2018-02-01  58.9000  57.8800   3538534.0
2018-02-02  57.5900  55.9500   4116789.0
2018-02-05  55.8300  54.0100   4496072.0
2018-02-06  53.4900  55.7800   5546978.0
2018-02-07  55.4700  54.6500   3502588.0
2018-02-08  54.7500  53.9900   3342382.0
2018-02-09  54.4100  54.7200   3020509.0
2018-02-12  55.0000  54.9200   2577813.0
2018-02-13  54.7100  54.7900   2068513.0
2018-02-14  54.8700  56.0300   3222363.0
2018-02-15  56.1200  56.8900   2627091.0
2018-02-16  56.4700  56.4300   3361001.0
2018-02-20  56.1200  55.9500   4483211.0
2018-02-21  55.9600  54.4800   5041129.0
2018-02-22  54.7600  54.9500   3572679.0
2018-02-23  52.3000  52.9800  11820514.0
2018-02-26  51.4700  51.4200  10204140.0
2018-02-27  51.7000  50.7800  10796938.0
2018-02-28  50.9000  50.5500   7316888.0
2018-03-01  50.6000  50.5700   8649332.0
2018-03-02  50.4300  50.9400   3815302.0
2018-03-05  50.7900  50.6200   5695240.0
2018-03-06  50.6200  51.0600   6230291.0
2018-03-07  50.6400  51.0600   4674368.0
2018-03-08  51.1800  51.7000   4032150.0
2018-03-09  51.9000  51.4500   2692080.0
2018-03-12  51.5800  51.9700   3588628.0
2018-03-13  52.2300  51.9900   4133100.0
2018-03-14  52.1000  51.8100   4575205.0
2018-03-15  51.7900  50.9300   5304831.0
2018-03-16  51.0000  50.4900   8366507.0
2018-03-19  50.3800  50.2100   4895833.0
2018-03-20  50.3400  49.9300   6355717.0
2018-03-21  45.0300  45.5100  24992707.0
2018-03-22  45.4300  44.4500  11565199.0
2018-03-23  44.9600  44.2100  10194808.0
2018-03-26  44.6300  45.3000   9041122.0
2018-03-27  45.6000  45.3100   9038344.0