date    open   close     volume
                                    
2013-01-02  12.490  12.640   436300.0
2013-01-03  12.650  12.410   643400.0
2013-01-04  12.440  12.580   226200.0
2013-01-07  12.580  12.590   190900.0
2013-01-08  12.600  12.560   157900.0
2013-01-09  12.590  12.470   119600.0
2013-01-10  12.550  12.490    79800.0
2013-01-11  12.530  12.100   194400.0
2013-01-14  12.110  12.250   156200.0
2013-01-15  12.250  12.370   154200.0
2013-01-16  12.360  12.540    89200.0
2013-01-17  12.600  12.510   100500.0
2013-01-18  12.540  12.500   139500.0
2013-01-22  12.490  12.520   122600.0
2013-01-23  12.550  12.420    90500.0
2013-01-24  12.500  12.550   189500.0
2013-01-25  12.600  12.570   330600.0
2013-01-28  12.600  12.990   305300.0
2013-01-29  13.040  13.020   148700.0
2013-01-30  13.030  12.850    91000.0
2013-01-31  12.820  12.720    83100.0
2013-02-01  12.790  13.100   103600.0
2013-02-04  12.950  12.610   137900.0
2013-02-05  12.650  12.490   116800.0
2013-02-06  12.400  12.510    90600.0
2013-02-07  12.500  12.520    45000.0
2013-02-08  12.550  12.690   138900.0
2013-02-11  12.900  12.820   126500.0
2013-02-12  12.950  13.060   183600.0
2013-02-13  13.120  13.100   622300.0
2013-02-14  13.130  13.300   180100.0
2013-02-15  13.300  13.220   164500.0
2013-02-19  13.200  13.090   197500.0
2013-02-20  13.110  12.880   180800.0
2013-02-21  12.810  12.830   159000.0
2013-02-22  12.940  12.860   155000.0
2013-02-25  12.880  12.730   179600.0
2013-02-26  12.800  12.850   169100.0
2013-02-27  12.890  12.900   294000.0
2013-02-28  12.930  12.810   133000.0
2013-03-01  12.710  12.710   118800.0
2013-03-04  12.670  12.650   100200.0
2013-03-05  12.680  12.750   143200.0
2013-03-06  12.770  12.700   112800.0
2013-03-07  12.650  12.830   123500.0
2013-03-08  12.920  12.740    98100.0
2013-03-11  12.700  12.890   120700.0
2013-03-12  12.940  12.730    99500.0
2013-03-13  12.770  12.620    59100.0
2013-03-14  12.700  12.740   106100.0
2013-03-15  12.700  12.790   149900.0
2013-03-18  12.630  12.640    83600.0
2013-03-19  12.620  12.610    88500.0
2013-03-20  12.680  12.720   103400.0
2013-03-21  12.750  12.700    62100.0
2013-03-22  12.760  12.710    67400.0
2013-03-25  12.780  12.700   709200.0
2013-03-26  12.750  12.750    95500.0
2013-03-27  12.690  12.910   401400.0
2013-03-28  12.960  12.860   179700.0
2013-04-01  12.840  12.780   133000.0
2013-04-02  12.860  12.620   192600.0
2013-04-03  12.600  12.330   149000.0
2013-04-04  12.300  12.440    93100.0
2013-04-05  12.300  12.470    76400.0
2013-04-08  12.490  12.690    84900.0
2013-04-09  12.740  12.690    78500.0
2013-04-10  12.700  12.700   270000.0
2013-04-11  12.730  12.690   104900.0
2013-04-12  12.590  12.690   264900.0
2013-04-15  12.570  12.100   337000.0
2013-04-16  12.200  12.170   101400.0
2013-04-17  12.150  11.990   226800.0
2013-04-18  12.020  11.940   197200.0
2013-04-19  11.970  11.980   140500.0
2013-04-22  11.990  11.930    61100.0
2013-04-23  11.940  12.080   105400.0
2013-04-24  12.120  12.200    93400.0
2013-04-25  12.200  12.290   212500.0
2013-04-26  12.260  12.180    94400.0
2013-04-29  12.230  12.570   107200.0
2013-04-30  12.590  12.800    70500.0
2013-05-01  12.820  12.300   140100.0
2013-05-02  12.380  12.880   126600.0
2013-05-03  13.000  12.920   104300.0
2013-05-06  12.880  12.990   165900.0
2013-05-07  12.980  13.020   168700.0
2013-05-08  13.050  13.060   182600.0
2013-05-09  13.010  13.050   157100.0
2013-05-10  13.040  13.130   390800.0
2013-05-13  13.130  13.010   140200.0
2013-05-14  13.010  13.180   192300.0
2013-05-15  13.360  13.180   245000.0
2013-05-16  13.120  13.140   142100.0
2013-05-17  13.200  13.260   153800.0
2013-05-20  13.340  13.910   467700.0
2013-05-21  13.900  13.660   268600.0
2013-05-22  13.670  13.470   346300.0
2013-05-23  13.230  13.410   129900.0
2013-05-24  13.390  13.400   163300.0
2013-05-28  13.470  13.610   352500.0
2013-05-29  13.520  13.480   173900.0
2013-05-30  13.490  13.500   134400.0
2013-05-31  13.390  13.390   126200.0
2013-06-03  13.510  13.510   196700.0
2013-06-04  13.560  13.400   124200.0
2013-06-05  13.420  13.100   222900.0
2013-06-06  13.160  13.150   176700.0
2013-06-07  13.280  13.100   162000.0
2013-06-10  13.090  12.960   224100.0
2013-06-11  12.850  12.960   110100.0
2013-06-12  13.000  12.740   135500.0
2013-06-13  12.790  12.820    75000.0
2013-06-14  12.860  12.770   192400.0
2013-06-17  12.970  13.200   135300.0
2013-06-18  13.140  13.140   176200.0
2013-06-19  13.070  12.970   108600.0
2013-06-20  12.800  12.680   201700.0
2013-06-21  12.660  12.820   292100.0
2013-06-24  12.680  12.300   233000.0
2013-06-25  12.370  12.480    91300.0
2013-06-26  12.550  12.610   110300.0
2013-06-27  12.650  12.630   180100.0
2013-06-28  12.630  12.800   421400.0
2013-07-01  12.860  12.960   100500.0
2013-07-02  12.960  12.920   168000.0
2013-07-03  12.820  12.630   116500.0
2013-07-05  12.750  12.830   108900.0
2013-07-08  12.870  12.960   122800.0
2013-07-09  13.050  13.180   129200.0
2013-07-10  13.130  13.450   137600.0
2013-07-11  13.580  13.620   202800.0
2013-07-12  13.580  13.570   138500.0
2013-07-15  13.540  13.630   208700.0
2013-07-16  13.640  13.510   161700.0
2013-07-17  13.570  13.420   126700.0
2013-07-18  13.430  13.480   135700.0
2013-07-19  13.480  13.540    80900.0
2013-07-22  13.560  13.890   275800.0
2013-07-23  13.930  13.830    99100.0
2013-07-24  13.840  13.940   151300.0
2013-07-25  13.900  14.350   496800.0
2013-07-26  14.280  13.970    84100.0
2013-07-29  13.920  14.000   111200.0
2013-07-30  14.000  14.000   324100.0
2013-07-31  14.030  13.900   362600.0
2013-08-01  14.060  14.150   125500.0
2013-08-02  14.200  14.060    83400.0
2013-08-05  14.010  14.180   100400.0
2013-08-06  14.170  13.920    78800.0
2013-08-07  13.935  13.660   107400.0
2013-08-08  13.760  13.700   110900.0
2013-08-09  13.630  13.600    49100.0
2013-08-12  13.530  13.490    63200.0
2013-08-13  13.540  13.420    69300.0
2013-08-14  13.450  13.420    62300.0
2013-08-15  13.300  13.120   149600.0
2013-08-16  13.260  13.530   202000.0
2013-08-19  13.610  13.600   151000.0
2013-08-20  14.800  13.510   126800.0
2013-08-21  13.690  13.430   205400.0
2013-08-22  13.440  13.780   108800.0
2013-08-23  13.900  13.780   321900.0
2013-08-26  13.750  13.990   163700.0
2013-08-27  13.910  13.650   170500.0
2013-08-28  13.540  13.730   187600.0
2013-08-29  13.770  13.900   109900.0
2013-08-30  13.890  13.730    91400.0
2013-09-03  13.990  13.590   128400.0
2013-09-04  13.650  13.910    80000.0
2013-09-05  13.950  13.990   108500.0
2013-09-06  14.150  14.320   201700.0
2013-09-09  14.500  15.170   539600.0
2013-09-10  15.020  14.990   232800.0
2013-09-11  14.930  14.530   175700.0
2013-09-12  14.590  14.530    95500.0
2013-09-13  14.620  14.570    95900.0
2013-09-16  14.720  14.460   126700.0
2013-09-17  14.400  14.600   124800.0
2013-09-18  14.550  14.760   285000.0
2013-09-19  14.850  14.900   247900.0
2013-09-20  15.100  14.860   247400.0
2013-09-23  14.990  14.990   238200.0
2013-09-24  14.950  14.850   158900.0
2013-09-25  14.820  14.830   132100.0
2013-09-26  14.850  14.930   133400.0
2013-09-27  14.810  14.860   104500.0
2013-09-30  14.760  14.930   133700.0
2013-10-01  14.920  14.940   403400.0
2013-10-02  14.930  14.960   135300.0
2013-10-03  14.930  14.540   175900.0
2013-10-04  14.470  14.400   232300.0
2013-10-07  14.310  14.420   106300.0
2013-10-08  14.490  14.130   131300.0
2013-10-09  14.110  14.110   191400.0
2013-10-10  14.290  14.180   199700.0
2013-10-11  14.180  14.250   253100.0
2013-10-14  14.170  14.340   129200.0
2013-10-15  14.330  14.300   220400.0
2013-10-16  14.430  14.440   227600.0
2013-10-17  14.400  14.400   138400.0
2013-10-18  14.490  14.800   271600.0
2013-10-21  14.880  14.880   138400.0
2013-10-22  15.010  14.990   159600.0
2013-10-23  14.980  15.070   206300.0
2013-10-24  15.090  14.980   122300.0
2013-10-25  15.080  15.100   187600.0
2013-10-28  15.140  15.160   149900.0
2013-10-29  15.200  15.080   158300.0
2013-10-30  15.100  14.990   100300.0
2013-10-31  14.990  14.880   128300.0
2013-11-01  14.860  15.010   158100.0
2013-11-04  15.080  15.770   422600.0
2013-11-05  15.750  15.490   219900.0
2013-11-06  15.520  15.460   144600.0
2013-11-07  15.480  15.270   193900.0
2013-11-08  15.260  15.550   196900.0
2013-11-11  15.620  15.490   138400.0
2013-11-12  15.440  15.470   111500.0
2013-11-13  15.430  15.560   153400.0
2013-11-14  15.660  15.560   365000.0
2013-11-15  15.670  15.610   259000.0
2013-11-18  15.680  15.650   201400.0
2013-11-19  15.680  15.610   222300.0
2013-11-20  15.600  15.600   108000.0
2013-11-21  15.590  15.660   129400.0
2013-11-22  15.710  15.570   129900.0
2013-11-25  15.650  15.840   421300.0
2013-11-26  15.810  15.720   165300.0
2013-11-27  15.740  15.930   127600.0
2013-11-29  16.000  15.930   200100.0
2013-12-02  15.860  15.510   167400.0
2013-12-03  15.470  15.480   311100.0
2013-12-04  15.370  15.770   300800.0
2013-12-05  15.740  15.520    75400.0
2013-12-06  15.680  15.570    75400.0
2013-12-09  15.640  15.530   151700.0
2013-12-10  15.510  15.370    92800.0
2013-12-11  15.370  15.200   289400.0
2013-12-12  15.210  15.530   170900.0
2013-12-13  15.480  15.660   170100.0
2013-12-16  15.770  15.970   218500.0
2013-12-17  15.970  15.540   198600.0
2013-12-18  15.580  15.820    88900.0
2013-12-19  15.830  15.880   120300.0
2013-12-20  15.910  16.140   505400.0
2013-12-23  16.250  16.590   505200.0
2013-12-24  16.650  17.050   306300.0
2013-12-26  17.110  17.410   231700.0
2013-12-27  17.390  17.410   179300.0
2013-12-30  17.460  16.970   333600.0
2013-12-31  17.020  17.090   202300.0
2014-01-02  17.090  16.840   166300.0
2014-01-03  16.900  16.880   118400.0
2014-01-06  16.970  16.620   152400.0
2014-01-07  16.600  16.680   193700.0
2014-01-08  16.710  16.500   203000.0
2014-01-09  16.590  16.420   151100.0
2014-01-10  16.470  16.240   157000.0
2014-01-13  16.170  16.260   408500.0
2014-01-14  16.980  16.890   518000.0
2014-01-15  16.970  17.470   596100.0
2014-01-16  16.510  19.100  6834200.0
2014-01-17  19.150  19.530  1744700.0
2014-01-21  19.500  19.210   756300.0
2014-01-22  19.350  19.580   859700.0
2014-01-23  19.500  19.990  1337100.0
2014-01-24  20.020  19.750   976900.0
2014-01-27  19.790  20.170   675900.0
2014-01-28  20.360  21.280  1391700.0
2014-01-29  21.150  21.780  1407000.0
2014-01-30  22.000  22.000  1430900.0
2014-01-31  21.910  20.960  1602500.0
2014-02-03  20.880  19.710  1801100.0
2014-02-04  19.730  19.900   625300.0
2014-02-05  19.840  19.950   897100.0
2014-02-06  20.100  20.610   660300.0
2014-02-07  20.680  20.880   620500.0
2014-02-10  20.900  20.890   405200.0
2014-02-11  20.910  21.170   573100.0
2014-02-12  21.320  21.400   494000.0
2014-02-13  21.100  21.310   414800.0
2014-02-14  21.350  21.600   278600.0
2014-02-18  21.720  21.570   409200.0
2014-02-19  21.210  20.860   725500.0
2014-02-20  21.400  21.840   767400.0
2014-02-21  22.000  21.630   667500.0
2014-02-24  21.750  21.870   542600.0
2014-02-25  21.880  21.710   407900.0
2014-02-26  21.690  21.610   481600.0
2014-02-27  21.610  21.470   585400.0
2014-02-28  23.350  21.060  2618800.0
2014-03-03  20.900  21.700   864900.0
2014-03-04  22.100  22.520  1021300.0
2014-03-05  22.550  22.690   347300.0
2014-03-06  22.810  22.350   478600.0
2014-03-07  22.470  22.060   358500.0
2014-03-10  22.100  23.250  1752100.0
2014-03-11  23.540  23.690  2048900.0
2014-03-12  23.640  23.350  1130700.0
2014-03-13  23.520  22.890   698700.0
2014-03-14  22.770  22.780   522200.0
2014-03-17  22.810  23.780  1136500.0
2014-03-18  24.110  24.000   905600.0
2014-03-19  24.400  23.970   714500.0
2014-03-20  24.000  24.060   461900.0
2014-03-21  24.290  24.300   760400.0
2014-03-24  24.460  23.810   774600.0
2014-03-25  23.910  24.070   844000.0
2014-03-26  24.340  23.710   615000.0
2014-03-27  23.700  23.390   660600.0
2014-03-28  23.400  23.380   442800.0
2014-03-31  23.200  23.290   650900.0
2014-04-01  23.420  24.000   610000.0
2014-04-02  24.200  25.300  1860400.0
2014-04-03  25.580  24.530  1497100.0
2014-04-04  25.040  24.680  1078000.0
2014-04-07  24.510  23.690  1621200.0
2014-04-08  23.680  24.080  1133300.0
2014-04-09  24.200  24.900  1200200.0
2014-04-10  24.980  24.900  1243200.0
2014-04-11  24.130  25.530  5390600.0
2014-04-14  26.130  27.130  2538900.0
2014-04-15  27.500  27.460  3051900.0
2014-04-16  27.910  28.120  2588900.0
2014-04-17  28.260  28.040  1451600.0
2014-04-21  27.800  27.280  1361400.0
2014-04-22  27.180  27.120   956500.0
2014-04-23  27.060  27.430  1147000.0
2014-04-24  27.790  28.500  1465200.0
2014-04-25  28.520  27.000  1109500.0
2014-04-28  26.990  26.430  1404600.0
2014-04-29  26.650  27.110   878500.0
2014-04-30  27.380  26.780   794000.0
2014-05-01  26.800  26.990   906400.0
2014-05-02  27.260  26.990   886500.0
2014-05-05  26.900  27.980  1239100.0
2014-05-06  27.980  28.120  1801200.0
2014-05-07  28.430  27.420  1350800.0
2014-05-08  27.550  26.920  1521200.0
2014-05-09  26.790  25.790  2239700.0
2014-05-12  25.800  26.240   981400.0
2014-05-13  26.230  25.800  1187000.0
2014-05-14  24.060  25.060  2538400.0
2014-05-15  24.820  23.880  1946700.0
2014-05-16  23.850  24.200   752700.0
2014-05-19  24.000  24.520  1196400.0
2014-05-20  24.480  23.950  1103200.0
2014-05-21  24.010  24.340   684400.0
2014-05-22  23.830  24.310   587100.0
2014-05-23  24.270  23.910   756800.0
2014-05-27  23.940  22.780  2971900.0
2014-05-28  22.720  23.140  1434200.0
2014-05-29  23.260  23.730  1009300.0
2014-05-30  23.930  23.350   943300.0
2014-06-02  23.460  24.420  1889100.0
2014-06-03  24.480  23.980  1004800.0
2014-06-04  23.980  24.130   641800.0
2014-06-05  24.130  24.040   849500.0
2014-06-06  24.100  23.770   881900.0
2014-06-09  23.660  23.590   775000.0
2014-06-10  23.600  23.860   510000.0
2014-06-11  23.800  24.090   540500.0
2014-06-12  24.250  24.750  1251100.0
2014-06-13  24.730  24.760   802800.0
2014-06-16  24.760  26.670  2461400.0
2014-06-17  27.700  27.060  2535000.0
2014-06-18  27.420  27.840  1775600.0
2014-06-19  28.250  29.880  4064900.0
2014-06-20  30.250  30.720  3232400.0
2014-06-23  30.930  30.620  1697200.0
2014-06-24  30.600  30.330  1635700.0
2014-06-25  30.040  31.660  1916700.0
2014-06-26  31.800  31.780  1288700.0
2014-06-27  31.800  31.650  1985000.0
2014-06-30  31.740  31.890   868000.0
2014-07-01  32.050  31.540  1455800.0
2014-07-02  31.560  30.680  1520700.0
2014-07-03  31.110  30.820  1065800.0
2014-07-07  30.850  28.230  4464400.0
2014-07-08  27.440  27.990  3336900.0
2014-07-09  27.510  27.960  1167400.0
2014-07-10  26.660  27.470  1391000.0
2014-07-11  27.380  27.160   667400.0
2014-07-14  27.250  28.420  1494000.0
2014-07-15  28.500  27.280  1179900.0
2014-07-16  27.390  27.690   669800.0
2014-07-17  27.360  27.560   831400.0
2014-07-18  27.360  27.560   724300.0
2014-07-21  27.500  27.630   382600.0
2014-07-22  27.750  27.930   599800.0
2014-07-23  28.050  27.680   546200.0
2014-07-24  27.760  27.860   459600.0
2014-07-25  27.660  27.470   518700.0
2014-07-28  27.470  27.020   818100.0
2014-07-29  27.120  27.250   421900.0
2014-07-30  27.500  26.400  1187300.0
2014-07-31  26.030  25.500  2535700.0
2014-08-01  24.890  25.190  2282100.0
2014-08-04  25.310  25.530   894200.0
2014-08-05  25.290  24.310  1922600.0
2014-08-06  24.050  24.760   939700.0
2014-08-07  24.750  24.420   559200.0
2014-08-08  24.430  24.780   809200.0
2014-08-11  24.900  25.430   843300.0
2014-08-12  25.380  24.840   740500.0
2014-08-13  24.900  25.420   588200.0
2014-08-14  25.500  25.660  1019500.0
2014-08-15  25.870  25.840   928700.0
2014-08-18  26.270  26.310   971500.0
2014-08-19  26.800  26.070  1039100.0
2014-08-20  26.560  25.480  1678500.0
2014-08-21  25.390  24.460  1870200.0
2014-08-22  24.300  24.310  1135200.0
2014-08-25  24.400  24.640   996000.0
2014-08-26  24.680  25.130   780500.0
2014-08-27  25.140  25.110   789200.0
2014-08-28  24.950  25.090   480600.0
2014-08-29  25.150  25.310   362400.0
2014-09-02  25.230  24.570   675700.0
2014-09-03  24.740  24.290   549500.0
2014-09-04  24.280  23.560  1644100.0
2014-09-05  23.360  23.600   870200.0
2014-09-08  23.400  23.710   844700.0
2014-09-09  23.610  24.750  1360100.0
2014-09-10  24.700  24.700   830100.0
2014-09-11  24.450  24.140  1045900.0
2014-09-12  24.170  24.240   680800.0
2014-09-15  24.260  23.800   773100.0
2014-09-16  23.720  24.910  1295100.0
2014-09-17  24.920  24.620   818600.0
2014-09-18  24.640  24.530   498300.0
2014-09-19  24.590  25.700  1546000.0
2014-09-22  25.590  24.400  1735277.0
2014-09-23  24.300  24.170  1265960.0
2014-09-24  24.380  24.250   664372.0
2014-09-25  24.110  23.200  1182673.0
2014-09-26  23.180  23.650   801429.0
2014-09-29  23.450  22.990   647610.0
2014-09-30  22.940  22.010  1533164.0
2014-10-01  22.010  20.810  1788636.0
2014-10-02  20.970  21.610  1499643.0
2014-10-03  21.860  21.740  1111837.0
2014-10-06  21.740  21.010   994300.0
2014-10-07  20.900  20.540   871915.0
2014-10-08  20.540  20.650  2449110.0
2014-10-09  20.650  18.560  4086711.0
2014-10-10  18.240  18.700  3375592.0
2014-10-13  18.750  17.030  2628756.0
2014-10-14  17.340  17.040  3333858.0
2014-10-15  16.660  17.950  2501198.0
2014-10-16  18.000  19.710  2595739.0
2014-10-17  20.100  21.450  2579560.0
2014-10-20  21.450  20.860  1212242.0
2014-10-21  21.080  21.980  2082193.0
2014-10-22  22.260  20.370  1536182.0
2014-10-23  20.710  20.640  1237688.0
2014-10-24  20.630  20.980   667063.0
2014-10-27  20.560  19.670  1772374.0
2014-10-28  19.780  20.310   877375.0
2014-10-29  20.380  20.070  1047906.0
2014-10-30  19.720  20.010   681389.0
2014-10-31  20.450  20.820   901436.0
2014-11-03  20.790  20.830  1422754.0
2014-11-04  20.460  18.680  1563752.0
2014-11-05  18.800  18.750  1455148.0
2014-11-06  18.710  19.660  1210452.0
2014-11-07  19.620  19.740  1775930.0
2014-11-10  19.810  20.200  1193094.0
2014-11-11  20.090  20.130   940979.0
2014-11-12  19.980  20.380   542960.0
2014-11-13  20.260  19.700   764345.0
2014-11-14  19.650  19.370  1162057.0
2014-11-17  19.350  19.160  1129617.0
2014-11-18  19.160  18.950  1138582.0
2014-11-19  18.950  18.660  1396432.0
2014-11-20  19.420  19.600  1690211.0
2014-11-21  20.040  20.500  1916803.0
2014-11-24  20.530  21.620  2093664.0
2014-11-25  21.700  21.420  1491363.0
2014-11-26  21.230  21.320   896975.0
2014-11-28  20.890  17.640  2255093.0
2014-12-01  17.400  16.320  4088451.0
2014-12-02  16.150  15.950  2210361.0
2014-12-03  15.930  18.620  3800249.0
2014-12-04  18.330  18.490  2032499.0
2014-12-05  18.440  17.800  1477227.0
2014-12-08  18.220  17.280  2024143.0
2014-12-09  17.040  17.880  1911830.0
2014-12-10  17.610  17.460  1617245.0
2014-12-11  17.840  17.740  1262294.0
2014-12-12  17.470  18.480  1544200.0
2014-12-15  18.720  18.000  1415635.0
2014-12-16  17.790  18.410  1324359.0
2014-12-17  18.400  20.580  2328273.0
2014-12-18  21.050  20.020  1979077.0
2014-12-19  20.050  20.270  1024116.0
2014-12-22  20.180  20.750  1851450.0
2014-12-23  21.210  21.380  1338668.0
2014-12-24  21.450  20.400   672038.0
2014-12-26  20.640  20.420   650937.0
2014-12-29  20.430  19.910   948111.0
2014-12-30  19.500  19.720   840901.0
2014-12-31  19.610  20.350  1117835.0
2015-01-02  20.400  20.080   926951.0
2015-01-05  19.810  18.350  1428450.0
2015-01-06  18.390  18.430  1661444.0
2015-01-07  18.730  18.060   988211.0
2015-01-08  18.260  18.330   999816.0
2015-01-09  18.330  18.170   999193.0
2015-01-12  18.010  17.500  1370711.0
2015-01-13  17.750  17.050  1028128.0
2015-01-14  16.580  16.900  1203886.0
2015-01-15  17.190  16.640  1101360.0
2015-01-16  16.680  16.960   719698.0
2015-01-20  16.960  16.720   936133.0
2015-01-21  16.790  17.460   886400.0
2015-01-22  17.640  17.310   482014.0
2015-01-23  17.240  17.160   559394.0
2015-01-26  17.100  17.330   654905.0
2015-01-27  17.210  17.810   679639.0
2015-01-28  17.830  16.980   875228.0
2015-01-29  17.060  17.380  1001160.0
2015-01-30  17.240  17.490   825035.0
2015-02-02  17.830  18.510   945673.0
2015-02-03  18.360  19.560  1263521.0
2015-02-04  19.120  19.460  1503695.0
2015-02-05  19.750  20.290  1200362.0
2015-02-06  20.350  20.530   847032.0
2015-02-09  20.600  19.740   982212.0
2015-02-10  19.740  19.910  1018843.0
2015-02-11  19.690  19.810   672027.0
2015-02-12  20.090  19.790   511737.0
2015-02-13  20.080  20.000   710802.0
2015-02-17  20.140  19.930   416565.0
2015-02-18  19.680  20.040   440801.0
2015-02-19  19.860  19.670   501912.0
2015-02-20  19.670  19.460   686919.0
2015-02-23  19.250  19.070   869700.0
2015-02-24  19.130  19.420   368146.0
2015-02-25  19.360  19.560   498072.0
2015-02-26  19.510  19.160   677112.0
2015-02-27  20.540  19.790   823360.0
2015-03-02  19.710  19.590   602258.0
2015-03-03  19.590  19.640   609252.0
2015-03-04  19.650  19.490   902972.0
2015-03-05  19.490  19.360   737560.0
2015-03-06  19.100  18.520   466081.0
2015-03-09  18.580  18.790   709018.0
2015-03-10  18.430  18.330   457543.0
2015-03-11  18.330  18.260   302522.0
2015-03-12  18.420  18.410   272147.0
2015-03-13  18.300  18.580   311069.0
2015-03-16  18.460  18.630   492437.0
2015-03-17  18.500  18.870   292984.0
2015-03-18  18.720  19.500   575443.0
2015-03-19  19.220  19.220   479743.0
2015-03-20  19.430  19.320   455622.0
2015-03-23  19.310  19.400   267217.0
2015-03-24  19.360  19.230   411441.0
2015-03-25  19.260  19.610   653955.0
2015-03-26  19.760  19.490   554708.0
2015-03-27  19.420  19.050   459289.0
2015-03-30  19.120  19.500   567695.0
2015-03-31  19.360  19.420   505916.0
2015-04-01  19.400  19.480   354325.0
2015-04-02  19.450  19.450   315501.0
2015-04-06  19.480  19.180   835131.0
2015-04-07  19.200  19.690   370213.0
2015-04-08  19.860  20.460   852668.0
2015-04-09  20.540  20.940   617078.0
2015-04-10  20.930  21.450   509765.0
2015-04-13  21.450  20.860   651179.0
2015-04-14  20.990  21.400   447083.0
2015-04-15  21.650  22.390  1149904.0
2015-04-16  22.200  21.680   899165.0
2015-04-17  21.500  21.230   518225.0
2015-04-20  21.270  21.320   513038.0
2015-04-21  21.820  23.010  1746154.0
2015-04-22  23.000  23.410   948462.0
2015-04-23  23.390  23.140   503041.0
2015-04-24  23.150  23.050   601263.0
2015-04-27  23.070  22.510   450962.0
2015-04-28  22.470  22.650   471000.0
2015-04-29  22.520  22.710   352701.0
2015-04-30  22.660  22.290   573704.0
2015-05-01  22.300  22.460   292157.0
2015-05-04  22.470  22.630   288029.0
2015-05-05  22.780  22.310   688198.0
2015-05-06  22.320  22.180  1104992.0
2015-05-07  22.200  21.660  1075137.0
2015-05-08  21.770  21.710   971226.0
2015-05-11  21.840  21.370   805142.0
2015-05-12  21.290  21.810   539590.0
2015-05-13  21.990  22.010   350749.0
2015-05-14  21.960  21.900   346389.0
2015-05-15  21.760  21.540   408902.0
2015-05-18  21.510  21.750   379452.0
2015-05-19  21.620  21.250   444166.0
2015-05-20  21.250  20.850   597638.0
2015-05-21  20.880  21.070   522321.0
2015-05-22  20.940  21.000   333545.0
2015-05-26  20.910  20.400   435051.0
2015-05-27  20.340  20.420   352106.0
2015-05-28  20.390  20.500   387005.0
2015-05-29  20.520  20.700   496543.0
2015-06-01  20.750  20.840   452155.0
2015-06-02  20.860  20.700   434069.0
2015-06-03  20.700  20.540   300244.0
2015-06-04  20.360  19.930   435828.0
2015-06-05  19.830  20.220   267934.0
2015-06-08  20.200  19.920   423388.0
2015-06-09  20.060  19.820   402055.0
2015-06-10  20.000  20.060   526250.0
2015-06-11  20.060  20.100   448413.0
2015-06-12  19.970  20.150   239661.0
2015-06-15  19.850  20.340   311485.0
2015-06-16  20.360  20.420   342030.0
2015-06-17  20.510  20.460   284444.0
2015-06-18  20.500  20.540   365574.0
2015-06-19  20.560  20.140   523131.0
2015-06-22  20.280  20.500   419011.0
2015-06-23  20.430  20.970   616582.0
2015-06-24  20.880  20.910   579826.0
2015-06-25  20.870  20.620   624560.0
2015-06-26  20.600  20.970   972266.0
2015-06-29  20.710  20.150   451868.0
2015-06-30  20.070  19.950   445399.0
2015-07-01  20.380  19.140   723129.0
2015-07-02  19.010  19.160   601453.0
2015-07-06  18.760  18.570   828853.0
2015-07-07  18.440  18.480   825965.0
2015-07-08  18.360  17.390  1035156.0
2015-07-09  17.650  17.680   618959.0
2015-07-10  17.840  17.750   913210.0
2015-07-13  17.850  18.030   537241.0
2015-07-14  17.960  17.920   754925.0
2015-07-15  17.860  17.320   595652.0
2015-07-16  17.410  17.400   972480.0
2015-07-17  17.430  17.280   572974.0
2015-07-20  17.230  16.420   848391.0
2015-07-21  16.400  16.370   790141.0
2015-07-22  16.260  15.950  1085364.0
2015-07-23  15.960  15.920   765084.0
2015-07-24  15.820  15.360   835390.0
2015-07-27  15.170  15.050   930007.0
2015-07-28  15.100  15.200  1109895.0
2015-07-29  15.210  15.210   697540.0
2015-07-30  15.180  15.500   967473.0
2015-07-31  15.490  15.520   750150.0
2015-08-03  15.360  15.170   770857.0
2015-08-04  15.220  14.860   900617.0
2015-08-05  14.970  14.400   916143.0
2015-08-06  14.270  13.210  2610626.0
2015-08-07  13.070  14.010  2089147.0
2015-08-10  14.040  14.300  1203352.0
2015-08-11  14.170  14.390   945134.0
2015-08-12  14.280  15.080  1182253.0
2015-08-13  14.800  14.640  1061872.0
2015-08-14  14.660  14.620   901288.0
2015-08-17  14.370  14.620   966593.0
2015-08-18  14.660  14.300   576339.0
2015-08-19  14.170  13.950   970365.0
2015-08-20  13.810  13.700   762495.0
2015-08-21  13.500  13.100  1478777.0
2015-08-24  12.110  12.260  1843322.0
2015-08-25  12.760  12.700  1110654.0
2015-08-26  13.000  12.530  1206315.0
2015-08-27  12.780  13.530   861311.0
2015-08-28  13.510  13.970   699978.0
2015-08-31  13.880  13.890   808630.0
2015-09-01  13.680  13.200  1064107.0
2015-09-02  13.420  13.400  1018646.0
2015-09-03  13.420  13.460   648065.0
2015-09-04  13.510  13.340   897901.0
2015-09-08  13.470  13.560   539836.0
2015-09-09  13.660  13.240   695374.0
2015-09-10  13.260  13.350   624248.0
2015-09-11  13.190  12.700   875676.0
2015-09-14  12.680  12.550   889668.0
2015-09-15  12.590  12.660   646342.0
2015-09-16  12.700  13.170   580636.0
2015-09-17  13.150  13.200   814630.0
2015-09-18  12.990  12.820   575123.0
2015-09-21  12.950  12.780   647318.0
2015-09-22  12.580  12.320   620938.0
2015-09-23  12.360  11.430  1160160.0
2015-09-24  11.310  10.900  2033801.0
2015-09-25  11.000  10.270  1603152.0
2015-09-28  10.180   9.020  2224955.0
2015-09-29   9.080   9.220  1375254.0
2015-09-30   9.350   9.620  1401871.0
2015-10-01   9.710   9.660  1046918.0
2015-10-02   9.560  10.280   978620.0
2015-10-05  10.400  11.050   898261.0
2015-10-06  11.050  11.280   901577.0
2015-10-07  11.470  11.730  1607353.0
2015-10-08  11.710  11.640   643663.0
2015-10-09  11.660  11.890   694283.0
2015-10-12  11.920  11.410   621402.0
2015-10-13  11.300  11.080   573535.0
2015-10-14  11.040  11.090   726283.0
2015-10-15  11.090  11.600   548933.0
2015-10-16  11.610  11.450   437912.0
2015-10-19  11.360  11.360   464667.0
2015-10-20  11.330  11.550   476858.0
2015-10-21  11.550  11.020   676915.0
2015-10-22  11.080  10.900   614223.0
2015-10-23  10.890  11.220   742613.0
2015-10-26  11.140  10.400   928203.0
2015-10-27  10.300  10.070   805468.0
2015-10-28  10.160  11.150  1105054.0
2015-10-29  11.050  11.240   636805.0
2015-10-30  11.230  11.570   976993.0
2015-11-02  11.530  11.890  1012100.0
2015-11-03  11.900  12.230  1012041.0
2015-11-04  12.250  11.780   948503.0
2015-11-05  11.550  11.640   856998.0
2015-11-06  11.430  12.750   981824.0
2015-11-09  12.740  12.400   709945.0
2015-11-10  12.330  12.230   505170.0
2015-11-11  12.250  12.020   684377.0
2015-11-12  11.690  11.810   742372.0
2015-11-13  11.720  11.990   590139.0
2015-11-16  11.920  12.290   357101.0
2015-11-17  12.320  12.180   411697.0
2015-11-18  12.220  12.600   672704.0
2015-11-19  12.550  12.020   581418.0
2015-11-20  12.060  11.530   761063.0
2015-11-23  11.500  11.350   593582.0
2015-11-24  11.360  11.990   544256.0
2015-11-25  11.930  11.960   358100.0
2015-11-27  11.890  11.880   239651.0
2015-11-30  11.880  11.970   695930.0
2015-12-01  12.000  11.450   638815.0
2015-12-02  11.320  10.690  1156510.0
2015-12-03  10.810  10.410   822808.0
2015-12-04  10.300  10.100   722084.0
2015-12-07   9.950   9.460   948196.0
2015-12-08   9.270   9.490   867185.0
2015-12-09   9.460  10.140   821910.0
2015-12-10  10.090  10.110   553597.0
2015-12-11   9.910   9.470   844045.0
2015-12-14   9.440   9.550   740766.0
2015-12-15   9.630   9.650   622723.0
2015-12-16   9.640   9.640   599547.0
2015-12-17   9.450   7.460  3509724.0
2015-12-18   7.490   7.660  3836531.0
2015-12-21   8.000   8.070  1924898.0
2015-12-22   8.070   8.050  1173713.0
2015-12-23   8.210   8.720  1042209.0
2015-12-24   8.720   8.680   375885.0
2015-12-28   8.860   8.490   785508.0
2015-12-29   8.560   8.390   734245.0
2015-12-30   8.260   8.250   878395.0
2015-12-31   8.170   8.300  1790703.0
2016-01-04   8.280   8.770  1226207.0
2016-01-05   8.820   8.730   752723.0
2016-01-06   8.700   8.440   926027.0
2016-01-07   8.230   7.960  1940819.0
2016-01-08   8.080   7.470  2319477.0
2016-01-11   7.550   6.910  1028037.0
2016-01-12   6.990   6.520  1560681.0
2016-01-13   6.810   6.410  1199036.0
2016-01-14   6.430   6.810  1032951.0
2016-01-15   6.480   6.340   768336.0
2016-01-19   6.420   6.080   980588.0
2016-01-20   5.860   5.780   986783.0
2016-01-21   5.800   6.340   687601.0
2016-01-22   6.660   7.080   878607.0
2016-01-25   7.000   7.040   630740.0
2016-01-26   7.110   7.230   598850.0
2016-01-27   7.080   7.170   715732.0
2016-01-28   7.590   7.660   856529.0
2016-01-29   7.810   7.470   712387.0
2016-02-01   7.340   7.780   609064.0
2016-02-02   7.510   6.950   634147.0
2016-02-03   7.190   7.410   472465.0
2016-02-04   7.450   7.430   514142.0
2016-02-05   7.290   7.440   761960.0
2016-02-08   7.320   7.060   559126.0
2016-02-09   7.000   6.430   691843.0
2016-02-10   6.440   6.910   506878.0
2016-02-11   6.770   6.350   522017.0
2016-02-12   6.500   7.080   487687.0
2016-02-16   7.170   7.270   419444.0
2016-02-17   7.320   7.940   638954.0
2016-02-18   8.100   8.530  1004839.0
2016-02-19   8.520   8.510   741204.0
2016-02-22   8.410   8.760   671495.0
2016-02-23   8.670   8.550   447480.0
2016-02-24   8.300   8.410   527278.0
2016-02-25   8.600   9.190  1085529.0
2016-02-26   9.190   9.430  1211355.0
2016-02-29   9.370   9.500  1163427.0
2016-03-01   9.250   9.570   922553.0
2016-03-02   9.460   9.950  1044427.0
2016-03-03   9.730  10.330   603406.0
2016-03-04  10.490  10.970   835590.0
2016-03-07  10.950  11.710  1001494.0
2016-03-08  11.430  10.980   797140.0
2016-03-09  11.080  11.220   839787.0
2016-03-10  11.170  11.140   853138.0
2016-03-11  11.290  11.310   446099.0
2016-03-14  11.250  11.960   909187.0
2016-03-15  11.670  11.280   366423.0
2016-03-16  10.930  10.970  1211413.0
2016-03-17  11.170  11.070   702476.0
2016-03-18  11.240  10.900   712973.0
2016-03-21  10.820  10.720   522625.0
2016-03-22  10.600  10.860   481298.0
2016-03-23  10.680   9.700   796711.0
2016-03-24   9.490   9.370  1046426.0
2016-03-28   9.360   9.400   366461.0
2016-03-29   9.230   9.450   334618.0
2016-03-30   9.590   9.510   586755.0
2016-03-31   9.510   9.740   839588.0
2016-04-01   9.470   9.280   411524.0
2016-04-04   9.270   9.170   346248.0
2016-04-05   9.100   9.270   474260.0
2016-04-06   9.400   9.730  1451135.0
2016-04-07   9.640   9.870   366371.0
2016-04-08  10.000  10.130   408214.0
2016-04-11  10.290  10.500   805088.0
2016-04-12  10.570  11.070   535737.0
2016-04-13  11.100  11.390   687880.0
2016-04-14  11.490  11.430   413179.0
2016-04-15  11.370  11.500   689951.0
2016-04-18  11.150  11.570   362103.0
2016-04-19  11.660  11.820   507753.0
2016-04-20  11.750  12.050   474287.0
2016-04-21  12.140  12.090   350907.0
2016-04-22  12.550  12.980  1623170.0
2016-04-25  13.000  12.630   551738.0
2016-04-26  12.790  12.630   672465.0
2016-04-27  12.790  13.060  1390742.0
2016-04-28  13.060  13.250  1208726.0
2016-04-29  13.390  12.810   602919.0
2016-05-02  12.710  12.800   528883.0
2016-05-03  12.640  12.220   847749.0
2016-05-04  12.220  12.220   604997.0
2016-05-05  12.520  12.100   639912.0
2016-05-06  11.810  12.230   935310.0
2016-05-09  12.170  11.730   700325.0
2016-05-10  11.840  12.370   978770.0
2016-05-11  12.300  13.310  1208878.0
2016-05-12  13.300  12.280   609370.0
2016-05-13  12.200  11.810   669890.0
2016-05-16  12.120  12.130   378179.0
2016-05-17  12.160  12.130   336133.0
2016-05-18  12.100  11.540   438306.0
2016-05-19  11.350  11.570   367391.0
2016-05-20  11.640  11.560   289844.0
2016-05-23  11.400  11.380   305622.0
2016-05-24  11.440  11.670   461757.0
2016-05-25  11.760  12.240   474242.0
2016-05-26  12.420  11.900   314256.0
2016-05-27  11.820  12.120   274045.0
2016-05-31  12.100  12.450   475016.0
2016-06-01  12.250  12.500   415494.0
2016-06-02  12.270  12.640   339858.0
2016-06-03  12.750  12.840   609294.0
2016-06-06  13.000  13.200   541110.0
2016-06-07  13.240  13.590   641385.0
2016-06-08  13.840  13.850   478471.0
2016-06-09  13.610  14.000   521377.0
2016-06-10  13.760  13.150   647768.0
2016-06-13  13.000  12.870   708047.0
2016-06-14  12.770  12.670   771546.0
2016-06-15  12.560  12.530   509684.0
2016-06-16  12.400  12.310   454937.0
2016-06-17  12.460  12.450   737371.0
2016-06-20  12.610  12.480   723939.0
2016-06-21  12.380  12.260   645913.0
2016-06-22  12.330  12.270   509303.0
2016-06-23  12.520  13.050   508788.0
2016-06-24  12.160  12.340  1108953.0
2016-06-27  12.060  11.710  1016616.0
2016-06-28  12.020  12.590   687667.0
2016-06-29  12.790  13.080   568082.0
2016-06-30  13.000  12.980   351460.0
2016-07-01  12.970  13.530   436071.0
2016-07-05  13.220  12.550   759054.0
2016-07-06  12.480  13.010   445799.0
2016-07-07  13.150  13.000   691636.0
2016-07-08  13.180  13.130   377818.0
2016-07-11  13.370  13.270   574248.0
2016-07-12  13.580  13.830   618649.0
2016-07-13  13.830  13.590   554151.0
2016-07-14  13.760  13.610   246332.0
2016-07-15  13.760  13.470   539925.0
2016-07-18  13.320  13.580   583510.0
2016-07-19  13.570  13.090   704027.0
2016-07-20  12.820  13.370   572533.0
2016-07-21  13.340  13.340   443874.0
2016-07-22  13.300  13.310   320877.0
2016-07-25  13.140  13.210   578801.0
2016-07-26  13.260  13.710   568589.0
2016-07-27  13.780  13.440   359018.0
2016-07-28  13.400  13.120   368823.0
2016-07-29  13.040  13.370   403021.0
2016-08-01  13.220  12.960   517731.0
2016-08-02  13.160  12.470   608672.0
2016-08-03  12.480  13.070   434995.0
2016-08-04  13.750  13.440   668620.0
2016-08-05  13.570  14.030   891372.0
2016-08-08  14.260  14.530   758047.0
2016-08-09  14.670  14.600   617560.0
2016-08-10  14.710  14.320   444507.0
2016-08-11  14.400  14.270   821206.0
2016-08-12  14.250  14.180   515455.0
2016-08-15  14.440  14.420   593981.0
2016-08-16  14.430  14.690   887371.0
2016-08-17  14.660  14.710   579233.0
2016-08-18  14.870  14.840   982430.0
2016-08-19  14.760  14.460   557431.0
2016-08-22  14.260  14.020   480964.0
2016-08-23  14.040  14.210   470694.0
2016-08-24  14.110  13.930   508089.0
2016-08-25  13.880  13.730   309701.0
2016-08-26  13.820  13.520   365457.0
2016-08-29  13.480  13.600   326465.0
2016-08-30  13.640  13.530   312887.0
2016-08-31  13.060  13.600   518572.0
2016-09-01  13.480  13.670   476218.0
2016-09-02  13.920  14.000   629630.0
2016-09-06  14.040  13.550  1115269.0
2016-09-07  13.540  13.980   786183.0
2016-09-08  14.120  14.040  1014077.0
2016-09-09  13.790  13.450   671453.0
2016-09-12  13.210  13.290   429120.0
2016-09-13  13.030  12.720   716819.0
2016-09-14  12.620  12.670   616739.0
2016-09-15  12.780  12.940   302859.0
2016-09-16  12.770  12.920   374439.0
2016-09-19  13.090  12.910   358877.0
2016-09-20  12.930  12.950   276201.0
2016-09-21  13.160  13.350   479355.0
2016-09-22  13.650  13.500   297475.0
2016-09-23  13.430  13.070   347505.0
2016-09-26  13.140  13.340   419449.0
2016-09-27  13.100  13.250   314772.0
2016-09-28  13.410  14.180   562802.0
2016-09-29  14.200  13.970   521763.0
2016-09-30  14.120  14.550   571837.0
2016-10-03  14.490  14.360   431644.0
2016-10-04  14.450  14.350   407104.0
2016-10-05  14.640  14.880   460615.0
2016-10-06  14.960  15.130   663041.0
2016-10-07  15.230  15.290   611188.0
2016-10-10  15.520  15.900   417204.0
2016-10-11  15.810  16.310  1028749.0
2016-10-12  16.200  16.660   651065.0
2016-10-13  16.520  16.480   682670.0
2016-10-14  16.660  16.370   669598.0
2016-10-17  16.350  16.100   465023.0
2016-10-18  16.250  16.550   416928.0
2016-10-19  16.700  16.750   487870.0
2016-10-20  16.750  17.050   496255.0
2016-10-21  16.800  16.850   364907.0
2016-10-24  17.050  16.850   455651.0
2016-10-25  16.750  16.450   477455.0
2016-10-26  16.350  16.100   539577.0
2016-10-27  16.250  16.300   345624.0
2016-10-28  16.300  15.600   468220.0
2016-10-31  15.550  15.350   483804.0
2016-11-01  15.450  15.300   549589.0
2016-11-02  15.050  15.000   792242.0
2016-11-03  15.150  15.400   685394.0
2016-11-04  15.250  15.150   497018.0
2016-11-07  15.450  15.700   337795.0
2016-11-08  15.550  15.750   346477.0
2016-11-09  15.550  15.900   708420.0
2016-11-10  15.950  15.850   556712.0
2016-11-11  15.650  15.900   364660.0
2016-11-14  15.950  16.200   322049.0
2016-11-15  16.450  16.550   431870.0
2016-11-16  16.500  16.300   361170.0
2016-11-17  16.500  15.900   406959.0
2016-11-18  15.900  16.000   306827.0
2016-11-21  16.350  16.350   226048.0
2016-11-22  16.450  16.400   264722.0
2016-11-23  16.100  16.400   484402.0
2016-11-25  16.300  15.950   199806.0
2016-11-28  16.000  15.350   330526.0
2016-11-29  15.150  14.900   567768.0
2016-11-30  15.700  15.700   415645.0
2016-12-01  16.000  15.500   738629.0
2016-12-02  15.300  15.950   347356.0
2016-12-05  16.050  16.150   449984.0
2016-12-06  16.100  15.950   303701.0
2016-12-07  16.000  15.700   290353.0
2016-12-08  15.700  15.750   698066.0
2016-12-09  15.750  16.050   284628.0
2016-12-12  16.250  16.000   313782.0
2016-12-13  16.050  15.950   288853.0
2016-12-14  15.750  15.100   306857.0
2016-12-15  15.050  15.450   541690.0
2016-12-16  15.550  15.900   439444.0
2016-12-19  16.050  15.450   305607.0
2016-12-20  15.600  15.700   173378.0
2016-12-21  15.600  15.950   235859.0
2016-12-22  16.000  16.400   539936.0
2016-12-23  16.450  16.550   328136.0
2016-12-27  16.650  16.200   322557.0
2016-12-28  16.600  16.150   374016.0
2016-12-29  16.250  16.300   191002.0
2016-12-30  16.250  16.100   197048.0
2017-01-03  16.400  16.900   375098.0
2017-01-04  16.900  17.000   323674.0
2017-01-05  17.100  17.050   267784.0
2017-01-06  17.150  17.000   162516.0
2017-01-09  16.850  16.750   144205.0
2017-01-10  16.800  16.900   157206.0
2017-01-11  17.000  17.100   270433.0
2017-01-12  17.250  17.200   353570.0
2017-01-13  17.200  17.300   223473.0
2017-01-17  17.600  16.900   584610.0
2017-01-18  16.750  16.700   432755.0
2017-01-19  16.700  16.450   341318.0
2017-01-20  16.550  17.000   374208.0
2017-01-23  16.800  16.900   205205.0
2017-01-24  16.850  16.850   266079.0
2017-01-25  17.200  17.300   551648.0
2017-01-26  17.450  17.500   381798.0
2017-01-27  17.550  17.400   250639.0
2017-01-30  17.200  16.600   218230.0
2017-01-31  16.550  16.700   331262.0
2017-02-01  16.900  16.800   308276.0
2017-02-02  16.800  16.500   197627.0
2017-02-03  16.550  17.000   157455.0
2017-02-06  17.000  16.500   206392.0
2017-02-07  16.450  16.100   399220.0
2017-02-08  16.050  16.000   331697.0
2017-02-09  16.100  16.050   245439.0
2017-02-10  16.250  16.300   175423.0
2017-02-13  16.300  16.300   342051.0
2017-02-14  16.300  16.200   367731.0
2017-02-15  16.350  16.200   424166.0
2017-02-16  16.250  15.900   435961.0
2017-02-17  15.150  15.950  1048898.0
2017-02-21  16.300  16.450   597585.0
2017-02-22  16.200  16.000   380826.0
2017-02-23  16.250  16.000   556555.0
2017-02-24  15.800  15.700   425873.0
2017-02-27  15.650  15.250   331221.0
2017-02-28  15.150  15.450   373166.0
2017-03-01  15.550  16.000   423177.0
2017-03-02  15.700  15.250   515171.0
2017-03-03  15.100  15.200  1176316.0
2017-03-06  15.000  15.200   318343.0
2017-03-07  15.250  15.300   330559.0
2017-03-08  15.300  15.100   453555.0
2017-03-09  14.900  15.000   507342.0
2017-03-10  15.100  14.950   279701.0
2017-03-13  14.950  14.900   337714.0
2017-03-14  14.750  14.600   323768.0
2017-03-15  14.700  14.950   500248.0
2017-03-16  15.050  15.100   290222.0
2017-03-17  15.200  15.350   535749.0
2017-03-20  15.350  15.400   322895.0
2017-03-21  15.400  14.800   337638.0
2017-03-22  14.750  14.300   574282.0
2017-03-23  14.300  14.700   357650.0
2017-03-24  14.850  14.800   305734.0
2017-03-27  14.500  14.750   339419.0
2017-03-28  14.800  14.850   294518.0
2017-03-29  14.850  15.050   479212.0
2017-03-30  15.100  15.250   265047.0
2017-03-31  15.200  15.350   314246.0
2017-04-03  15.350  15.550   507910.0
2017-04-04  15.600  15.550   375546.0
2017-04-05  15.650  14.900   345322.0
2017-04-06  15.050  14.950   229040.0
2017-04-07  14.950  14.650   328446.0
2017-04-10  14.750  15.100   324138.0
2017-04-11  15.100  15.150   200352.0
2017-04-12  15.100  14.600   455992.0
2017-04-13  14.450  14.100   350692.0
2017-04-17  14.150  13.850   471925.0
2017-04-18  13.800  13.950   345734.0
2017-04-19  13.950  13.700   637503.0
2017-04-20  13.850  13.500   418902.0
2017-04-21  13.450  13.500   449051.0
2017-04-24  13.750  14.000   431789.0
2017-04-25  14.000  14.500   780161.0
2017-04-26  14.350  14.650   695182.0
2017-04-27  14.500  14.000   464423.0
2017-04-28  14.050  14.000   695603.0
2017-05-01  13.900  13.950   448800.0
2017-05-02  13.950  13.600   556595.0
2017-05-03  13.400  13.300   526059.0
2017-05-04  13.200  13.050   665648.0
2017-05-05  13.550  13.750  1002414.0
2017-05-08  13.700  13.500   522240.0
2017-05-09  13.450  13.450   660324.0
2017-05-10  13.500  13.950   581346.0
2017-05-11  13.350  13.600   425933.0
2017-05-12  13.650  13.850   316978.0
2017-05-15  14.100  13.850   360082.0
2017-05-16  13.900  13.500   554963.0
2017-05-17  13.400  13.200   548092.0
2017-05-18  13.050  13.600   514011.0
2017-05-19  13.600  13.900   487651.0
2017-05-22  14.000  13.900   325998.0
2017-05-23  13.900  14.150   352528.0
2017-05-24  14.150  13.850   608933.0
2017-05-25  13.800  13.750   355042.0
2017-05-26  13.700  13.800   376564.0
2017-05-30  13.550  13.300   423531.0
2017-05-31  13.250  12.950   514826.0
2017-06-01  12.950  13.600   412629.0
2017-06-02  13.350  13.250   375499.0
2017-06-05  13.200  13.350   175695.0
2017-06-06  13.200  13.450   554863.0
2017-06-07  13.400  13.550   599377.0
2017-06-08  13.550  13.600   344683.0
2017-06-09  13.550  13.700   525924.0
2017-06-12  13.850  14.600   630854.0
2017-06-13  15.000  14.900   521278.0
2017-06-14  14.850  14.000   488720.0
2017-06-15  13.950  13.600   507410.0
2017-06-16  13.550  14.100   413751.0
2017-06-19  14.100  14.050   199435.0
2017-06-20  13.850  14.100   360703.0
2017-06-21  14.100  14.100   633683.0
2017-06-22  14.200  14.250   288062.0
2017-06-23  14.350  14.700   415648.0
2017-06-26  14.800  15.000   340568.0
2017-06-27  15.000  15.150   415899.0
2017-06-28  15.200  15.300   289219.0
2017-06-29  15.350  15.250   443258.0
2017-06-30  15.450  15.250   300314.0
2017-07-03  15.400  15.950   282492.0
2017-07-05  15.900  15.700   460677.0
2017-07-06  15.800  15.550   377491.0
2017-07-07  15.550  15.650   302787.0
2017-07-10  15.550  16.150   407231.0
2017-07-11  16.150  16.300   321845.0
2017-07-12  16.350  16.550   571349.0
2017-07-13  16.500  16.700   489063.0
2017-07-14  16.750  16.800   482912.0
2017-07-17  16.800  17.350   551519.0
2017-07-18  17.400  17.150   668289.0
2017-07-19  17.100  17.550   935840.0
2017-07-20  17.550  17.400  1042610.0
2017-07-21  17.400  17.100   601722.0
2017-07-24  17.150  17.750   565799.0
2017-07-25  17.900  17.950   523770.0
2017-07-26  17.900  17.850   548473.0
2017-07-27  17.800  17.900   694843.0
2017-07-28  17.850  18.100   426201.0
2017-07-31  18.100  18.250   350910.0
2017-08-01  18.200  17.900   519953.0
2017-08-02  17.850  17.750   781746.0
2017-08-03  17.100  16.400  1693313.0
2017-08-04  16.400  16.850   817331.0
2017-08-07  16.850  16.900   419832.0
2017-08-08  16.750  16.900   613597.0
2017-08-09  16.850  16.850   511905.0
2017-08-10  16.700  16.250   673198.0
2017-08-11  15.850  16.150   552877.0
2017-08-14  16.300  16.300   330171.0
2017-08-15  16.200  16.250   397749.0
2017-08-16  16.300  16.100   607313.0
2017-08-17  16.100  15.900   312861.0
2017-08-18  15.800  16.100   246916.0
2017-08-21  16.100  16.200   326672.0
2017-08-22  16.250  16.600   390234.0
2017-08-23  16.500  16.700   676381.0
2017-08-24  16.700  16.850   208899.0
2017-08-25  16.950  17.000   234310.0
2017-08-28  17.000  17.050   314065.0
2017-08-29  16.800  16.800   446152.0
2017-08-30  16.750  16.500   172713.0
2017-08-31  16.250  16.800   410854.0
2017-09-01  16.900  16.750   224307.0
2017-09-05  16.850  16.500   325979.0
2017-09-06  16.600  16.800   206305.0
2017-09-07  16.800  16.650   277666.0
2017-09-08  16.650  16.500   206231.0
2017-09-11  16.550  16.400   277967.0
2017-09-12  16.450  16.250   318493.0
2017-09-13  15.650  16.950   648304.0
2017-09-14  16.900  16.850   245974.0
2017-09-15  17.000  16.850   340072.0
2017-09-18  16.800  16.900   195879.0
2017-09-19  16.900  16.900   164271.0
2017-09-20  16.800  17.000   239473.0
2017-09-21  17.000  16.300   484439.0
2017-09-22  16.350  16.700   337865.0
2017-09-25  16.800  16.650   328625.0
2017-09-26  16.400  16.850   366033.0
2017-09-27  16.850  16.850   549816.0
2017-09-28  16.900  17.050   221131.0
2017-09-29  17.000  17.450   521992.0
2017-10-02  17.300  17.500   292604.0
2017-10-03  17.500  17.750   458423.0
2017-10-04  17.800  17.450   444063.0
2017-10-05  17.500  17.350   499111.0
2017-10-06  17.250  17.200   314570.0
2017-10-09  17.250  17.150   350797.0
2017-10-10  17.350  17.000   291267.0
2017-10-11  17.050  17.250   312338.0
2017-10-12  17.100  17.500   372015.0
2017-10-13  17.750  17.600   326239.0
2017-10-16  17.800  17.800   286988.0
2017-10-17  17.850  17.750   313972.0
2017-10-18  17.800  17.750   466859.0
2017-10-19  17.550  17.350   401647.0
2017-10-20  17.600  17.500   220881.0
2017-10-23  17.450  16.950   398689.0
2017-10-24  17.000  16.800   232487.0
2017-10-25  16.750  16.425   342671.0
2017-10-26  16.500  16.550   540254.0
2017-10-27  16.450  17.150   954801.0
2017-10-30  17.200  17.300   520129.0
2017-10-31  17.400  17.250   378969.0
2017-11-01  17.500  17.250   433959.0
2017-11-02  17.450  17.100   357796.0
2017-11-03  17.100  18.250   625195.0
2017-11-06  18.350  18.650   757624.0
2017-11-07  18.900  18.900   566947.0
2017-11-09  18.400  18.950   585408.0
2017-11-10  18.800  18.800   297322.0
2017-11-13  18.800  18.550   304621.0
2017-11-14  18.400  17.750   535133.0
2017-11-15  17.700  17.700   303234.0
2017-11-16  17.700  17.750   372123.0
2017-11-17  17.850  17.750   307059.0
2017-11-20  17.800  17.750   357701.0
2017-11-21  17.750  17.750   397787.0
2017-11-22  17.850  17.950   282813.0
2017-11-24  18.150  18.000   117529.0
2017-11-27  17.900  17.950   216501.0
2017-11-28  18.000  18.000   275303.0
2017-11-29  18.000  18.050   294099.0
2017-11-30  18.200  18.000   330652.0
2017-12-01  18.100  17.850   277575.0
2017-12-04  17.900  18.000   272922.0
2017-12-05  17.950  17.900   261634.0
2017-12-06  17.800  17.800   231760.0
2017-12-07  17.750  18.200   449556.0
2017-12-08  18.400  18.400   338014.0
2017-12-11  18.550  19.000   326607.0
2017-12-12  19.000  19.350   321220.0
2017-12-13  19.200  19.900   549103.0
2017-12-14  20.100  20.400   543216.0
2017-12-15  20.450  20.100   555337.0
2017-12-18  20.425  20.700   480610.0
2017-12-19  21.125  20.750   570342.0
2017-12-20  20.500  21.250   455814.0
2017-12-21  21.300  21.150   495458.0
2017-12-22  21.250  21.300   187121.0
2017-12-26  21.400  21.700   117631.0
2017-12-27  21.700  21.850   196149.0
2017-12-28  21.850  22.300   220349.0
2017-12-29  22.300  22.250   388274.0
2018-01-02  22.150  22.200   681297.0
2018-01-03  22.350  22.250   606121.0
2018-01-04  22.350  22.200   552360.0
2018-01-05  22.250  22.000   640962.0
2018-01-08  22.100  22.150   562420.0
2018-01-09  22.200  21.450   308153.0
2018-01-10  21.350  21.050   390276.0
2018-01-11  21.000  21.550   487102.0
2018-01-12  21.700  21.600   272468.0
2018-01-16  21.550  21.000   328579.0
2018-01-17  21.000  20.750   465413.0
2018-01-18  20.650  20.400   396729.0
2018-01-19  20.150  20.350   253718.0
2018-01-22  20.500  20.950   428776.0
2018-01-23  21.100  21.000   300701.0
2018-01-24  21.200  20.700   388520.0
2018-01-25  20.750  20.300   311100.0
2018-01-26  20.700  20.450   514972.0
2018-01-29  20.400  20.550   456703.0
2018-01-30  20.450  20.450   281844.0
2018-01-31  20.450  20.200   202523.0
2018-02-01  20.300  20.350   328914.0
2018-02-02  20.200  19.050   720639.0
2018-02-05  18.950  18.700   564530.0
2018-02-06  18.400  19.200   601053.0
2018-02-07  19.150  19.350   822806.0
2018-02-08  19.250  18.650   461151.0
2018-02-09  18.850  18.400   555682.0
2018-02-12  18.250  18.650   514863.0
2018-02-13  18.600  18.600   203623.0
2018-02-14  18.500  19.550   408408.0
2018-02-15  19.600  19.900   505855.0
2018-02-16  19.000  17.950   968785.0
2018-02-20  17.800  17.000   835637.0
2018-02-21  17.050  17.250   791339.0
2018-02-22  17.450  17.550   401658.0
2018-02-23  17.650  17.750   212037.0
2018-02-26  17.750  17.700   556147.0
2018-02-27  17.650  17.250   411900.0
2018-02-28  17.400  16.500   837472.0
2018-03-01  16.600  16.700   596874.0
2018-03-02  16.500  17.150   410844.0
2018-03-05  17.150  17.600   500196.0
2018-03-06  17.750  17.450   355724.0
2018-03-07  17.250  17.500   450721.0
2018-03-08  17.650  17.600   339012.0
2018-03-09  17.800  18.100   341870.0
2018-03-12  18.150  18.250   423567.0
2018-03-13  18.250  18.350   275226.0
2018-03-14  18.400  18.000   217467.0
2018-03-15  18.050  17.500   540855.0
2018-03-16  17.550  17.900   427413.0
2018-03-19  17.700  17.050   256378.0
2018-03-20  17.200  17.050   264063.0
2018-03-21  17.150  17.650   275726.0
2018-03-22  17.450  17.200   724747.0
2018-03-23  16.700  15.800  1019188.0
2018-03-26  16.000  16.450   572536.0
2018-03-27  16.550  16.150   361248.0