date       open      close      volume
                                           
2013-01-02   719.4200   723.2500   5077500.0
2013-01-03   724.9300   723.6700   4631700.0
2013-01-04   729.3400   737.9700   5521400.0
2013-01-07   735.4500   734.7500   3308000.0
2013-01-08   735.5400   733.3000   3348800.0
2013-01-09   732.2700   738.1180   4045300.0
2013-01-10   742.8300   741.4800   3667700.0
2013-01-11   742.0000   739.9900   2567800.0
2013-01-14   737.0000   723.2500   5722000.0
2013-01-15   719.3300   724.9300   7847500.0
2013-01-16   722.4000   715.1900   4042700.0
2013-01-17   717.7100   711.3200   4418500.0
2013-01-18   709.4300   704.5100   6447100.0
2013-01-22   704.6600   702.8700   7577200.0
2013-01-23   735.9900   741.5000  11806300.0
2013-01-24   741.2400   753.8300   6758600.0
2013-01-25   750.7700   753.6700   4447300.0
2013-01-28   751.7600   750.7300   3250900.0
2013-01-29   746.7500   753.6800   3490700.0
2013-01-30   753.7400   753.8300   3462500.0
2013-01-31   750.5100   755.6900   3265100.0
2013-02-01   758.2000   775.6000   7484700.0
2013-02-04   767.6900   759.0200   6074900.0
2013-02-05   761.1300   765.7400   3737600.0
2013-02-06   759.0700   770.1700   4152000.0
2013-02-07   769.7000   773.9500   5674700.0
2013-02-08   780.1300   785.3700   6034100.0
2013-02-11   778.4000   782.4200   4331200.0
2013-02-12   781.7500   780.7000   3714200.0
2013-02-13   780.1300   782.8600   2394000.0
2013-02-14   779.7300   787.8200   3467100.0
2013-02-15   787.4000   792.8900   5454100.0
2013-02-19   795.9900   806.8500   5857700.0
2013-02-20   805.3000   792.4600   5522800.0
2013-02-21   798.0000   795.5300   7005700.0
2013-02-22   799.2600   799.7100   4103600.0
2013-02-25   802.3000   790.7700   4603100.0
2013-02-26   795.0000   790.1300   4400500.0
2013-02-27   794.8000   799.7800   4048100.0
2013-02-28   801.1000   801.2000   4527000.0
2013-03-01   797.8000   806.1900   4346400.0
2013-03-04   805.3000   821.5040   5545600.0
2013-03-05   828.9300   838.6040   8080100.0
2013-03-06   841.0250   831.3800   5740200.0
2013-03-07   834.0600   832.5960   4101200.0
2013-03-08   834.5000   831.5200   5817900.0
2013-03-11   831.6900   834.8200   3186200.0
2013-03-12   830.7100   827.6100   4012500.0
2013-03-13   827.9000   825.3100   3279300.0
2013-03-14   826.9900   821.5400   3299000.0
2013-03-15   818.5000   814.3020   6193200.0
2013-03-18   805.0000   807.7900   3672900.0
2013-03-19   811.2400   811.3200   4192200.0
2013-03-20   816.8300   814.7080   2924600.0
2013-03-21   811.2900   811.2600   2952200.0
2013-03-22   814.7400   810.3100   2973400.0
2013-03-25   812.4100   809.6400   3420500.0
2013-03-26   813.5000   812.4200   2381400.0
2013-03-27   806.6800   802.6600   4322000.0
2013-03-28   803.9900   794.1880   4571000.0
2013-04-01   795.0100   801.1900   3610900.0
2013-04-02   804.5400   813.0400   4078900.0
2013-04-03   813.4600   806.2020   3473500.0
2013-04-04   804.2500   795.0700   4890300.0
2013-04-05   786.0600   783.0500   6860900.0
2013-04-08   778.7500   774.8500   5658500.0
2013-04-09   775.5000   777.6500   4310200.0
2013-04-10   782.9200   790.1800   3953200.0
2013-04-11   792.8800   790.3900   4053300.0
2013-04-12   791.9900   790.0500   3270100.0
2013-04-15   785.9500   781.9300   4901200.0
2013-04-16   786.5900   793.3700   3480500.0
2013-04-17   786.7500   782.5600   4069900.0
2013-04-18   785.3500   765.9140   6638300.0
2013-04-19   769.1600   799.8700  11594700.0
2013-04-22   800.6000   800.1140   5761000.0
2013-04-23   801.0000   807.9000   4580000.0
2013-04-24   808.1100   813.4540   3654500.0
2013-04-25   816.2500   809.1000   3980400.0
2013-04-26   807.6000   801.4200   4970400.0
2013-04-29   803.2500   819.0600   4596900.0
2013-04-30   819.0000   824.5700   4608700.0
2013-05-01   823.2600   820.4300   2907000.0
2013-05-02   820.1000   829.6100   4032500.0
2013-05-03   836.9600   845.7200   5020100.0
2013-05-06   848.2600   861.5500   4278300.0
2013-05-07   863.0100   857.2300   3914000.0
2013-05-08   857.0000   873.6300   4931600.0
2013-05-09   870.8400   871.4800   4396700.0
2013-05-10   875.3100   880.2300   3791600.0
2013-05-13   878.8900   877.5300   2894100.0
2013-05-14   877.5000   887.1000   3155400.0
2013-05-15   895.5001   915.8900   7963800.0
2013-05-16   919.0000   903.8700   6412700.0
2013-05-17   910.0200   909.1800   5578400.0
2013-05-20   905.0000   908.5300   4540800.0
2013-05-21   908.0200   906.9700   3962000.0
2013-05-22   902.5600   889.4200   5116000.0
2013-05-23   877.0000   882.7900   4545600.0
2013-05-24   875.2600   873.3200   4589000.0
2013-05-28   883.5000   881.2700   4510400.0
2013-05-29   875.7100   868.3100   4022700.0
2013-05-30   869.9200   870.7600   4237100.0
2013-05-31   868.1200   871.2180   3934800.0
2013-06-03   873.0000   867.6300   4946400.0
2013-06-04   867.8500   859.1000   3733400.0
2013-06-05   862.5100   859.7000   4209300.0
2013-06-06   864.3000   864.6400   5153000.0
2013-06-07   870.4200   879.7300   5343800.0
2013-06-10   882.1000   890.2200   4670900.0
2013-06-11   883.9700   879.8100   3511600.0
2013-06-12   885.4600   871.9800   4405100.0
2013-06-13   868.9800   877.0000   4135600.0
2013-06-14   880.1000   875.0400   4485500.0
2013-06-17   879.2300   886.2500   4288300.0
2013-06-18   888.6500   900.6200   4329400.0
2013-06-19   901.3700   900.6800   5825900.0
2013-06-20   893.9900   884.7400   6737200.0
2013-06-21   888.3400   880.9300   7956600.0
2013-06-24   871.8800   869.7900   6027700.0
2013-06-25   877.2600   866.2000   5101200.0
2013-06-26   873.7500   873.6500   3659100.0
2013-06-27   878.8000   877.0700   3849100.0
2013-06-28   874.9000   880.3700   4693900.0
2013-07-01   886.4500   887.8800   3446100.0
2013-07-02   890.2000   882.3100   3779200.0
2013-07-03   880.0200   886.4300   2091900.0
2013-07-05   890.0100   893.4900   3400300.0
2013-07-08   899.2100   905.0900   3935000.0
2013-07-09   911.0000   905.2400   3954800.0
2013-07-10   903.4500   905.9900   3413300.0
2013-07-11   913.0000   920.2400   5163200.0
2013-07-12   920.0000   923.0000   5131200.0
2013-07-15   924.3000   924.6900   3917000.0
2013-07-16   927.1300   919.6080   3962000.0
2013-07-17   921.0000   918.5500   3009100.0
2013-07-18   918.9900   910.6800   7261700.0
2013-07-19   886.6100   896.5980  14703800.0
2013-07-22   902.0000   910.7000   5800500.0
2013-07-23   910.7000   903.8000   4087300.0
2013-07-24   907.2600   902.9000   4152800.0
2013-07-25   893.8700   887.7000   5996100.0
2013-07-26   886.9900   885.3500   3551800.0
2013-07-29   884.9000   882.2700   3780000.0
2013-07-30   885.4600   890.9200   3507600.0
2013-07-31   892.9900   887.7500   4342600.0
2013-08-01   895.0000   904.2200   4272500.0
2013-08-02   903.4400   906.5700   3424300.0
2013-08-05   905.3900   905.0000   2616700.0
2013-08-06   904.6900   896.5700   3009100.0
2013-08-07   895.0400   890.6500   2755600.0
2013-08-08   895.4900   892.6600   2973000.0
2013-08-09   890.5600   890.4100   2644700.0
2013-08-12   886.9000   885.5100   2751200.0
2013-08-13   886.8300   881.2500   2836700.0
2013-08-14   878.3700   869.8100   4160200.0
2013-08-15   864.4400   859.6600   3734600.0
2013-08-16   861.2800   856.9080   3346800.0
2013-08-19   857.7100   865.6500   3618100.0
2013-08-20   868.3500   865.4200   2463500.0
2013-08-21   870.6500   869.3300   3511000.0
2013-08-22   872.7000   873.7100   1738000.0
2013-08-23   877.8300   870.2100   2152000.0
2013-08-26   870.0000   866.3900   2102800.0
2013-08-27   859.6200   850.1500   3464700.0
2013-08-28   850.2500   848.5500   2657100.0
2013-08-29   849.0700   855.4300   2954000.0
2013-08-30   855.7600   846.9000   3719400.0
2013-09-03   854.3600   860.3800   4091100.0
2013-09-04   860.3500   871.6340   4078300.0
2013-09-05   873.5000   879.5600   2580000.0
2013-09-06   882.4400   879.5800   3120000.0
2013-09-09   883.7300   888.0540   2466700.0
2013-09-10   890.0200   888.6700   2572600.0
2013-09-11   888.5400   896.1900   3217900.0
2013-09-12   897.4000   893.0640   2188800.0
2013-09-13   894.5000   889.0680   2648100.0
2013-09-16   896.2000   887.7600   2670300.0
2013-09-17   887.4100   886.1100   2516200.0
2013-09-18   886.3500   903.3200   3865500.0
2013-09-19   905.9900   898.3900   3192600.0
2013-09-20   898.3900   903.1100   8681900.0
2013-09-23   896.1500   886.5000   3551200.0
2013-09-24   886.5000   886.8400   2970600.0
2013-09-25   886.5500   877.2300   3294700.0
2013-09-26   878.3000   878.1700   2517200.0
2013-09-27   874.8200   876.3900   2515000.0
2013-09-30   869.0800   875.9100   3441300.0
2013-10-01   880.2500   887.0040   3366200.0
2013-10-02   882.7300   887.9900   2987600.0
2013-10-03   888.0000   876.0900   4229700.0
2013-10-04   875.0000   872.3500   2713200.0
2013-10-07   867.4500   865.7400   2584600.0
2013-10-08   865.3200   853.6700   3883500.0
2013-10-09   856.2800   855.8600   5297200.0
2013-10-10   863.8400   868.2400   4506000.0
2013-10-11   866.0300   871.9900   2814900.0
2013-10-14   866.6600   876.1100   2484700.0
2013-10-15   875.7600   882.0100   3180600.0
2013-10-16   885.8700   898.0290   4011100.0
2013-10-17   892.9900   888.7940   8504600.0
2013-10-18   976.5800  1011.4100  23109600.0
2013-10-21  1011.4600  1003.3000   7249300.0
2013-10-22  1005.0000  1007.0000   4412700.0
2013-10-23  1001.0000  1031.4100   5321000.0
2013-10-24  1031.8700  1025.5500   4180000.0
2013-10-25  1028.8200  1015.2000   4056900.0
2013-10-28  1015.2000  1015.0000   2315000.0
2013-10-29  1019.1000  1036.2400   3206700.0
2013-10-30  1037.4300  1030.4200   2645500.0
2013-10-31  1028.9300  1030.5800   3276700.0
2013-11-01  1031.7900  1027.0400   2564000.0
2013-11-04  1031.5000  1026.1100   2275300.0
2013-11-05  1020.3500  1021.5200   2360400.0
2013-11-06  1025.6000  1022.7500   1823900.0
2013-11-07  1022.6100  1007.9500   3355800.0
2013-11-08  1008.7500  1016.0300   2579000.0
2013-11-11  1009.5100  1010.5900   2222900.0
2013-11-12  1007.7000  1011.7800   2433700.0
2013-11-13  1006.7500  1032.4700   3155600.0
2013-11-14  1033.9200  1035.2300   2331000.0
2013-11-15  1034.8700  1033.5600   2550000.0
2013-11-18  1035.7500  1031.5500   3515800.0
2013-11-19  1031.7200  1025.2000   2260900.0
2013-11-20  1029.9500  1022.3100   1925400.0
2013-11-21  1027.0000  1034.0700   2181400.0
2013-11-22  1033.4200  1031.8900   2505800.0
2013-11-25  1037.1600  1045.9300   3222700.0
2013-11-26  1048.6000  1058.4100   4568000.0
2013-11-27  1062.0300  1063.1100   2244900.0
2013-11-29  1062.1600  1059.5900   2383200.0
2013-12-02  1063.5100  1054.4800   2743600.0
2013-12-03  1050.9500  1053.2600   3348800.0
2013-12-04  1051.3700  1058.1800   2380800.0
2013-12-05  1057.2000  1057.3400   2265100.0
2013-12-06  1069.7900  1069.8700   2854700.0
2013-12-09  1070.9900  1078.1400   2962200.0
2013-12-10  1076.1500  1084.6600   3704000.0
2013-12-11  1087.4000  1077.2900   3420100.0
2013-12-12  1079.5700  1069.9600   3189800.0
2013-12-13  1075.4000  1060.7900   4320400.0
2013-12-16  1064.0000  1072.9800   3200700.0
2013-12-17  1072.8200  1069.8600   3068300.0
2013-12-18  1071.8500  1084.7500   4416100.0
2013-12-19  1080.7700  1086.2200   3328000.0
2013-12-20  1088.3000  1100.6200   6516600.0
2013-12-23  1107.8400  1115.1000   3439700.0
2013-12-24  1114.9700  1111.8400   1466900.0
2013-12-26  1114.0100  1117.4600   2672900.0
2013-12-27  1120.0000  1118.4000   3136200.0
2013-12-30  1120.3400  1109.4600   2469700.0
2013-12-31  1112.2400  1120.7100   2713000.0
2014-01-02  1115.4600  1113.1200   3639100.0
2014-01-03  1115.0000  1105.0000   3330000.0
2014-01-06  1113.0100  1117.3200   3535000.0
2014-01-07  1125.0000  1138.8600   5100000.0
2014-01-08  1146.0000  1141.2300   4480500.0
2014-01-09  1143.4400  1130.2400   4164800.0
2014-01-10  1139.0800  1130.1800   4282700.0
2014-01-13  1126.4700  1122.9800   4832900.0
2014-01-14  1137.9500  1149.4000   4960200.0
2014-01-15  1152.9900  1148.6200   3896400.0
2014-01-16  1149.1000  1156.2200   3364400.0
2014-01-17  1156.8500  1150.5300   5397100.0
2014-01-21  1160.9300  1163.7000   3955800.0
2014-01-22  1166.6100  1165.0200   3139600.0
2014-01-23  1160.0000  1160.1000   3894300.0
2014-01-24  1151.0100  1123.8300   7777200.0
2014-01-27  1126.1000  1101.2300   8698400.0
2014-01-28  1110.3200  1123.0100   4415900.0
2014-01-29  1119.1200  1106.9200   4755000.0
2014-01-30  1145.0000  1135.3900  10172600.0
2014-01-31  1171.3500  1180.9700  11121400.0
2014-02-03  1179.2000  1133.4300   9129000.0
2014-02-04  1137.9900  1138.1600   5618100.0
2014-02-05  1143.3800  1143.2000   4784200.0
2014-02-06  1151.1300  1159.9600   3889300.0
2014-02-07  1167.6300  1177.4400   5267100.0
2014-02-10  1171.8000  1172.9300   3886500.0
2014-02-11  1180.1700  1190.1800   4097400.0
2014-02-12  1189.0000  1186.6900   3445500.0
2014-02-13  1180.7500  1199.9000   3669100.0
2014-02-14  1195.6100  1202.8000   4369000.0
2014-02-18  1201.4100  1210.8800   4213500.0
2014-02-19  1205.3000  1202.3400   4202900.0
2014-02-20  1203.1400  1204.1100   3398100.0
2014-02-21  1207.8100  1203.7900   3720800.0
2014-02-24  1205.3600  1212.5100   3345200.0
2014-02-25  1215.9400  1220.0000   2874500.0
2014-02-26  1224.0000  1220.1700   3960400.0
2014-02-27  1218.3900  1219.2100   2517400.0
2014-02-28  1220.3400  1215.6500   4622500.0
2014-03-03  1206.7500  1202.6900   4205300.0
2014-03-04  1215.0000  1214.9100   2932400.0
2014-03-05  1215.0500  1218.2600   2468100.0
2014-03-06  1222.2800  1219.6100   2533600.0
2014-03-07  1226.8000  1214.7900   3027100.0
2014-03-10  1215.6900  1211.5700   2426700.0
2014-03-11  1213.7700  1199.9900   3422500.0
2014-03-12  1196.4000  1207.3000   3924600.0
2014-03-13  1207.9500  1189.0600   4686500.0
2014-03-14  1181.9900  1172.8000   4583200.0
2014-03-17  1179.2500  1192.1000   4319800.0
2014-03-18  1194.6700  1211.2600   3626300.0
2014-03-19  1211.8000  1199.2500   3222500.0
2014-03-20  1199.9500  1197.1600   3366000.0
2014-03-21  1206.3100  1183.0400   6410500.0
2014-03-24  1184.1900  1157.9300   6068100.0
2014-03-25  1166.0000  1158.7200   4815500.0
2014-03-26  1162.0100  1131.9700   5154800.0
2014-03-27  1130.8500  1114.2800   7636700.0
2014-03-28  1119.0000  1120.1500   4513200.0
2014-03-31  1130.4000  1114.5100   3880700.0
2014-04-01  1120.2700  1134.8900   2181000.0
2014-04-02  1141.9000  1135.1000   4168000.0
2014-04-03   573.3900   571.5000   4018300.0
2014-04-04   578.5500   545.2500   5363700.0
2014-04-07   544.7900   540.6300   3961600.0
2014-04-08   545.0500   557.5100   3482500.0
2014-04-09   565.8400   567.0400   3031600.0
2014-04-10   568.0000   546.6900   3294500.0
2014-04-11   537.9400   537.7600   3174700.0
2014-04-14   543.6600   545.2000   2541200.0
2014-04-15   551.0000   548.7000   3997800.0
2014-04-16   557.7000   563.9000   4582200.0
2014-04-17   556.3200   543.3400   5614700.0
2014-04-21   544.0000   539.3700   2425100.0
2014-04-22   536.0000   545.5000   2331100.0
2014-04-23   543.6700   537.5100   1955700.0
2014-04-24   541.6900   534.4400   2067400.0
2014-04-25   532.2600   523.1000   2370000.0
2014-04-28   525.8000   522.9800   3752800.0
2014-04-29   523.8900   536.3300   2535200.0
2014-04-30   535.1200   534.8800   2038500.0
2014-05-01   534.2500   538.5300   2004300.0
2014-05-02   541.4400   533.8700   1780800.0
2014-05-05   530.2400   535.3300   1228400.0
2014-05-06   533.4100   522.5700   1835000.0
2014-05-07   523.2500   518.0000   3074300.0
2014-05-08   515.7200   520.1700   2452000.0
2014-05-09   518.6500   526.6200   2261200.0
2014-05-12   531.8400   538.4300   1948400.0
2014-05-13   539.5800   541.5400   2012000.0
2014-05-14   541.8200   534.4100   1280900.0
2014-05-15   533.1400   529.1200   1832900.0
2014-05-16   529.6000   528.3000   1907700.0
2014-05-19   528.8800   538.8300   1976500.0
2014-05-20   540.0000   540.3900   2425300.0
2014-05-21   542.9000   549.7000   1564700.0
2014-05-22   552.2000   555.4500   2149700.0
2014-05-23   558.1300   563.8000   2672500.0
2014-05-27   567.7800   574.8700   2185800.0
2014-05-28   574.5700   570.4500   1581600.0
2014-05-29   573.3900   570.5600   1411100.0
2014-05-30   571.6400   571.6500   1871700.0
2014-06-02   569.7500   564.3400   1660500.0
2014-06-03   560.9000   554.5100   2031300.0
2014-06-04   551.5200   553.7600   1729100.0
2014-06-05   557.1100   564.9300   1793400.0
2014-06-06   568.1600   566.0300   1740200.0
2014-06-09   566.7500   570.7300   1529700.0
2014-06-10   568.7800   568.3000   1483800.0
2014-06-11   565.9200   567.5000   1129000.0
2014-06-12   567.0000   559.5000   1546500.0
2014-06-13   560.0800   560.3500   1353300.0
2014-06-16   557.2500   552.3000   1938500.0
2014-06-17   552.3600   550.6150   1477600.0
2014-06-18   552.8000   560.6600   2060600.0
2014-06-19   561.1500   564.9900   2627400.0
2014-06-20   566.4500   566.5200   3160600.0
2014-06-23   564.3500   574.2900   1722800.0
2014-06-24   574.2200   572.5400   2844300.0
2014-06-25   573.5500   585.9300   2114700.0
2014-06-26   589.3000   584.7700   2002300.0
2014-06-27   585.4500   585.6900   2021300.0
2014-06-30   586.7600   584.6700   1478900.0
2014-07-01   587.6500   591.4900   1643200.0
2014-07-02   592.2600   590.7800   1195800.0
2014-07-03   591.7000   593.0800    898900.0
2014-07-07   593.5100   590.7600   1336700.0
2014-07-08   586.3650   578.4000   2125200.0
2014-07-09   578.9500   583.3600   1372800.0
2014-07-10   573.0000   580.0400   1436200.0
2014-07-11   581.0000   586.6500   1511600.0
2014-07-14   590.6000   594.2600   1951600.0
2014-07-15   595.1500   593.0600   1673800.0
2014-07-16   596.8900   590.6200   1440800.0
2014-07-17   588.9700   580.8200   2935300.0
2014-07-18   603.0100   605.1100   4871600.0
2014-07-21   601.3500   598.4400   2237900.0
2014-07-22   599.7000   603.5700   1881600.0
2014-07-23   602.0500   605.1900   1106000.0
2014-07-24   605.5300   603.0100   1355000.0
2014-07-25   599.2500   598.0800   1360000.0
2014-07-28   597.7500   599.0200   1358100.0
2014-07-29   597.7000   593.9500   1366600.0
2014-07-30   595.8100   595.4400   1215100.0
2014-07-31   588.9600   579.5500   2309500.0
2014-08-01   578.5550   573.6000   2213300.0
2014-08-04   576.5100   582.2700   1519400.0
2014-08-05   579.3800   573.1400   1643800.0
2014-08-06   569.5000   574.4900   1322800.0
2014-08-07   576.0500   571.8100   1163000.0
2014-08-08   572.0200   577.9400   1493300.0
2014-08-11   579.0000   577.2500   1171300.0
2014-08-12   575.0000   572.1200   1394500.0
2014-08-13   576.4500   584.5600   1899400.0
2014-08-14   586.6900   584.6500   1272900.0
2014-08-15   587.5000   583.7100   1723400.0
2014-08-18   587.1000   592.7000   1466000.0
2014-08-19   595.5900   597.1100   1043200.0
2014-08-20   596.9500   595.4100    967300.0
2014-08-21   594.9000   592.4200   1132000.0
2014-08-22   593.2700   592.5400    877200.0
2014-08-25   594.7700   590.5700   1295600.0
2014-08-26   592.0000   588.1200   1471700.0
2014-08-27   587.8100   583.0000   1364600.0
2014-08-28   580.0200   580.3200   1405800.0
2014-08-29   582.3500   582.3600   1206100.0
2014-09-02   582.9500   588.6300   1583000.0
2014-09-03   591.7300   589.5200   1579000.0
2014-09-04   592.1300   593.1400   1630800.0
2014-09-05   595.1300   597.7800   1799100.0
2014-09-08   599.1400   601.6300   1599200.0
2014-09-09   600.2700   591.9700   1571200.0
2014-09-10   591.7400   593.4200   1160100.0
2014-09-11   590.0000   591.1100   1501400.0
2014-09-12   590.3900   584.9000   1851500.0
2014-09-15   582.2400   581.6400   1545400.0
2014-09-16   580.9500   588.7800   1579600.0
2014-09-17   589.5100   593.2900   1719500.0
2014-09-18   595.0500   597.2700   1494500.0
2014-09-19   599.4900   605.4000   4191600.0
2014-09-22   602.5000   597.2700   1785101.0
2014-09-23   595.0000   591.1800   1398949.0
2014-09-24   591.5700   598.4200   1754676.0
2014-09-25   596.9900   585.2500   1663317.0
2014-09-26   585.9300   587.9000   1289090.0
2014-09-29   581.8300   587.8100   1144982.0
2014-09-30   587.4900   588.4100   1571688.0
2014-10-01   586.8000   579.6300   1449686.0
2014-10-02   578.0000   580.8800   1536935.0
2014-10-03   584.1000   586.2500   1214593.0
2014-10-06   589.9500   587.7800   1286130.0
2014-10-07   584.9000   574.1000   1546228.0
2014-10-08   574.7900   583.7400   2210360.0
2014-10-09   581.6100   570.8100   2413453.0
2014-10-10   567.4700   555.1900   2979673.0
2014-10-13   555.1300   544.7500   2756508.0
2014-10-14   550.1400   548.6900   2610033.0
2014-10-15   542.0800   540.7300   3836222.0
2014-10-16   527.0000   536.9200   3805046.0
2014-10-17   540.4500   522.9700   5998740.0
2014-10-20   520.4500   532.3800   2749830.0
2014-10-21   537.2700   538.0300   2460140.0
2014-10-22   541.0500   542.6900   2974550.0
2014-10-23   548.2800   553.6500   2153678.0
2014-10-24   554.9800   548.9000   2175767.0
2014-10-27   547.7600   549.8800   1598409.0
2014-10-28   551.7100   558.9400   1739666.0
2014-10-29   560.8500   558.4500   2053355.0
2014-10-30   558.2500   560.2700   1612469.0
2014-10-31   568.3000   567.8700   2341539.0
2014-11-03   563.5300   563.7700   1544338.0
2014-11-04   561.1600   564.1900   1386509.0
2014-11-05   566.7900   555.9500   1645264.0
2014-11-06   555.5000   551.6900   1650721.0
2014-11-07   555.6000   551.8200   1589131.0
2014-11-10   552.4000   558.2300   1304481.0
2014-11-11   558.5200   561.2900   1100179.0
2014-11-12   561.1500   558.2500   1094114.0
2014-11-13   560.8100   556.4400   1510989.0
2014-11-14   558.0000   555.1900   1425060.0
2014-11-17   555.1900   546.6400   1680621.0
2014-11-18   547.9300   544.5100   1822166.0
2014-11-19   544.7500   547.2000   1517286.0
2014-11-20   542.0900   543.7600   1750758.0
2014-11-21   551.0400   545.8900   2505988.0
2014-11-24   546.5700   547.4800   1653773.0
2014-11-25   547.2100   549.2300   1903589.0
2014-11-26   549.2300   547.7300   1480294.0
2014-11-28   547.0000   549.0800   1210061.0
2014-12-01   545.0900   539.6500   1994399.0
2014-12-02   539.4500   538.5900   2073974.0
2014-12-03   537.5000   536.9700   1623977.0
2014-12-04   537.6400   542.5800   1633688.0
2014-12-05   536.7000   528.0800   3070118.0
2014-12-08   529.2200   530.7300   3231818.0
2014-12-09   525.8750   536.1100   2168813.0
2014-12-10   535.9000   528.0400   2316204.0
2014-12-11   530.0100   532.1100   2073290.0
2014-12-12   527.4400   521.5100   2371543.0
2014-12-15   523.7600   515.8400   2621977.0
2014-12-16   513.6000   498.1600   4349882.0
2014-12-17   499.8600   506.4500   3639437.0
2014-12-18   515.9900   514.6200   3876732.0
2014-12-19   516.9900   520.0400   4872059.0
2014-12-22   520.6100   532.3000   3319461.0
2014-12-23   534.5100   538.7700   2877222.0
2014-12-24   538.8200   536.9300    737848.0
2014-12-26   536.9300   541.5200   1113464.0
2014-12-29   540.5000   537.3100   2218632.0
2014-12-30   534.9600   535.2800   1048631.0
2014-12-31   537.7400   530.6600   1236445.0
2015-01-02   532.6000   529.5500   1327870.0
2015-01-05   527.1500   519.4600   2059119.0
2015-01-06   520.5000   506.6400   2731813.0
2015-01-07   510.9500   505.1500   2345875.0
2015-01-08   501.5100   506.9100   3662224.0
2015-01-09   508.1800   500.7200   2065403.0
2015-01-12   499.2400   497.0600   2856938.0
2015-01-13   502.5700   501.8000   3050295.0
2015-01-14   500.4200   505.9300   2639959.0
2015-01-15   508.8900   504.0100   2556682.0
2015-01-16   503.1500   510.4550   2482858.0
2015-01-20   512.7700   509.9400   2343612.0
2015-01-21   510.8400   520.3900   2317789.0
2015-01-22   523.0000   537.3000   2803401.0
2015-01-23   538.0300   541.9500   2298290.0
2015-01-26   541.5000   536.7200   1546563.0
2015-01-27   531.4000   521.1900   1957440.0
2015-01-28   525.0000   512.4300   1791077.0
2015-01-29   512.9000   513.2300   3950857.0
2015-01-30   519.0000   537.5500   6055445.0
2015-02-02   534.3200   532.2000   3768861.0
2015-02-03   529.9400   533.3000   2353096.0
2015-02-04   533.1400   526.1000   1694832.0
2015-02-05   527.9300   529.8300   1658751.0
2015-02-06   531.0100   533.8750   2146922.0
2015-02-09   531.0600   529.2800   1515687.0
2015-02-10   532.1500   540.1600   2371468.0
2015-02-11   539.7300   538.0000   1915336.0
2015-02-12   539.6600   546.0100   2429520.0
2015-02-13   547.5100   551.1600   2369115.0
2015-02-17   551.1600   545.0100   1958679.0
2015-02-18   543.8200   542.6500   1558153.0
2015-02-19   542.4700   546.4500   1541669.0
2015-02-20   547.5800   541.8000   1911732.0
2015-02-23   539.0000   535.0000   1645276.0
2015-02-24   531.5500   538.6500   1421373.0
2015-02-25   538.4400   547.3300   2041827.0
2015-02-26   545.7400   559.2900   2701584.0
2015-02-27   558.1500   562.6300   3416445.0
2015-03-02   567.0000   575.0200   2520304.0
2015-03-03   576.3500   578.7950   2526280.0
2015-03-04   576.9700   578.3300   1898150.0
2015-03-05   579.6200   581.4350   1795889.0
2015-03-06   582.0000   572.9000   1879619.0
2015-03-09   570.9200   574.1000   1174244.0
2015-03-10   568.4750   559.8500   2004024.0
2015-03-11   559.8000   555.6900   2026158.0
2015-03-12   558.4800   561.1700   1780057.0
2015-03-13   559.2300   553.0000   1771354.0
2015-03-16   556.9300   561.6400   1842754.0
2015-03-17   558.2900   557.6100   1444560.0
2015-03-18   557.7300   566.1600   1766221.0
2015-03-19   564.5200   563.6700   1232969.0
2015-03-20   566.7100   564.9500   2216038.0
2015-03-23   566.0000   565.3700   1511686.0
2015-03-24   568.5400   577.5400   3957844.0
2015-03-25   577.5700   567.0000   2653451.0
2015-03-26   564.6500   563.6400   2492141.0
2015-03-27   561.8300   557.5500   1727629.0
2015-03-30   560.2500   561.1350   1239350.0
2015-03-31   557.9400   554.7000   1746622.0
2015-04-01   554.8300   549.4900   1945090.0
2015-04-02   547.4100   541.3100   2388019.0
2015-04-06   538.8400   543.9500   1685894.0
2015-04-07   544.9900   544.8600   1365916.0
2015-04-08   546.0000   548.8400   1419316.0
2015-04-09   549.2100   548.0200   1618299.0
2015-04-10   549.5700   548.5400   1305219.0
2015-04-13   547.0500   548.6400   1466277.0
2015-04-14   546.5700   539.7800   2360329.0
2015-04-15   537.9600   541.0400   2348087.0
2015-04-16   538.3500   543.5200   1586088.0
2015-04-17   537.3100   532.7400   2461698.0
2015-04-20   533.7500   544.5300   1926064.0
2015-04-21   546.3100   542.9250   1456387.0
2015-04-22   543.0600   549.1800   1590320.0
2015-04-23   550.4100   557.4600   3909155.0
2015-04-24   580.0500   573.6600   4608403.0
2015-04-27   572.7700   566.1200   2403105.0
2015-04-28   564.3200   564.3700   1859787.0
2015-04-29   560.5100   561.3900   1681064.0
2015-04-30   558.5600   548.7700   2362024.0
2015-05-01   550.5100   551.1600   1828566.0
2015-05-04   550.9900   552.8400   1762952.0
2015-05-05   550.1600   543.0450   1426417.0
2015-05-06   542.6400   535.0800   1951728.0
2015-05-07   535.9000   542.0400   1592220.0
2015-05-08   548.8700   548.9500   1411264.0
2015-05-11   548.4900   545.7800   1092923.0
2015-05-12   542.8100   538.7300   1764123.0
2015-05-13   540.4700   539.4900   1211920.0
2015-05-14   543.9700   549.2000   1586833.0
2015-05-15   550.3900   546.4900   1671977.0
2015-05-18   543.8200   546.6700   1335256.0
2015-05-19   548.0000   549.2800   2356274.0
2015-05-20   550.9200   552.5100   1541962.0
2015-05-21   550.2000   556.8100   1708512.0
2015-05-22   554.4600   554.5200   1213288.0
2015-05-26   552.5800   547.1900   1873709.0
2015-05-27   548.6800   554.2500   1742237.0
2015-05-28   553.7900   554.1800   1177318.0
2015-05-29   553.2000   545.3200   2172282.0
2015-06-01   548.7300   549.2100   1660500.0
2015-06-02   547.4300   553.9500   1592828.0
2015-06-03   555.1000   555.2900   1335479.0
2015-06-04   552.1800   551.6900   1343317.0
2015-06-05   552.0000   549.5300   1219841.0
2015-06-08   549.6100   543.4800   1366816.0
2015-06-09   543.4200   542.1600   1500846.0
2015-06-10   545.7000   552.6000   1515805.0
2015-06-11   554.4900   550.0400   1293560.0
2015-06-12   547.1500   547.4700   1273383.0
2015-06-15   542.7300   543.0000   1357481.0
2015-06-16   544.4800   544.8700   1626349.0
2015-06-17   545.4200   546.6000   1222049.0
2015-06-18   548.0000   556.1800   2059603.0
2015-06-19   556.5200   557.5200   2964489.0
2015-06-22   559.4100   559.6800   1737569.0
2015-06-23   559.7900   563.3900   1569808.0
2015-06-24   562.4800   558.5700   1446156.0
2015-06-25   560.3000   557.9500   1335270.0
2015-06-26   559.7100   553.0600   2183753.0
2015-06-29   546.7500   541.2500   1887816.0
2015-06-30   545.0900   540.0400   1725464.0
2015-07-01   543.6600   543.3000   1537973.0
2015-07-02   544.7400   547.3400   1406213.0
2015-07-06   542.2500   545.6200   1280687.0
2015-07-07   547.4300   550.0300   1679759.0
2015-07-08   545.6000   541.7000   1383065.0
2015-07-09   548.6500   544.6500   1488324.0
2015-07-10   553.7100   556.1100   2171750.0
2015-07-13   559.5100   571.7300   2089641.0
2015-07-14   574.5000   584.1800   3741583.0
2015-07-15   583.7400   583.9600   2073330.0
2015-07-16   589.5000   601.7800   5632054.0
2015-07-17   680.0000   699.6200  12858136.0
2015-07-20   688.9800   692.8400   5121752.0
2015-07-21   684.8800   695.3500   3780230.0
2015-07-22   694.0200   695.1000   4154987.0
2015-07-23   691.8500   674.7300   3811598.0
2015-07-24   676.7700   654.7700   4131137.0
2015-07-27   651.5700   658.2700   2919110.0
2015-07-28   661.7600   659.6600   1718193.0
2015-07-29   662.2600   661.4300   1837805.0
2015-07-30   657.4400   664.5600   1980345.0
2015-07-31   664.7000   657.5000   1746094.0
2015-08-03   657.6600   664.7200   1567407.0
2015-08-04   664.3400   661.2800   1309410.0
2015-08-05   665.7500   673.2900   1812589.0
2015-08-06   673.9900   670.1500   2032984.0
2015-08-07   667.7800   664.3900   1377152.0
2015-08-10   667.0900   663.1400   1722915.0
2015-08-11   699.5800   690.3000   5494011.0
2015-08-12   694.4900   691.4700   2932328.0
2015-08-13   689.2000   686.5100   1817748.0
2015-08-14   684.0400   689.3700   1379855.0
2015-08-17   688.0400   694.1100   1233951.0
2015-08-18   691.0700   688.7300   1385544.0
2015-08-19   690.1100   694.0400   2509697.0
2015-08-20   689.1000   679.4800   2889877.0
2015-08-21   671.0400   644.0300   4593970.0
2015-08-24   600.6000   618.1100   6489430.0
2015-08-25   646.4675   612.4700   3571469.0
2015-08-26   643.1000   659.7400   4386985.0
2015-08-27   672.0000   667.9600   2948736.0
2015-08-28   665.1100   659.6900   1941833.0
2015-08-31   656.2600   647.8200   1946844.0
2015-09-01   633.6600   629.5600   2572884.0
2015-09-02   638.6400   644.9100   1881489.0
2015-09-03   647.9300   637.0500   1728562.0
2015-09-04   629.7000   628.9600   2024990.0
2015-09-08   641.0000   643.8800   1954648.0
2015-09-09   651.8800   643.4100   2048908.0
2015-09-10   643.9000   651.0800   1392481.0
2015-09-11   650.2100   655.3000   1744615.0
2015-09-14   655.6300   652.4700   1497627.0
2015-09-15   656.7100   665.0700   1777320.0
2015-09-16   665.5500   665.5200   1312598.0
2015-09-17   667.4900   671.6700   2387605.0
2015-09-18   665.0600   660.9200   3627210.0
2015-09-21   665.5100   666.9800   1954667.0
2015-09-22   657.4700   653.2000   2718081.0
2015-09-23   652.9000   653.2900   1457995.0
2015-09-24   648.9700   654.9100   1934639.0
2015-09-25   658.5800   640.1500   2423992.0
2015-09-28   639.0500   624.2500   2361393.0
2015-09-29   625.5000   622.6100   2106466.0
2015-09-30   631.8300   637.2000   2549938.0
2015-10-01   637.9400   642.0000   2125315.0
2015-10-02   638.0100   656.9900   2439435.0
2015-10-05   661.6000   671.6800   1898012.0
2015-10-06   669.3500   671.6400   2157409.0
2015-10-07   677.4000   670.0000   2217672.0
2015-10-08   669.4500   667.0000   1965397.0
2015-10-09   667.4900   671.2400   1606178.0
2015-10-12   669.1900   676.4300   1334225.0
2015-10-13   674.2600   683.1700   2122338.0
2015-10-14   683.7300   680.4100   1564582.0
2015-10-15   685.2500   693.0200   2357829.0
2015-10-16   695.4000   695.3200   1815759.0
2015-10-19   694.0000   699.9500   1508585.0
2015-10-20   697.8900   680.0000   2621719.0
2015-10-21   683.2100   671.8000   1608436.0
2015-10-22   675.4400   681.1400   4431595.0
2015-10-23   750.0600   719.3300   6336319.0
2015-10-26   720.0200   731.1200   2438847.0
2015-10-27   726.5700   732.8200   1938916.0
2015-10-28   733.0000   736.9200   1980154.0
2015-10-29   736.6300   744.8500   1825957.0
2015-10-30   745.5600   737.3900   1999161.0
2015-11-02   737.8800   747.7400   1995708.0
2015-11-03   745.4300   748.8200   1815300.0
2015-11-04   749.9000   755.3100   2091999.0
2015-11-05   758.8100   760.6700   2274314.0
2015-11-06   759.3900   761.6000   1677199.0
2015-11-09   758.5200   754.7700   1776861.0
2015-11-10   753.4800   758.2600   1489929.0
2015-11-11   762.3800   765.2500   2095922.0
2015-11-12   760.1800   756.5300   1772555.0
2015-11-13   754.0400   740.0700   2409363.0
2015-11-16   740.2100   750.4200   2535198.0
2015-11-17   752.4700   745.9800   1939934.0
2015-11-18   749.5700   760.0100   1813336.0
2015-11-19   759.7800   759.9400   1403913.0
2015-11-20   769.3000   777.0000   2773944.0
2015-11-23   777.4700   776.7000   1732400.0
2015-11-24   772.9600   769.6300   2394010.0
2015-11-25   771.6900   769.2600   1180643.0
2015-11-27   769.1600   771.9700    722320.0
2015-11-30   771.8700   762.8500   1679349.0
2015-12-01   766.9400   783.7900   2019864.0
2015-12-02   785.2500   777.8500   2343841.0
2015-12-03   780.5600   768.2000   2097494.0
2015-12-04   769.7100   779.2100   2489998.0
2015-12-07   780.0600   772.9900   1831287.0
2015-12-08   764.5000   775.1400   1554121.0
2015-12-09   771.1000   762.5500   2327471.0
2015-12-10   763.5900   760.0400   1622940.0
2015-12-11   749.0000   750.4200   2159164.0
2015-12-14   751.2600   762.5400   2708520.0
2015-12-15   767.7900   760.0900   2469319.0
2015-12-16   766.5700   776.5900   2656010.0
2015-12-17   781.1600   769.8300   1825538.0
2015-12-18   767.2300   756.8500   3389702.0
2015-12-21   763.0500   760.8000   1742368.0
2015-12-22   764.2700   767.1300   1816935.0
2015-12-23   770.6900   768.5100   1529742.0
2015-12-24   768.5200   765.8400    521141.0
2015-12-28   770.0000   782.2400   1557755.0
2015-12-29   786.9900   793.9600   1921480.0
2015-12-30   793.9600   790.3000   1428280.0
2015-12-31   787.8200   778.0100   1637561.0
2016-01-04   762.2000   759.4400   3369068.0
2016-01-05   764.1000   761.5300   2260795.0
2016-01-06   750.3700   759.3300   2410301.0
2016-01-07   746.4900   741.0000   3156563.0
2016-01-08   747.8000   730.9100   2375348.0
2016-01-11   731.9500   733.0700   2544806.0
2016-01-12   740.7500   745.3400   2340753.0
2016-01-13   749.3400   719.5700   2586395.0
2016-01-14   724.4400   731.3900   2777868.0
2016-01-15   709.9900   710.4900   3833751.0
2016-01-19   720.1500   719.0800   2436220.0
2016-01-20   705.9000   718.5600   4122010.0
2016-01-21   720.1700   726.6700   2596916.0
2016-01-22   742.0000   745.4600   2357315.0
2016-01-25   743.8400   733.6200   2267031.0
2016-01-26   735.2100   733.7900   1547049.0
2016-01-27   735.8900   717.5800   2121434.0
2016-01-28   738.1900   748.3000   3105222.0
2016-01-29   748.9600   761.3500   3790395.0
2016-02-01   771.2600   770.7700   5576089.0
2016-02-02   800.5000   780.9100   6792331.0
2016-02-03   786.2800   749.3800   6555731.0
2016-02-04   744.5900   730.0300   5246123.0
2016-02-05   725.5000   703.7600   5477821.0
2016-02-08   687.6800   704.1600   4470514.0
2016-02-09   692.9500   701.0200   4214950.0
2016-02-10   711.7900   706.8500   3015733.0
2016-02-11   696.3400   706.3600   3250206.0
2016-02-12   712.2100   706.8900   2326889.0
2016-02-16   718.6500   717.6400   2172213.0
2016-02-17   727.0000   731.9700   2457715.0
2016-02-18   733.9600   717.5100   2363846.0
2016-02-19   715.9000   722.1100   1745940.0
2016-02-22   729.5100   729.0500   1875824.0
2016-02-23   726.1000   717.2900   2066566.0
2016-02-24   710.6100   720.9000   1854612.0
2016-02-25   722.9300   729.1200   1807258.0
2016-02-26   733.6000   724.8600   2123690.0
2016-02-29   721.0000   717.2200   2253426.0
2016-03-01   721.3000   742.1700   3005553.0
2016-03-02   742.8700   739.4800   1814643.0
2016-03-03   739.4800   731.5900   2026700.0
2016-03-04   734.8000   730.2200   2425750.0
2016-03-07   725.1500   712.8000   3088278.0
2016-03-08   708.3900   713.5300   2521688.0
2016-03-09   715.1650   725.4100   1977169.0
2016-03-10   727.7900   732.1700   2230811.0
2016-03-11   739.9500   744.8700   1768995.0
2016-03-14   744.9700   750.2400   1641189.0
2016-03-15   746.0200   750.5700   1491578.0
2016-03-16   749.0500   757.3600   1465285.0
2016-03-17   757.6500   758.4800   2228244.0
2016-03-18   761.6300   755.4100   2811518.0
2016-03-21   753.9100   762.1600   1438658.0
2016-03-22   758.4400   760.0500   1104784.0
2016-03-23   763.3500   757.5600   1233854.0
2016-03-24   751.2000   754.8400   1555844.0
2016-03-28   756.1700   753.2800   1083823.0
2016-03-29   753.6800   765.8900   2003061.0
2016-03-30   768.2100   768.3400   2019755.0
2016-03-31   768.3400   762.9000   1627669.0
2016-04-01   757.1600   769.6700   1583698.0
2016-04-04   769.5100   765.1200   1346424.0
2016-04-05   758.1300   758.5700   1223905.0
2016-04-06   757.8400   768.0700   1265577.0
2016-04-07   765.3200   760.1200   1274852.0
2016-04-08   765.8700   759.4700   1171867.0
2016-04-11   765.4500   757.5400   1588692.0
2016-04-12   758.4300   764.3200   1369358.0
2016-04-13   770.3100   771.9100   1771308.0
2016-04-14   775.3600   775.3900   1349610.0
2016-04-15   775.5000   780.0000   1585584.0
2016-04-18   780.1900   787.6800   1677015.0
2016-04-19   790.5000   776.2500   2197615.0
2016-04-20   779.1600   774.9200   1713088.0
2016-04-21   777.3100   780.0000   3881420.0
2016-04-22   743.9100   737.7700   7039948.0
2016-04-25   735.3500   742.2100   2472061.0
2016-04-26   744.4200   725.3700   2793210.0
2016-04-27   725.3200   721.4600   3313137.0
2016-04-28   723.2900   705.0600   3129502.0
2016-04-29   704.1200   707.8800   2913898.0
2016-05-02   711.9200   714.4100   1673820.0
2016-05-03   712.5000   708.4400   1931040.0
2016-05-04   706.7700   711.3700   1708609.0
2016-05-05   715.0000   714.7100   1483357.0
2016-05-06   712.2000   725.1800   1997628.0
2016-05-09   726.7000   729.1300   1903689.0
2016-05-10   734.9600   739.3800   1631714.0
2016-05-11   740.5200   730.5500   1491746.0
2016-05-12   732.0000   728.0700   1354717.0
2016-05-13   726.6200   724.8300   1262161.0
2016-05-16   724.3200   730.3000   1126862.0
2016-05-17   731.0600   720.1900   1670176.0
2016-05-18   718.5000   721.7800   1626800.0
2016-05-19   718.3000   715.3100   1529910.0
2016-05-20   716.4600   721.7100   1739895.0
2016-05-23   719.9800   717.2500   1240826.0
2016-05-24   719.8500   733.0300   1894161.0
2016-05-25   735.0000   738.1000   1616624.0
2016-05-26   736.0000   736.9300   1360119.0
2016-05-27   737.5100   747.6000   1740130.0
2016-05-31   748.7600   748.8500   2124248.0
2016-06-01   748.4700   748.4600   1039847.0
2016-06-02   746.1000   744.2700   1695824.0
2016-06-03   741.4900   735.8600   1230376.0
2016-06-06   738.5000   730.0600   1499648.0
2016-06-07   733.2700   731.0900   1215741.0
2016-06-08   739.5000   742.9300   1615727.0
2016-06-09   737.0700   742.5200    958963.0
2016-06-10   735.9500   733.1900   1452456.0
2016-06-13   729.8200   731.8800   1167736.0
2016-06-14   729.3100   733.2500   1329176.0
2016-06-15   734.9200   732.1900   1161701.0
2016-06-16   727.9600   724.2500   2250083.0
2016-06-17   721.3900   704.2500   4113085.0
2016-06-20   710.3100   706.1300   2282725.0
2016-06-21   710.0500   708.8800   1515918.0
2016-06-22   714.0500   710.4700   1452884.0
2016-06-23   710.5500   714.8700   2125028.0
2016-06-24   690.1700   685.2000   4771780.0
2016-06-27   682.4900   681.1400   2919486.0
2016-06-28   691.3700   691.2600   1912280.0
2016-06-29   694.2600   695.1900   2156218.0
2016-06-30   697.6500   703.5300   2112513.0
2016-07-01   705.1000   710.2500   1549160.0
2016-07-05   705.0100   704.8900   1422028.0
2016-07-06   699.8400   708.9700   1445126.0
2016-07-07   710.1100   707.2600   1058698.0
2016-07-08   710.5600   717.7800   1497323.0
2016-07-11   719.4200   727.2000   1441113.0
2016-07-12   731.9200   732.5100   1328680.0
2016-07-13   735.5200   729.4800   1021827.0
2016-07-14   733.9400   735.8000   1070351.0
2016-07-15   741.0000   735.6300   1617087.0
2016-07-18   737.9100   753.2000   1934900.0
2016-07-19   749.8700   753.4100   1521795.0
2016-07-20   754.0500   757.0800   1125117.0
2016-07-21   757.0000   754.4100    953053.0
2016-07-22   757.3200   759.2800   1046024.0
2016-07-25   757.6800   757.5200   1073310.0
2016-07-26   757.5200   757.6500   1189573.0
2016-07-27   758.9700   761.9700   1608589.0
2016-07-28   768.8400   765.8400   3673221.0
2016-07-29   797.7100   791.3400   5090527.0
2016-08-01   786.6700   800.9400   3029658.0
2016-08-02   797.3300   800.1200   1996354.0
2016-08-03   796.4700   798.9200   1461025.0
2016-08-04   798.2400   797.2500   1076031.0
2016-08-05   800.1100   806.9300   1807271.0
2016-08-08   806.0000   805.2300   1221609.0
2016-08-09   804.4900   807.4800   1607685.0
2016-08-10   807.0500   808.4900    918514.0
2016-08-11   810.4700   808.2000   1282274.0
2016-08-12   805.0900   807.0500    897283.0
2016-08-15   807.2100   805.9600    930074.0
2016-08-16   803.5000   801.1900   1057897.0
2016-08-17   800.0000   805.4200   1066070.0
2016-08-18   805.3600   802.7500    865160.0
2016-08-19   799.7900   799.6500   1120763.0
2016-08-22   798.5100   796.9500    853365.0
2016-08-23   800.4800   796.5900    917513.0
2016-08-24   796.8600   793.6000   1284437.0
2016-08-25   792.0000   791.3000   1202680.0
2016-08-26   792.4900   793.2200   1248881.0
2016-08-29   793.0500   795.8200    773698.0
2016-08-30   792.8800   791.9200   1167413.0
2016-08-31   789.6000   789.8500   1071420.0
2016-09-01   791.9800   791.4000   1303460.0
2016-09-02   795.2700   796.8700   1349896.0
2016-09-06   798.3900   808.0200   1989537.0
2016-09-07   807.9300   807.9900   1145724.0
2016-09-08   805.2200   802.8400   1177660.0
2016-09-09   798.7700   788.4800   1887633.0
2016-09-12   784.5200   798.8200   1863737.0
2016-09-13   794.0100   788.7200   1809044.0
2016-09-14   787.5300   790.4600   1313912.0
2016-09-15   790.0100   801.2300   1566360.0
2016-09-16   799.0200   797.9700   2130571.0
2016-09-19   801.1100   795.3900   1149522.0
2016-09-20   800.0000   799.7800   1050041.0
2016-09-21   801.2600   805.0300   1348476.0
2016-09-22   810.0000   815.9500   1759290.0
2016-09-23   815.1400   814.9600   1411673.0
2016-09-26   809.8200   802.6500   1472732.0
2016-09-27   801.8300   810.7300   1367271.0
2016-09-28   804.0800   810.0600   1470280.0
2016-09-29   807.2300   802.6400   1349974.0
2016-09-30   803.6000   804.0600   1660201.0
2016-10-03   802.5500   800.3800   1489212.0
2016-10-04   805.0000   802.7900   1258706.0
2016-10-05   806.0000   801.2300   1213820.0
2016-10-06   804.0800   803.0800   1099909.0
2016-10-07   805.9300   800.7100   1163899.0
2016-10-10   803.9300   814.1700   1496115.0
2016-10-11   814.1700   809.5700   1721575.0
2016-10-12   811.9600   811.7700    907876.0
2016-10-13   806.0700   804.0800   1368981.0
2016-10-14   807.4500   804.6000   1111934.0
2016-10-17   805.9900   806.8400   1056367.0
2016-10-18   814.2100   821.4900   2289265.0
2016-10-19   824.5200   827.0900   1500142.0
2016-10-20   827.5600   821.6300   1393870.0
2016-10-21   820.0000   824.0600   1615814.0
2016-10-24   830.0900   835.7400   1447616.0
2016-10-25   838.5000   828.5500   1890712.0
2016-10-26   827.1200   822.1000   1794868.0
2016-10-27   823.0100   817.3500   2973486.0
2016-10-28   829.9400   819.5600   4354884.0
2016-10-31   822.4300   809.9000   2242679.0
2016-11-01   810.8700   805.4800   2355890.0
2016-11-02   806.7600   788.4200   2350736.0
2016-11-03   784.5000   782.1900   2175216.0
2016-11-04   771.3000   781.1000   1970603.0
2016-11-07   794.9500   802.0300   1992570.0
2016-11-08   802.0300   811.9800   1769069.0
2016-11-09   801.8300   805.5900   3098510.0
2016-11-10   810.0000   780.2900   5909609.0
2016-11-11   776.8100   771.7500   3592641.0
2016-11-14   771.7600   753.2200   3688274.0
2016-11-15   765.4700   775.1600   2943889.0
2016-11-16   781.8400   779.9800   1798360.0
2016-11-17   782.5000   786.1600   1533679.0
2016-11-18   787.1700   775.9700   1806264.0
2016-11-21   778.1000   784.8000   1630835.0
2016-11-22   788.9900   785.0000   1394174.0
2016-11-23   789.5200   779.0000   1312981.0
2016-11-25   782.6100   780.2300    613549.0
2016-11-28   778.3500   785.7900   2575432.0
2016-11-29   788.3800   789.4400   1561981.0
2016-11-30   789.1000   775.8800   2279054.0
2016-12-01   778.5500   764.3300   2867074.0
2016-12-02   761.9000   764.4600   1718846.0
2016-12-05   770.0000   778.2200   1688473.0
2016-12-06   780.1900   776.1800   1734099.0
2016-12-07   779.9500   791.4700   2029415.0
2016-12-08   792.9500   795.1700   1612531.0
2016-12-09   799.3000   809.4500   1904463.0
2016-12-12   804.8200   807.9000   1628602.0
2016-12-13   812.3900   815.3400   2128210.0
2016-12-14   815.9200   817.8900   1799654.0
2016-12-15   817.3600   815.6500   1769719.0
2016-12-16   818.3100   809.8400   2598866.0
2016-12-19   809.2800   812.5000   1263581.0
2016-12-20   813.3700   815.2000   1271883.0
2016-12-21   815.7200   812.2000   1459628.0
2016-12-22   809.1000   809.6800   1132119.0
2016-12-23   808.0100   807.8000    765537.0
2016-12-27   808.6800   809.9300    975962.0
2016-12-28   813.3300   804.5700   1214756.0
2016-12-29   802.3300   802.8800   1057392.0
2016-12-30   803.2100   792.4500   1735879.0
2017-01-03   800.6200   808.0100   1959033.0
2017-01-04   809.8900   807.7700   1515339.0
2017-01-05   807.5000   813.0200   1340535.0
2017-01-06   814.9900   825.2100   2017097.0
2017-01-09   826.3700   827.1800   1408924.0
2017-01-10   827.0700   826.0100   1197442.0
2017-01-11   826.6200   829.8600   1325394.0
2017-01-12   828.3800   829.5300   1350308.0
2017-01-13   831.0000   830.9400   1290182.0
2017-01-17   830.0000   827.4600   1440905.0
2017-01-18   829.8000   829.0200   1027698.0
2017-01-19   829.0000   824.3700   1070454.0
2017-01-20   829.0900   828.1700   1306183.0
2017-01-23   831.6100   844.4300   2457377.0
2017-01-24   846.9800   849.5300   1688375.0
2017-01-25   853.5500   858.4500   1662148.0
2017-01-26   859.0500   856.9800   3493251.0
2017-01-27   859.0000   845.0300   3752497.0
2017-01-30   837.0600   823.8300   3516933.0
2017-01-31   819.5000   820.1900   2020180.0
2017-02-01   824.0000   815.2400   2251047.0
2017-02-02   815.0000   818.2600   1689179.0
2017-02-03   823.1300   820.1300   1528095.0
2017-02-06   820.9200   821.6200   1350875.0
2017-02-07   825.5000   829.2300   1666605.0
2017-02-08   830.5300   829.8800   1302225.0
2017-02-09   831.7300   830.0600   1194238.0
2017-02-10   832.9500   834.8500   1415128.0
2017-02-13   837.7000   838.9600   1295708.0
2017-02-14   839.7700   840.0300   1363345.0
2017-02-15   838.8100   837.3200   1357185.0
2017-02-16   838.5000   842.1700   1005084.0
2017-02-17   841.3100   846.5500   1461210.0
2017-02-21   847.9900   849.2700   1261062.0
2017-02-22   848.0000   851.3600   1224889.0
2017-02-23   851.0800   851.0000   1386681.0
2017-02-24   847.6500   847.8100   1346189.0
2017-02-27   844.9500   849.6700   1010333.0
2017-02-28   847.3500   844.9300   1383119.0
2017-03-01   851.3800   856.7500   1818671.0
2017-03-02   856.3100   849.8500   1250938.0
2017-03-03   848.9400   849.0800   1006612.0
2017-03-06   846.8600   847.2700   1047872.0
2017-03-07   847.2600   851.1500   1038696.0
2017-03-08   853.1200   853.6400   1029834.0
2017-03-09   853.6900   857.8400   1347697.0
2017-03-10   862.7000   861.4050   1336585.0
2017-03-13   860.8300   864.5800   1166605.0
2017-03-14   863.7500   865.9100   1061692.0
2017-03-15   867.9400   868.3900   1332885.0
2017-03-16   870.5300   870.0000   1104452.0
2017-03-17   873.6800   872.3700   1868252.0
2017-03-20   869.4800   867.9100   1542199.0
2017-03-21   870.0600   850.1400   2537978.0
2017-03-22   849.4800   849.8000   1366749.0
2017-03-23   841.3900   839.6500   3287669.0
2017-03-24   842.0000   835.1400   2105682.0
2017-03-27   828.0900   838.5100   1935211.0
2017-03-28   839.6900   840.6300   1519202.0
2017-03-29   842.7500   849.8700   1457347.0
2017-03-30   851.9800   849.4800    949398.0
2017-03-31   846.8300   847.8000   1440982.0
2017-04-03   848.7500   856.7500   1969402.0
2017-04-04   848.0000   852.5700   1348494.0
2017-04-05   854.7100   848.9100   1855153.0
2017-04-06   849.5000   845.0950   1533564.0
2017-04-07   845.0000   842.1000   1110404.0
2017-04-10   841.5400   841.7000   1046215.0
2017-04-11   841.7000   839.8800    974343.0
2017-04-12   838.4600   841.4600   1135775.0
2017-04-13   841.0400   840.1800   1073650.0
2017-04-17   841.3800   855.1300   1049125.0
2017-04-18   852.5400   853.9900    936201.0
2017-04-19   857.3850   856.5100   1080336.0
2017-04-20   859.7400   860.0800   1188843.0
2017-04-21   860.6200   858.9500   1172870.0
2017-04-24   868.4400   878.9300   1691896.0
2017-04-25   882.2600   888.8400   2020460.0
2017-04-26   891.3900   889.1400   1302032.0
2017-04-27   890.0000   891.4400   1817740.0
2017-04-28   929.0000   924.5200   3753169.0
2017-05-01   924.1500   932.8200   2294856.0
2017-05-02   933.2700   937.0900   1745453.0
2017-05-03   936.0500   948.4500   1792847.0
2017-05-04   950.2900   954.7200   1934652.0
2017-05-05   956.7200   950.2800   1593898.0
2017-05-08   947.4500   958.6900   1863198.0
2017-05-09   961.3300   956.7100   1633396.0
2017-05-10   956.2200   954.8400   1135809.0
2017-05-11   951.2900   955.8900   1016797.0
2017-05-12   957.8500   955.1400   1204133.0
2017-05-15   955.2900   959.2200   1314574.0
2017-05-16   963.5500   964.6100   1069898.0
2017-05-17   959.7000   942.1700   2414323.0
2017-05-18   943.2000   950.5000   1758452.0
2017-05-19   952.8200   954.6500   1327354.0
2017-05-22   957.0000   964.0700   1305246.0
2017-05-23   969.9600   970.5500   1529617.0
2017-05-24   975.2600   977.6100   1128880.0
2017-05-25   979.0000   991.8600   1951402.0
2017-05-26   992.0000   993.2700   1622807.0
2017-05-30   992.5000   996.1700   1511472.0
2017-05-31   996.2100   987.0900   1703990.0
2017-06-01   990.9600   988.2900   1295552.0
2017-06-02   988.5900   996.1200   1719720.0
2017-06-05   997.8900  1003.8800   1353264.0
2017-06-06  1003.3100   996.6800   1517356.0
2017-06-07   998.8200  1001.5900   1348198.0
2017-06-08  1004.2300  1004.2800   1657881.0
2017-06-09  1005.4900   970.1200   3613964.0
2017-06-12   958.7200   961.8100   4167184.0
2017-06-13   972.0400   970.5000   1992456.0
2017-06-14   975.5000   967.9300   1489046.0
2017-06-15   948.0200   960.1800   2349212.0
2017-06-16   957.9100   958.6200   2484914.0
2017-06-19   969.6500   975.2200   1449343.0
2017-06-20   975.3100   968.9900   1273013.0
2017-06-21   970.7900   978.5900   1141315.0
2017-06-22   976.8700   976.6200    940086.0
2017-06-23   975.5000   986.0900   1439728.0
2017-06-26   990.0000   972.0900   1505655.0
2017-06-27   961.6000   948.0900   2428048.0
2017-06-28   950.6600   961.0100   2713366.0
2017-06-29   951.3500   937.8200   3182331.0
2017-06-30   943.9900   929.6800   2185444.0
2017-07-03   933.2200   919.4600   1694587.0
2017-07-05   924.2000   932.2600   2054927.0
2017-07-06   925.0000   927.6900   1941822.0
2017-07-07   930.9850   940.8100   1614080.0
2017-07-10   941.9500   951.0000   1409850.0
2017-07-11   950.5200   953.5300   1444540.0
2017-07-12   960.8600   967.6600   1589548.0
2017-07-13   970.8000   968.7175   1519987.0
2017-07-14   974.0000   976.9100   1048240.0
2017-07-17   976.3200   975.9600   1644618.0
2017-07-18   973.3600   986.9500   1398920.0
2017-07-19   990.0100   992.7700   1392709.0
2017-07-20   997.0000   992.1900   1410290.0
2017-07-21   989.0000   993.8400   1412108.0
2017-07-24   994.1000   998.3100   3053176.0
2017-07-25   970.7000   969.0300   5793414.0
2017-07-26   972.7800   965.3100   2166225.0
2017-07-27   969.1800   952.5100   3685905.0
2017-07-28   947.9900   958.3300   1795477.0
2017-07-31   960.0000   945.5000   2268160.0
2017-08-01   947.8100   946.5600   1205799.0
2017-08-02   948.3700   947.6400   2019979.0
2017-08-03   949.1000   940.3000   1028591.0
2017-08-04   943.9500   945.7900   1192871.0
2017-08-07   947.5200   945.7500   1405132.0
2017-08-08   944.2900   944.1900   1438418.0
2017-08-09   938.4500   940.0800   1360604.0
2017-08-10   935.0000   923.5900   2657279.0
2017-08-11   923.7100   930.0900   1589808.0
2017-08-14   939.0700   938.9300   1140212.0
2017-08-15   941.0300   938.0800   1006064.0
2017-08-16   941.2500   944.2700   1329301.0
2017-08-17   942.9500   927.6600   1653779.0
2017-08-18   926.9800   926.1800   1327288.0
2017-08-21   925.7700   920.8700   1292624.0
2017-08-22   926.9600   940.4000   1711377.0
2017-08-23   937.0000   942.5800   1126487.0
2017-08-24   943.7100   936.8900   1249098.0
2017-08-25   939.2100   930.5000   1169101.0
2017-08-28   931.8800   928.1300   1025199.0
2017-08-29   919.9500   935.7500   1144834.0
2017-08-30   935.6700   943.6300   1112814.0
2017-08-31   946.3000   955.2400   1672387.0
2017-09-01   957.4700   951.9900   1034769.0
2017-09-05   946.8600   941.4800   1455058.0
2017-09-06   943.8700   942.0200   1375952.0
2017-09-07   944.2500   949.8900   1103286.0
2017-09-08   949.7000   941.4100    996449.0
2017-09-11   947.2000   943.2900   1317796.0
2017-09-12   946.9200   946.6500   1245767.0
2017-09-13   945.5000   950.4400   1092849.0
2017-09-14   946.0000   940.1300   1415168.0
2017-09-15   940.0900   935.2900   1940047.0
2017-09-18   935.0100   929.7500   1445532.0
2017-09-19   933.4100   936.8600   1217430.0
2017-09-20   937.7300   947.5400   1896919.0
2017-09-21   948.1300   947.5500   1302726.0
2017-09-22   942.7700   943.2600   1067617.0
2017-09-25   939.4500   934.2800   1847436.0
2017-09-26   936.6900   937.4300   1618182.0
2017-09-27   942.7400   959.9000   2313498.0
2017-09-28   956.2500   964.8100   1347750.0
2017-09-29   966.0000   973.7200   1906445.0
2017-10-02   975.6500   967.4700   1466444.0
2017-10-03   967.5600   972.0800   1080312.0
2017-10-04   971.7600   966.7800    896531.0
2017-10-05   972.7900   985.1900   1627255.0
2017-10-06   980.0000   993.6400   1490744.0
2017-10-09   995.0000   992.3100   1151035.0
2017-10-10   995.3000   987.8000   1158864.0
2017-10-11   989.0400  1005.6500   1748443.0
2017-10-12  1003.8400  1005.6500   1521137.0
2017-10-13  1009.1100  1007.8700   1308881.0
2017-10-16  1009.6300  1009.3500   1066744.0
2017-10-17  1007.4400  1011.0000    991412.0
2017-10-18  1011.0500  1012.7400   1270218.0
2017-10-19  1004.7500  1001.8400   1677021.0
2017-10-20  1007.0500  1005.0700   1568454.0
2017-10-23  1005.1800   985.5400   1623580.0
2017-10-24   986.5000   988.4900   1416283.0
2017-10-25   986.2700   991.4600   1368042.0
2017-10-26   998.4700   991.4200   1827682.0
2017-10-27  1030.9900  1033.6700   5139945.0
2017-10-30  1029.1600  1033.1300   2245352.0
2017-10-31  1033.0000  1033.0400   1490660.0
2017-11-01  1036.3200  1042.6000   2105729.0
2017-11-02  1039.9900  1042.9700   1233333.0
2017-11-03  1042.7500  1049.9900   1370874.0
2017-11-06  1049.1000  1042.6800    897897.0
2017-11-07  1049.6500  1052.3900   1254965.0
2017-11-09  1048.0000  1047.7200   1776722.0
2017-11-10  1043.8700  1044.1500    955500.0
2017-11-13  1040.8000  1041.2000    914852.0
2017-11-14  1037.7200  1041.6400    982782.0
2017-11-15  1035.0000  1036.4100    900695.0
2017-11-16  1038.7500  1048.4700   1125995.0
2017-11-17  1049.8000  1035.8900   1286044.0
2017-11-20  1036.0000  1034.6600    850423.0
2017-11-21  1040.0400  1050.3000   1075568.0
2017-11-22  1051.1600  1051.9200    721498.0
2017-11-24  1054.3900  1056.5200    825342.0
2017-11-27  1058.5700  1072.0100   1708195.0
2017-11-28  1073.9900  1063.2900   1694098.0
2017-11-29  1056.1800  1037.3800   2737664.0
2017-11-30  1039.9400  1036.1700   2190379.0
2017-12-01  1030.4100  1025.0700   1850541.0
2017-12-04  1027.8000  1011.8700   1896325.0
2017-12-05  1010.9900  1019.6000   1927802.0
2017-12-06  1016.5200  1032.7200   1369276.0
2017-12-07  1036.0700  1044.5700   1437448.0
2017-12-08  1051.8100  1049.3800   1479665.0
2017-12-11  1051.1100  1051.9700   1096997.0
2017-12-12  1050.0000  1048.7700   1684977.0
2017-12-13  1052.0800  1051.3900   1369580.0
2017-12-14  1055.4900  1057.4700   1531504.0
2017-12-15  1063.7800  1072.0000   3080738.0
2017-12-18  1076.4500  1085.0900   1482768.0
2017-12-19  1083.0200  1079.7800   1287930.0
2017-12-20  1080.9200  1073.5600   1429035.0
2017-12-21  1075.3900  1070.8500   1211012.0
2017-12-22  1070.0000  1068.8600    860800.0
2017-12-26  1068.6400  1065.8500    914574.0
2017-12-27  1066.6000  1060.2000   1027634.0
2017-12-28  1062.2500  1055.9500    982285.0
2017-12-29  1055.4900  1053.4000   1156357.0
2018-01-02  1053.0200  1073.2100   1555809.0
2018-01-03  1073.9300  1091.5200   1550593.0
2018-01-04  1097.0900  1095.7600   1289293.0
2018-01-05  1103.4500  1110.2900   1493389.0
2018-01-08  1111.0000  1114.2100   1148958.0
2018-01-09  1118.4400  1112.7900   1335995.0
2018-01-10  1107.0000  1110.1400   1027781.0
2018-01-11  1112.3100  1111.8800   1102461.0
2018-01-12  1110.1000  1130.6500   1914460.0
2018-01-16  1140.3100  1130.7000   1783881.0
2018-01-17  1136.3600  1139.1000   1353097.0
2018-01-18  1139.3500  1135.9700   1333633.0
2018-01-19  1138.0300  1143.5000   1418376.0
2018-01-22  1143.8200  1164.1600   1437954.0
2018-01-23  1170.6200  1176.1700   1832126.0
2018-01-24  1184.9800  1171.2900   1818182.0
2018-01-25  1180.7100  1182.1400   1398961.0
2018-01-26  1187.5300  1187.5600   1981476.0
2018-01-29  1188.0000  1186.4800   1533931.0
2018-01-30  1177.7200  1177.3700   1792602.0
2018-01-31  1183.8100  1182.2200   1643877.0
2018-02-01  1175.9900  1181.5900   2774967.0
2018-02-02  1127.4200  1119.2000   5798880.0
2018-02-05  1100.6100  1068.7600   3742469.0
2018-02-06  1033.9800  1084.4300   3732527.0
2018-02-07  1084.9700  1055.4100   2544683.0
2018-02-08  1059.8700  1005.6000   3067173.0
2018-02-09  1025.8800  1043.4300   4436032.0
2018-02-12  1056.6700  1054.5600   2796258.0
2018-02-13  1050.0000  1054.1400   1574121.0
2018-02-14  1054.3200  1072.7000   2029979.0
2018-02-15  1083.4500  1091.3600   1806206.0
2018-02-16  1093.3800  1095.5000   1971928.0
2018-02-20  1092.7600  1103.5900   1646405.0
2018-02-21  1109.1000  1113.7500   2024534.0
2018-02-22  1119.1700  1109.9000   1386115.0
2018-02-23  1118.6600  1128.0900   1234539.0
2018-02-26  1131.8600  1143.7000   1489118.0
2018-02-27  1143.7000  1117.5100   2094863.0
2018-02-28  1122.0000  1103.9200   2431023.0
2018-03-01  1109.5400  1071.4100   2766856.0
2018-03-02  1057.9800  1084.1400   2508145.0
2018-03-05  1078.1300  1094.7600   1432369.0
2018-03-06  1102.1000  1100.9000   1169068.0
2018-03-07  1092.8200  1115.0400   1537429.0
2018-03-08  1117.2000  1129.3800   1510478.0
2018-03-09  1139.5000  1160.8400   2070174.0
2018-03-12  1165.0500  1165.9300   2129297.0
2018-03-13  1171.8300  1139.9100   2129435.0
2018-03-14  1145.8000  1148.8900   2033697.0
2018-03-15  1149.5700  1150.6100   1623868.0
2018-03-16  1155.3500  1134.4200   2654602.0
2018-03-19  1117.7600  1100.0700   3076349.0
2018-03-20  1098.4000  1095.8000   2709310.0
2018-03-21  1092.5700  1094.0000   1990515.0
2018-03-22  1080.0100  1053.1500   3418154.0
2018-03-23  1051.3700  1026.5500   2413517.0
2018-03-26  1050.6000  1054.0900   3272409.0
2018-03-27  1063.9000  1006.9400   2940957.0