date     open    close      volume
                                       
2013-01-02  41.4800  42.1500   1073300.0
2013-01-03  42.0000  42.0900    697500.0
2013-01-04  42.1400  42.0900    544700.0
2013-01-07  42.0600  42.0800    559400.0
2013-01-08  41.9300  42.2500   1089500.0
2013-01-09  42.0600  39.3000   4323300.0
2013-01-10  39.5000  39.3900   2979400.0
2013-01-11  39.5000  39.6000   1043700.0
2013-01-14  39.6000  39.9100   1906800.0
2013-01-15  39.6700  40.0300   1889400.0
2013-01-16  39.7700  39.8300   1098100.0
2013-01-17  40.0700  39.6100   1181300.0
2013-01-18  39.5700  39.5200   2098100.0
2013-01-22  39.6100  38.8900   1856400.0
2013-01-23  38.9900  38.3000   1354500.0
2013-01-24  38.7900  38.5900   1241500.0
2013-01-25  38.8200  38.7700   1067900.0
2013-01-28  38.7500  38.5700    864700.0
2013-01-29  38.5500  38.5800    989500.0
2013-01-30  38.7500  38.0400   1228700.0
2013-01-31  38.1500  37.8900   1500600.0
2013-02-01  38.1600  38.5000   1738500.0
2013-02-04  38.4000  37.9800   1211000.0
2013-02-05  38.2800  37.7000   1425500.0
2013-02-06  37.6800  37.9500   1489200.0
2013-02-07  37.7900  38.1600   1216100.0
2013-02-08  38.1100  38.0800   1384000.0
2013-02-11  38.2100  37.8700   1601800.0
2013-02-12  37.6900  37.6800   2307700.0
2013-02-13  37.9600  38.5600   1462800.0
2013-02-14  38.4800  38.9700   1214800.0
2013-02-15  39.2200  39.1400   1974600.0
2013-02-19  39.2500  39.2400   2435400.0
2013-02-20  35.5100  35.5400   6694700.0
2013-02-21  35.4000  35.0200   1900000.0
2013-02-22  35.1600  35.0000   1260700.0
2013-02-25  35.1200  34.2000   1524200.0
2013-02-26  34.1100  34.3100   1586100.0
2013-02-27  34.2100  34.6800    715200.0
2013-02-28  34.5000  34.3600    866600.0
2013-03-01  34.2700  35.1400   1914300.0
2013-03-04  35.1500  35.4100   1624200.0
2013-03-05  35.4000  35.2600   1403700.0
2013-03-06  35.4000  35.3000    699000.0
2013-03-07  35.2900  35.0200    868400.0
2013-03-08  35.2900  35.6100    782400.0
2013-03-11  35.5300  35.7200    955700.0
2013-03-12  35.7400  35.7000    997100.0
2013-03-13  35.4200  34.6800    961200.0
2013-03-14  34.7400  34.9000    973100.0
2013-03-15  34.7500  34.5600   2419900.0
2013-03-18  34.3600  34.3600    630500.0
2013-03-19  34.5000  33.6100   1493500.0
2013-03-20  33.9300  33.4690   1338500.0
2013-03-21  33.4400  33.1500   1040700.0
2013-03-22  33.2300  33.2500   1068500.0
2013-03-25  33.2900  33.4400   1052700.0
2013-03-26  33.4300  33.2900   1590700.0
2013-03-27  33.1800  32.9700    673400.0
2013-03-28  32.9800  33.0500   1509200.0
2013-04-01  33.1800  32.6000    719100.0
2013-04-02  33.3500  34.2500   3212200.0
2013-04-03  34.4000  33.4300   2591800.0
2013-04-04  33.4300  33.4300   1025800.0
2013-04-05  33.0100  33.5900   1129500.0
2013-04-08  33.6100  33.7600    721900.0
2013-04-09  33.7300  33.6500    869300.0
2013-04-10  33.9100  34.4000   1151600.0
2013-04-11  34.4600  34.4600    696200.0
2013-04-12  34.5000  34.7200    799200.0
2013-04-15  34.5100  33.6600    766300.0
2013-04-16  33.7200  33.7000    698300.0
2013-04-17  33.4500  33.1100   1229700.0
2013-04-18  33.3400  33.4000   1006700.0
2013-04-19  33.2600  32.9700    818400.0
2013-04-22  33.1200  32.6800    916200.0
2013-04-23  32.9800  33.5900    804700.0
2013-04-24  34.2600  34.2500   1542800.0
2013-04-25  34.4500  35.3100   1406900.0
2013-04-26  35.2900  34.7200    550800.0
2013-04-29  34.9400  35.2400    739300.0
2013-04-30  34.5400  35.0800   1489700.0
2013-05-01  34.8900  33.6800   2927400.0
2013-05-02  33.7600  34.5100   1225400.0
2013-05-03  35.0000  34.8100    859700.0
2013-05-06  34.8000  35.2800    732500.0
2013-05-07  35.5100  35.5400   1008800.0
2013-05-08  35.5500  35.7000   1036900.0
2013-05-09  35.7500  35.3300   1102300.0
2013-05-10  35.3700  36.1200    873500.0
2013-05-13  36.1200  35.4700    732400.0
2013-05-14  35.4500  35.5000    830900.0
2013-05-15  35.4200  35.8800    845400.0
2013-05-16  35.6300  36.3900   1388200.0
2013-05-17  36.6800  36.8800   1015600.0
2013-05-20  36.8200  36.6600    960400.0
2013-05-21  36.5900  36.6700    657100.0
2013-05-22  36.7100  35.6300   1229500.0
2013-05-23  35.4900  35.3500   1073300.0
2013-05-24  35.0800  35.1200    881200.0
2013-05-28  35.6500  35.5000    696400.0
2013-05-29  35.4100  35.1100    734900.0
2013-05-30  35.1500  35.6200    868600.0
2013-05-31  35.4200  34.9300    868700.0
2013-06-03  35.0000  34.9500    885900.0
2013-06-04  35.0000  34.7600   1424400.0
2013-06-05  34.7500  33.9500   1285500.0
2013-06-06  34.0700  34.3300    755200.0
2013-06-07  34.8600  34.8400   1808700.0
2013-06-10  35.0400  34.9000   1183500.0
2013-06-11  34.5200  34.3500   1047200.0
2013-06-12  34.5900  34.0900   1206400.0
2013-06-13  33.9700  34.6100   1160600.0
2013-06-14  34.2400  33.7200    963000.0
2013-06-17  33.8800  34.9400   1556300.0
2013-06-18  35.0600  35.7600   1494100.0
2013-06-19  35.8200  34.9600   1006800.0
2013-06-20  34.5700  34.2400   1117200.0
2013-06-21  34.4100  34.6900   1524800.0
2013-06-24  34.5200  34.5600    931500.0
2013-06-25  34.9300  34.9500    724700.0
2013-06-26  35.2400  35.4600   1031200.0
2013-06-27  35.7000  36.2100    790300.0
2013-06-28  36.0100  36.1700   2137400.0
2013-07-01  36.1800  36.3000    689600.0
2013-07-02  36.2300  35.2000   1116400.0
2013-07-03  35.0100  35.0800    528400.0
2013-07-05  35.4000  35.3400    630700.0
2013-07-08  35.6400  34.9600    723100.0
2013-07-09  35.3600  35.1700    816500.0
2013-07-10  35.1800  35.7800   1207300.0
2013-07-11  36.1700  36.0600   1661500.0
2013-07-12  35.9801  36.3100   1115300.0
2013-07-15  36.4500  36.9000    904300.0
2013-07-16  36.9000  36.4300    782500.0
2013-07-17  36.4900  36.3500    672300.0
2013-07-18  36.5700  36.5200    552300.0
2013-07-19  36.5800  36.7000    647100.0
2013-07-22  37.0000  37.5600   1492100.0
2013-07-23  37.5700  37.5000   1181100.0
2013-07-24  37.6700  36.9100   1058400.0
2013-07-25  36.7700  37.2100    962000.0
2013-07-26  36.9400  36.8300    711600.0
2013-07-29  36.7100  36.8600   1387700.0
2013-07-30  37.1300  37.2600   1935300.0
2013-07-31  38.5500  40.0800   4536800.0
2013-08-01  40.1200  39.9400   1475700.0
2013-08-02  39.9400  39.8200    688500.0
2013-08-05  39.7600  39.6800    894400.0
2013-08-06  39.6000  39.2400    887100.0
2013-08-07  39.3100  38.9400    631900.0
2013-08-08  39.3600  39.0100    494600.0
2013-08-09  39.0800  38.8800    476000.0
2013-08-12  38.7800  39.5000   1128000.0
2013-08-13  39.4600  39.0300    828500.0
2013-08-14  38.9800  38.8700    508500.0
2013-08-15  38.5600  38.2800    758000.0
2013-08-16  38.3200  37.7800    866700.0
2013-08-19  37.9100  38.0700   1178500.0
2013-08-20  38.2400  38.4500    922200.0
2013-08-21  38.6700  40.2800   2963700.0
2013-08-22  40.4100  40.6400   1240200.0
2013-08-23  40.7400  40.6000   1307000.0
2013-08-26  40.6000  40.4200   1095500.0
2013-08-27  39.9800  39.7300   1015000.0
2013-08-28  39.7000  39.5100    944400.0
2013-08-29  39.4800  41.2300   3937700.0
2013-08-30  41.2300  40.7700   1767200.0
2013-09-03  41.3800  41.4600   1810200.0
2013-09-04  41.5300  42.3000   2333600.0
2013-09-05  42.2700  42.1900   1392600.0
2013-09-06  42.5100  41.7700   2082000.0
2013-09-09  41.9800  42.1400   1667400.0
2013-09-10  42.3200  42.6500   1568300.0
2013-09-11  42.7100  43.2300   1876200.0
2013-09-12  42.8200  42.4000   1347900.0
2013-09-13  42.6500  42.7000   1304500.0
2013-09-16  43.1600  43.1200    953100.0
2013-09-17  43.2500  44.4200   2453500.0
2013-09-18  44.4700  44.7300   1593600.0
2013-09-19  44.7300  44.9800   1584300.0
2013-09-20  45.0200  43.6100   4374800.0
2013-09-23  43.6200  43.5500   1352500.0
2013-09-24  43.6300  44.0400   1610100.0
2013-09-25  44.2400  45.1750   2710300.0
2013-09-26  45.2900  45.4200   1404500.0
2013-09-27  45.1800  45.1900    860900.0
2013-09-30  44.7700  45.1900   1407000.0
2013-10-01  45.0600  46.3100   1713800.0
2013-10-02  45.8400  47.2000   2301700.0
2013-10-03  47.2000  47.0650   2167000.0
2013-10-04  47.1300  47.1300   1328300.0
2013-10-07  46.9100  46.7800   1136100.0
2013-10-08  46.6800  46.0700   1031900.0
2013-10-09  46.4300  46.0600    992200.0
2013-10-10  46.4600  47.5600   1442500.0
2013-10-11  47.3000  47.6100    967500.0
2013-10-14  47.3100  47.6600    523900.0
2013-10-15  47.3800  47.2200   1047600.0
2013-10-16  47.6000  48.7100   1643400.0
2013-10-17  48.4900  48.5420    882800.0
2013-10-18  48.5600  48.8600    997600.0
2013-10-21  48.9000  49.0400   1124200.0
2013-10-22  49.1300  49.3300   1336900.0
2013-10-23  48.8500  48.7700    772200.0
2013-10-24  48.7700  48.8300    511100.0
2013-10-25  48.9400  48.9000    767100.0
2013-10-28  48.8200  47.8000   1408800.0
2013-10-29  48.0500  48.0700   1408800.0
2013-10-30  50.0000  48.2700   2542200.0
2013-10-31  47.8700  46.7500   2687100.0
2013-11-01  46.8200  46.6100   1451900.0
2013-11-04  46.9500  47.9100   1463600.0
2013-11-05  47.7100  47.9900   1289500.0
2013-11-06  48.0800  47.9500    874400.0
2013-11-07  47.4700  46.3500   1298400.0
2013-11-08  46.5900  46.2500   1621300.0
2013-11-11  46.1100  45.9000   1398000.0
2013-11-12  45.9000  45.8500   1424400.0
2013-11-13  45.7800  45.8900   1488900.0
2013-11-14  46.0000  46.3300   1877900.0
2013-11-15  46.2700  47.7700   2035800.0
2013-11-18  47.7100  47.2300    703500.0
2013-11-19  47.1400  47.7000   1407000.0
2013-11-20  47.9900  47.8600    811600.0
2013-11-21  48.0800  48.1600    746800.0
2013-11-22  48.1000  48.0800    746100.0
2013-11-25  48.2500  48.3400    937400.0
2013-11-26  47.8800  48.8200   1369700.0
2013-11-27  49.0800  48.7400    657800.0
2013-11-29  48.7600  48.5600    356100.0
2013-12-02  48.5900  48.3700    762700.0
2013-12-03  48.1000  47.8000   1270600.0
2013-12-04  47.3500  47.1600   1046700.0
2013-12-05  47.0800  47.8800    762000.0
2013-12-06  48.4500  48.8300    634900.0
2013-12-09  48.7500  49.0200   1259600.0
2013-12-10  49.0000  48.9500    546700.0
2013-12-11  48.8400  48.2000    704000.0
2013-12-12  47.7400  47.1200   1539800.0
2013-12-13  47.3100  46.5800   1497300.0
2013-12-16  46.6800  46.5100    927400.0
2013-12-17  46.3800  46.5700    745600.0
2013-12-18  46.2600  45.8000   2017500.0
2013-12-19  45.7700  45.7000   1066400.0
2013-12-20  45.6400  46.0300   1889800.0
2013-12-23  46.2800  46.1400    987100.0
2013-12-24  46.1000  46.2000    357100.0
2013-12-26  46.2500  46.1000    508700.0
2013-12-27  46.2400  46.6700   1285800.0
2013-12-30  46.6700  46.6600   1299700.0
2013-12-31  46.6100  46.1900    693200.0
2014-01-02  45.7500  44.9500   1830300.0
2014-01-03  45.8300  46.5800   2497400.0
2014-01-06  46.6800  46.4100   1413400.0
2014-01-07  46.4100  45.6800   1008200.0
2014-01-08  45.6800  45.4000   1741300.0
2014-01-09  45.6500  44.8700   1079900.0
2014-01-10  45.0500  45.0500    837300.0
2014-01-13  46.1100  45.4100   1222200.0
2014-01-14  45.4100  46.3100    979100.0
2014-01-15  46.3500  47.0700   1105900.0
2014-01-16  47.0000  46.9500    617500.0
2014-01-17  46.7700  46.6600    977900.0
2014-01-21  46.8100  46.5700    733700.0
2014-01-22  46.7700  46.6500    542100.0
2014-01-23  46.2500  46.2000    803800.0
2014-01-24  45.8000  45.2100    963100.0
2014-01-27  45.2000  45.2700    837000.0
2014-01-28  45.4100  45.6500    644100.0
2014-01-29  44.9200  44.8000    845800.0
2014-01-30  45.1200  45.8000    701800.0
2014-01-31  44.9400  45.0500    898100.0
2014-02-03  45.0500  43.6300   1578200.0
2014-02-04  43.8200  44.1000    956000.0
2014-02-05  43.0300  44.0400    934900.0
2014-02-06  44.1500  45.1300    802100.0
2014-02-07  45.3600  45.5300    784300.0
2014-02-10  45.5400  44.5200   1465600.0
2014-02-11  44.4100  45.2600   1345700.0
2014-02-12  45.4800  46.0200   1057900.0
2014-02-13  45.8000  46.2600   1274700.0
2014-02-14  46.0000  46.0800    838300.0
2014-02-18  45.9200  47.1700   2114600.0
2014-02-19  52.3400  51.6800   9413600.0
2014-02-20  50.9900  51.5600   2861200.0
2014-02-21  52.0196  51.9700   2681900.0
2014-02-24  51.9400  51.7000   2022900.0
2014-02-25  51.7400  51.9900   1322300.0
2014-02-26  51.9100  52.1500   1167000.0
2014-02-27  51.9700  53.5500   2885500.0
2014-02-28  53.4400  53.6600   1379900.0
2014-03-03  52.5100  53.6000   1382500.0
2014-03-04  54.2100  54.9750   2246500.0
2014-03-05  54.8400  54.5000   1209000.0
2014-03-06  54.5600  53.9300    862100.0
2014-03-07  54.3500  53.6100    888300.0
2014-03-10  53.5900  53.1200    855200.0
2014-03-11  53.1000  53.4100   1523400.0
2014-03-12  53.2900  54.0700   1106900.0
2014-03-13  53.7300  52.4900    974800.0
2014-03-14  52.4000  52.1900    734000.0
2014-03-17  52.4300  53.3700    977700.0
2014-03-18  53.3800  54.3400   1047500.0
2014-03-19  54.0300  54.4600   1141400.0
2014-03-20  54.1500  54.6400    917400.0
2014-03-21  55.0800  55.1000   2024600.0
2014-03-24  55.1700  54.9500   1228900.0
2014-03-25  55.2500  54.4600    800700.0
2014-03-26  56.5000  55.3600   1589600.0
2014-03-27  55.4100  56.0200   2940300.0
2014-03-28  56.0500  55.5700   1428000.0
2014-03-31  55.9400  55.2600   1435500.0
2014-04-01  55.6000  55.6500   1632500.0
2014-04-02  55.9900  56.9000   1506700.0
2014-04-03  56.8900  57.3500   1915400.0
2014-04-04  57.5900  55.7100   1442200.0
2014-04-07  55.5800  55.6500   1993600.0
2014-04-08  55.5600  56.7800   1125500.0
2014-04-09  56.7500  57.1100   1086100.0
2014-04-10  57.0100  55.2300   1264400.0
2014-04-11  55.0000  54.8600   1049800.0
2014-04-14  55.4500  55.1100   1033600.0
2014-04-15  55.3300  55.4300   1248400.0
2014-04-16  55.8300  55.8200    771200.0
2014-04-17  55.7500  56.1700   1031400.0
2014-04-21  56.2800  56.5100    997200.0
2014-04-22  56.8900  56.2100   1269800.0
2014-04-23  56.3600  56.1100    858900.0
2014-04-24  56.1900  55.4900    782500.0
2014-04-25  55.3200  54.2400    898900.0
2014-04-28  54.7600  54.7100    889400.0
2014-04-29  54.9400  55.0900   1880900.0
2014-04-30  58.7400  57.1000   4274700.0
2014-05-01  57.0700  56.8200   1407700.0
2014-05-02  56.8500  57.5300   1682800.0
2014-05-05  57.1800  57.4800   1221300.0
2014-05-06  57.5000  58.3600   2565900.0
2014-05-07  58.0400  56.5000   2333900.0
2014-05-08  56.4300  55.8800   1871300.0
2014-05-09  55.8800  55.8300   1294600.0
2014-05-12  56.1300  56.3700   1404100.0
2014-05-13  56.5000  55.8300   1761600.0
2014-05-14  55.7700  55.9500   1882100.0
2014-05-15  55.8900  55.0100   1461600.0
2014-05-16  55.1700  55.0700   1208900.0
2014-05-19  54.7000  55.4700   1119200.0
2014-05-20  55.3700  55.0800    991600.0
2014-05-21  55.2400  55.3800   1033800.0
2014-05-22  55.3600  55.8300   1073400.0
2014-05-23  56.0000  57.3900   1241600.0
2014-05-27  57.7700  57.9800   1512800.0
2014-05-28  57.9200  58.1900   1241100.0
2014-05-29  58.4700  58.8400   1130900.0
2014-05-30  58.9700  58.9100   1435800.0
2014-06-02  58.9400  58.7400   1380000.0
2014-06-03  58.3700  58.0400   1257400.0
2014-06-04  57.9500  58.3100    833300.0
2014-06-05  58.3200  58.8700    568100.0
2014-06-06  59.2700  59.9100   1133100.0
2014-06-09  59.7600  60.7800   1226200.0
2014-06-10  60.4800  60.8300    703600.0
2014-06-11  60.5800  60.7900    661500.0
2014-06-12  60.5800  60.1000    730200.0
2014-06-13  59.6600  59.2700    905300.0
2014-06-16  59.1200  59.7800    606500.0
2014-06-17  59.7800  60.5000    736600.0
2014-06-18  59.5600  61.2400   1259700.0
2014-06-19  61.2600  61.1200   1180500.0
2014-06-20  61.1700  60.0500   2737300.0
2014-06-23  59.9000  60.0800    883800.0
2014-06-24  59.9100  59.9100   1464100.0
2014-06-25  59.8600  59.9500   1440600.0
2014-06-26  60.0300  59.2300   1034500.0
2014-06-27  59.1000  60.5900   1806100.0
2014-06-30  60.3600  60.9000    941700.0
2014-07-01  60.7500  61.0400    794600.0
2014-07-02  61.0000  61.2000    828300.0
2014-07-03  61.1500  61.6900    847600.0
2014-07-07  61.7300  61.2500    954800.0
2014-07-08  61.1400  60.6300   1838800.0
2014-07-09  59.7200  57.8600   5213700.0
2014-07-10  57.7200  57.3500   1807000.0
2014-07-11  57.5400  57.5100   1161200.0
2014-07-14  57.8500  58.1500   1054000.0
2014-07-15  58.0000  57.4100   1074200.0
2014-07-16  57.8899  56.6900   1599600.0
2014-07-17  56.3800  56.1400   1080200.0
2014-07-18  56.4400  56.6100   1040300.0
2014-07-21  56.4500  56.3500    812500.0
2014-07-22  56.6100  56.9700    930200.0
2014-07-23  56.6000  57.2500    798500.0
2014-07-24  57.3200  57.9000    976800.0
2014-07-25  57.8900  57.1000    761100.0
2014-07-28  57.0400  57.5200    861600.0
2014-07-29  57.2300  57.5800   2074600.0
2014-07-30  61.6000  54.4100   9633000.0
2014-07-31  54.2300  55.0175   2930600.0
2014-08-01  54.9900  54.5200   1409200.0
2014-08-04  54.5700  55.0800   1325400.0
2014-08-05  54.7000  54.5200   1176100.0
2014-08-06  54.3800  55.0000    839700.0
2014-08-07  55.3300  55.0400   1082700.0
2014-08-08  55.0900  55.5900    684000.0
2014-08-11  55.7800  55.7700    636000.0
2014-08-12  55.4700  55.3400    903300.0
2014-08-13  55.4500  55.6550    705600.0
2014-08-14  55.7000  55.7500    506300.0
2014-08-15  56.2300  56.0700   1239200.0
2014-08-18  56.3900  56.0000    867800.0
2014-08-19  55.9400  56.1100   1036400.0
2014-08-20  56.2500  57.0700   1272500.0
2014-08-21  57.2500  57.4000    499200.0
2014-08-22  57.3800  57.6400   1012700.0
2014-08-25  57.7700  57.6900    522600.0
2014-08-26  57.6300  57.4600    479100.0
2014-08-27  56.9200  54.5900   2915200.0
2014-08-28  54.3900  54.1200   2618300.0
2014-08-29  54.5700  54.3300   1162400.0
2014-09-02  54.3600  53.9200   1690100.0
2014-09-03  53.9900  53.5600   3158500.0
2014-09-04  53.5400  52.4400   2259400.0
2014-09-05  52.3600  53.2700   1577900.0
2014-09-08  53.0100  53.5600   1580300.0
2014-09-09  53.3100  51.7100   5306900.0
2014-09-10  51.9000  53.7700   4916900.0
2014-09-11  53.5000  53.0800   1546500.0
2014-09-12  52.8400  53.5300   2296600.0
2014-09-15  53.3500  53.6200   1538900.0
2014-09-16  53.5500  53.7400   1161900.0
2014-09-17  53.6600  53.0700   1188100.0
2014-09-18  53.1700  53.0600    864400.0
2014-09-19  53.4000  52.1000   2589500.0
2014-09-22  52.0100  51.5300   1117800.0
2014-09-23  51.3500  50.7500   1155800.0
2014-09-24  50.6800  51.2400   1458421.0
2014-09-25  51.1700  50.7500    951194.0
2014-09-26  51.0700  51.8600    990311.0
2014-09-29  51.4500  51.8700   1460887.0
2014-09-30  51.8200  51.9900   1054353.0
2014-10-01  51.7600  50.9900   1529406.0
2014-10-02  50.9100  49.8850   5507012.0
2014-10-03  49.9500  50.4500   1982686.0
2014-10-06  50.5700  51.2300   1460943.0
2014-10-07  51.0800  50.0600   1177820.0
2014-10-08  50.2400  51.1900   1919423.0
2014-10-09  51.1300  49.7200   1608323.0
2014-10-10  49.5700  49.7700   1618600.0
2014-10-13  49.6400  49.3500   1614036.0
2014-10-14  49.7300  50.7800   1937936.0
2014-10-15  50.0900  51.8600   2252747.0
2014-10-16  51.2200  52.6100   1573341.0
2014-10-17  52.9100  52.2400   1722820.0
2014-10-20  52.2600  52.8200    716464.0
2014-10-21  52.9900  53.8500   1532243.0
2014-10-22  53.9300  53.6000   1573313.0
2014-10-23  54.1100  54.2300    855098.0
2014-10-24  54.3000  55.2600   1594541.0
2014-10-27  56.1000  56.6100   3295141.0
2014-10-28  56.8500  57.2000   2847618.0
2014-10-29  54.9000  53.9600   4001306.0
2014-10-30  55.0000  54.1400   2051251.0
2014-10-31  54.8700  55.4800   1525202.0
2014-11-03  55.4800  55.7000   1118216.0
2014-11-04  55.6200  55.8400    831821.0
2014-11-05  56.0500  55.6000    997992.0
2014-11-06  55.5900  54.9400   2286176.0
2014-11-07  55.1400  54.7000   1467556.0
2014-11-10  54.7900  55.5800   1252099.0
2014-11-11  55.7300  55.8100    799141.0
2014-11-12  55.7300  56.0600   1335959.0
2014-11-13  56.0900  55.9300   1019412.0
2014-11-14  56.1100  55.9500    920282.0
2014-11-17  55.4300  55.8100    995198.0
2014-11-18  56.0800  56.6400   1155735.0
2014-11-19  56.6600  59.1900   5073630.0
2014-11-20  58.9800  58.7400   2847848.0
2014-11-21  59.5100  58.9300   2134034.0
2014-11-24  58.7000  59.6300   1695129.0
2014-11-25  59.2000  56.9400   4247922.0
2014-11-26  56.9200  57.0700   1228239.0
2014-11-28  57.3800  57.3000    638982.0
2014-12-01  57.2200  56.2400   1310580.0
2014-12-02  56.3700  56.4000   1374767.0
2014-12-03  56.5500  56.8600    801892.0
2014-12-04  56.7400  56.2100    676850.0
2014-12-05  56.3400  55.9500    652332.0
2014-12-08  55.8700  55.6100    773255.0
2014-12-09  55.2300  56.0500    897341.0
2014-12-10  55.7800  54.9400   1452216.0
2014-12-11  54.9200  53.2800   2324677.0
2014-12-12  52.7400  52.3800   1553447.0
2014-12-15  52.4800  52.2700   1022305.0
2014-12-16  52.1800  52.2400   1196402.0
2014-12-17  52.2900  53.3800   1521361.0
2014-12-18  53.9500  54.3700   1597538.0
2014-12-19  54.0000  53.3000   2687020.0
2014-12-22  52.6500  53.1400   1762557.0
2014-12-23  53.5700  53.3600   1500669.0
2014-12-24  53.7000  53.8600    684905.0
2014-12-26  54.2100  53.8100    535126.0
2014-12-29  53.8200  53.7600    691913.0
2014-12-30  53.7100  53.1700    791004.0
2014-12-31  53.4200  52.8300    638592.0
2015-01-02  52.9800  52.5800    785708.0
2015-01-05  52.2400  51.1300   1613356.0
2015-01-06  51.0500  50.5100   2083009.0
2015-01-07  51.3600  51.4500   1750054.0
2015-01-08  51.6600  51.4500   2240484.0
2015-01-09  51.6100  51.4400   1863448.0
2015-01-12  51.3500  51.4500   1711469.0
2015-01-13  51.7400  51.5350   1246442.0
2015-01-14  51.2100  51.8000   1846385.0
2015-01-15  52.0300  50.8200   1247405.0
2015-01-16  50.9000  52.8300   1732257.0
2015-01-20  53.0600  52.6200   1224824.0
2015-01-21  52.4300  52.6000    879207.0
2015-01-22  52.7500  53.1400    722362.0
2015-01-23  53.0600  53.0100    655031.0
2015-01-26  54.1000  54.3000   1193405.0
2015-01-27  53.7200  52.8600   1368364.0
2015-01-28  52.9800  52.0000   1096483.0
2015-01-29  52.0000  52.5000    821953.0
2015-01-30  52.2000  52.3600   1085194.0
2015-02-02  52.7200  52.6000   1069296.0
2015-02-03  52.7900  53.6500    755634.0
2015-02-04  53.4700  53.2300    919280.0
2015-02-05  53.2300  53.4350    669817.0
2015-02-06  53.4800  53.4200    663277.0
2015-02-09  53.1600  53.8100    811136.0
2015-02-10  54.2000  54.1100   1209257.0
2015-02-11  53.8400  54.3100   1330458.0
2015-02-12  54.6700  55.9100   1836963.0
2015-02-13  56.0000  55.9300   1653272.0
2015-02-17  55.6400  56.8100   1713445.0
2015-02-18  53.5100  50.7100   7325017.0
2015-02-19  51.5400  50.7200   4755996.0
2015-02-20  50.5200  49.4200   3827716.0
2015-02-23  49.4000  49.4000   3746712.0
2015-02-24  49.4000  49.6000   2045901.0
2015-02-25  49.3200  49.4500   1637967.0
2015-02-26  49.3900  49.4300   1051341.0
2015-02-27  49.4900  49.6300   1305377.0
2015-03-02  49.5800  50.4500   1707764.0
2015-03-03  50.1800  49.7000   1566907.0
2015-03-04  49.4800  49.3200   1347728.0
2015-03-05  49.5000  50.7100   4104935.0
2015-03-06  50.4500  49.6400   1247763.0
2015-03-09  49.6300  49.4000   1408977.0
2015-03-10  49.0000  49.5000   1551718.0
2015-03-11  49.6000  49.5200   1363933.0
2015-03-12  48.1800  48.6700   2386570.0
2015-03-13  48.4800  48.0000   1326227.0
2015-03-16  47.5200  48.7400   1346226.0
2015-03-17  48.3300  48.4800    939418.0
2015-03-18  48.4200  48.7200   1632220.0
2015-03-19  48.7000  48.1400   1502016.0
2015-03-20  48.3200  49.4900   3375393.0
2015-03-23  49.5300  49.3950    947503.0
2015-03-24  49.2600  49.0700   1202873.0
2015-03-25  49.2100  48.0200   1568366.0
2015-03-26  47.8700  47.4700   1249199.0
2015-03-27  47.2700  47.6600    885245.0
2015-03-30  47.7900  48.1300    650714.0
2015-03-31  47.8800  47.5200   1724509.0
2015-04-01  47.3400  47.0700   1174328.0
2015-04-02  46.0000  46.4850   1776509.0
2015-04-06  44.6500  46.7100   2237062.0
2015-04-07  46.6400  45.8800   1278892.0
2015-04-08  46.0500  46.3300   1596751.0
2015-04-09  46.4600  46.5900   1109267.0
2015-04-10  46.4500  46.6600   1203277.0
2015-04-13  46.5400  46.7950   1633780.0
2015-04-14  46.7000  46.8600   1185614.0
2015-04-15  47.0200  47.6300   1165168.0
2015-04-16  47.4800  47.6100    816354.0
2015-04-17  47.2300  46.6700    949201.0
2015-04-20  46.9400  47.5700    747249.0
2015-04-21  47.7700  47.5700    917422.0
2015-04-22  47.5000  46.9500    844596.0
2015-04-23  46.7900  47.1400   1151714.0
2015-04-24  47.1500  46.1900   2001022.0
2015-04-27  46.3400  46.4300   1517943.0
2015-04-28  46.4500  47.4900   2314622.0
2015-04-29  45.5200  45.5400   4021328.0
2015-04-30  45.7700  45.1900   2518327.0
2015-05-01  45.3200  45.8600    913443.0
2015-05-04  45.7900  45.7000   1145053.0
2015-05-05  45.5500  45.2850   1313974.0
2015-05-06  45.3500  45.3000   1103544.0
2015-05-07  45.3000  45.4050    799311.0
2015-05-08  45.7700  45.9400    827009.0
2015-05-11  45.8900  46.7200   1702961.0
2015-05-12  46.5700  45.9400    878315.0
2015-05-13  45.9600  46.1200   1321829.0
2015-05-14  46.3800  46.1700   1166286.0
2015-05-15  46.3500  46.2000    691224.0
2015-05-18  46.0800  46.1200    803291.0
2015-05-19  46.3400  46.0600   1021867.0
2015-05-20  46.0600  46.0500    763435.0
2015-05-21  45.9200  45.9400    852976.0
2015-05-22  45.9200  45.9500    676270.0
2015-05-26  45.8900  45.1650    914174.0
2015-05-27  45.2000  45.4600    847382.0
2015-05-28  45.6000  46.2150   1393036.0
2015-05-29  46.3700  45.4800   1807323.0
2015-06-01  45.5900  45.4700    824081.0
2015-06-02  45.3000  45.5800    533417.0
2015-06-03  45.9600  46.0400   1553154.0
2015-06-04  46.1300  45.4950   1048843.0
2015-06-05  45.3600  45.6200   1267619.0
2015-06-08  45.5700  45.4700   1295777.0
2015-06-09  45.4400  45.7200   1200693.0
2015-06-10  46.1800  46.4300   1421787.0
2015-06-11  46.5200  46.0300    844787.0
2015-06-12  45.3700  44.7900   1207256.0
2015-06-15  44.5000  44.2100   1165829.0
2015-06-16  44.3100  45.2600   1182754.0
2015-06-17  45.3200  45.2200   1523674.0
2015-06-18  45.4100  46.5600   1992738.0
2015-06-19  46.7500  46.8450   2452654.0
2015-06-22  47.0200  47.0200    914745.0
2015-06-23  47.0100  47.2400    925120.0
2015-06-24  47.0700  46.0500   1754120.0
2015-06-25  46.2300  45.7250    601422.0
2015-06-26  45.7000  45.5700   1085299.0
2015-06-29  44.3900  43.9800   1354293.0
2015-06-30  44.3900  43.9300   1333545.0
2015-07-01  44.2900  44.0100   1192521.0
2015-07-02  44.2500  44.0900    691296.0
2015-07-06  43.5500  43.3000   1778925.0
2015-07-07  43.5000  43.6700   1326769.0
2015-07-08  43.3100  43.3800   1339190.0
2015-07-09  43.9400  43.5600   1291369.0
2015-07-10  44.0200  44.1700    716404.0
2015-07-13  45.2900  46.3700   2921696.0
2015-07-14  46.5800  46.4000   1459833.0
2015-07-15  46.5000  46.4000   1212121.0
2015-07-16  41.2300  43.1000  10777173.0
2015-07-17  42.9400  42.8900   2202983.0
2015-07-20  42.8800  42.5100   1116745.0
2015-07-21  42.5500  42.6700   1333365.0
2015-07-22  42.6300  42.8300   1084125.0
2015-07-23  42.9000  42.9200    981643.0
2015-07-24  43.0800  42.4800    804961.0
2015-07-27  42.3900  42.1100   2336231.0
2015-07-28  42.1000  42.7900   1630511.0
2015-07-29  42.5700  42.6900   1815016.0
2015-07-30  41.8800  42.1900   1701897.0
2015-07-31  42.3000  41.9100   1319492.0
2015-08-03  41.9800  41.4500   2048312.0
2015-08-04  41.7000  41.0100   2187963.0
2015-08-05  41.2600  41.4300   1351755.0
2015-08-06  41.5900  40.7100   1525151.0
2015-08-07  40.6400  40.6200    922827.0
2015-08-10  40.9000  41.0800   1198894.0
2015-08-11  40.6700  40.2400   1282711.0
2015-08-12  39.8100  40.3400   1244118.0
2015-08-13  40.2400  39.9500    857332.0
2015-08-14  39.7400  39.9000    650272.0
2015-08-17  39.8700  40.4200    679855.0
2015-08-18  40.5000  40.2900    751955.0
2015-08-19  40.1800  39.8600   1039599.0
2015-08-20  39.5300  39.0000   1029251.0
2015-08-21  38.6500  38.2600   2199037.0
2015-08-24  36.2600  37.0100   4546702.0
2015-08-25  38.3100  36.7000   1998712.0
2015-08-26  37.6600  37.7200   1689667.0
2015-08-27  38.3800  38.1600   1838973.0
2015-08-28  37.7600  37.9900   1339294.0
2015-08-31  37.8400  37.6100   1066705.0
2015-09-01  37.0000  36.8100   1468477.0
2015-09-02  37.2500  37.2200   1388852.0
2015-09-03  37.2700  37.2600   1004874.0
2015-09-04  36.7500  36.5000   1344887.0
2015-09-08  37.1400  37.6700   1035923.0
2015-09-09  37.8200  36.6800   1268885.0
2015-09-10  36.6400  36.3600   1982946.0
2015-09-11  35.6100  35.8900   1515812.0
2015-09-14  35.7000  35.8100    862278.0
2015-09-15  35.9900  36.1400   1082885.0
2015-09-16  36.1500  36.7100   1063544.0
2015-09-17  36.8000  36.5700   1019115.0
2015-09-18  36.1500  36.2300   1829924.0
2015-09-21  36.4200  36.5400    877407.0
2015-09-22  36.0500  35.9000   1068618.0
2015-09-23  35.9900  35.6200   1009993.0
2015-09-24  35.4700  35.6300   1057127.0
2015-09-25  35.6700  35.4500   1023758.0
2015-09-28  35.1900  35.2100   1180624.0
2015-09-29  35.1800  35.1900    858652.0
2015-09-30  35.4800  35.8800   1302924.0
2015-10-01  35.9500  35.3800    979171.0
2015-10-02  34.9900  35.8500    797429.0
2015-10-05  35.9500  36.6400   1167242.0
2015-10-06  36.6100  36.5100    935210.0
2015-10-07  36.5900  36.9000    670057.0
2015-10-08  36.7200  36.9800    982255.0
2015-10-09  37.0700  37.0700    885807.0
2015-10-12  37.1100  36.9500    575129.0
2015-10-13  36.8500  36.8200    689639.0
2015-10-14  36.7600  36.9600    640099.0
2015-10-15  33.5500  32.2800   9460001.0
2015-10-16  32.0600  34.0900   3793539.0
2015-10-19  34.3400  34.0300   1809557.0
2015-10-20  33.7500  33.7200    974661.0
2015-10-21  33.9000  34.1000   1854601.0
2015-10-22  34.3800  35.0600   1160514.0
2015-10-23  35.3300  35.4000   1027856.0
2015-10-26  35.4400  35.2400   1014037.0
2015-10-27  35.1400  34.7900   1054925.0
2015-10-28  33.9000  35.1300   1429611.0
2015-10-29  35.2200  35.4000   1017460.0
2015-10-30  35.3600  35.4700    982537.0
2015-11-02  35.5200  35.9300   1092527.0
2015-11-03  35.8800  35.9300   1034746.0
2015-11-04  36.1400  36.6200   1714418.0
2015-11-05  36.6200  37.2000   1344372.0
2015-11-06  37.0800  37.4400   1400765.0
2015-11-09  37.3800  37.3100   1496586.0
2015-11-10  37.2900  38.0900   1793459.0
2015-11-11  38.3000  37.6300   1170781.0
2015-11-12  37.4500  36.2800   1322661.0
2015-11-13  36.0700  35.3900   1367769.0
2015-11-16  35.3100  35.9400    815868.0
2015-11-17  36.1000  35.6800   1122924.0
2015-11-18  35.6900  37.0100   1460571.0
2015-11-19  37.1700  37.0000   1049370.0
2015-11-20  37.2000  37.4100   1105355.0
2015-11-23  37.2600  37.3100    915138.0
2015-11-24  37.0500  38.2700   1325134.0
2015-11-25  38.2500  37.9400    924124.0
2015-11-27  38.1000  37.4800    624065.0
2015-11-30  37.8700  37.8500   1464350.0
2015-12-01  37.9900  37.8700    868687.0
2015-12-02  38.0200  37.4800   1502396.0
2015-12-03  37.7200  37.1700   1874078.0
2015-12-04  37.2000  37.6400   1881980.0
2015-12-07  37.7300  37.8100   1170308.0
2015-12-08  37.4900  37.6400    982397.0
2015-12-09  37.3900  37.3700    947003.0
2015-12-10  37.3600  37.1200   1035810.0
2015-12-11  36.2500  35.4500   2031249.0
2015-12-14  35.4300  34.8000   2261747.0
2015-12-15  35.3000  35.5100   2158787.0
2015-12-16  35.7600  36.4400   1346918.0
2015-12-17  36.4600  35.5200   1440056.0
2015-12-18  35.2800  35.2600   9592498.0
2015-12-21  35.3400  35.5500   1995092.0
2015-12-22  35.6000  36.2600   1716521.0
2015-12-23  36.3400  36.8800   1544713.0
2015-12-24  36.8100  36.9800    472039.0
2015-12-28  36.8800  36.9700    642143.0
2015-12-29  37.0900  37.2600    660182.0
2015-12-30  37.1800  37.3100    703100.0
2015-12-31  37.0000  37.1700   1155451.0
2016-01-04  36.6000  36.8000   2050126.0
2016-01-05  37.0000  36.9400   1305540.0
2016-01-06  36.4200  35.9300   2521400.0
2016-01-07  35.4000  34.9000   1688870.0
2016-01-08  35.1400  33.5500   2429414.0
2016-01-11  33.8900  33.2000   2416438.0
2016-01-12  33.6500  33.1500   1729758.0
2016-01-13  33.2800  32.4600   1552535.0
2016-01-14  32.6600  33.1700   1973342.0
2016-01-15  32.0800  32.5200   2168778.0
2016-01-19  32.9700  32.2900   1268361.0
2016-01-20  31.8100  32.3500   1691026.0
2016-01-21  32.4700  33.1300   1814905.0
2016-01-22  33.6400  33.8400   1116219.0
2016-01-25  33.7500  33.2000   1045483.0
2016-01-26  33.4300  33.8400    722057.0
2016-01-27  33.7400  33.7500   1014273.0
2016-01-28  34.1400  33.8800   1010723.0
2016-01-29  34.0400  35.1800   2701098.0
2016-02-01  34.9700  35.0900   1047864.0
2016-02-02  34.7500  34.1300    942361.0
2016-02-03  34.4900  34.2200   1499577.0
2016-02-04  34.2300  35.1400   1400116.0
2016-02-05  34.9300  34.6900   1401669.0
2016-02-08  34.4500  34.3500   1374626.0
2016-02-09  34.0300  33.9500   1974485.0
2016-02-10  34.4100  34.4700   1475239.0
2016-02-11  32.8300  33.8400   1371249.0
2016-02-12  34.1100  34.3600   1059371.0
2016-02-16  34.9200  35.2300   2730793.0
2016-02-17  38.2500  41.0600   7100579.0
2016-02-18  40.2200  40.7700   4216596.0
2016-02-19  40.5600  39.9700   2544803.0
2016-02-22  40.5000  40.9800   1553486.0
2016-02-23  40.6500  40.7400   1472866.0
2016-02-24  40.7800  40.6000   1357679.0
2016-02-25  40.5500  40.3100   1282091.0
2016-02-26  40.4900  40.4000   1027497.0
2016-02-29  40.3900  40.5100   1560538.0
2016-03-01  40.9000  41.4400   1761457.0
2016-03-02  41.3300  40.9200   1442263.0
2016-03-03  40.4400  40.9400   1641541.0
2016-03-04  40.8800  40.7400   1128995.0
2016-03-07  40.6700  40.4700   1134323.0
2016-03-08  40.3100  39.3700   1399481.0
2016-03-09  39.7200  39.2700   1189380.0
2016-03-10  39.6000  39.8300   1708626.0
2016-03-11  40.1200  39.7200   1438207.0
2016-03-14  39.2700  39.2700   1489253.0
2016-03-15  38.9400  39.0200   1028941.0
2016-03-16  38.9700  39.3500   1066762.0
2016-03-17  39.3500  39.5900   1299342.0
2016-03-18  39.6000  39.6300   2699689.0
2016-03-21  39.6000  39.9100    953403.0
2016-03-22  39.8500  39.9700    801788.0
2016-03-23  39.8300  39.3300    776068.0
2016-03-24  39.1600  38.9700    787789.0
2016-03-28  39.0400  39.1000    628794.0
2016-03-29  39.1000  39.4900    501150.0
2016-03-30  39.6900  39.8600    758093.0
2016-03-31  39.9700  39.9600   1221888.0
2016-04-01  39.6700  39.6900   1055075.0
2016-04-04  39.7900  40.0100   1058315.0
2016-04-05  40.0600  40.0500   1374978.0
2016-04-06  39.9700  40.0200    748875.0
2016-04-07  39.7700  39.5700   1155009.0
2016-04-08  39.9600  39.6300    612637.0
2016-04-11  39.7500  39.9400   1351424.0
2016-04-12  40.1200  40.4200    925264.0
2016-04-13  40.9400  42.3200   2251542.0
2016-04-14  42.3000  42.0900    914883.0
2016-04-15  41.9000  42.2300    786870.0
2016-04-18  42.0000  42.2700    625169.0
2016-04-19  42.3700  42.6000   1186613.0
2016-04-20  42.5000  42.8900    983938.0
2016-04-21  43.0400  42.2400    931182.0
2016-04-22  42.3800  42.7100   1062448.0
2016-04-25  42.5500  42.0800   1036121.0
2016-04-26  42.3600  42.2900   1754996.0
2016-04-27  42.9500  43.8800   2258611.0
2016-04-28  43.7500  43.2600   1364363.0
2016-04-29  43.0900  42.6300   1130649.0
2016-05-02  42.8800  43.0100    808422.0
2016-05-03  42.5700  42.2800    880620.0
2016-05-04  41.8400  41.2800   1218262.0
2016-05-05  41.3600  41.0600    872432.0
2016-05-06  40.8000  40.8400    793978.0
2016-05-09  41.0300  40.4100    979913.0
2016-05-10  40.7400  40.8300   1270889.0
2016-05-11  40.5200  40.2800    640076.0
2016-05-12  40.5300  40.1700    770311.0
2016-05-13  40.0500  40.0100    694620.0
2016-05-16  40.0100  40.4200    740996.0
2016-05-17  39.7700  40.0600    777964.0
2016-05-18  40.0300  39.9400    725405.0
2016-05-19  39.6900  39.8200    662063.0
2016-05-20  40.0800  40.2900    628816.0
2016-05-23  40.2400  40.4500    348258.0
2016-05-24  40.5700  41.1300    570886.0
2016-05-25  41.3300  41.2900    719581.0
2016-05-26  41.3800  41.4500    285530.0
2016-05-27  40.4200  41.7100    766167.0
2016-05-31  41.9600  42.5200    927592.0
2016-06-01  42.4100  42.3100    603905.0
2016-06-02  42.0800  42.8000    608330.0
2016-06-03  42.3700  42.3800    969350.0
2016-06-06  42.6100  42.7900    893014.0
2016-06-07  42.8900  43.2200    892187.0
2016-06-08  43.2200  43.2200    664319.0
2016-06-09  43.0900  43.2400    601641.0
2016-06-10  43.0600  42.5100    735765.0
2016-06-13  42.3100  42.4300    788545.0
2016-06-14  42.3500  42.5300    673436.0
2016-06-15  42.7500  42.2200    729063.0
2016-06-16  41.6000  41.8700    598582.0
2016-06-17  41.8400  42.0800   1525283.0
2016-06-20  42.6900  42.5200    572147.0
2016-06-21  42.5800  42.5100    526240.0
2016-06-22  42.5700  42.3000    720241.0
2016-06-23  42.7800  43.2800    909621.0
2016-06-24  40.9900  40.7700   1579464.0
2016-06-27  40.3800  39.6800    973082.0
2016-06-28  39.9600  40.6100    985224.0
2016-06-29  40.7500  41.4300    812035.0
2016-06-30  41.8300  42.4200    909546.0
2016-07-01  42.4300  42.4700    749122.0
2016-07-05  42.4000  41.9100    601672.0
2016-07-06  41.8700  42.0200    848725.0
2016-07-07  42.1500  42.5900    859094.0
2016-07-08  42.8800  43.3700    894674.0
2016-07-11  43.5300  43.7400    673628.0
2016-07-12  44.1400  44.7100   1251741.0
2016-07-13  44.7500  44.3100    540233.0
2016-07-14  44.9000  44.7400    762262.0
2016-07-15  44.8700  45.0100    669969.0
2016-07-18  45.2100  45.4300    783841.0
2016-07-19  45.4100  45.6600    703061.0
2016-07-20  45.6900  45.7000    503482.0
2016-07-21  45.6300  45.7100    478071.0
2016-07-22  45.7400  46.0500    486586.0
2016-07-25  46.0900  45.9200    964503.0
2016-07-26  45.8600  46.3900   1186481.0
2016-07-27  50.2700  51.7900   5643630.0
2016-07-28  52.0000  53.5400   2974525.0
2016-07-29  53.6000  54.3300   2219385.0
2016-08-01  54.4800  55.7500   3015539.0
2016-08-02  55.5200  54.8600   1801368.0
2016-08-03  54.7400  55.4600   1356209.0
2016-08-04  53.8500  54.5400   2000750.0
2016-08-05  54.9100  54.9200   1434363.0
2016-08-08  55.1900  54.8600   1108856.0
2016-08-09  55.0300  54.3600   1273423.0
2016-08-10  54.6200  55.0800   1450840.0
2016-08-11  55.3400  55.2900    732877.0
2016-08-12  55.5000  55.1000    626336.0
2016-08-15  55.3700  55.5800    612640.0
2016-08-16  55.3500  55.1800    748405.0
2016-08-17  55.1500  54.7500   1046695.0
2016-08-18  54.6200  54.8200    881243.0
2016-08-19  54.6600  54.3800    868791.0
2016-08-22  53.2000  53.1600   1786686.0
2016-08-23  53.2300  53.6700   1317971.0
2016-08-24  51.6700  50.5900   3427216.0
2016-08-25  49.4600  50.5200   1545386.0
2016-08-26  50.7000  50.2000   1304339.0
2016-08-29  50.2000  50.1700   1487947.0
2016-08-30  50.1600  49.3200   1280150.0
2016-08-31  49.4200  49.0800   1354237.0
2016-09-01  49.2100  48.8600   1856106.0
2016-09-02  49.2300  48.7500   1251190.0
2016-09-06  48.9400  49.0200   1268824.0
2016-09-07  48.9500  49.1000   2998259.0
2016-09-08  48.7700  48.9200   1337854.0
2016-09-09  48.4900  47.4400   1856095.0
2016-09-12  47.3200  47.8600   1706604.0
2016-09-13  47.0900  46.9500   1848253.0
2016-09-14  46.0500  46.7500   1045693.0
2016-09-15  46.7000  47.5400   1375618.0
2016-09-16  47.4400  47.2300   1894458.0
2016-09-19  47.5300  47.7500   1430812.0
2016-09-20  47.9900  47.5500    709411.0
2016-09-21  47.5500  48.3600    809011.0
2016-09-22  48.5800  48.6800    975136.0
2016-09-23  48.4000  48.5000    748820.0
2016-09-26  48.3800  48.2900    910850.0
2016-09-27  48.3300  49.0100   1243916.0
2016-09-28  49.1300  48.9800    919905.0
2016-09-29  48.8800  48.1500    838131.0
2016-09-30  48.4700  48.1100   1060062.0
2016-10-03  47.6600  48.2400   1052215.0
2016-10-04  48.4300  47.9500    734562.0
2016-10-05  48.2000  48.4700    798824.0
2016-10-06  48.4400  48.3900    694869.0
2016-10-07  48.7800  48.5100   1318365.0
2016-10-10  48.6900  48.6700    883089.0
2016-10-11  48.5800  48.0600   1227686.0
2016-10-12  48.0000  48.2500    561628.0
2016-10-13  47.7300  47.9800   1246869.0
2016-10-14  48.3300  48.3300   1035177.0
2016-10-17  48.2700  47.8800    769011.0
2016-10-18  48.5100  48.6400    890169.0
2016-10-19  48.6500  48.5900    565510.0
2016-10-20  48.5400  48.5900    651225.0
2016-10-21  48.1200  48.6000    749597.0
2016-10-24  48.9300  48.8800    943923.0
2016-10-25  49.0000  49.5100   2407817.0
2016-10-26  51.3200  49.7500   4371870.0
2016-10-27  50.2000  47.8500   1892635.0
2016-10-28  47.9000  47.8700   1255085.0
2016-10-31  47.8900  48.3600    865644.0
2016-11-01  48.4900  49.0000   1328131.0
2016-11-02  48.9800  48.1200   1418764.0
2016-11-03  47.9600  47.3800   1400466.0
2016-11-04  47.3500  47.0100   2156560.0
2016-11-07  47.8500  47.8800   1287522.0
2016-11-08  47.7000  48.1700    863444.0
2016-11-09  47.4000  48.9400   1027479.0
2016-11-10  49.2000  49.4700   1118275.0
2016-11-11  49.4700  49.9500    727392.0
2016-11-14  50.0250  52.2400   2573462.0
2016-11-15  52.2400  52.7200   2159971.0
2016-11-16  52.5900  52.6500    950531.0
2016-11-17  52.9200  52.0100    919135.0
2016-11-18  51.9800  51.7100    619096.0
2016-11-21  51.9400  52.1800    682124.0
2016-11-22  52.4800  52.6900    913618.0
2016-11-23  52.6600  52.5300    605141.0
2016-11-25  52.5500  52.7900    285468.0
2016-11-28  52.7300  52.8700   1552565.0
2016-11-29  52.8200  51.9900   1321563.0
2016-11-30  52.4600  52.1600   1433526.0
2016-12-01  52.1400  51.5400    961030.0
2016-12-02  51.3700  51.5100    955076.0
2016-12-05  51.8500  52.1300    833270.0
2016-12-06  52.2300  51.5200   1313424.0
2016-12-07  51.4700  51.6600   1493717.0
2016-12-08  51.6600  51.5600   1123990.0
2016-12-09  51.6000  50.0200   2172545.0
2016-12-12  49.2200  49.6500    960836.0
2016-12-13  49.6700  49.7100   1683508.0
2016-12-14  49.8300  48.8900   1452539.0
2016-12-15  49.0500  49.5000   1374578.0
2016-12-16  49.5500  48.9900   2987129.0
2016-12-19  48.9900  49.3900    962624.0
2016-12-20  49.3900  49.7400    754478.0
2016-12-21  49.7100  50.0500    751147.0
2016-12-22  50.1800  50.4400   1018357.0
2016-12-23  50.4800  50.4700    616983.0
2016-12-27  50.6500  50.6500   1050225.0
2016-12-28  50.3600  49.2200    946131.0
2016-12-29  49.1700  49.0100    951729.0
2016-12-30  49.1300  48.4900    750711.0
2017-01-03  48.5300  49.1900   1146335.0
2017-01-04  49.2500  49.8300   1524929.0
2017-01-05  49.8200  49.4900    886877.0
2017-01-06  49.3900  49.0400   1013822.0
2017-01-09  49.0200  48.0900   1507149.0
2017-01-10  48.0600  47.9300   1461518.0
2017-01-11  47.7400  48.2600    917141.0
2017-01-12  48.0300  48.3700    895519.0
2017-01-13  48.5600  48.5200    754525.0
2017-01-17  48.4500  47.9400    743638.0
2017-01-18  47.9300  47.7600    754164.0
2017-01-19  47.8300  47.6100    594272.0
2017-01-20  47.7400  47.8700    869417.0
2017-01-23  47.9200  48.1800   1215502.0
2017-01-24  48.6450  49.0800   1250331.0
2017-01-25  49.0300  49.7500   1434700.0
2017-01-26  49.7900  49.0800   1070672.0
2017-01-27  49.1100  49.0000    858873.0
2017-01-30  48.7300  47.3500   1757037.0
2017-01-31  47.4700  48.2900   4925376.0
2017-02-01  48.4200  48.1300   1377064.0
2017-02-02  48.2000  49.8000   1886281.0
2017-02-03  49.7700  49.8400   1306465.0
2017-02-06  49.3400  50.2600   1325623.0
2017-02-07  50.3500  49.5300   1040013.0
2017-02-08  49.5000  48.8500   1492989.0
2017-02-09  48.7500  49.1300    738913.0
2017-02-10  49.1000  49.7800    913743.0
2017-02-13  50.0000  50.3400    849307.0
2017-02-14  50.3200  50.2500    772351.0
2017-02-15  50.2400  50.8200   1008501.0
2017-02-16  50.7300  50.9500    965817.0
2017-02-17  50.6900  50.8100   1309677.0
2017-02-21  50.8200  50.4500   3161630.0
2017-02-22  54.3000  54.1500  10284795.0
2017-02-23  54.5000  52.3100   2547240.0
2017-02-24  52.1800  53.0300   1299733.0
2017-02-27  53.0100  52.6100   1175579.0
2017-02-28  52.4900  51.6100   1546035.0
2017-03-01  52.3600  52.3400   1106924.0
2017-03-02  52.4000  51.7200    801522.0
2017-03-03  51.6600  51.5200    579832.0
2017-03-06  51.8300  51.7600   1267141.0
2017-03-07  51.7800  51.5100   1035138.0
2017-03-08  51.6100  51.9900   1044934.0
2017-03-09  51.9800  52.1100    923909.0
2017-03-10  51.9200  52.5100   1072845.0
2017-03-13  52.1000  51.8500   1007386.0
2017-03-14  51.7800  51.4200   1058621.0
2017-03-15  51.4600  51.9000    938884.0
2017-03-16  52.0000  52.3600    863706.0
2017-03-17  52.4700  52.3600   3170791.0
2017-03-20  52.4500  52.6500    916897.0
2017-03-21  52.7300  51.5200    941514.0
2017-03-22  51.6900  51.2100    740321.0
2017-03-23  51.2800  51.4800    837621.0
2017-03-24  51.5100  51.1000    690763.0
2017-03-27  50.6100  50.7700    935522.0
2017-03-28  50.8400  51.0100   1035144.0
2017-03-29  51.0600  50.9600    768076.0
2017-03-30  50.9500  51.0900    716044.0
2017-03-31  50.9600  51.1100    735150.0
2017-04-03  51.1900  50.2400    789489.0
2017-04-04  50.2800  49.9900    980119.0
2017-04-05  50.0100  49.8200    783789.0
2017-04-06  49.8900  50.0800    587846.0
2017-04-07  50.1000  50.3700    957109.0
2017-04-10  50.3700  50.5400    763880.0
2017-04-11  50.5800  49.9900   1199843.0
2017-04-12  50.0100  49.2900    788128.0
2017-04-13  49.2200  48.6900   1049248.0
2017-04-17  48.8100  48.9800    859357.0
2017-04-18  49.0000  49.2600    726062.0
2017-04-19  49.4800  49.5800    893244.0
2017-04-20  49.7300  49.9800    946650.0
2017-04-21  50.1400  49.9500    711239.0
2017-04-24  50.3900  50.2900    917780.0
2017-04-25  50.3900  50.7400   1075474.0
2017-04-26  50.4700  50.5700   1892321.0
2017-04-27  50.7600  51.2100    973900.0
2017-04-28  51.2300  50.8400   1232633.0
2017-05-01  51.0600  51.8300   1716209.0
2017-05-02  51.7400  51.2500   1990299.0
2017-05-03  49.8800  50.6750   2166095.0
2017-05-04  50.1900  51.4200   1938310.0
2017-05-05  51.5600  52.4900   1572692.0
2017-05-08  52.6600  51.9600    858240.0
2017-05-09  52.0100  52.0100    918578.0
2017-05-10  52.0500  52.6200   1146148.0
2017-05-11  52.4400  52.3600    542728.0
2017-05-12  52.3000  52.1500    574238.0
2017-05-15  52.2200  52.3900    805420.0
2017-05-16  52.3400  52.6000    930264.0
2017-05-17  52.2700  51.1000   1364943.0
2017-05-18  51.0000  51.0000   1010466.0
2017-05-19  51.3000  51.2200    695365.0
2017-05-22  51.4100  52.0300    623671.0
2017-05-23  52.2200  51.6800    684247.0
2017-05-24  51.7500  51.4900    616822.0
2017-05-25  51.7200  52.0800    481250.0
2017-05-26  52.4200  52.4000    742036.0
2017-05-30  52.3100  52.1100    672800.0
2017-05-31  52.2100  52.0400   1236668.0
2017-06-01  52.2700  52.7400    668146.0
2017-06-02  52.8200  52.9500    607571.0
2017-06-05  52.9200  53.5800   1259149.0
2017-06-06  53.6100  52.8400    998909.0
2017-06-07  52.8500  51.9000    782767.0
2017-06-08  52.0000  51.8900    747366.0
2017-06-09  51.9500  51.8900    989429.0
2017-06-12  51.9900  51.9100    756406.0
2017-06-13  51.9400  51.6100    520400.0
2017-06-14  51.8100  51.7200   1750094.0
2017-06-15  50.7600  51.7000    901123.0
2017-06-16  51.3200  51.3400    849344.0
2017-06-19  51.4900  51.7900    721922.0
2017-06-20  51.6100  51.3600    814880.0
2017-06-21  51.5200  51.1700    519980.0
2017-06-22  51.3000  51.3900    547070.0
2017-06-23  51.6900  51.2800    996214.0
2017-06-26  51.3900  51.3000    824769.0
2017-06-27  51.3700  50.5700    734241.0
2017-06-28  50.7800  50.9500    906633.0
2017-06-29  51.0200  50.9400    930007.0
2017-06-30  50.8100  51.0300    845933.0
2017-07-03  51.2500  51.8200    721219.0
2017-07-05  51.7900  52.0700   1328689.0
2017-07-06  51.8500  50.9800   1122116.0
2017-07-07  51.2400  51.1700    916641.0
2017-07-10  50.9800  50.2600   3086409.0
2017-07-11  50.4000  50.3000   1220687.0
2017-07-12  50.5100  50.3000   2247331.0
2017-07-13  50.2500  50.2500   1328192.0
2017-07-14  50.4700  50.3000    866527.0
2017-07-17  50.5500  50.6000    794615.0
2017-07-18  50.4100  50.2100   1153902.0
2017-07-19  51.0500  51.6600   2025479.0
2017-07-20  51.7900  51.3300    896347.0
2017-07-21  51.2700  51.5900    658490.0
2017-07-24  51.4400  51.6800    762958.0
2017-07-25  51.6500  52.5600   1355273.0
2017-07-26  52.7200  52.2500    734580.0
2017-07-27  52.2300  51.8800   1060923.0
2017-07-28  51.8800  51.3200    768601.0
2017-07-31  51.5000  50.1900   1394781.0
2017-08-01  50.4900  49.9900   1603626.0
2017-08-02  51.0700  52.2200   3342416.0
2017-08-03  52.0900  51.8200   1423093.0
2017-08-04  51.9100  51.8800   1102644.0
2017-08-07  51.0300  52.1000    964992.0
2017-08-08  52.1300  51.7600   1013915.0
2017-08-09  51.6500  52.2900   1379976.0
2017-08-10  52.0200  51.2900   1581674.0
2017-08-11  51.6300  51.2100    906789.0
2017-08-14  51.4700  51.8000    608260.0
2017-08-15  51.7700  51.4000    730156.0
2017-08-16  51.6300  51.8800    684913.0
2017-08-17  51.8200  51.2000    601447.0
2017-08-18  51.2300  51.1700    699493.0
2017-08-21  51.1000  50.9800    740478.0
2017-08-22  51.1500  51.7000    850751.0
2017-08-23  51.5600  52.0400   1510127.0
2017-08-24  52.0700  52.1800   1296322.0
2017-08-25  52.4100  52.5300    626541.0
2017-08-28  52.5800  52.0500    651190.0
2017-08-29  51.7400  51.4900    863343.0
2017-08-30  51.3900  51.7300    742653.0
2017-08-31  51.8300  51.5000    910204.0
2017-09-01  51.7100  51.8200    796270.0
2017-09-05  51.6900  51.4600    930794.0
2017-09-06  51.6000  52.1100   1027289.0
2017-09-07  52.2300  51.9600    674357.0
2017-09-08  51.6800  52.2600    740285.0
2017-09-11  52.5500  52.1500    982833.0
2017-09-12  52.4600  52.0100   1616464.0
2017-09-13  51.6100  52.5400   1180235.0
2017-09-14  51.9200  52.3100    918217.0
2017-09-15  52.2600  52.4800   1117191.0
2017-09-18  52.6900  52.4900    677976.0
2017-09-19  52.5100  51.9400    869088.0
2017-09-20  51.6200  52.1800    634255.0
2017-09-21  52.2000  52.0000    648562.0
2017-09-22  52.0800  52.4100    460556.0
2017-09-25  52.5000  53.2000   1041533.0
2017-09-26  53.4500  53.6800   1047954.0
2017-09-27  53.8000  54.0300    733257.0
2017-09-28  53.9500  54.0400    475690.0
2017-09-29  53.9500  53.9700    774851.0
2017-10-02  54.0600  54.1600    717267.0
2017-10-03  54.3300  54.4200    722094.0
2017-10-04  54.4300  54.7700    770220.0
2017-10-05  54.8600  54.7900    863387.0
2017-10-06  54.7700  53.8300   1213228.0
2017-10-09  53.8600  53.9200    805578.0
2017-10-10  53.8700  54.2600    656466.0
2017-10-11  54.2700  54.3800    617188.0
2017-10-12  54.3900  54.7000    864670.0
2017-10-13  54.7200  55.1700   1334701.0
2017-10-16  55.1500  55.1500    838725.0
2017-10-17  55.3500  55.2000    590444.0
2017-10-18  55.1400  55.0800    757136.0
2017-10-19  54.9200  55.4500    797033.0
2017-10-20  55.5700  55.8000    735157.0
2017-10-23  55.9200  55.8000    758081.0
2017-10-24  55.9900  56.4100    960337.0
2017-10-25  56.3400  56.5500   1177788.0
2017-10-26  56.7100  56.4700    618276.0
2017-10-27  56.4800  56.2900    818488.0
2017-10-30  56.2100  56.4900    773366.0
2017-10-31  56.7300  56.6100   1569359.0
2017-11-01  57.6200  59.8000   3486822.0
2017-11-02  59.7000  58.8600   2387179.0
2017-11-03  58.9600  59.5500   1110589.0
2017-11-06  59.6500  59.3000   1070942.0
2017-11-07  59.0800  59.2100    809992.0
2017-11-09  59.2000  59.7200   1233734.0
2017-11-10  59.5400  60.8300   1644435.0
2017-11-13  60.8100  60.5800   1398603.0
2017-11-14  60.5200  60.7500   1028691.0
2017-11-15  60.5100  60.2900    877182.0
2017-11-16  60.5000  60.7500    796967.0
2017-11-17  60.6800  61.4500   1017216.0
2017-11-20  61.4300  61.5200    910289.0
2017-11-21  61.8900  62.4900   1082778.0
2017-11-22  62.3700  61.5300    984269.0
2017-11-24  61.6900  61.7900    317233.0
2017-11-27  61.8400  61.7000    536909.0
2017-11-28  61.9100  62.9200    806315.0
2017-11-29  62.8500  62.4000    922408.0
2017-11-30  62.5100  62.0800   1294355.0
2017-12-01  62.1900  61.2300   1117808.0
2017-12-04  61.5400  60.8500   1043573.0
2017-12-05  61.1100  61.5200   1344875.0
2017-12-06  61.6200  61.4600   1010611.0
2017-12-07  61.3600  61.2700    804248.0
2017-12-08  61.3200  62.2700    965434.0
2017-12-11  62.0600  61.9600    978989.0
2017-12-12  62.0000  61.1300    890682.0
2017-12-13  61.0900  60.8300   1174771.0
2017-12-14  60.5300  59.4600   1254341.0
2017-12-15  58.6400  58.3600   4151555.0
2017-12-18  58.5000  58.6300   1641028.0
2017-12-19  58.8800  58.5800   1184221.0
2017-12-20  58.9600  58.8000    988152.0
2017-12-21  59.1500  59.1700   1059490.0
2017-12-22  59.2200  59.1800    493701.0
2017-12-26  59.1200  59.2700    355384.0
2017-12-27  59.3400  59.4600    398596.0
2017-12-28  59.4700  59.7700    414480.0
2017-12-29  59.7700  59.5700    494799.0
2018-01-02  59.6400  59.5400    883261.0
2018-01-03  59.6600  60.2700    654261.0
2018-01-04  60.2400  60.2700   1095734.0
2018-01-05  60.3900  59.7400    842224.0
2018-01-08  59.6000  60.3400   1257251.0
2018-01-09  60.5300  59.8500    974911.0
2018-01-10  59.8400  60.4700    736760.0
2018-01-11  60.4600  61.4200    884290.0
2018-01-12  61.4700  61.9800   1483148.0
2018-01-16  62.1500  61.4500   1595077.0
2018-01-17  61.8300  63.0400   1093640.0
2018-01-18  62.9400  63.2400    763440.0
2018-01-19  63.5000  63.8700   1207725.0
2018-01-22  63.4200  64.0400   1021388.0
2018-01-23  64.0900  64.5200    851104.0
2018-01-24  64.8400  64.2100   1376535.0
2018-01-25  64.4400  63.7500   1061695.0
2018-01-26  64.1300  64.5800    901584.0
2018-01-29  63.9400  63.7100   1025401.0
2018-01-30  63.4400  63.0700   1118777.0
2018-01-31  63.1600  62.9400   3245959.0
2018-02-01  62.7900  62.6800   1297189.0
2018-02-02  62.6100  62.4100    939955.0
2018-02-05  62.1200  61.0500   1226095.0
2018-02-06  60.0000  62.3100   1559081.0
2018-02-07  63.4000  63.0800   1626858.0
2018-02-08  63.1000  61.1100    887665.0
2018-02-09  61.7500  61.2000   1147572.0
2018-02-12  61.5600  61.9700   1124355.0
2018-02-13  62.0200  62.4300   1067939.0
2018-02-14  62.1900  64.0000   1040632.0
2018-02-15  64.4100  64.8700   1277657.0
2018-02-16  64.7900  65.2100   1094646.0
2018-02-20  65.2000  64.8600   2599020.0
2018-02-21  60.8600  61.8650   3928739.0
2018-02-22  62.2200  60.3900   1955103.0
2018-02-23  60.2500  60.3500   1637529.0
2018-02-26  60.5100  60.6500   1415189.0
2018-02-27  60.4800  60.2200   1357470.0
2018-02-28  60.4400  59.2400    856214.0
2018-03-01  59.1500  58.8600   1362992.0
2018-03-02  58.6600  59.4200    936753.0
2018-03-05  59.0100  59.6000    938102.0
2018-03-06  59.6300  59.8100    921268.0
2018-03-07  59.3700  59.9900    897168.0
2018-03-08  60.5000  59.8900    821500.0
2018-03-09  60.0400  60.9900    946952.0
2018-03-12  61.0600  61.0100    688836.0
2018-03-13  61.5000  61.1500    879354.0
2018-03-14  61.0400  60.2600    882896.0
2018-03-15  60.4400  59.6800    869874.0
2018-03-16  59.7200  60.1100   2697830.0
2018-03-19  59.7800  59.8400    874261.0
2018-03-20  59.9500  59.9900    929108.0
2018-03-21  59.9400  59.5100    684603.0
2018-03-22  59.1300  58.3400    875968.0
2018-03-23  58.6400  57.6800    698368.0
2018-03-26  58.2700  58.6900    746047.0
2018-03-27  58.7100  58.1400    732678.0