date     open  close    volume
                                   
2014-10-06  10.5300  10.32   23967.0
2014-10-07  10.2100  10.16   16808.0
2014-10-08  10.0900  10.56   24313.0
2014-10-09  10.4501  10.27   25313.0
2014-10-10  10.2000  10.65   38726.0
2014-10-13  10.7500  10.60   41799.0
2014-10-14  10.6500  10.47   39902.0
2014-10-15  10.3300  10.27   49077.0
2014-10-16  10.1200  10.51   21829.0
2014-10-17  10.5700  10.94   72275.0
2014-10-20  10.9400  10.78   36467.0
2014-10-21  10.8200  10.52   19051.0
2014-10-22  10.5200  10.43   18807.0
2014-10-23  10.5600  10.20   36784.0
2014-10-24  10.1700  10.16   22180.0
2014-10-27  10.0700  10.31   42848.0
2014-10-28  10.3300  10.92   21870.0
2014-10-29  10.9300  10.90   20748.0
2014-10-30  10.9000  11.00   47802.0
2014-10-31  11.0000  11.66   36754.0
2014-11-03  11.6600  11.66   59992.0
2014-11-04  11.6800  11.92   20312.0
2014-11-05  11.9400  11.70   32278.0
2014-11-06  11.6800  11.75   26167.0
2014-11-07  11.8200  11.70   21227.0
2014-11-10  11.7000  11.37   36860.0
2014-11-11  11.3800  11.26   19722.0
2014-11-12  11.5300  11.16   24230.0
2014-11-13  11.1500  11.45   25179.0
2014-11-14  11.4800  11.39   22855.0
2014-11-17  11.4500  11.87   43804.0
2014-11-18  11.9300  12.05   23108.0
2014-11-19  12.0000  11.47   33849.0
2014-11-20  11.4300  11.51   19255.0
2014-11-21  11.7400  11.76   19780.0
2014-11-24  11.7300  11.92   37349.0
2014-11-25  11.8900  11.88   22535.0
2014-11-26  11.9600  11.99    8476.0
2014-11-28  12.0900  11.79   19251.0
2014-12-01  11.7900  11.10   53160.0
2014-12-02  11.0800  11.55   15832.0
2014-12-03  11.2600  11.77   59282.0
2014-12-04  11.4900  11.75   19637.0
2014-12-05  11.7500  11.95   21040.0
2014-12-08  11.9600  11.89   43459.0
2014-12-09  11.6900  11.98   31499.0
2014-12-10  12.0000  11.62   21405.0
2014-12-11  11.7200  11.84   28251.0
2014-12-12  11.6300  11.67   96438.0
2014-12-15  11.7200  11.40   27294.0
2014-12-16  11.2800  11.24   50421.0
2014-12-17  11.2000  11.56   37205.0
2014-12-18  11.7600  11.44   32349.0
2014-12-19  11.4000  11.47   76202.0
2014-12-22  11.5100  11.45   28003.0
2014-12-23  11.4700  11.50   15170.0
2014-12-24  11.7800  11.58    6032.0
2014-12-26  11.6300  11.77    8825.0
2014-12-29  11.8300  12.00   25951.0
2014-12-30  12.0000  12.19   52455.0
2014-12-31  12.1700  12.09   23059.0
2015-01-02  12.0900  12.11   24906.0
2015-01-05  11.9500  11.97   87631.0
2015-01-06  11.8600  11.52   16215.0
2015-01-07  11.6700  11.40   14496.0
2015-01-08  11.5200  11.67   16333.0
2015-01-09  11.6000  11.59    8295.0
2015-01-12  11.5500  11.32   19745.0
2015-01-13  11.4600  11.39   15268.0
2015-01-14  11.3900  11.28   24221.0
2015-01-15  11.2400  11.01   44149.0
2015-01-16  10.9600  11.08   34168.0
2015-01-20  11.1400  11.07   29945.0
2015-01-21  11.0000  11.36   18693.0
2015-01-22  11.3800  11.62   25041.0
2015-01-23  11.6600  11.41   21864.0
2015-01-26  11.4100  11.25   19720.0
2015-01-27  11.2300  11.28   17706.0
2015-01-28  11.3200  11.07   25724.0
2015-01-29  11.2000  11.27   14763.0
2015-01-30  11.1400  11.04   29640.0
2015-02-02  11.0300  11.16   24631.0
2015-02-03  11.2400  11.52   16706.0
2015-02-04  11.5100  11.26   15635.0
2015-02-05  11.2800  11.29   13421.0
2015-02-06  11.3200  11.22   30209.0
2015-02-09  11.1000  11.05   26049.0
2015-02-10  11.1100  10.97   28359.0
2015-02-11  10.9400  10.65   19483.0
2015-02-12  10.5000  10.64   19018.0
2015-02-13  10.6600  10.48   20840.0
2015-02-17  10.4700  10.59   45040.0
2015-02-18  10.5100  10.68    6788.0
2015-02-19  10.7100  10.81   17509.0
2015-02-20  10.8600  10.87   26299.0
2015-02-23  10.9600  10.92   39174.0
2015-02-24  10.9200  10.87   17024.0
2015-02-25  10.8500  11.10   14288.0
2015-02-26  11.0500  11.38   13285.0
2015-02-27  11.3300  11.28   15509.0
2015-03-02  11.3100  11.21   10373.0
2015-03-03  11.0900  11.07    6143.0
2015-03-04  11.0300  10.75   58759.0
2015-03-05  10.8000  10.70   34664.0
2015-03-06  10.6300  10.88   81989.0
2015-03-09  10.8800  11.22   23754.0
2015-03-10  11.0300  11.12    9065.0
2015-03-11  11.0900  11.03   67733.0
2015-03-12  11.1700  11.32   33124.0
2015-03-13  11.3000  11.27   16353.0
2015-03-16  11.2700  11.19   14148.0
2015-03-17  11.1400  11.07    7653.0
2015-03-18  11.0300  11.25    9681.0
2015-03-19  11.2200  11.06    8756.0
2015-03-20  11.0800  10.45  137738.0
2015-03-23  10.5000  10.23  122290.0
2015-03-24  10.2100  10.35   50309.0
2015-03-25  10.3500  10.26   40310.0
2015-03-26  10.2900  10.35   22463.0
2015-03-27  10.3500  10.45   32234.0
2015-03-30  10.5300  10.63   43688.0
2015-03-31  10.6000  10.60   38543.0
2015-04-01  10.5500  10.79   25078.0
2015-04-02  10.7300  11.10   22290.0
2015-04-06  11.1000  10.95   27070.0
2015-04-07  10.9500  10.65   41094.0
2015-04-08  10.6200  10.57  242401.0
2015-04-09  10.5700  10.76   51346.0
2015-04-10  10.8600  10.88   44512.0
2015-04-13  10.9900  11.20   51439.0
2015-04-14  11.2300  11.93   30831.0
2015-04-15  11.9000  11.45   50461.0
2015-04-16  11.5100  11.39   20056.0
2015-04-17  11.3500  11.28  106638.0
2015-04-20  11.3700  11.42   25309.0
2015-04-21  11.4100  11.44   27698.0
2015-04-22  11.5000  11.37   11566.0
2015-04-23  11.3000  11.28   22156.0
2015-04-24  11.2500  11.27   16665.0
2015-04-27  11.1900  11.43   31788.0
2015-04-28  11.3600  11.59   49074.0
2015-04-29  11.4900  11.32   24170.0
2015-04-30  11.2000  11.08   44745.0
2015-05-01  11.0700  11.20   44814.0
2015-05-04  11.2000  11.22   32159.0
2015-05-05  11.1400  11.27   33861.0
2015-05-06  11.3200  11.11   16458.0
2015-05-07  11.0600  11.12   14754.0
2015-05-08  11.3100  11.34   22350.0
2015-05-11  11.2200  11.29   17341.0
2015-05-12  11.1300  11.28   13401.0
2015-05-13  11.1600  11.37   13425.0
2015-05-14  11.3700  11.68   11597.0
2015-05-15  11.7000  11.43   14366.0
2015-05-18  11.3800  11.53   24944.0
2015-05-19  11.2500  11.65   18191.0
2015-05-20  11.6500  11.71   21403.0
2015-05-21  11.7600  11.68   12609.0
2015-05-22  11.7000  11.65   24547.0
2015-05-26  11.6700  11.42   34201.0
2015-05-27  11.4700  11.32   13502.0
2015-05-28  11.0000  11.14   20671.0
2015-05-29  11.1200  11.10   19314.0
2015-06-01  11.1600  11.44   42213.0
2015-06-02  11.3500  11.49   12381.0
2015-06-03  11.4900  11.41   17204.0
2015-06-04  11.3300  11.40    7662.0
2015-06-05  11.3700  11.39    5437.0
2015-06-08  11.3400  11.34   20283.0
2015-06-09  11.2300  11.17   13430.0
2015-06-10  11.2900  11.63   17844.0
2015-06-11  11.6000  11.64   15986.0
2015-06-12  11.5700  11.56   13467.0
2015-06-15  11.4400  11.48   26758.0
2015-06-16  11.4100  11.54   17250.0
2015-06-17  11.5700  11.49   19346.0
2015-06-18  11.4500  11.61   40721.0
2015-06-19  11.5500  11.69   59893.0
2015-06-22  11.8200  11.96   32957.0
2015-06-23  11.8800  12.01   14705.0
2015-06-24  12.0000  11.83   21274.0
2015-06-25  11.8300  11.84   17100.0
2015-06-26  11.9000  11.75  152482.0
2015-06-29  11.7100  11.37   20091.0
2015-06-30  11.4900  11.38   20150.0
2015-07-01  11.5200  11.73   20232.0
2015-07-02  11.7300  11.65   28187.0
2015-07-06  11.5100  11.54   26226.0
2015-07-07  11.4800  11.47   38288.0
2015-07-08  11.3600  11.34   22801.0
2015-07-09  11.5000  11.36   19879.0
2015-07-10  11.4500  11.42   29454.0
2015-07-13  11.4300  11.45   27814.0
2015-07-14  11.4700  11.49    6936.0
2015-07-15  11.4200  11.46    9151.0
2015-07-16  11.5000  11.47   14547.0
2015-07-17  11.4600  11.43   12682.0
2015-07-20  11.3900  11.15   56390.0
2015-07-21  11.2000  11.20   30957.0
2015-07-22  11.2800  11.28   16567.0
2015-07-23  11.2600  11.15   21201.0
2015-07-24  11.0900  11.09   23058.0
2015-07-27  11.0600  10.95   21546.0
2015-07-28  11.0200  10.86   26073.0
2015-07-29  10.1673  10.59   18034.0
2015-07-30  10.4500  10.47   29345.0
2015-07-31  10.5200  10.68   26037.0
2015-08-03  10.7200  10.79   28939.0
2015-08-04  10.7400  10.60   10557.0
2015-08-05  10.6300  10.81   20758.0
2015-08-06  10.8300  10.77   11338.0
2015-08-07  10.6400  11.02   17137.0
2015-08-10  11.2300  11.13   21858.0
2015-08-11  11.0900  11.24   23658.0
2015-08-12  11.2300  11.29   22477.0
2015-08-13  11.3200  10.63   81356.0
2015-08-14  10.6800  11.29  179060.0
2015-08-17  11.4100  11.79   64358.0
2015-08-18  11.7300  11.77   27570.0
2015-08-19  11.7400  11.79   33737.0
2015-08-20  11.7300  11.48   32937.0
2015-08-21  11.2700  11.67   37413.0
2015-08-24  11.3000  11.13   65986.0
2015-08-25  11.4500  11.01   38254.0
2015-08-26  11.2700  11.15   30214.0
2015-08-27  11.2000  11.25   22654.0
2015-08-28  11.2600  11.41   22126.0
2015-08-31  11.4000  11.49   32572.0
2015-09-01  11.1800  11.30   37170.0
2015-09-02  11.3800  11.41   19316.0
2015-09-03  11.3900  11.29   48907.0
2015-09-04  11.1300  11.48   33284.0
2015-09-08  11.5200  11.44   58409.0
2015-09-09  11.4500  11.37   39488.0
2015-09-10  11.3700  11.50   34026.0
2015-09-11  11.3900  11.71   13533.0
2015-09-14  11.6400  11.46   29764.0
2015-09-15  11.4600  11.49   11710.0
2015-09-16  11.4800  11.36   33519.0
2015-09-17  11.3900  11.27   20343.0
2015-09-18  11.1000  11.19   39693.0
2015-09-21  11.2500  11.03   39076.0
2015-09-22  10.9400  11.13   16121.0
2015-09-23  11.1400  11.28   13753.0
2015-09-24  11.1900  11.28   22453.0
2015-09-25  11.3400  11.31   27355.0
2015-09-28  11.2500  11.24   23158.0
2015-09-29  11.3000  11.41   15905.0
2015-09-30  11.4800  11.49   12369.0
2015-10-01  11.4600  11.42   30368.0
2015-10-02  11.3300  11.31   23849.0
2015-10-05  11.2900  11.84   34548.0
2015-10-06  11.8900  11.94   48279.0
2015-10-07  11.9500  12.00   29830.0
2015-10-08  12.0000  12.19   51583.0
2015-10-09  12.1900  12.21   17018.0
2015-10-12  12.2800  12.30   25539.0
2015-10-13  12.2900  12.32   25074.0
2015-10-14  12.3600  12.14   13016.0
2015-10-15  12.1600  12.40   11560.0
2015-10-16  12.4500  12.46   14765.0
2015-10-19  12.2700  12.46   24211.0
2015-10-20  12.4100  12.33   34855.0
2015-10-21  12.3420  12.20   16782.0
2015-10-22  12.2900  12.39   12077.0
2015-10-23  12.3900  12.49   14950.0
2015-10-26  12.4900  12.39   16537.0
2015-10-27  12.3000  12.11   52986.0
2015-10-28  12.2100  12.96   44434.0
2015-10-29  12.9600  13.16   32273.0
2015-10-30  13.2300  12.99   34113.0
2015-11-02  12.9700  12.97   51201.0
2015-11-03  12.9800  12.88   15457.0
2015-11-04  12.9400  12.57   30341.0
2015-11-05  12.5700  12.63   34213.0
2015-11-06  12.6400  12.96   44588.0
2015-11-09  13.0200  12.72   29039.0
2015-11-10  12.7200  12.81   15860.0
2015-11-11  12.8200  12.82   16752.0
2015-11-12  12.7300  12.70   54012.0
2015-11-13  12.6000  12.49   39313.0
2015-11-16  12.5700  12.50   79624.0
2015-11-17  12.5000  12.29   61060.0
2015-11-18  12.1200  12.40   30487.0
2015-11-19  12.3600  12.42   50291.0
2015-11-20  12.4900  12.40   61101.0
2015-11-23  12.5300  12.40   59718.0
2015-11-24  12.4500  12.60   25708.0
2015-11-25  12.6000  12.50   94585.0
2015-11-27  12.4700  12.46   43728.0
2015-11-30  12.5500  12.75  121629.0
2015-12-01  12.7500  12.70   56444.0
2015-12-02  12.7700  12.89   47687.0
2015-12-03  12.8800  12.61   62284.0
2015-12-04  12.6600  12.59   25986.0
2015-12-07  12.5100  12.50   48597.0
2015-12-08  12.5000  12.35   28307.0
2015-12-09  12.3700  12.14   25202.0
2015-12-10  12.2100  12.12   31714.0
2015-12-11  11.8800  12.10   57389.0
2015-12-14  11.9500  11.83   65837.0
2015-12-15  11.9400  12.18   19838.0
2015-12-16  12.2700  12.39   33723.0
2015-12-17  12.5100  12.35   51154.0
2015-12-18  12.2800  12.12   59927.0
2015-12-21  11.9900  11.73   62214.0
2015-12-22  11.7600  12.01   58004.0
2015-12-23  12.1000  11.92   90722.0
2015-12-24  11.9600  12.04   16447.0
2015-12-28  11.9200  11.89   58097.0
2015-12-29  11.8900  12.48  118262.0
2015-12-30  12.4600  12.11  143048.0
2015-12-31  12.1400  11.69   55974.0
2016-01-04  11.7000  11.52   59372.0
2016-01-05  11.5200  11.52   45012.0
2016-01-06  11.3800  11.52   79233.0
2016-01-07  11.3400  11.22   95297.0
2016-01-08  11.2100  11.51  151403.0
2016-01-11  11.4500  11.24   87710.0
2016-01-12  11.3900  11.05   38740.0
2016-01-13  11.1200  10.39   58876.0
2016-01-14  10.4900  10.71  217507.0
2016-01-15  10.4600  10.57   68187.0
2016-01-19  10.6600  10.61   55127.0
2016-01-20  10.4500  10.67   51960.0
2016-01-21  10.7100  10.92   40555.0
2016-01-22  11.0300  11.10   42531.0
2016-01-25  10.7800  10.35   45779.0
2016-01-26  10.3400  10.30   34993.0
2016-01-27  10.3000  10.31   65014.0
2016-01-28  10.3100  10.56   42111.0
2016-01-29  10.5900  10.90   34613.0
2016-02-01  10.7800  10.80   46897.0
2016-02-02  10.6400  10.83   27683.0
2016-02-03  10.9400  10.61   29257.0
2016-02-04  10.6000  10.43   36407.0
2016-02-05  10.4300  10.25   61960.0
2016-02-08  10.1000  10.38   48404.0
2016-02-09  10.2600  10.34   29137.0
2016-02-10  10.4200  10.37   30295.0
2016-02-11  10.2000  10.32   25442.0
2016-02-12  10.4200  10.43   20502.0
2016-02-16  10.4600  10.22   39750.0
2016-02-17  10.2500  10.11   43951.0
2016-02-18  10.1000   9.98   32016.0
2016-02-19   9.9700  10.01   66627.0
2016-02-22  10.1300  10.00   52332.0
2016-02-23  10.0100  10.01   40257.0
2016-02-24   9.9700   9.97   36210.0
2016-02-25  10.0300  10.05   28291.0
2016-02-26  10.1000  10.01   21351.0
2016-02-29  10.0400   9.98   30923.0
2016-03-01  10.0900  10.15   19860.0
2016-03-02  10.1100  10.30   25900.0
2016-03-03  10.2700  10.37   32312.0
2016-03-04  10.3700  10.42   17043.0
2016-03-07  10.3700  10.65   34161.0
2016-03-08  10.5700  10.38   20347.0
2016-03-09  10.3800  10.36   15789.0
2016-03-10  10.5000  10.42   39162.0
2016-03-11  10.1400  10.27   71804.0
2016-03-14  10.3300  10.48   33588.0
2016-03-15  10.4300  10.40   28397.0
2016-03-16  10.3800  10.49   75307.0
2016-03-17  10.4800  10.71   83794.0
2016-03-18  10.7600  10.87   89476.0
2016-03-21  11.0100  11.11   44263.0
2016-03-22  11.0500  11.21   23221.0
2016-03-23  11.2300  11.19   47633.0
2016-03-24  11.1600  11.26   28891.0
2016-03-28  11.2100  11.28   23144.0
2016-03-29  11.3400  11.55   32050.0
2016-03-30  11.6263  11.58   61838.0
2016-03-31  11.5800  11.50   40372.0
2016-04-01  11.4600  11.49   39759.0
2016-04-04  11.4400  11.51   29460.0
2016-04-05  11.5100  11.63   36644.0
2016-04-06  11.6400  11.46   46344.0
2016-04-07  11.4400  11.49   53349.0
2016-04-08  11.5064  11.17   37747.0
2016-04-11  11.1800  11.15   36615.0
2016-04-12  11.1100  11.24   30087.0
2016-04-13  11.3500  11.55   27807.0
2016-04-14  11.4800  11.48   22614.0
2016-04-15  11.4800  11.56   29159.0
2016-04-18  11.4400  11.46   53044.0
2016-04-19  11.4800  11.35   37692.0
2016-04-20  11.4001  11.35   38438.0
2016-04-21  11.3000  11.06   44926.0
2016-04-22  11.1100  11.10   56190.0
2016-04-25  11.0100  11.01   28462.0
2016-04-26  11.0900  11.09   42708.0
2016-04-27  11.0600  11.14   29000.0
2016-04-28  11.0500  10.92   19100.0
2016-04-29  10.9100  11.29   39811.0
2016-05-02  11.3500  11.24   21622.0
2016-05-03  11.1700  10.99   43155.0
2016-05-04  10.9900  10.94   31271.0
2016-05-05  11.0000  10.87   23575.0
2016-05-06  10.7600  10.42   71283.0
2016-05-09  10.3400  10.52   27945.0
2016-05-10  10.3100  11.16   28444.0
2016-05-11  11.2100  10.85   32118.0
2016-05-12  10.8200  10.75   24554.0
2016-05-13  10.6500  10.63   16209.0
2016-05-16  10.6400  10.62   27535.0
2016-05-17  10.5400  10.06   48430.0
2016-05-18  10.1200  10.28   23159.0
2016-05-19  10.0200  10.11   24103.0
2016-05-20  10.1100  10.41   32689.0
2016-05-23  10.4000  10.38   20429.0
2016-05-24  10.3900  10.46   32377.0
2016-05-25  10.4600  10.50   15742.0
2016-05-26  10.5000  10.47   23540.0
2016-05-27  10.5400  10.55   18865.0
2016-05-31  10.6100   9.77  116325.0
2016-06-01   9.7900   9.67   57906.0
2016-06-02   9.6700   9.83   65956.0
2016-06-03   9.8800   9.59   91781.0
2016-06-06   9.7000   9.89   64143.0
2016-06-07  10.1700  10.01   56585.0
2016-06-08  10.1000  10.21   13007.0
2016-06-09  10.1700  10.27   32422.0
2016-06-10  10.1800  10.49   23160.0
2016-06-13  10.6000  10.33  219072.0
2016-06-14  10.5000  10.84  128321.0
2016-06-15  10.8500  10.98   59953.0
2016-06-16  10.9500  11.10   26431.0
2016-06-17  11.1400  10.59   50843.0
2016-06-20  10.6300  10.67   37934.0
2016-06-21  10.6200  11.10  185204.0
2016-06-22  11.0700  11.10   46589.0
2016-06-23  11.2200  11.50   45341.0
2016-06-24  11.0600  11.15   96110.0
2016-06-27  11.0800  11.02   58076.0
2016-06-28  11.0200  11.18   67227.0
2016-06-29  11.2500  11.31   54933.0
2016-06-30  11.2840  11.59   81072.0
2016-07-01  11.5400  11.38   22170.0
2016-07-05  10.1600  11.22   21261.0
2016-07-06  11.2300  11.21   16467.0
2016-07-07  11.8400  11.00   26170.0
2016-07-08  11.1600  11.43   40812.0
2016-07-11  11.4300  11.25   54561.0
2016-07-12  11.2300  11.37   38506.0
2016-07-13  11.4000  11.30   17520.0
2016-07-14  11.4300  11.35   22999.0
2016-07-15  11.4900  11.25   13286.0
2016-07-18  11.2300  11.34   14083.0
2016-07-19  11.4000  11.27   12220.0
2016-07-20  11.3800  11.48   10477.0
2016-07-21  11.4700  11.32    8283.0
2016-07-22  11.3100  11.41   12987.0
2016-07-25  11.2516  11.11   10742.0
2016-07-26  10.8800  11.15   13371.0
2016-07-27  10.8500  11.25   17060.0
2016-07-28  11.2300  10.74  100852.0
2016-07-29  10.7900  10.61   54686.0
2016-08-01  10.6900  10.48   17267.0
2016-08-02  10.4700  10.35   11668.0
2016-08-03  10.4400  10.13   38177.0
2016-08-04  10.1700  10.31   12820.0
2016-08-05  10.3900  10.34   30218.0
2016-08-08  10.2600  10.30   11357.0
2016-08-09  10.2100  10.38   21934.0
2016-08-10  10.3469  10.35   13319.0
2016-08-11  10.2900  10.40   11369.0
2016-08-12  10.3700  10.61   22158.0
2016-08-15  10.5800  10.68    9370.0
2016-08-16  10.7000  10.63    9083.0
2016-08-17  10.6000  10.49   17549.0
2016-08-18  10.5600  10.10   50673.0
2016-08-19  10.1200  10.10   54860.0
2016-08-22  10.1000  10.19   29805.0
2016-08-23  10.1800  10.27   12634.0
2016-08-24  10.2400  10.31   23592.0
2016-08-25  10.2700  10.47   12761.0
2016-08-26  10.4100  10.47    6186.0
2016-08-29  10.4550  10.36   29511.0
2016-08-30  10.4200  10.37   34240.0
2016-08-31  10.4200  10.57   43445.0
2016-09-01  10.6200  10.75   18091.0
2016-09-02  10.7700  10.73   32773.0
2016-09-06  10.7400  10.99   38937.0
2016-09-07  11.0000  11.39   30380.0
2016-09-08  11.4600  11.09   20492.0
2016-09-09  10.7700  11.00   37427.0
2016-09-12  11.0000  11.14   12071.0
2016-09-13  11.0000  10.89   16930.0
2016-09-14  10.7500  10.68   28335.0
2016-09-15  10.6200  10.36   24270.0
2016-09-16  10.4200  10.41   57846.0
2016-09-19  10.4000  10.00   49388.0
2016-09-20  10.0000  10.00   25870.0
2016-09-21  10.0400  10.27   28207.0
2016-09-22  10.2800  10.32    8250.0
2016-09-23  10.2900  10.21   15654.0
2016-09-26  10.1500  10.00   40684.0
2016-09-27  10.0200  10.00   71268.0
2016-09-28   9.8301  10.13   23573.0
2016-09-29  10.1600  10.07   20139.0
2016-09-30  10.1500  10.29   19708.0
2016-10-03  10.2600  10.36   16379.0
2016-10-04  10.3000  10.34   28273.0
2016-10-05  10.4200  10.44   10467.0
2016-10-06  10.4800  10.16  103583.0
2016-10-07  10.1900  10.19   16653.0
2016-10-10  10.2000  10.38   10279.0
2016-10-11  10.3500  10.44   17702.0
2016-10-12  10.4400  10.53   24091.0
2016-10-13  10.4500  10.31   22647.0
2016-10-14  10.3300  10.25   10632.0
2016-10-17  10.1622  10.24   21452.0
2016-10-18  10.2500  10.10   18276.0
2016-10-19  10.1800  10.21   25364.0
2016-10-20  10.1800  10.13   46501.0
2016-10-21  10.1000  10.18   51481.0
2016-10-24  10.2700  10.50   71659.0
2016-10-25  10.4300  10.54   10051.0
2016-10-26  10.5500  10.57   12845.0
2016-10-27  10.5400  10.56    6680.0
2016-10-28  10.5600  10.29   10043.0
2016-10-31  10.2600  10.36   25556.0
2016-11-01  10.3300  10.28   61532.0
2016-11-02  10.2200  10.06   28033.0
2016-11-03  10.0300   9.96   32377.0
2016-11-04  10.1100  10.05   23546.0
2016-11-07  10.2600  10.24   14177.0
2016-11-08  10.1900  10.48   32257.0
2016-11-09  10.4900  10.75   32095.0
2016-11-10  10.7500  11.19   46837.0
2016-11-11  11.1900  11.66   59906.0
2016-11-14  11.7800  11.74   38837.0
2016-11-15  11.7400  11.68   18144.0
2016-11-16  11.6400  11.22   28228.0
2016-11-17  11.2500  11.21   36370.0
2016-11-18  11.2800  11.19   67643.0
2016-11-21  11.1800  10.49   70444.0
2016-11-22  10.4900  10.36   69921.0
2016-11-23  10.3200  10.48   21118.0
2016-11-25  10.4400  10.66   56350.0
2016-11-28  10.6400  10.47   46656.0
2016-11-29  10.4200  10.73   72360.0
2016-11-30  10.7500  10.67   67487.0
2016-12-01  10.7500  10.99   33195.0
2016-12-02  10.9500  10.98   19911.0
2016-12-05  11.0900  11.12   54480.0
2016-12-06  11.1500  11.49   49175.0
2016-12-07  11.5000  11.66   73890.0
2016-12-08  11.6000  11.82   46354.0
2016-12-09  11.8000  11.89   32244.0
2016-12-12  11.9700  11.93   30256.0
2016-12-13  11.9300  11.79   19025.0
2016-12-14  11.7300  11.35   20358.0
2016-12-15  11.4400  11.36   41891.0
2016-12-16  11.3200  11.18  103638.0
2016-12-19  11.2700  11.33   48789.0
2016-12-20  11.4200  11.52   36445.0
2016-12-21  11.6000  11.57   22298.0
2016-12-22  11.6500  11.61   13382.0
2016-12-23  11.6100  11.78   16188.0
2016-12-27  11.7600  11.82   11930.0
2016-12-28  11.6400  11.54   47973.0
2016-12-29  11.6200  11.49   43371.0
2016-12-30  11.5400  11.63   11437.0
2017-01-03  11.8000  11.88   15033.0
2017-01-04  11.9000  11.86   26922.0
2017-01-05  11.7900  11.80   20812.0
2017-01-06  11.8500  11.69   16591.0
2017-01-09  11.6500  11.45   11692.0
2017-01-10  11.3000  11.47   14129.0
2017-01-11  11.4700  11.46   14431.0
2017-01-12  11.2400  11.16   28194.0
2017-01-13  11.2700  11.08   17407.0
2017-01-17  10.9500  10.87   21490.0
2017-01-18  10.9800  10.91   13233.0
2017-01-19  10.9700  10.76   13221.0
2017-01-20  10.7400  10.79   11888.0
2017-01-23  10.8800  10.68   42666.0
2017-01-24  10.7300  10.82   15381.0
2017-01-25  10.8500  10.92   10588.0
2017-01-26  10.8700  10.90   17482.0
2017-01-27  10.8300  10.86   12184.0
2017-01-30  10.7600  10.83   24035.0
2017-01-31  10.7700  10.94   13582.0
2017-02-01  11.1000  11.02   18266.0
2017-02-02  10.8500  10.99   14220.0
2017-02-03  11.2000  11.06    7860.0
2017-02-06  11.2000  11.15   59166.0
2017-02-07  11.1050  11.12   14015.0
2017-02-08  11.0200  10.89   26642.0
2017-02-09  10.9500  11.05   15507.0
2017-02-10  11.1000  11.15    7742.0
2017-02-13  11.2700  11.21   11168.0
2017-02-14  11.1200  11.29   17947.0
2017-02-15  11.2600  11.25    9564.0
2017-02-16  11.1700  11.10    8396.0
2017-02-17  11.1300  11.15   20671.0
2017-02-21  11.1500  11.24   16752.0
2017-02-22  11.1000  11.23   12476.0
2017-02-23  11.1900  11.26   55265.0
2017-02-24  11.1400  11.24   12660.0
2017-02-27  11.2600  11.13   14190.0
2017-02-28  10.5100  11.02   19047.0
2017-03-01  11.2300  11.23   17693.0
2017-03-02  11.1600  11.04   12607.0
2017-03-03  10.9200  10.94   18611.0
2017-03-06  10.8500  11.08   14951.0
2017-03-07  11.0000  11.08   19550.0
2017-03-08  11.2000  11.00   23418.0
2017-03-09  10.8000  11.00   21316.0
2017-03-10  11.1400  10.97   70244.0
2017-03-13  11.0000  11.02   29630.0
2017-03-14  10.8200  11.00   47121.0
2017-03-15  10.9600  11.13   10978.0
2017-03-16  10.7600  11.03   17168.0
2017-03-17  10.9500  11.30   81147.0
2017-03-20  11.2600  11.26   34236.0
2017-03-21  11.2800  10.92   20909.0
2017-03-22  10.9200  10.80   22918.0
2017-03-23  10.8000  10.94   13561.0
2017-03-24  11.0200  10.83   16180.0
2017-03-27  10.6700  11.07   26151.0
2017-03-28  11.0100  11.09   56043.0
2017-03-29  11.0900  10.98   16828.0
2017-03-30  11.0400  10.95   21698.0
2017-03-31  11.0200  11.05   39346.0
2017-04-03  11.0000  10.97   52311.0
2017-04-04  10.8800  10.82   48433.0
2017-04-05  11.0890  10.58   49607.0
2017-04-06  10.5900  10.94   29967.0
2017-04-07  10.8700  10.94   49978.0
2017-04-10  10.9500  10.77   37936.0
2017-04-11  10.7700  10.86   31134.0
2017-04-12  10.8200  10.66   94548.0
2017-04-13  10.7000  10.41   82995.0
2017-04-17  10.4900  10.52   43848.0
2017-04-18  10.4700  10.58   60958.0
2017-04-19  10.5956  10.46   73734.0
2017-04-20  10.6050  10.48   62783.0
2017-04-21  10.4600  10.46   46050.0
2017-04-24  10.6300  10.50   40118.0
2017-04-25  10.6000  10.85   35326.0
2017-04-26  10.7400  10.62  105762.0
2017-04-27  10.6600  10.59   27012.0
2017-04-28  10.6200  10.51   24555.0
2017-05-01  10.6200  10.53   50108.0
2017-05-02  10.5600  10.49   23040.0
2017-05-03  10.4200  10.44   34148.0
2017-05-04  10.5100  10.43   14112.0
2017-05-05  10.4200  10.45   15972.0
2017-05-08  10.4000  10.29   16264.0
2017-05-09  10.3830  10.32   45755.0
2017-05-10  10.0700  10.35   21883.0
2017-05-11  10.2700  10.25   13173.0
2017-05-12  10.2300  10.05   16587.0
2017-05-15  10.0100  10.08   31696.0
2017-05-16  10.0700  10.18   29468.0
2017-05-17   9.9700  10.05   33173.0
2017-05-18  10.0100  10.08   34279.0
2017-05-19  10.0500  10.18   58219.0
2017-05-22  10.1200  10.39   14966.0
2017-05-23  10.4200  10.63   20779.0
2017-05-24  10.6200  10.50   12289.0
2017-05-25  10.5100  10.56   22160.0
2017-05-26  10.6490  10.71   14141.0
2017-05-30  10.6500  10.50   15191.0
2017-05-31  10.5500  10.35   84283.0
2017-06-01  10.4300  10.49  217045.0
2017-06-02  10.5300  10.63   32274.0
2017-06-05  10.7300  10.43   24126.0
2017-06-06  10.3700  10.47  153227.0
2017-06-07  10.4700  10.56  100250.0
2017-06-08  10.3900  10.88   58482.0
2017-06-09  10.9900  11.20   80320.0
2017-06-12  11.2700  11.38   37926.0
2017-06-13  11.4000  11.60   78490.0
2017-06-14  11.5900  11.52   28331.0
2017-06-15  11.4800  11.51   29996.0
2017-06-16  11.4300  11.28   56681.0
2017-06-19  11.3900  11.46   26701.0
2017-06-20  11.4600  11.28   18260.0
2017-06-21  11.3400  11.22   27830.0
2017-06-22  11.2400  11.27   12863.0
2017-06-23  11.2800  11.08   64752.0
2017-06-26  11.0500  11.27   34709.0
2017-06-27  11.2600  11.31   33080.0
2017-06-28  11.3600  11.43   34003.0
2017-06-29  11.4800  11.29   31221.0
2017-06-30  11.3400  11.27   24462.0
2017-07-03  11.3000  11.38    3231.0
2017-07-05  11.3900  11.36   11783.0
2017-07-06  11.3500  11.37   24172.0
2017-07-07  11.3800  11.40    9427.0
2017-07-10  11.3800  11.29   17261.0
2017-07-11  11.2800  11.00   14493.0
2017-07-12  11.1300  11.09   18075.0
2017-07-13  11.0900  11.23   18853.0
2017-07-14  11.1600  11.24    6711.0
2017-07-17  11.1900  11.20   11120.0
2017-07-18  11.1500  11.38    6940.0
2017-07-19  11.3800  11.41   14173.0
2017-07-20  11.4000  11.30   10732.0
2017-07-21  11.3600  11.38   27964.0
2017-07-24  11.2800  11.36   15412.0
2017-07-25  11.4100  11.37   16174.0
2017-07-26  11.3400  11.24   12150.0
2017-07-27  11.2400  11.06   10377.0
2017-07-28  11.1100  11.15    4930.0
2017-07-31  11.1120  11.25   30548.0
2017-08-01  11.2000  11.24   11068.0
2017-08-02  11.1300  11.20    8904.0
2017-08-03  11.1650  11.02   11514.0
2017-08-04  11.3000  11.17   18790.0
2017-08-07  11.2400  11.46   15439.0
2017-08-08  11.3950  10.89   30832.0
2017-08-09  11.0100  10.89   20710.0
2017-08-10  10.9200  10.89   18598.0
2017-08-11  10.9800  10.71   11025.0
2017-08-14  10.8400  10.98    8891.0
2017-08-15  11.0000  11.00   14983.0
2017-08-16  11.0800  11.01   15633.0
2017-08-17  11.0000  11.10   32512.0
2017-08-18  11.1000  11.03   26259.0
2017-08-21  10.9800  11.03   24860.0
2017-08-22  11.1000  11.14   15731.0
2017-08-23  11.0100  11.06   17015.0
2017-08-24  11.0500  11.08   13051.0
2017-08-25  11.1400  10.98   40501.0
2017-08-28  10.9300  10.84   65556.0
2017-08-29  10.5700  10.39   27805.0
2017-08-30  10.4500  10.07   47421.0
2017-08-31  10.0800  10.25   31965.0
2017-09-01  10.2500  10.44   23252.0
2017-09-05  10.4500  10.20   21965.0
2017-09-06  10.2000  10.27   26276.0
2017-09-07  10.3100  10.26   28883.0
2017-09-08  10.3000  10.54   27709.0
2017-09-11  10.6900  10.63   17288.0
2017-09-12  10.6300  10.83   22738.0
2017-09-13  10.7700  10.98   48089.0
2017-09-14  10.9700  11.11   31502.0
2017-09-15  11.2100  11.21  146142.0
2017-09-18  11.2200  11.29   32685.0
2017-09-19  11.3000  11.45   45675.0
2017-09-20  11.4500  11.47   35228.0
2017-09-21  11.4800  11.44   30808.0
2017-09-22  11.4100  11.52   41531.0
2017-09-25  11.4900  11.51   17206.0
2017-09-26  11.5200  11.51   24803.0
2017-09-27  11.5600  11.73   49719.0
2017-09-28  11.7400  11.81   21074.0
2017-09-29  11.8000  11.61   25202.0
2017-10-02  11.6200  11.66   21021.0
2017-10-03  11.6500  11.74   46700.0
2017-10-04  11.7500  11.57    9589.0
2017-10-05  11.6500  11.64   11160.0
2017-10-06  11.6400  11.59    9377.0
2017-10-09  11.6800  11.61   10919.0
2017-10-10  11.6500  11.58   22868.0
2017-10-11  11.5400  11.58    9468.0
2017-10-12  11.3200  11.45    8164.0
2017-10-13  11.4400  11.60   11430.0
2017-10-16  11.6400  11.71   14004.0
2017-10-17  11.6300  11.55   28354.0
2017-10-18  11.5500  11.45   12825.0
2017-10-19  11.4300  11.44   11910.0
2017-10-20  11.5500  11.41   11773.0
2017-10-23  11.4000  11.20   10953.0
2017-10-24  11.1900  11.25    9186.0
2017-10-25  11.0300  11.18    9090.0
2017-10-26  11.2700  11.23    5976.0
2017-10-27  11.2000  11.58   10579.0
2017-10-30  11.0900  11.26   11733.0
2017-10-31  11.2800  11.59   31861.0
2017-11-01  11.6600  11.30    9072.0
2017-11-02  11.1700  11.67   22812.0
2017-11-03  11.4701  11.47   13771.0
2017-11-06  11.3900  10.96   30033.0
2017-11-07  11.0500  10.25   24711.0
2017-11-09  10.3000  10.65   17699.0
2017-11-10  10.6800  10.81   23256.0
2017-11-13  10.8200  10.99   13019.0
2017-11-14  11.0100  11.06   18951.0
2017-11-15  10.9900  11.02   25766.0
2017-11-16  11.0000  11.08   30163.0
2017-11-17  10.9900  11.15   12342.0
2017-11-20  11.2200  11.23   11816.0
2017-11-21  11.2200  11.22   17038.0
2017-11-22  11.3000  11.23   13363.0
2017-11-24  11.3000  11.39    6730.0
2017-11-27  11.3400  11.28   34353.0
2017-11-28  11.3600  11.45   45306.0
2017-11-29  11.4800  11.59   41249.0
2017-11-30  11.6300  11.17   31025.0
2017-12-01  11.2500  10.88   12992.0
2017-12-04  10.8800  10.38   38915.0
2017-12-05  10.5100  10.60   28063.0
2017-12-06  10.5500  10.60   22032.0
2017-12-07  10.5500  10.52   38185.0
2017-12-08  10.5500  10.60   21900.0
2017-12-11  10.6400  10.63  112476.0
2017-12-12  10.6400  10.74   83874.0
2017-12-13  10.7700  10.65   18116.0
2017-12-14  10.6600  10.60   18081.0
2017-12-15  10.6000  10.97   69226.0
2017-12-18  10.9800  10.86    8361.0
2017-12-19  10.8800  10.69   14718.0
2017-12-20  10.7100  10.86   12606.0
2017-12-21  10.8500  10.89    7184.0
2017-12-22  10.8500  10.66   10589.0
2017-12-26  10.6700  10.63    7465.0
2017-12-27  10.6400  10.69   10106.0
2017-12-28  10.7000  10.73    8530.0
2017-12-29  10.5000  10.43   15308.0
2018-01-02  10.4500  10.26   25258.0
2018-01-03  10.3000  10.14   42123.0
2018-01-04  10.1900  10.45   29138.0
2018-01-05  10.4600  10.35    7576.0
2018-01-08  10.3100  10.42   33127.0
2018-01-09  10.4200  10.43  115749.0
2018-01-10  10.4200  10.61   16768.0
2018-01-11  10.6000  10.47    9269.0
2018-01-12  10.4700  10.38  101223.0
2018-01-16  10.3900  10.37   10591.0
2018-01-17  10.4500  10.37   12012.0
2018-01-18  10.3800  10.23   14116.0
2018-01-19  10.2200  10.31   10365.0
2018-01-22  10.3000  10.29    7128.0
2018-01-23  10.2500  10.32   14899.0
2018-01-24  10.3000  10.30   20682.0
2018-01-25  10.3300  10.45    6519.0
2018-01-26  10.2950  10.23   13135.0
2018-01-29  10.2490  10.16    8669.0
2018-01-30  10.1600  10.23   46882.0
2018-01-31  10.2100  10.13   24791.0
2018-02-01  10.1100  10.05   25325.0
2018-02-02  10.0100   9.91   63678.0