date      open   close      volume
                                       
2013-01-02  194.0900  196.35   4234100.0
2013-01-03  195.6700  195.27   3644700.0
2013-01-04  194.1900  193.99   3380200.0
2013-01-07  193.4000  193.14   2862300.0
2013-01-08  192.9200  192.87   3026900.0
2013-01-09  193.4800  192.32   3212000.0
2013-01-10  192.6500  192.88   3608100.0
2013-01-11  194.1500  194.45   3880400.0
2013-01-14  192.8200  192.62   4172200.0
2013-01-15  191.3100  192.50   4172100.0
2013-01-16  192.0000  192.59   2962900.0
2013-01-17  193.8500  193.65   3881600.0
2013-01-18  194.0300  194.47   4559600.0
2013-01-22  194.3600  196.08   7172300.0
2013-01-23  203.5000  204.72  12530500.0
2013-01-24  203.9100  204.42   4447200.0
2013-01-25  204.4500  204.97   3358900.0
2013-01-28  204.8500  204.93   2823700.0
2013-01-29  204.3400  203.90   3617100.0
2013-01-30  203.6900  203.52   2998400.0
2013-01-31  203.3200  203.07   3091400.0
2013-02-01  204.6500  205.18   3370700.0
2013-02-04  204.1900  203.79   3188800.0
2013-02-05  204.3100  202.79   3636900.0
2013-02-06  200.3900  201.02   3624200.0
2013-02-07  200.6200  199.74   3076700.0
2013-02-08  199.9700  201.68   2893300.0
2013-02-11  200.9800  200.16   2944700.0
2013-02-12  200.0100  200.04   2461800.0
2013-02-13  200.6500  200.09   2169800.0
2013-02-14  199.7300  199.65   3294200.0
2013-02-15  199.9800  200.98   3627800.0
2013-02-19  200.6000  200.32   2998300.0
2013-02-20  200.6200  199.31   3715400.0
2013-02-21  198.6300  198.33   3922900.0
2013-02-22  199.2300  201.09   3107900.0
2013-02-25  201.6700  197.51   3844800.0
2013-02-26  198.6300  199.14   3391600.0
2013-02-27  198.8900  202.33   4185100.0
2013-02-28  202.1800  200.83   4689200.0
2013-03-01  200.6500  202.91   3308300.0
2013-03-04  202.5900  205.19   3693400.0
2013-03-05  205.8600  206.53   3807800.0
2013-03-06  207.0300  208.38   3594800.0
2013-03-07  208.2900  209.42   3884400.0
2013-03-08  209.8500  210.38   3700500.0
2013-03-11  210.0400  210.08   3049700.0
2013-03-12  209.4000  210.55   3591600.0
2013-03-13  210.2001  212.06   3355900.0
2013-03-14  212.1500  215.80   5505500.0
2013-03-15  215.3800  214.92   7930300.0
2013-03-18  212.9000  213.21   3006000.0
2013-03-19  214.1300  213.44   3198600.0
2013-03-20  214.7600  215.06   3019000.0
2013-03-21  212.9600  212.26   5830400.0
2013-03-22  212.2100  212.08   3031500.0
2013-03-25  212.5400  210.74   3242500.0
2013-03-26  211.7700  212.36   2300300.0
2013-03-27  210.9600  210.89   3223400.0
2013-03-28  209.8300  213.30   3749900.0
2013-04-01  212.8000  212.38   2144500.0
2013-04-02  212.9200  214.36   3116800.0
2013-04-03  214.3200  212.66   3128800.0
2013-04-04  212.7700  211.31   3709500.0
2013-04-05  209.1000  209.41   4148000.0
2013-04-08  209.0700  209.32   2351200.0
2013-04-09  209.5600  209.22   2577300.0
2013-04-10  211.8600  212.00   3524200.0
2013-04-11  211.5000  212.92   3655600.0
2013-04-12  210.7900  211.38   3165400.0
2013-04-15  210.4400  209.26   4218100.0
2013-04-16  210.8400  212.00   2859500.0
2013-04-17  210.5300  209.67   3269800.0
2013-04-18  210.1100  207.15   6502000.0
2013-04-19  195.7400  190.00  18847000.0
2013-04-22  191.1500  187.83   9845400.0
2013-04-23  189.2700  191.61   6296100.0
2013-04-24  192.1600  191.71   3693900.0
2013-04-25  192.6900  193.95   4650900.0
2013-04-26  194.1600  194.31   3490300.0
2013-04-29  194.7800  199.15   5932400.0
2013-04-30  199.1300  202.54   7539900.0
2013-05-01  201.8700  199.63   4899100.0
2013-05-02  200.1200  202.39   3945100.0
2013-05-03  203.9400  204.51   4492700.0
2013-05-06  203.7900  202.78   4826500.0
2013-05-07  202.8100  203.63   3451000.0
2013-05-08  202.9400  204.82   3601700.0
2013-05-09  204.6900  203.24   3542300.0
2013-05-10  203.3700  204.47   3279200.0
2013-05-13  204.1800  202.47   3648400.0
2013-05-14  202.0900  203.21   3699700.0
2013-05-15  202.2500  203.32   4028100.0
2013-05-16  204.0000  204.69   4507000.0
2013-05-17  205.2500  208.44   5704100.0
2013-05-20  208.0200  207.60   3614500.0
2013-05-21  207.2400  208.65   2982900.0
2013-05-22  208.5000  206.99   5186800.0
2013-05-23  205.4800  206.16   5179100.0
2013-05-24  204.6900  205.72   3295800.0
2013-05-28  207.4400  207.78   4011500.0
2013-05-29  206.2200  207.92   3439400.0
2013-05-30  206.9700  209.36   4399700.0
2013-05-31  208.5900  208.02   4949000.0
2013-06-03  208.2500  208.95   3322000.0
2013-06-04  208.6000  206.19   3598300.0
2013-06-05  205.1600  202.74   4215400.0
2013-06-06  203.0000  203.80   3679400.0
2013-06-07  204.8500  206.35   2953400.0
2013-06-10  206.9700  205.02   2652300.0
2013-06-11  203.1700  203.98   2814400.0
2013-06-12  204.5900  201.20   3409800.0
2013-06-13  201.0100  203.77   2899500.0
2013-06-14  203.9700  202.20   2804500.0
2013-06-17  203.4400  203.04   3219900.0
2013-06-18  203.0200  204.87   3277800.0
2013-06-19  204.4400  201.94   2846100.0
2013-06-20  200.6700  197.35   4514800.0
2013-06-21  198.5000  195.46   8914800.0
2013-06-24  193.9900  193.54   4356200.0
2013-06-25  195.3100  194.98   3846200.0
2013-06-26  195.9700  194.86   3320200.0
2013-06-27  196.0500  195.65   3514200.0
2013-06-28  191.7300  191.11  10055800.0
2013-07-01  192.1500  191.28   4442400.0
2013-07-02  190.7800  191.50   3657700.0
2013-07-03  190.6500  193.25   1872600.0
2013-07-05  194.4900  194.93   2405400.0
2013-07-08  195.6000  194.98   2947500.0
2013-07-09  191.8800  191.30   5204200.0
2013-07-10  191.5100  192.25   3892000.0
2013-07-11  193.7800  192.80   4177500.0
2013-07-12  193.0700  192.07   4494700.0
2013-07-15  192.4200  194.00   5674700.0
2013-07-16  194.0400  193.85   3745300.0
2013-07-17  194.7200  194.55   6868400.0
2013-07-18  198.2700  197.99   8393400.0
2013-07-19  197.9100  193.54   6997600.0
2013-07-22  193.4000  194.09   3398000.0
2013-07-23  194.2100  194.98   2863800.0
2013-07-24  195.9500  196.61   2957900.0
2013-07-25  196.3000  197.22   3014300.0
2013-07-26  196.5900  197.35   2485100.0
2013-07-29  196.8300  196.21   2113700.0
2013-07-30  196.9900  196.01   2663200.0
2013-07-31  194.4900  195.04   3810000.0
2013-08-01  196.6500  195.81   2877700.0
2013-08-02  195.5000  195.16   3874000.0
2013-08-05  195.1600  195.50   2490900.0
2013-08-06  192.2600  190.99   5938500.0
2013-08-07  189.6000  188.56   3901700.0
2013-08-08  189.4500  187.93   4547600.0
2013-08-09  188.0000  187.82   3249600.0
2013-08-12  186.9700  189.09   3026500.0
2013-08-13  189.5400  188.42   3542900.0
2013-08-14  188.5800  187.53   2892300.0
2013-08-15  186.2300  185.79   3692400.0
2013-08-16  185.5400  185.34   3426400.0
2013-08-19  185.3000  184.23   3248900.0
2013-08-20  184.3700  184.56   3117800.0
2013-08-21  184.6700  184.86   3551000.0
2013-08-22  185.6500  185.19   2354300.0
2013-08-23  185.3400  185.42   2292700.0
2013-08-26  185.2700  184.74   2170400.0
2013-08-27  183.6300  182.74   3190700.0
2013-08-28  182.6800  182.16   3979200.0
2013-08-29  181.9600  182.64   2980900.0
2013-08-30  182.7500  182.27   2731000.0
2013-09-03  183.6300  183.96   3487200.0
2013-09-04  183.5800  183.13   2597900.0
2013-09-05  183.3500  184.15   2867600.0
2013-09-06  184.6500  183.03   2903500.0
2013-09-09  183.6800  184.98   3017200.0
2013-09-10  187.2000  186.60   3149600.0
2013-09-11  186.8300  190.70   4962900.0
2013-09-12  190.9600  190.73   3354800.0
2013-09-13  191.2100  192.17   3710400.0
2013-09-16  193.7000  193.15   3902400.0
2013-09-17  193.4200  192.16   2930900.0
2013-09-18  192.6000  194.42   3841800.0
2013-09-19  194.1800  193.39   3178100.0
2013-09-20  193.9600  190.02   8525900.0
2013-09-23  190.0600  190.99   3340800.0
2013-09-24  190.9300  189.97   3085300.0
2013-09-25  190.1400  189.47   2654500.0
2013-09-26  190.1000  190.22   2093600.0
2013-09-27  188.9200  186.92   3905500.0
2013-09-30  185.5600  185.18   3978200.0
2013-10-01  185.3400  186.38   2681200.0
2013-10-02  185.5400  184.96   3617100.0
2013-10-03  184.7000  183.86   3211800.0
2013-10-04  184.1700  184.10   2863600.0
2013-10-07  181.8500  182.01   3966400.0
2013-10-08  181.8900  178.72   5578300.0
2013-10-09  179.3700  181.32   4423500.0
2013-10-10  183.1700  184.77   3658900.0
2013-10-11  185.2500  186.16   3232600.0
2013-10-14  185.4100  186.97   2663100.0
2013-10-15  185.7400  184.66   3365100.0
2013-10-16  185.4200  186.73   6718000.0
2013-10-17  173.8400  174.83  22368900.0
2013-10-18  174.8000  173.78  10548000.0
2013-10-21  174.4200  172.86   7098700.0
2013-10-22  173.3500  174.97   6977300.0
2013-10-23  175.0900  175.77   5409400.0
2013-10-24  176.4300  177.80   5533300.0
2013-10-25  178.4300  176.85   4842800.0
2013-10-28  177.0400  177.35   3712700.0
2013-10-29  177.6200  182.12   8904600.0
2013-10-30  181.6900  180.15   5273700.0
2013-10-31  179.6500  179.21   4318100.0
2013-11-01  179.8100  179.23   3644500.0
2013-11-04  179.9000  180.27   3483300.0
2013-11-05  179.5400  177.85   6096800.0
2013-11-06  177.9100  179.19   4560700.0
2013-11-07  179.6000  180.00   5219500.0
2013-11-08  178.8300  179.99   6275000.0
2013-11-11  180.1900  182.88   5222300.0
2013-11-12  182.5300  183.07   4258500.0
2013-11-13  182.2700  183.55   4704400.0
2013-11-14  180.4800  182.21   6321500.0
2013-11-15  182.3800  183.19   5176100.0
2013-11-18  183.5200  184.47   5344900.0
2013-11-19  184.6300  185.25   4577000.0
2013-11-20  185.2200  185.19   3645800.0
2013-11-21  185.5400  184.13   4459500.0
2013-11-22  183.5001  181.30   7610200.0
2013-11-25  180.2500  178.94   7161900.0
2013-11-26  178.6700  177.31   5756000.0
2013-11-27  177.8300  178.97   4596500.0
2013-11-29  179.2100  179.68   2870500.0
2013-12-02  179.4600  177.48   4560000.0
2013-12-03  177.0000  176.08   5864000.0
2013-12-04  175.3700  175.74   5267400.0
2013-12-05  176.1500  176.08   4384900.0
2013-12-06  176.7000  177.67   4739800.0
2013-12-09  177.9900  177.46   3796600.0
2013-12-10  176.9000  177.12   4127800.0
2013-12-11  177.0000  175.20   4090400.0
2013-12-12  175.0600  173.37   5671600.0
2013-12-13  173.5200  172.80   4184400.0
2013-12-16  173.2200  177.85   7517000.0
2013-12-17  177.3600  175.76   5471900.0
2013-12-18  176.4500  178.70   5697700.0
2013-12-19  177.8800  180.22   5927000.0
2013-12-20  180.1200  180.02   7653500.0
2013-12-23  181.0500  182.23   4079900.0
2013-12-24  181.9550  183.22   1613600.0
2013-12-26  183.5600  185.35   3325700.0
2013-12-27  185.8400  185.08   3381600.0
2013-12-30  185.3200  186.41   3018600.0
2013-12-31  186.4900  187.57   3619700.0
2014-01-02  187.2100  185.53   4546500.0
2014-01-03  185.8300  186.64   4063200.0
2014-01-06  187.1500  186.00   4067800.0
2014-01-07  186.3900  189.71   5932300.0
2014-01-08  189.3300  187.97   4603700.0
2014-01-09  189.0200  187.38   4321300.0
2014-01-10  188.3100  187.26   4022400.0
2014-01-13  186.2600  184.16   5784700.0
2014-01-14  185.0600  185.92   4619200.0
2014-01-15  185.8200  187.74   4816500.0
2014-01-16  187.5300  188.76   4770300.0
2014-01-17  188.0400  190.09   7644600.0
2014-01-21  190.2300  188.43  11076300.0
2014-01-22  181.2800  182.25  13796100.0
2014-01-23  181.4300  182.73   6973900.0
2014-01-24  181.2500  179.64   6890600.0
2014-01-27  179.6050  177.90   5208600.0
2014-01-28  178.0500  176.85   5333300.0
2014-01-29  175.9800  176.40   4970900.0
2014-01-30  177.1700  177.36   4853700.0
2014-01-31  176.1100  176.68   5193400.0
2014-02-03  176.0200  172.90   7186800.0
2014-02-04  173.5300  172.84   4349800.0
2014-02-05  172.1900  174.24   4712300.0
2014-02-06  173.9700  174.67   4292200.0
2014-02-07  175.6400  177.25   4692900.0
2014-02-10  176.9700  177.14   3540400.0
2014-02-11  176.8100  179.70   4647300.0
2014-02-12  179.5200  180.24   3983000.0
2014-02-13  178.2200  181.84   4482000.0
2014-02-14  181.2600  183.69   4659900.0
2014-02-18  183.1800  183.19   4435200.0
2014-02-19  182.7400  182.95   4671500.0
2014-02-20  182.9600  184.26   4968200.0
2014-02-21  184.2500  182.79   5699300.0
2014-02-24  182.8200  183.45   4595300.0
2014-02-25  183.5200  183.23   3902300.0
2014-02-26  183.9400  184.06   3740700.0
2014-02-27  183.8300  185.27   3827800.0
2014-02-28  185.3800  185.17   4667900.0
2014-03-03  183.3300  184.26   3950100.0
2014-03-04  185.8100  186.44   4733000.0
2014-03-05  186.5700  187.14   3485200.0
2014-03-06  187.3700  187.64   3817300.0
2014-03-07  188.3500  187.68   4117800.0
2014-03-10  187.5500  186.39   4591200.0
2014-03-11  187.4100  186.76   4229500.0
2014-03-12  186.0100  186.22   4833000.0
2014-03-13  186.4100  183.90   4913200.0
2014-03-14  183.8900  182.21   5490300.0
2014-03-17  182.6600  185.81   4938100.0
2014-03-18  185.9900  186.81   3961300.0
2014-03-19  185.6000  184.71   4323900.0
2014-03-20  184.4700  187.90   5062600.0
2014-03-21  188.5000  186.67  12535200.0
2014-03-24  187.4300  188.25   5738500.0
2014-03-25  188.7600  195.04  10912700.0
2014-03-26  194.9800  192.62   6851700.0
2014-03-27  191.9100  189.83   6767700.0
2014-03-28  189.9400  190.45   5194400.0
2014-03-31  191.6400  192.49   8537300.0
2014-04-01  193.1200  194.50   5394100.0
2014-04-02  194.2400  193.55   4924100.0
2014-04-03  193.2000  192.69   4091100.0
2014-04-04  193.1200  191.77   6089900.0
2014-04-07  191.7200  194.52   6740500.0
2014-04-08  193.8900  193.29   5125000.0
2014-04-09  193.8800  196.64   5480100.0
2014-04-10  196.0600  195.68   8417900.0
2014-04-11  195.0400  195.19   4835000.0
2014-04-14  196.2400  197.77   5431100.0
2014-04-15  195.9800  197.02   5351300.0
2014-04-16  198.0500  196.40   8527300.0
2014-04-17  187.2500  190.01  11255500.0
2014-04-21  189.8000  192.27   5419700.0
2014-04-22  192.0100  192.15   3878600.0
2014-04-23  191.7900  191.73   4736400.0
2014-04-24  192.2200  190.22   4407100.0
2014-04-25  190.5400  189.63   3871000.0
2014-04-28  191.1400  193.14   5638300.0
2014-04-29  193.5900  195.11   4626300.0
2014-04-30  194.3800  196.47   4206800.0
2014-05-01  196.3100  193.53   3674000.0
2014-05-02  193.7500  191.44   3049900.0
2014-05-05  191.0500  191.26   2222100.0
2014-05-06  190.9300  190.03   3188700.0
2014-05-07  189.3400  189.30   3821000.0
2014-05-08  189.1600  188.91   2431900.0
2014-05-09  188.9800  190.08   2261600.0
2014-05-12  191.1200  192.57   3777400.0
2014-05-13  192.7900  192.19   2226600.0
2014-05-14  191.9100  188.72   5251500.0
2014-05-15  189.0700  186.46   4202200.0
2014-05-16  186.2700  187.06   3949500.0
2014-05-19  186.6100  187.00   3270700.0
2014-05-20  186.2500  184.89   3026500.0
2014-05-21  185.8500  186.39   2988000.0
2014-05-22  186.4500  185.68   2218000.0
2014-05-23  185.8400  185.94   2562900.0
2014-05-27  184.8000  184.78   4793800.0
2014-05-28  184.4800  183.08   3721600.0
2014-05-29  183.6400  183.76   2759900.0
2014-05-30  183.3800  184.36   4620500.0
2014-06-02  184.7600  185.69   3200500.0
2014-06-03  185.5500  184.37   2517100.0
2014-06-04  184.7100  184.51   2376800.0
2014-06-05  184.6600  185.98   2852200.0
2014-06-06  186.4700  186.37   3296700.0
2014-06-09  186.2200  186.22   2728400.0
2014-06-10  186.2000  184.29   4154900.0
2014-06-11  183.6100  182.25   4061700.0
2014-06-12  182.4800  181.22   4425300.0
2014-06-13  182.0000  182.56   2773600.0
2014-06-16  182.4000  182.35   3556200.0
2014-06-17  181.9000  182.26   2460900.0
2014-06-18  182.0400  183.60   3931800.0
2014-06-19  184.1200  182.82   3551100.0
2014-06-20  182.5900  181.55  10686800.0
2014-06-23  181.9200  182.14   3231700.0
2014-06-24  181.5000  180.88   3875400.0
2014-06-25  180.2500  180.72   2762800.0
2014-06-26  180.8700  180.37   3258500.0
2014-06-27  179.7700  181.71   4575500.0
2014-06-30  181.3300  181.27   4223800.0
2014-07-01  181.7000  186.35   6643100.0
2014-07-02  186.3400  188.39   5093000.0
2014-07-03  188.3900  188.53   2422400.0
2014-07-07  187.6100  188.04   2958700.0
2014-07-08  187.6500  187.22   3135100.0
2014-07-09  187.6800  188.42   3309600.0
2014-07-10  186.4400  187.70   3177800.0
2014-07-11  187.7300  188.00   2402500.0
2014-07-14  188.5500  189.86   4501100.0
2014-07-15  189.5400  188.49   4864700.0
2014-07-16  192.2400  192.36   7812600.0
2014-07-17  192.3600  192.49   8872300.0
2014-07-18  191.9600  192.50   8166400.0
2014-07-21  191.3000  190.85   4154400.0
2014-07-22  191.5900  194.09   4853000.0
2014-07-23  194.1100  193.63   3584200.0
2014-07-24  193.9500  195.24   3612700.0
2014-07-25  195.3000  194.40   3376400.0
2014-07-28  194.3000  195.78   3242400.0
2014-07-29  195.3000  194.57   3264100.0
2014-07-30  195.2000  194.00   3943800.0
2014-07-31  192.8400  191.67   4207500.0
2014-08-01  190.5000  189.15   5181100.0
2014-08-04  189.3500  189.64   2125900.0
2014-08-05  188.7500  187.10   3307900.0
2014-08-06  185.3600  185.97   3847000.0
2014-08-07  186.6400  184.30   2708600.0
2014-08-08  184.4000  186.63   2781500.0
2014-08-11  187.8100  187.47   2527200.0
2014-08-12  187.4500  187.34   1858600.0
2014-08-13  188.0000  187.95   1797000.0
2014-08-14  187.5700  187.88   1929500.0
2014-08-15  187.8500  187.38   2814800.0
2014-08-18  188.1000  189.36   2420300.0
2014-08-19  190.0400  190.07   2040100.0
2014-08-20  189.8600  190.10   2177600.0
2014-08-21  190.9000  191.23   2496500.0
2014-08-22  190.7700  190.41   1940300.0
2014-08-25  191.3900  191.16   1723600.0
2014-08-26  191.0200  192.99   3160900.0
2014-08-27  193.0300  192.25   2190200.0
2014-08-28  191.4700  192.00   1503600.0
2014-08-29  192.2800  192.30   2909400.0
2014-09-02  192.6800  191.56   2679700.0
2014-09-03  192.3900  191.95   1822800.0
2014-09-04  191.6900  190.68   2865000.0
2014-09-05  190.5300  191.20   2260200.0
2014-09-08  190.7500  190.14   2524200.0
2014-09-09  190.3400  189.99   2390400.0
2014-09-10  190.1200  191.54   2764000.0
2014-09-11  191.0800  191.72   2298500.0
2014-09-12  191.4700  191.28   2901000.0
2014-09-15  191.4200  191.81   2456400.0
2014-09-16  191.2500  192.96   2561500.0
2014-09-17  193.2200  192.80   3210800.0
2014-09-18  192.7900  193.75   2963300.0
2014-09-19  194.5400  194.00   8852000.0
2014-09-22  193.7200  193.11   3266955.0
2014-09-23  192.7500  191.62   3257449.0
2014-09-24  191.0000  192.31   3076722.0
2014-09-25  192.0500  189.01   4114751.0
2014-09-26  188.9300  190.06   2494024.0
2014-09-29  188.5100  189.64   2344723.0
2014-09-30  189.6400  189.83   2929335.0
2014-10-01  189.9100  187.17   3723166.0
2014-10-02  187.6600  186.91   2283619.0
2014-10-03  188.1100  188.67   3071521.0
2014-10-06  189.6900  189.04   2100191.0
2014-10-07  187.7700  185.71   2994065.0
2014-10-08  185.9700  189.36   2985329.0
2014-10-09  189.1200  186.42   2625509.0
2014-10-10  185.8600  185.93   5090177.0
2014-10-13  185.4900  183.52   3599924.0
2014-10-14  184.8900  183.80   3924974.0
2014-10-15  182.4600  181.75   6897656.0
2014-10-16  179.8000  179.84   5578572.0
2014-10-17  181.2400  182.05   4354442.0
2014-10-20  166.8450  169.10  23408902.0
2014-10-21  166.4000  163.23  20952120.0
2014-10-22  162.4100  161.79  11088493.0
2014-10-23  162.1200  162.18   7599510.0
2014-10-24  162.0800  162.08   6652321.0
2014-10-27  162.0000  161.87   4989213.0
2014-10-28  162.0000  163.60   7896863.0
2014-10-29  164.3300  163.46   4741689.0
2014-10-30  163.5000  164.35   3895979.0
2014-10-31  165.4800  164.40   5818375.0
2014-11-03  164.2500  164.36   4691074.0
2014-11-04  164.3400  162.65   4246854.0
2014-11-05  163.1300  161.82   4103003.0
2014-11-06  161.2800  161.46   4067587.0
2014-11-07  161.4200  162.07   3494803.0
2014-11-10  161.9000  163.49   4958236.0
2014-11-11  163.7000  163.30   3535694.0
2014-11-12  162.2800  161.92   3377798.0
2014-11-13  162.0000  162.79   3239726.0
2014-11-14  162.1000  164.16   4976697.0
2014-11-17  164.1600  164.16   4798933.0
2014-11-18  164.7300  161.89   5412495.0
2014-11-19  162.0500  161.43   3802175.0
2014-11-20  160.9500  160.64   4182746.0
2014-11-21  161.8300  160.92   4076868.0
2014-11-24  161.5400  162.15   6618779.0
2014-11-25  162.6500  161.76   4062378.0
2014-11-26  161.9300  161.95   3967223.0
2014-11-28  162.7500  162.17   2405512.0
2014-12-01  161.6400  161.54   4168384.0
2014-12-02  162.4700  162.67   3465747.0
2014-12-03  162.4700  164.52   6434994.0
2014-12-04  164.0100  164.05   3862816.0
2014-12-05  163.6100  163.27   3013500.0
2014-12-08  163.2900  161.86   2851383.0
2014-12-09  160.8400  162.99   3865785.0
2014-12-10  163.0100  160.51   4081714.0
2014-12-11  160.8200  161.07   3987625.0
2014-12-12  160.2500  155.38   8611249.0
2014-12-15  155.9300  153.06   6500311.0
2014-12-16  152.0300  151.41   6782173.0
2014-12-17  151.5200  151.93   5139465.0
2014-12-18  153.5800  157.68   7301971.0
2014-12-19  157.4900  158.51   8864850.0
2014-12-22  158.3300  161.44   4682509.0
2014-12-23  162.2300  162.24   4044120.0
2014-12-24  162.8800  161.82   1869977.0
2014-12-26  162.2700  162.34   1912310.0
2014-12-29  162.0000  160.51   3331833.0
2014-12-30  160.0200  160.05   2829904.0
2014-12-31  160.4100  160.44   4011909.0
2015-01-02  161.3100  162.06   5525341.0
2015-01-05  161.2700  159.51   4880389.0
2015-01-06  159.6700  156.07   6145670.0
2015-01-07  157.2000  155.05   4701015.0
2015-01-08  156.2400  158.42   4240585.0
2015-01-09  158.4200  159.11   4472701.0
2015-01-12  159.0000  156.44   4187588.0
2015-01-13  157.2600  156.81   4386989.0
2015-01-14  154.8600  155.80   4689740.0
2015-01-15  156.6900  154.57   4251698.0
2015-01-16  153.8200  157.14   5756041.0
2015-01-20  156.7000  156.95   8380815.0
2015-01-21  153.0300  152.09  11896012.0
2015-01-22  151.9400  155.39   6119523.0
2015-01-23  155.0300  155.87   4834447.0
2015-01-26  158.2600  156.36   7888037.0
2015-01-27  154.9400  153.67   5659568.0
2015-01-28  154.0000  151.55   4495633.0
2015-01-29  151.3800  155.48   8320622.0
2015-01-30  153.9100  153.31   6563447.0
2015-02-02  154.0000  154.66   4712017.0
2015-02-03  154.7500  158.47   5539406.0
2015-02-04  157.2100  156.96   3678339.0
2015-02-05  157.2900  157.91   5253628.0
2015-02-06  157.3400  156.72   3256440.0
2015-02-09  156.0000  155.75   3057502.0
2015-02-10  156.7400  158.56   4440614.0
2015-02-11  157.7600  158.20   3626658.0
2015-02-12  158.7200  158.52   3333063.0
2015-02-13  158.7800  160.40   3706919.0
2015-02-17  159.7500  160.96   2893590.0
2015-02-18  161.8600  162.19   4358252.0
2015-02-19  162.0500  163.89   3504269.0
2015-02-20  163.6400  163.65   3352781.0
2015-02-23  164.2300  162.91   2714434.0
2015-02-24  162.4900  164.83   4701626.0
2015-02-25  164.9400  162.81   4004559.0
2015-02-26  163.7400  160.87   7110571.0
2015-02-27  161.0500  161.94   4410037.0
2015-03-02  161.6800  160.48   5917812.0
2015-03-03  160.2700  161.03   3234068.0
2015-03-04  160.5400  159.42   3633335.0
2015-03-05  159.8600  161.18   3791660.0
2015-03-06  160.1900  158.50   4540174.0
2015-03-09  158.2000  160.77   5193874.0
2015-03-10  159.6000  157.81   4600968.0
2015-03-11  158.5700  156.80   5709290.0
2015-03-12  156.2700  157.98   4567346.0
2015-03-13  157.4600  154.28   6063970.0
2015-03-16  155.0500  157.08   3749638.0
2015-03-17  156.2000  156.96   3311792.0
2015-03-18  156.8500  159.81   5738466.0
2015-03-19  159.7000  159.81   3878559.0
2015-03-20  160.9500  162.88   9006417.0
2015-03-23  162.7700  164.63   5929927.0
2015-03-24  164.7900  163.00   4336706.0
2015-03-25  163.0800  159.20   5428730.0
2015-03-26  159.2700  160.59   4396024.0
2015-03-27  160.7900  160.40   3477826.0
2015-03-30  161.3100  162.67   4138018.0
2015-03-31  161.0800  160.50   4255158.0
2015-04-01  160.2300  159.18   3700791.0
2015-04-02  159.5200  160.45   4671578.0
2015-04-06  159.6900  162.04   3465681.0
2015-04-07  161.6700  162.07   3147966.0
2015-04-08  161.7200  161.85   2524323.0
2015-04-09  161.7000  162.34   2263490.0
2015-04-10  162.3400  162.86   2515603.0
2015-04-13  162.3700  162.38   3868911.0
2015-04-14  162.4200  162.30   2719287.0
2015-04-15  162.6300  164.13   3498756.0
2015-04-16  163.3100  163.13   3136947.0
2015-04-17  161.7500  160.67   4308880.0
2015-04-20  162.1000  166.16   9609204.0
2015-04-21  166.0700  164.26   9683592.0
2015-04-22  164.3900  165.36   4024674.0
2015-04-23  165.2300  170.24   8230392.0
2015-04-24  170.2300  169.78   3888439.0
2015-04-27  170.8900  170.73   3166588.0
2015-04-28  170.8300  173.92   5816308.0
2015-04-29  173.4000  174.40   4517190.0
2015-04-30  173.7700  171.29   5062613.0
2015-05-01  173.2000  173.67   3312052.0
2015-05-04  174.4700  173.97   4023850.0
2015-05-05  173.5100  173.08   3593465.0
2015-05-06  172.9000  170.05   3610900.0
2015-05-07  169.6300  170.99   2472627.0
2015-05-08  172.9400  172.68   3092599.0
2015-05-11  172.6500  171.12   2661030.0
2015-05-12  170.5500  170.55   2961739.0
2015-05-13  171.2400  172.28   2457521.0
2015-05-14  173.5000  174.05   2438669.0
2015-05-15  173.9100  173.26   2916115.0
2015-05-18  173.4400  173.06   1970630.0
2015-05-19  172.9700  173.48   2523002.0
2015-05-20  173.3300  173.76   2300693.0
2015-05-21  173.3200  173.34   2295590.0
2015-05-22  173.0400  172.22   2849692.0
2015-05-26  172.1100  170.13   3848738.0
2015-05-27  171.1600  172.00   2764378.0
2015-05-28  171.4500  171.71   1731372.0
2015-05-29  171.3500  169.65   4091431.0
2015-06-01  170.2100  170.18   2985479.0
2015-06-02  169.6600  169.65   2571762.0
2015-06-03  170.5000  169.92   2131031.0
2015-06-04  169.5300  168.38   3079334.0
2015-06-05  168.2500  167.40   3100505.0
2015-06-08  167.1700  165.34   3758726.0
2015-06-09  165.3400  165.68   3395901.0
2015-06-10  166.4900  168.92   4680545.0
2015-06-11  169.2600  168.78   3464013.0
2015-06-12  168.2300  166.99   3065085.0
2015-06-15  165.3300  166.26   4245657.0
2015-06-16  166.3300  166.84   3249842.0
2015-06-17  167.0000  167.17   2862993.0
2015-06-18  167.0500  168.25   3330864.0
2015-06-19  167.6200  166.99   7072020.0
2015-06-22  167.6500  167.73   2335796.0
2015-06-23  168.3800  168.62   3701637.0
2015-06-24  168.7100  166.97   3548079.0
2015-06-25  167.8000  166.08   2408780.0
2015-06-26  166.2300  165.46   8945485.0
2015-06-29  163.9200  162.97   3314679.0
2015-06-30  163.9900  162.66   3597288.0
2015-07-01  163.9700  164.49   3214547.0
2015-07-02  165.0500  165.09   2852696.0
2015-07-06  163.8300  164.73   3079782.0
2015-07-07  164.9400  165.00   3549861.0
2015-07-08  164.0000  163.16   2776286.0
2015-07-09  165.3400  163.85   4199708.0
2015-07-10  165.6600  166.95   4538349.0
2015-07-13  167.9300  169.38   4228963.0
2015-07-14  169.4300  168.61   3025263.0
2015-07-15  168.4800  168.53   1998004.0
2015-07-16  169.4700  171.00   3529874.0
2015-07-17  170.3300  172.51   4356391.0
2015-07-20  172.7900  173.22   7335491.0
2015-07-21  164.3400  163.07  13747503.0
2015-07-22  162.7300  160.35   7180385.0
2015-07-23  160.2700  161.73   5034246.0
2015-07-24  161.2900  159.75   3777631.0
2015-07-27  159.0000  159.07   3706240.0
2015-07-28  159.9100  160.05   2720890.0
2015-07-29  160.0000  161.09   3378396.0
2015-07-30  160.5000  160.96   1994660.0
2015-07-31  161.4000  161.99   3580226.0
2015-08-03  161.7000  158.71   4615511.0
2015-08-04  158.4000  157.60   5260575.0
2015-08-05  159.1000  157.90   3463034.0
2015-08-06  157.1300  156.32   3004487.0
2015-08-07  155.8900  155.12   3794897.0
2015-08-10  156.7700  156.75   4613371.0
2015-08-11  155.9600  155.51   3167111.0
2015-08-12  154.2600  156.16   3624852.0
2015-08-13  156.0600  155.07   2533318.0
2015-08-14  155.0000  155.75   3226434.0
2015-08-17  155.2000  156.31   2249554.0
2015-08-18  155.5100  156.01   2018337.0
2015-08-19  155.1500  153.94   4205904.0
2015-08-20  152.7400  152.66   4011514.0
2015-08-21  151.5000  148.85   7360898.0
2015-08-24  143.4700  143.47  10186817.0
2015-08-25  146.9400  140.96   7071869.0
2015-08-26  144.0900  146.70   6197229.0
2015-08-27  148.6300  148.54   4975966.0
2015-08-28  147.7500  147.98   4076211.0
2015-08-31  147.2600  147.89   4093078.0
2015-09-01  144.8400  142.68   5271696.0
2015-09-02  144.9200  145.05   4251778.0
2015-09-03  146.0500  146.78   3603518.0
2015-09-04  144.5700  143.70   4201068.0
2015-09-08  145.8600  147.23   3933010.0
2015-09-09  148.7400  145.05   3407761.0
2015-09-10  145.8500  146.20   3461658.0
2015-09-11  145.9100  147.37   3113953.0
2015-09-14  147.3700  145.65   3226747.0
2015-09-15  146.6000  147.53   2717060.0
2015-09-16  147.8400  148.41   2799222.0
2015-09-17  148.1000  148.14   4002952.0
2015-09-18  146.0500  144.51   7975845.0
2015-09-21  145.3900  146.48   3824858.0
2015-09-22  144.6200  144.43   3564015.0
2015-09-23  144.2100  143.66   2674225.0
2015-09-24  142.6000  144.41   3278207.0
2015-09-25  145.5500  145.42   3474279.0
2015-09-28  144.4200  142.52   4292421.0
2015-09-29  141.9900  142.47   4763509.0
2015-09-30  143.6900  144.97   3923866.0
2015-10-01  145.3100  143.59   3880747.0
2015-10-02  141.0500  144.58   3053928.0
2015-10-05  145.8200  149.04   5131669.0
2015-10-06  149.0600  148.78   3018074.0
2015-10-07  150.0400  150.09   2989915.0
2015-10-08  149.6900  152.28   4794357.0
2015-10-09  152.4600  152.39   3531107.0
2015-10-12  152.4000  151.14   3227636.0
2015-10-13  150.7800  149.62   3915707.0
2015-10-14  149.6000  150.01   3352327.0
2015-10-15  150.9100  150.09   3476219.0
2015-10-16  150.4500  150.39   3483599.0
2015-10-19  149.8500  149.22   7954684.0
2015-10-20  142.4900  140.64  16025591.0
2015-10-21  140.2500  140.92   7134526.0
2015-10-22  141.7400  144.09   5583076.0
2015-10-23  144.6100  144.68   5370439.0
2015-10-26  144.7500  143.66   3489428.0
2015-10-27  143.5100  137.86  15005072.0
2015-10-28  137.9200  140.83   8510027.0
2015-10-29  140.3600  140.55   3710245.0
2015-10-30  140.4400  140.08   3983990.0
2015-11-02  140.5000  140.37   3822212.0
2015-11-03  140.0200  141.88   4349317.0
2015-11-04  142.5500  141.63   3516890.0
2015-11-05  141.6100  139.89   5093471.0
2015-11-06  138.6000  138.25   4744493.0
2015-11-09  137.9200  135.31   8074476.0
2015-11-10  135.3600  135.47   4520387.0
2015-11-11  136.0900  135.02   3164806.0
2015-11-12  134.7000  133.04   4700465.0
2015-11-13  132.9500  131.75   4609621.0
2015-11-16  131.7900  133.71   4190777.0
2015-11-17  134.2200  133.82   2814487.0
2015-11-18  134.7900  135.82   4148771.0
2015-11-19  136.2100  136.74   4753503.0
2015-11-20  137.3700  138.50   5176255.0
2015-11-23  138.5300  138.46   5137872.0
2015-11-24  137.6500  138.60   3407603.0
2015-11-25  138.3700  138.00   3238166.0
2015-11-27  138.0000  138.46   1415840.0
2015-11-30  138.6100  139.42   4542014.0
2015-12-01  139.5800  141.28   4195119.0
2015-12-02  140.9300  139.70   3725193.0
2015-12-03  140.1000  138.92   5905763.0
2015-12-04  138.0900  140.43   4567752.0
2015-12-07  140.1600  139.55   3279300.0
2015-12-08  138.2800  138.05   3904755.0
2015-12-09  137.3800  136.61   4614993.0
2015-12-10  137.0300  136.78   4221948.0
2015-12-11  135.2300  134.57   5333567.0
2015-12-14  135.3100  135.93   5141549.0
2015-12-15  137.4000  137.79   4238546.0
2015-12-16  139.1200  139.29   4345474.0
2015-12-17  139.3500  136.75   4089539.0
2015-12-18  136.4100  134.90  10008280.0
2015-12-21  135.8300  135.50   5616636.0
2015-12-22  135.8800  137.93   4263538.0
2015-12-23  138.3000  138.54   5164909.0
2015-12-24  138.4300  138.25   1495226.0
2015-12-28  137.7400  137.61   3143412.0
2015-12-29  138.2500  139.78   3943691.0
2015-12-30  139.5800  139.34   2989367.0
2015-12-31  139.0700  137.62   3462037.0
2016-01-04  135.6000  135.95   5229231.0
2016-01-05  136.7600  135.85   3924785.0
2016-01-06  134.3800  135.17   4310774.0
2016-01-07  133.7000  132.86   7024500.0
2016-01-08  133.1800  131.63   4762583.0
2016-01-11  131.8100  133.23   4974236.0
2016-01-12  133.6500  132.90   5078360.0
2016-01-13  133.5000  131.17   4700115.0
2016-01-14  131.9300  132.91   5709426.0
2016-01-15  130.0100  130.03   9007945.0
2016-01-19  130.1100  128.11   9955973.0
2016-01-20  118.4600  121.86  16157769.0
2016-01-21  121.3000  122.91   8851531.0
2016-01-22  124.6700  122.50   9238219.0
2016-01-25  122.1000  122.08   5445560.0
2016-01-26  122.2500  122.59   4617414.0
2016-01-27  122.7300  120.96   5025161.0
2016-01-28  121.2600  122.22   3942537.0
2016-01-29  123.2800  124.79   8248077.0
2016-02-01  124.4000  124.83   3574834.0
2016-02-02  123.6700  122.94   3287218.0
2016-02-03  123.9900  124.72   6223424.0
2016-02-04  125.0800  127.65   5265650.0
2016-02-05  127.2200  128.57   7176765.0
2016-02-08  126.0000  126.98   7363893.0
2016-02-09  126.1200  124.07   5956138.0
2016-02-10  125.0000  120.19   6462375.0
2016-02-11  118.7800  117.85   7307503.0
2016-02-12  119.2600  121.04   4935670.0
2016-02-16  121.8300  122.74   4061066.0
2016-02-17  123.7100  126.10   4820982.0
2016-02-18  130.0000  132.45   9951438.0
2016-02-19  132.3600  133.08   5125276.0
2016-02-22  133.8400  133.77   4457444.0
2016-02-23  133.1400  132.40   3439631.0
2016-02-24  131.5500  132.80   4122421.0
2016-02-25  133.2900  134.50   4358205.0
2016-02-26  134.5100  132.03   4385699.0
2016-02-29  132.0000  131.03   4427472.0
2016-03-01  132.2400  134.37   3788084.0
2016-03-02  133.7000  136.30   5217230.0
2016-03-03  137.2200  137.80   5155978.0
2016-03-04  137.5350  137.80   3968423.0
2016-03-07  137.2800  140.15   5170228.0
2016-03-08  139.7100  139.07   5537856.0
2016-03-09  139.3100  140.41   4406304.0
2016-03-10  141.2400  140.19   4020024.0
2016-03-11  141.7300  142.36   4421748.0
2016-03-14  142.0100  142.78   4047634.0
2016-03-15  141.7400  142.96   3707538.0
2016-03-16  142.6200  144.79   4221939.0
2016-03-17  144.7800  147.04   5821180.0
2016-03-18  147.4000  147.09  12088126.0
2016-03-21  147.3000  148.63   3721463.0
2016-03-22  148.0600  148.10   4081924.0
2016-03-23  148.0000  145.40   4763987.0
2016-03-24  144.9800  147.95   5044335.0
2016-03-28  147.7500  148.40   3265084.0
2016-03-29  147.5900  149.33   3138545.0
2016-03-30  149.9500  148.41   3330841.0
2016-03-31  149.7900  151.45   6780132.0
2016-04-01  150.5100  152.52   3925181.0
2016-04-04  152.3400  152.07   3930319.0
2016-04-05  151.4300  150.00   3336952.0
2016-04-06  149.9000  150.02   4194265.0
2016-04-07  149.0700  148.25   3662508.0
2016-04-08  149.0600  149.35   3293512.0
2016-04-11  150.2600  149.25   3845918.0
2016-04-12  149.6100  149.63   3595549.0
2016-04-13  150.7500  151.23   3167970.0
2016-04-14  151.5000  151.16   3176300.0
2016-04-15  151.0400  151.72   3657466.0
2016-04-18  151.7500  152.53   6538819.0
2016-04-19  146.4700  144.00  13188308.0
2016-04-20  144.2400  146.11   6754189.0
2016-04-21  146.5800  149.30   6015526.0
2016-04-22  149.4400  148.50   5191802.0
2016-04-25  148.1600  148.81   2848935.0
2016-04-26  148.6500  149.08   2979699.0
2016-04-27  149.3500  150.47   3110789.0
2016-04-28  149.7500  147.07   3791337.0
2016-04-29  146.4900  145.94   4225790.0
2016-05-02  146.5600  145.27   3502443.0
2016-05-03  144.6500  144.13   3584261.0
2016-05-04  143.3600  144.25   2576786.0
2016-05-05  145.9500  146.47   6500738.0
2016-05-06  144.8600  147.29   4895684.0
2016-05-09  147.7000  147.34   4302425.0
2016-05-10  148.2400  149.97   3992536.0
2016-05-11  149.7100  148.95   3092408.0
2016-05-12  149.2100  148.84   3249032.0
2016-05-13  148.7900  147.72   2397902.0
2016-05-16  147.6500  149.46   3069126.0
2016-05-17  149.2100  148.00   3490374.0
2016-05-18  147.9900  147.34   2491086.0
2016-05-19  146.4800  144.93   3685595.0
2016-05-20  145.7100  147.25   3670262.0
2016-05-23  147.6100  146.77   2103733.0
2016-05-24  146.8800  148.31   2929132.0
2016-05-25  148.9300  151.69   4358039.0
2016-05-26  151.5500  152.44   3062934.0
2016-05-27  152.3500  152.84   2457037.0
2016-05-31  152.5600  153.74   5836645.0
2016-06-01  153.0000  152.51   2662937.0
2016-06-02  152.5900  153.50   2642601.0
2016-06-03  152.4000  152.89   2328056.0
2016-06-06  153.0900  152.73   2378462.0
2016-06-07  153.3100  153.33   4464985.0
2016-06-08  153.5300  154.00   2935036.0
2016-06-09  152.9200  153.42   2021796.0
2016-06-10  152.7900  152.37   3120563.0
2016-06-13  151.6300  151.28   3610407.0
2016-06-14  151.2800  151.06   2865833.0
2016-06-15  151.4600  150.68   2260406.0
2016-06-16  150.1900  151.06   2449064.0
2016-06-17  150.9600  151.99   4663870.0
2016-06-20  152.6000  153.61   3572102.0
2016-06-21  154.1600  154.05   2760344.0
2016-06-22  153.7500  152.92   2833364.0
2016-06-23  153.4500  155.35   3967419.0
2016-06-24  149.9700  146.59   9081182.0
2016-06-27  146.1800  143.50   5166665.0
2016-06-28  144.7800  145.70   3996007.0
2016-06-29  146.5000  148.46   3367736.0
2016-06-30  148.8600  151.78   3967126.0
2016-07-01  152.1900  152.35   2658280.0
2016-07-05  151.1900  151.68   2464820.0
2016-07-06  151.8500  152.37   2569393.0
2016-07-07  152.7500  152.60   2138421.0
2016-07-08  154.0000  154.46   3040593.0
2016-07-11  154.6000  155.33   2833612.0
2016-07-12  156.0000  157.04   3843773.0
2016-07-13  157.7500  158.02   2746089.0
2016-07-14  158.8100  160.28   4637624.0
2016-07-15  159.9000  159.78   4474358.0
2016-07-18  159.3000  159.86   6716340.0
2016-07-19  161.7800  159.58   7119917.0
2016-07-20  159.9700  161.36   4373609.0
2016-07-21  160.7500  160.45   4046030.0
2016-07-22  160.7800  162.07   2520077.0
2016-07-25  162.0000  162.65   2804578.0
2016-07-26  162.6500  162.12   2892969.0
2016-07-27  162.1200  161.83   2162680.0
2016-07-28  161.3800  161.37   2340369.0
2016-07-29  161.3600  160.62   3547395.0
2016-08-01  160.6500  161.45   2823578.0
2016-08-02  161.2700  160.58   3080899.0
2016-08-03  160.1300  160.67   2861558.0
2016-08-04  160.8600  161.55   2488878.0
2016-08-05  162.0000  163.50   3812370.0
2016-08-08  162.7300  162.04   3039081.0
2016-08-09  162.2200  161.77   2737530.0
2016-08-10  162.1900  162.08   2466675.0
2016-08-11  162.2500  163.53   8768585.0
2016-08-12  163.1900  161.95   2543079.0
2016-08-15  162.4000  161.88   2970415.0
2016-08-16  161.1100  160.70   2210229.0
2016-08-17  160.9700  160.44   3225919.0
2016-08-18  160.8900  161.36   3652013.0
2016-08-19  160.8400  160.04   2815163.0
2016-08-22  160.0000  160.00   2039331.0
2016-08-23  160.3300  160.26   2838137.0
2016-08-24  159.8900  159.05   3620365.0
2016-08-25  159.0000  158.63   2575023.0
2016-08-26  158.8800  158.32   2498909.0
2016-08-29  158.8300  159.72   2475853.0
2016-08-30  159.7600  159.40   1813343.0
2016-08-31  159.6600  158.88   2323649.0
2016-09-01  158.3200  159.54   2358385.0
2016-09-02  159.8800  159.55   2315366.0
2016-09-06  159.8800  160.35   2994056.0
2016-09-07  160.1900  161.64   2866227.0
2016-09-08  160.5500  159.00   3963164.0
2016-09-09  158.0300  155.69   5185972.0
2016-09-12  155.2600  158.29   4367529.0
2016-09-13  157.6300  155.81   3636719.0
2016-09-14  155.7000  154.05   3860553.0
2016-09-15  154.3000  155.66   3662573.0
2016-09-16  155.0400  153.84   6463213.0
2016-09-19  154.8700  154.87   2450117.0
2016-09-20  155.8700  154.45   2159092.0
2016-09-21  154.9100  155.53   2473895.0
2016-09-22  156.1500  156.11   2690915.0
2016-09-23  155.6200  154.98   2702143.0
2016-09-26  154.4600  153.98   2533325.0
2016-09-27  154.3200  156.77   2987195.0
2016-09-28  156.9900  158.29   3309408.0
2016-09-29  158.6300  158.11   3374838.0
2016-09-30  158.9000  158.85   3596878.0
2016-10-03  158.0600  157.61   2227800.0
2016-10-04  157.6700  156.46   2884146.0
2016-10-05  157.0700  157.08   1684458.0
2016-10-06  156.8400  156.88   1950106.0
2016-10-07  157.1400  155.67   2671256.0
2016-10-10  156.7100  157.02   2481288.0
2016-10-11  156.7300  154.79   2901226.0
2016-10-12  154.9700  154.29   2963843.0
2016-10-13  153.7000  153.72   2909948.0
2016-10-14  154.4700  154.45   4358147.0
2016-10-17  154.4500  154.77   5890421.0
2016-10-18  150.0200  150.72  12770570.0
2016-10-19  151.2700  151.26   4632854.0
2016-10-20  151.2800  151.52   4023075.0
2016-10-21  150.5800  149.63   4414171.0
2016-10-24  150.4000  150.57   2666740.0
2016-10-25  150.6900  150.88   2647416.0
2016-10-26  150.7100  151.81   2811421.0
2016-10-27  152.8200  153.35   4229336.0
2016-10-28  154.0500  152.61   3654446.0
2016-10-31  152.7600  153.69   3553172.0
2016-11-01  153.5000  152.79   3191924.0
2016-11-02  152.4800  151.95   3074338.0
2016-11-03  152.5100  152.37   2878728.0
2016-11-04  152.4000  152.43   2470353.0
2016-11-07  153.9900  155.72   3804943.0
2016-11-08  154.5600  155.17   3921044.0
2016-11-09  152.9600  154.81   5403688.0
2016-11-10  157.6600  160.22   7715807.0
2016-11-11  159.9700  161.27   4446630.0
2016-11-14  161.2500  158.21   5196498.0
2016-11-15  158.4200  158.67   3476996.0
2016-11-16  158.4600  159.29   2252806.0
2016-11-17  159.2200  159.80   2260984.0
2016-11-18  159.8000  160.39   2981633.0
2016-11-21  160.6900  162.77   4637097.0
2016-11-22  163.0000  162.67   2770736.0
2016-11-23  161.9400  161.98   2256035.0
2016-11-25  161.8300  163.14   1605344.0
2016-11-28  163.2000  164.52   4449355.0
2016-11-29  164.0000  163.53   3148196.0
2016-11-30  163.3500  162.22   4397777.0
2016-12-01  161.9500  159.82   4634740.0
2016-12-02  159.0000  160.02   2740782.0
2016-12-05  160.8500  159.84   3447052.0
2016-12-06  160.1300  160.35   2858962.0
2016-12-07  160.6000  164.79   4435050.0
2016-12-08  164.8700  165.36   3266336.0
2016-12-09  165.1800  166.52   3146930.0
2016-12-12  166.7200  165.50   3392030.0
2016-12-13  165.6800  168.29   5932271.0
2016-12-14  168.3700  168.51   4123821.0
2016-12-15  168.0100  168.02   3388570.0
2016-12-16  168.9700  166.73   7117050.0
2016-12-19  166.8300  166.68   2955864.0
2016-12-20  167.4900  167.60   2174569.0
2016-12-21  166.2500  167.33   3575210.0
2016-12-22  167.3600  167.06   2802631.0
2016-12-23  167.0000  166.71   1701228.0
2016-12-27  166.9800  167.14   1397455.0
2016-12-28  167.2900  166.19   1757500.0
2016-12-29  166.0200  166.60   1663542.0
2016-12-30  166.4400  165.99   2952200.0
2017-01-03  167.0000  167.19   2934299.0
2017-01-04  167.7700  169.26   3381232.0
2017-01-05  169.2500  168.70   2682181.0
2017-01-06  168.6900  169.53   2945536.0
2017-01-09  169.4700  167.65   3189413.0
2017-01-10  167.9800  165.52   4118694.0
2017-01-11  166.0500  167.75   3599464.0
2017-01-12  167.7700  167.95   2927953.0
2017-01-13  167.9700  167.34   2875319.0
2017-01-17  166.6900  167.89   3315655.0
2017-01-18  167.4500  166.80   4005626.0
2017-01-19  166.9600  166.81   6963386.0
2017-01-20  167.8100  170.55  12606847.0
2017-01-23  170.0800  171.03   5477314.0
2017-01-24  171.3600  175.90   6952369.0
2017-01-25  176.2600  178.29   5922462.0
2017-01-26  178.0600  178.66   3063911.0
2017-01-27  178.4700  177.30   3482105.0
2017-01-30  176.9800  175.80   4093555.0
2017-01-31  175.0500  174.52   4134049.0
2017-02-01  175.0000  174.29   2795445.0
2017-02-02  174.2300  174.58   2620526.0
2017-02-03  175.0000  175.82   3309179.0
2017-02-06  175.3100  175.86   2650509.0
2017-02-07  176.0000  178.46   3873233.0
2017-02-08  177.5000  176.17   2913126.0
2017-02-09  176.1700  177.21   3090710.0
2017-02-10  177.3700  178.68   2930710.0
2017-02-13  179.2400  179.36   3093372.0
2017-02-14  178.5700  180.13   2775818.0
2017-02-15  180.2000  181.68   2914292.0
2017-02-16  181.4500  181.43   3251547.0
2017-02-17  181.2500  180.67   3552305.0
2017-02-21  180.6000  180.26   4480199.0
2017-02-22  180.0900  181.15   3020540.0
2017-02-23  182.0000  181.65   2282526.0
2017-02-24  180.2100  181.35   3299019.0
2017-02-27  181.1900  179.40   3691209.0
2017-02-28  179.3800  179.82   3273335.0
2017-03-01  180.4800  181.95   3005564.0
2017-03-02  181.8800  180.53   2918153.0
2017-03-03  180.0400  180.05   1825048.0
2017-03-06  179.7200  180.47   3204434.0
2017-03-07  180.7100  180.38   2977596.0
2017-03-08  180.7500  179.45   3557396.0
2017-03-09  179.1500  177.18   5444076.0
2017-03-10  178.2100  177.83   3100116.0
2017-03-13  177.8500  176.46   3482189.0
2017-03-14  176.1800  175.72   3147497.0
2017-03-15  175.7100  175.81   3815537.0
2017-03-16  178.4600  177.24   4311848.0
2017-03-17  176.2900  175.65   5920967.0
2017-03-20  175.6500  175.70   2476125.0
2017-03-21  176.0100  173.88   3927741.0
2017-03-22  174.0400  174.78   3450512.0
2017-03-23  174.4300  174.82   3739976.0
2017-03-24  175.1200  173.83   3221672.0
2017-03-27  172.6900  173.77   3259049.0
2017-03-28  173.9400  174.51   3523345.0
2017-03-29  174.3000  173.94   3085606.0
2017-03-30  173.8600  173.86   3168254.0
2017-03-31  173.9800  174.14   2913684.0
2017-04-03  173.8200  174.50   4286498.0
2017-04-04  173.5200  174.52   3108855.0
2017-04-05  174.7000  172.88   6238894.0
2017-04-06  173.4700  172.45   3435403.0
2017-04-07  172.0800  172.14   3588302.0
2017-04-10  172.5300  171.20   3789936.0
2017-04-11  170.6500  170.58   4890163.0
2017-04-12  171.0400  170.66   3276931.0
2017-04-13  169.9200  169.53   3205462.0
2017-04-17  169.7500  171.10   3720218.0
2017-04-18  170.7900  170.05   6345465.0
2017-04-19  161.7600  161.69  19284284.0
2017-04-20  161.3200  162.30   6486809.0
2017-04-21  162.0500  160.38   5607756.0
2017-04-24  161.2900  160.75   5320608.0
2017-04-25  161.7800  160.39   4842189.0
2017-04-26  160.5300  160.06   4311484.0
2017-04-27  160.2900  160.32   4081640.0
2017-04-28  160.5000  160.29   4029533.0
2017-05-01  160.0500  158.84   4919710.0
2017-05-02  159.4400  159.10   3149949.0
2017-05-03  158.7400  158.63   3990429.0
2017-05-04  158.8900  159.05   4271669.0
2017-05-05  153.5200  155.05  12415240.0
2017-05-08  152.8000  153.03   7415765.0
2017-05-09  152.6000  152.11   6823015.0
2017-05-10  151.6510  151.25   4995590.0
2017-05-11  151.0500  150.65   5546379.0
2017-05-12  150.3000  150.37   3651964.0
2017-05-15  150.6200  151.51   4218359.0
2017-05-16  151.6600  153.68   5452539.0
2017-05-17  153.3000  150.93   5048937.0
2017-05-18  150.8600  150.78   3268772.0
2017-05-19  151.0100  151.98   5617824.0
2017-05-22  152.1000  152.64   3248372.0
2017-05-23  152.5700  152.03   2563975.0
2017-05-24  152.2100  152.51   3731333.0
2017-05-25  153.2500  153.20   2579828.0
2017-05-26  152.8500  152.49   2440117.0
2017-05-30  151.9500  151.73   3609710.0
2017-05-31  152.0300  152.63   3496466.0
2017-06-01  152.8000  152.67   2904189.0
2017-06-02  153.0700  152.05   3573193.0
2017-06-05  151.8200  152.41   3971157.0
2017-06-06  152.0000  152.37   3786593.0
2017-06-07  153.0500  150.98   4858631.0
2017-06-08  151.0000  152.10   3681319.0
2017-06-09  152.0000  154.10   4355401.0
2017-06-12  154.1900  155.18   6461725.0
2017-06-13  155.4400  154.25   3509558.0
2017-06-14  153.9700  153.81   3035864.0
2017-06-15  153.2900  154.22   4626272.0
2017-06-16  154.2300  155.38   6128190.0
2017-06-19  155.5100  154.84   4381436.0
2017-06-20  154.4800  154.95   4469538.0
2017-06-21  155.7900  153.79   3934281.0
2017-06-22  154.5500  154.40   2361275.0
2017-06-23  154.3400  154.11   3148468.0
2017-06-26  154.7100  155.23   2129945.0
2017-06-27  155.0000  154.75   2385619.0
2017-06-28  155.1500  155.32   2203062.0
2017-06-29  155.3500  154.13   3245649.0
2017-06-30  154.2800  153.83   3501395.0
2017-07-03  153.5800  155.58   2822499.0
2017-07-05  155.7700  153.67   3558639.0
2017-07-06  153.3600  152.36   2735717.0
2017-07-07  152.6200  152.94   2345721.0
2017-07-10  152.9100  153.42   2804780.0
2017-07-11  153.2600  153.19   3431418.0
2017-07-12  153.4800  153.70   3090315.0
2017-07-13  153.7000  153.63   2474847.0
2017-07-14  154.0100  154.24   3214337.0
2017-07-17  153.5900  153.01   4751141.0
2017-07-18  152.3600  154.00   6867302.0
2017-07-19  150.0200  147.53  14042954.0
2017-07-20  147.5300  147.66   7105481.0
2017-07-21  147.5900  147.08   6456514.0
2017-07-24  147.0000  145.99   3818232.0
2017-07-25  146.5700  146.19   4184435.0
2017-07-26  146.2700  145.36   3806651.0
2017-07-27  145.0000  145.07   6374650.0
2017-07-28  144.8100  144.29   3022662.0
2017-07-31  144.3800  144.67   4333680.0
2017-08-01  145.0000  145.30   3197848.0
2017-08-02  145.1200  144.45   3400024.0
2017-08-03  144.4300  144.94   3028769.0
2017-08-04  145.0000  145.16   2542800.0
2017-08-07  145.0000  143.47   4576508.0
2017-08-08  142.0000  142.11   3281972.0
2017-08-09  141.7500  141.77   2920582.0
2017-08-10  141.6400  141.84   4378186.0
2017-08-11  142.4500  141.84   3004040.0
2017-08-14  142.0000  142.32   2222304.0
2017-08-15  142.5500  142.07   4652618.0
2017-08-16  141.7900  142.50   3239516.0
2017-08-17  142.5200  140.70   4342286.0
2017-08-18  140.8700  139.70   4128761.0
2017-08-21  139.5900  140.33   2949410.0
2017-08-22  140.6400  141.01   2495902.0
2017-08-23  140.7000  142.14   4035421.0
2017-08-24  142.5000  142.94   3580245.0
2017-08-25  143.3000  143.74   2866131.0
2017-08-28  144.1100  142.51   5086015.0
2017-08-29  142.1000  143.14   3000993.0
2017-08-30  143.2600  142.56   2715466.0
2017-08-31  143.0200  143.03   3614517.0
2017-09-01  142.9800  144.08   3348503.0
2017-09-05  143.5000  143.04   3097503.0
2017-09-06  143.8800  143.82   3205295.0
2017-09-07  144.1000  142.90   4155968.0
2017-09-08  143.1500  142.45   3344701.0
2017-09-11  143.5400  144.86   4549334.0
2017-09-12  145.1100  145.76   5222522.0
2017-09-13  145.3500  145.99   4070378.0
2017-09-14  145.8600  145.54   3742944.0
2017-09-15  144.8200  144.82   7297773.0
2017-09-18  144.8100  144.55   3018012.0
2017-09-19  144.7900  144.39   3456574.0
2017-09-20  144.9300  145.88   5384615.0
2017-09-21  145.6500  145.26   2289276.0
2017-09-22  145.5900  145.13   2741663.0
2017-09-25  145.1200  145.87   5179476.0
2017-09-26  146.3600  146.56   4106513.0
2017-09-27  146.6800  145.66   3446073.0
2017-09-28  145.3300  145.66   2763219.0
2017-09-29  145.4500  145.08   2635887.0
2017-10-02  145.3500  146.66   2955450.0
2017-10-03  146.6900  146.78   2285725.0
2017-10-04  147.0000  146.48   2225673.0
2017-10-05  146.6800  146.72   2536971.0
2017-10-06  146.6400  146.48   2248474.0
2017-10-09  146.5000  147.39   2678887.0
2017-10-10  147.7100  148.50   4028877.0
2017-10-11  148.4000  147.62   3674765.0
2017-10-12  147.5600  147.03   3255559.0
2017-10-13  147.4800  147.10   2490548.0
2017-10-16  147.2200  146.83   3035184.0
2017-10-17  146.6300  146.54   4941313.0
2017-10-18  157.1200  159.53  30445283.0
2017-10-19  159.8000  160.90   9878844.0
2017-10-20  161.0700  162.07   7848320.0
2017-10-23  162.0500  159.55   5765384.0
2017-10-24  159.6500  155.88   8173017.0
2017-10-25  156.0100  153.50   5443794.0
2017-10-26  154.3100  153.60   4253664.0
2017-10-27  154.5400  153.68   4893779.0
2017-10-30  153.7600  154.36   4206189.0
2017-10-31  154.3300  154.06   4224346.0
2017-11-01  154.1000  154.03   3228302.0
2017-11-02  154.1800  153.35   3388284.0
2017-11-03  153.4200  151.58   4420582.0
2017-11-06  151.7700  150.84   4498372.0
2017-11-07  151.3700  151.35   3688378.0
2017-11-09  149.9300  150.30   4770841.0
2017-11-10  150.6500  149.16   4304369.0
2017-11-13  148.8800  148.40   5085257.0
2017-11-14  147.9500  148.89   3691934.0
2017-11-15  148.0000  147.10   4695745.0
2017-11-16  147.7300  149.12   5393609.0
2017-11-17  149.3400  148.97   4865373.0
2017-11-20  150.6400  150.51   5654091.0
2017-11-21  151.3000  151.95   3663246.0
2017-11-22  152.0000  151.77   3125416.0
2017-11-24  151.9500  151.84   1193025.0
2017-11-27  152.0600  151.98   3303663.0
2017-11-28  152.3500  152.47   3915618.0
2017-11-29  152.8100  153.55   4946634.0
2017-11-30  153.6500  153.97   6254399.0
2017-12-01  154.4000  154.76   5526823.0
2017-12-04  155.6700  156.46   4639109.0
2017-12-05  156.4500  155.35   5042724.0
2017-12-06  155.6900  154.10   3345712.0
2017-12-07  154.0300  153.57   3768443.0
2017-12-08  153.9400  154.81   3440847.0
2017-12-11  154.9700  155.41   4068982.0
2017-12-12  155.2000  156.74   6314835.0
2017-12-13  156.6000  153.91   5624428.0
2017-12-14  154.5000  154.00   4623845.0
2017-12-15  153.7500  152.50  10469312.0
2017-12-18  153.4100  153.33   5054265.0
2017-12-19  154.1350  153.23   4111495.0
2017-12-20  153.6500  152.95   3771425.0
2017-12-21  153.1700  151.50   4126632.0
2017-12-22  151.7100  152.50   2982114.0
2017-12-26  152.5100  152.83   2477240.0
2017-12-27  152.9500  153.13   2116522.0
2017-12-28  153.2000  154.04   2669076.0
2017-12-29  154.1700  153.42   3310894.0
2018-01-02  154.5000  154.25   4195225.0
2018-01-03  157.3400  158.49   9439063.0
2018-01-04  159.6500  161.70   7363843.0
2018-01-05  162.4400  162.49   5162075.0
2018-01-08  162.6600  163.47   5101023.0
2018-01-09  163.9000  163.83   4333418.0
2018-01-10  162.9100  164.18   4150836.0
2018-01-11  164.8000  164.20   3783614.0
2018-01-12  164.0200  163.14   5007254.0
2018-01-16  165.1000  163.85   7588202.0
2018-01-17  168.0100  168.65  11630539.0
2018-01-18  170.0000  169.12  10948033.0
2018-01-19  164.4600  162.37  21079530.0
2018-01-22  161.5100  162.60   8340507.0
2018-01-23  162.8200  166.25   7417268.0
2018-01-24  166.7500  165.37   5507664.0
2018-01-25  165.9100  165.47   3240177.0
2018-01-26  166.1200  167.34   3664496.0
2018-01-29  167.4500  166.80   3423903.0
2018-01-30  166.2100  163.62   4796200.0
2018-01-31  163.7500  163.70   4025105.0
2018-02-01  163.1900  162.40   4422505.0
2018-02-02  161.7000  159.03   5174779.0
2018-02-05  157.8900  152.53   8600416.0
2018-02-06  150.2900  155.34   9823824.0
2018-02-07  154.1700  153.85   6069258.0
2018-02-08  152.4800  147.59   6599136.0
2018-02-09  148.6000  149.51   7763603.0
2018-02-12  150.9000  151.40   5659623.0
2018-02-13  150.9000  150.75   4854790.0
2018-02-14  150.1900  154.76   5422862.0
2018-02-15  155.5000  156.01   5525079.0
2018-02-16  155.7100  156.18   4239560.0
2018-02-20  155.7900  155.16   4267801.0
2018-02-21  155.4300  153.96   3492694.0
2018-02-22  154.5000  153.18   4017699.0
2018-02-23  154.3000  155.52   3208908.0
2018-02-26  155.8100  158.58   3576723.0
2018-02-27  158.4600  156.55   4192962.0
2018-02-28  157.5000  155.83   3761597.0
2018-03-01  155.5300  153.81   4039339.0
2018-03-02  152.7900  154.49   3261141.0
2018-03-05  154.1200  156.95   3670630.0
2018-03-06  157.2800  155.72   3594049.0
2018-03-07  155.0000  158.32   4607677.0
2018-03-08  159.0000  156.21   6095521.0
2018-03-09  157.4700  159.31   4783247.0
2018-03-12  159.6400  160.26   5056489.0
2018-03-13  160.0900  159.32   4097662.0
2018-03-14  160.1700  158.12   3614293.0
2018-03-15  158.7100  159.61   3860479.0
2018-03-16  160.0600  160.26   8447294.0
2018-03-19  159.7100  157.35   5415258.0
2018-03-20  157.5200  156.20   4296935.0
2018-03-21  156.5700  156.69   3240695.0
2018-03-22  155.0000  152.09   4617371.0
2018-03-23  152.2500  148.89   4389015.0
2018-03-26  151.2100  153.37   4038586.0
2018-03-27  153.9500  151.91   3810994.0