date    open   close      volume
                                     
2014-10-06  17.100  17.000   1776483.0
2014-10-07  16.970  16.910   1953968.0
2014-10-08  16.930  17.070   2752696.0
2014-10-09  17.000  16.830   2634364.0
2014-10-10  16.870  16.640   2761115.0
2014-10-13  16.590  16.620   2480655.0
2014-10-14  16.630  16.740   2559384.0
2014-10-15  16.610  16.480   4400412.0
2014-10-16  16.190  16.130   5981774.0
2014-10-17  16.230  16.000   2257629.0
2014-10-20  16.040  16.130   1650887.0
2014-10-21  16.280  16.400   2259974.0
2014-10-22  16.440  16.130   2344906.0
2014-10-23  16.260  16.300   1603986.0
2014-10-24  16.310  16.330   1911258.0
2014-10-27  16.270  16.220   1658953.0
2014-10-28  16.210  16.290   1177683.0
2014-10-29  16.290  16.290   1419402.0
2014-10-30  16.200  16.190   1892955.0
2014-10-31  16.280  16.390   2339898.0
2014-11-03  16.400  16.370   1846500.0
2014-11-04  16.290  16.160   1448117.0
2014-11-05  16.200  16.310   1842852.0
2014-11-06  16.290  16.470   2875910.0
2014-11-07  16.450  16.370   2381870.0
2014-11-10  16.350  16.550   2036372.0
2014-11-11  16.500  16.820   3654675.0
2014-11-12  16.770  16.880   2594277.0
2014-11-13  16.880  16.790   1840475.0
2014-11-14  16.800  16.970   1817028.0
2014-11-17  16.920  17.030   1859506.0
2014-11-18  17.040  17.020   2029145.0
2014-11-19  16.980  17.090   1575375.0
2014-11-20  16.970  17.160   2713256.0
2014-11-21  17.250  17.110   2291873.0
2014-11-24  17.100  17.190   1533041.0
2014-11-25  17.160  17.140   1498315.0
2014-11-26  17.150  17.190   1212669.0
2014-11-28  17.170  17.030    934868.0
2014-12-01  17.010  17.130   2042462.0
2014-12-02  17.170  17.260   3442839.0
2014-12-03  17.240  17.160   3143617.0
2014-12-04  17.120  17.250   2033659.0
2014-12-05  17.260  17.210   1937367.0
2014-12-08  17.190  17.230   2316865.0
2014-12-09  17.150  17.100   1609372.0
2014-12-10  17.070  16.990   2640522.0
2014-12-11  16.960  17.070   1767031.0
2014-12-12  16.920  16.870   2655146.0
2014-12-15  16.940  16.860   1606774.0
2014-12-16  16.900  16.860   2031941.0
2014-12-17  16.830  16.930   1911050.0
2014-12-18  17.000  17.050   2689731.0
2014-12-19  16.990  16.990   3269214.0
2014-12-22  16.980  17.090    929994.0
2014-12-23  17.150  17.140   1207789.0
2014-12-24  17.140  17.090    610850.0
2014-12-26  17.150  17.120    372102.0
2014-12-29  17.110  17.270   1271213.0
2014-12-30  17.250  17.270    606124.0
2014-12-31  17.250  17.250    805465.0
2015-01-02  17.280  17.290   1771239.0
2015-01-05  17.150  17.160   1995079.0
2015-01-06  17.180  17.000   2195134.0
2015-01-07  17.090  17.180    757287.0
2015-01-08  17.190  17.020   1453707.0
2015-01-09  17.050  16.940   1411994.0
2015-01-12  16.950  16.960   1088077.0
2015-01-13  16.990  16.970   1772916.0
2015-01-14  16.910  17.060   1548108.0
2015-01-15  17.070  17.020   1063571.0
2015-01-16  17.000  16.970   1546430.0
2015-01-20  16.950  16.910   1636317.0
2015-01-21  16.920  17.040   1504777.0
2015-01-22  17.090  17.020   1887326.0
2015-01-23  17.000  16.960   1844365.0
2015-01-26  16.960  17.060   2003007.0
2015-01-27  17.000  17.010   1110607.0
2015-01-28  16.900  16.920   3081999.0
2015-01-29  16.920  16.930   2087018.0
2015-01-30  16.930  16.920   2727338.0
2015-02-02  16.940  17.020   2039179.0
2015-02-03  17.040  17.090   1905639.0
2015-02-04  17.040  17.000   2017708.0
2015-02-05  17.080  17.060   1646031.0
2015-02-06  17.070  17.160   5544024.0
2015-02-09  17.100  17.070   1092010.0
2015-02-10  17.150  17.130   1275587.0
2015-02-11  17.120  17.150   2220270.0
2015-02-12  17.160  17.240   4719942.0
2015-02-13  17.250  17.200   3129338.0
2015-02-17  17.210  17.360   2128391.0
2015-02-18  17.310  17.390   1223747.0
2015-02-19  17.380  17.480   1320954.0
2015-02-20  17.480  17.540   1279757.0
2015-02-23  17.490  17.550   1410743.0
2015-02-24  17.530  17.560   1075227.0
2015-02-25  17.530  17.530   2388989.0
2015-02-26  17.520  17.620   2170749.0
2015-02-27  17.620  17.840   4644991.0
2015-03-02  17.920  17.920   3518693.0
2015-03-03  17.920  17.990   4410048.0
2015-03-04  17.910  17.960   2796241.0
2015-03-05  17.930  17.870   1388940.0
2015-03-06  17.870  17.860   4077835.0
2015-03-09  17.860  17.890   2783489.0
2015-03-10  17.800  17.840   2114110.0
2015-03-11  17.840  17.730   1910320.0
2015-03-12  17.740  17.720   1831973.0
2015-03-13  17.730  17.650   2638084.0
2015-03-16  17.670  17.680   1995590.0
2015-03-17  17.670  17.760   1513613.0
2015-03-18  17.750  17.790   3495272.0
2015-03-19  17.780  17.780   1831780.0
2015-03-20  17.740  17.860   3194525.0
2015-03-23  17.860  17.920   4139853.0
2015-03-24  17.900  17.910   1602937.0
2015-03-25  17.910  17.870   3085711.0
2015-03-26  17.840  17.740   2582127.0
2015-03-27  17.710  17.780   2237687.0
2015-03-30  17.800  17.730   4876698.0
2015-03-31  17.680  17.410  19703271.0
2015-04-01  17.460  17.550   7777980.0
2015-04-02  17.800  17.770  13507530.0
2015-04-06  17.780  17.680  63976909.0
2015-04-07  18.950  20.080   7260576.0
2015-04-08  20.180  19.890   5695995.0
2015-04-09  19.940  20.480   4995093.0
2015-04-10  20.500  20.250   6068417.0
2015-04-13  20.250  20.400   4402590.0
2015-04-14  20.340  20.550   6385212.0
2015-04-15  20.550  20.320   4093539.0
2015-04-16  20.240  19.180   7020549.0
2015-04-17  18.960  19.570   4687070.0
2015-04-20  19.590  19.700   2165937.0
2015-04-21  19.670  19.900   1380485.0
2015-04-22  19.870  19.880   1892439.0
2015-04-23  19.880  20.000   1415579.0
2015-04-24  20.000  20.210   1789825.0
2015-04-27  20.210  20.030   1613987.0
2015-04-28  19.900  20.190   3496542.0
2015-04-29  19.980  20.360   2757034.0
2015-04-30  20.370  20.360   2384858.0
2015-05-01  20.280  20.750   1205318.0
2015-05-04  20.760  21.100   1470238.0
2015-05-05  21.060  21.050   1583741.0
2015-05-06  21.130  20.930   1368864.0
2015-05-07  20.900  21.190   1270290.0
2015-05-08  21.150  20.720   1562804.0
2015-05-11  20.570  20.720   1147352.0
2015-05-12  20.600  20.540   1199061.0
2015-05-13  19.930  19.350   3191780.0
2015-05-14  19.390  18.280   2898655.0
2015-05-15  18.460  18.380   1666358.0
2015-05-18  18.270  18.140   2239287.0
2015-05-19  18.150  18.390   1841943.0
2015-05-20  18.430  18.120    672525.0
2015-05-21  18.160  18.170    899520.0
2015-05-22  18.020  18.080    343238.0
2015-05-26  17.690  18.040    846642.0
2015-05-27  18.010  18.380    805095.0
2015-05-28  18.320  18.380   1062076.0
2015-05-29  18.230  18.090   1566083.0
2015-06-01  18.070  17.960    916588.0
2015-06-02  17.940  17.720    825850.0
2015-06-03  17.720  17.870    698910.0
2015-06-04  17.740  17.600    715151.0
2015-06-05  17.570  17.800   1138415.0
2015-06-08  18.440  18.010    842246.0
2015-06-09  18.050  18.060   1000591.0
2015-06-10  18.030  18.590   1648739.0
2015-06-11  18.610  18.840   1173737.0
2015-06-12  18.710  18.490    848084.0
2015-06-15  19.020  18.490   1454210.0
2015-06-16  18.400  18.270   1226456.0
2015-06-17  18.210  18.310    541940.0
2015-06-18  18.360  18.210    876550.0
2015-06-19  18.090  17.870    846273.0
2015-06-22  18.240  18.420   1557594.0
2015-06-23  18.190  18.430   1433964.0
2015-06-24  18.490  17.990   1337112.0
2015-06-25  18.010  18.610   2662054.0
2015-06-26  18.780  18.280   6330071.0
2015-06-29  18.200  17.910   1532698.0
2015-06-30  18.080  17.760   1963539.0
2015-07-01  18.000  17.480   2020593.0
2015-07-02  17.450  17.360   2178202.0
2015-07-06  17.260  17.550   2204960.0
2015-07-07  17.600  17.230   1394870.0
2015-07-08  17.200  17.380    651569.0
2015-07-09  17.430  17.550    894861.0
2015-07-10  17.730  17.840    823750.0
2015-07-13  17.920  18.160    743970.0
2015-07-14  18.180  18.100    770315.0
2015-07-15  18.110  18.060    964046.0
2015-07-16  18.130  17.960    841519.0
2015-07-17  17.940  17.980   1486310.0
2015-07-20  18.010  17.950   1025710.0
2015-07-21  17.920  18.210    778808.0
2015-07-22  18.110  18.450    579197.0
2015-07-23  18.450  18.430    955456.0
2015-07-24  18.380  18.530    942462.0
2015-07-27  18.470  18.460    868812.0
2015-07-28  18.480  19.520   2313189.0
2015-07-29  19.640  19.490   2056415.0
2015-07-30  19.560  19.490   1241550.0
2015-07-31  19.510  19.800   1268717.0
2015-08-03  19.800  19.600    981315.0
2015-08-04  19.440  18.870   2432603.0
2015-08-05  19.000  18.890   2159391.0
2015-08-06  18.880  18.700    740631.0
2015-08-07  18.730  18.750    910831.0
2015-08-10  18.800  18.980   1430201.0
2015-08-11  19.020  19.510   5356724.0
2015-08-12  19.370  19.720   1802001.0
2015-08-13  19.720  19.710    617934.0
2015-08-14  19.660  19.580    368796.0
2015-08-17  19.500  19.450    631017.0
2015-08-18  19.020  19.280   1246341.0
2015-08-19  18.780  18.490   1623343.0
2015-08-20  18.390  17.460   1935726.0
2015-08-21  17.320  17.220   1851812.0
2015-08-24  15.120  16.130   2552368.0
2015-08-25  16.840  16.220   1702084.0
2015-08-26  16.420  16.500    929123.0
2015-08-27  16.820  16.760   1175253.0
2015-08-28  16.870  16.990    335212.0
2015-08-31  16.980  16.980    542639.0
2015-09-01  16.600  16.440    916262.0
2015-09-02  16.470  16.930    465553.0
2015-09-03  16.960  16.970    693810.0
2015-09-04  16.850  16.820    531221.0
2015-09-08  17.030  16.880    523668.0
2015-09-09  16.950  16.810    730589.0
2015-09-10  16.800  16.720    569539.0
2015-09-11  16.630  16.540    579552.0
2015-09-14  16.550  16.440    645325.0
2015-09-15  16.470  16.880    676919.0
2015-09-16  16.960  17.210    783909.0
2015-09-17  17.240  17.200    545962.0
2015-09-18  17.370  17.140    837120.0
2015-09-21  16.970  17.340    788434.0
2015-09-22  17.140  17.150    678279.0
2015-09-23  17.190  16.780    854215.0
2015-09-24  16.700  16.980    494955.0
2015-09-25  17.080  16.630    608278.0
2015-09-28  16.570  15.880   1217954.0
2015-09-29  15.900  15.570   1096668.0
2015-09-30  15.560  15.330   1363830.0
2015-10-01  15.320  14.920   1585371.0
2015-10-02  14.950  15.160    949269.0
2015-10-05  15.550  16.080   1027126.0
2015-10-06  16.080  16.220    699998.0
2015-10-07  16.310  16.300    459491.0
2015-10-08  16.250  16.310    758558.0
2015-10-09  16.380  16.680    473071.0
2015-10-12  16.680  16.490    467663.0
2015-10-13  16.390  16.380    419767.0
2015-10-14  16.390  16.500    544391.0
2015-10-15  16.540  16.780    436141.0
2015-10-16  16.750  16.570    354218.0
2015-10-19  16.480  16.540    237255.0
2015-10-20  16.580  16.660    529448.0
2015-10-21  16.700  16.190    421340.0
2015-10-22  16.360  16.060    415346.0
2015-10-23  16.280  16.460    506692.0
2015-10-26  16.560  16.470    346451.0
2015-10-27  16.400  16.620    405749.0
2015-10-28  16.700  16.650    451550.0
2015-10-29  16.650  16.500    438250.0
2015-10-30  16.540  16.220    548277.0
2015-11-02  16.240  16.240    649989.0
2015-11-03  16.260  16.800    677489.0
2015-11-04  16.890  16.760    674529.0
2015-11-05  16.770  16.540    423972.0
2015-11-06  16.550  16.360    531635.0
2015-11-09  16.350  16.180    785119.0
2015-11-10  16.050  16.000   1253003.0
2015-11-11  16.100  15.440   1263290.0
2015-11-12  15.990  16.390   2173996.0
2015-11-13  16.320  16.110    529943.0
2015-11-16  16.070  16.050    471499.0
2015-11-17  16.020  15.870    748722.0
2015-11-18  15.850  16.000    275561.0
2015-11-19  15.980  16.030    654444.0
2015-11-20  16.000  16.170    429500.0
2015-11-23  16.070  15.610    637194.0
2015-11-24  15.300  15.510    433868.0
2015-11-25  15.560  15.460    260084.0
2015-11-27  15.430  15.580    213634.0
2015-11-30  15.570  15.530    449220.0
2015-12-01  15.650  15.570    309948.0
2015-12-02  15.530  15.500    708640.0
2015-12-03  15.540  15.510    454220.0
2015-12-04  15.650  15.800    550169.0
2015-12-07  15.670  15.690    565836.0
2015-12-08  15.440  15.490    538156.0
2015-12-09  15.480  15.340    596772.0
2015-12-10  15.380  15.180    305927.0
2015-12-11  14.970  14.950    565829.0
2015-12-14  14.930  14.740    980566.0
2015-12-15  14.850  15.250    638730.0
2015-12-16  15.350  15.380    844795.0
2015-12-17  15.410  15.020   2012890.0
2015-12-18  14.990  15.160   1076319.0
2015-12-21  15.230  15.520    898743.0
2015-12-22  15.560  15.550    592009.0
2015-12-23  15.600  16.190    661924.0
2015-12-24  16.140  16.390    485721.0
2015-12-28  16.300  16.580    949627.0
2015-12-29  16.580  16.640    788953.0
2015-12-30  16.590  16.470    589469.0
2015-12-31  16.460  16.180    466460.0
2016-01-04  15.940  16.160    400007.0
2016-01-05  16.160  15.860    568879.0
2016-01-06  15.710  15.600    747720.0
2016-01-07  15.300  15.010    721394.0
2016-01-08  15.070  15.000    932989.0
2016-01-11  15.070  15.250    792480.0
2016-01-12  15.350  15.240   1336353.0
2016-01-13  15.310  14.930   1317919.0
2016-01-14  14.880  14.820    950554.0
2016-01-15  14.580  14.370   1262781.0
2016-01-19  14.520  14.240    590632.0
2016-01-20  14.010  14.230    815676.0
2016-01-21  14.230  14.360    519754.0
2016-01-22  14.460  14.610    466468.0
2016-01-25  14.570  13.930    402505.0
2016-01-26  13.950  14.210    306260.0
2016-01-27  14.150  14.190    441332.0
2016-01-28  14.350  14.050    404225.0
2016-01-29  14.090  14.470    743953.0
2016-02-01  14.400  14.260    770747.0
2016-02-02  14.170  13.870    621908.0
2016-02-03  13.910  13.780    669600.0
2016-02-04  13.760  13.840    546313.0
2016-02-05  13.760  13.760    577670.0
2016-02-08  13.580  13.200    888482.0
2016-02-09  13.000  13.040    997672.0
2016-02-10  13.100  12.990    777434.0
2016-02-11  12.750  12.710    787480.0
2016-02-12  12.810  13.220    375134.0
2016-02-16  13.370  13.700    307361.0
2016-02-17  13.750  14.090    578754.0
2016-02-18  14.140  14.270    446942.0
2016-02-19  14.250  14.270    563964.0
2016-02-22  14.380  14.690    455345.0
2016-02-23  14.680  14.360    648941.0
2016-02-24  14.120  14.300    499793.0
2016-02-25  14.270  14.660    312570.0
2016-02-26  14.770  14.940    506094.0
2016-02-29  14.950  14.780    480325.0
2016-03-01  14.930  15.310    347106.0
2016-03-02  15.310  15.380    304516.0
2016-03-03  15.370  15.760    401401.0
2016-03-04  15.710  15.790    514138.0
2016-03-07  15.780  16.190    548318.0
2016-03-08  16.060  15.910    244268.0
2016-03-09  15.970  15.750    380954.0
2016-03-10  15.880  15.690    259036.0
2016-03-11  15.760  16.190    472635.0
2016-03-14  16.150  16.170    275086.0
2016-03-15  16.110  15.900    321211.0
2016-03-16  15.870  17.010   1429924.0
2016-03-17  17.960  17.770   1401570.0
2016-03-18  18.130  17.960    705461.0
2016-03-21  17.950  17.810    379997.0
2016-03-22  17.700  17.830    445342.0
2016-03-23  17.740  17.420    375880.0
2016-03-24  17.390  17.590    548635.0
2016-03-28  17.840  17.940    648246.0
2016-03-29  17.740  17.640    772317.0
2016-03-30  17.840  17.900    891828.0
2016-03-31  17.800  18.250    725140.0
2016-04-01  18.040  18.490    760278.0
2016-04-04  18.430  17.870   1071917.0
2016-04-05  17.830  17.650    724230.0
2016-04-06  17.650  17.670    542969.0
2016-04-07  17.660  17.490    869447.0
2016-04-08  17.570  17.690    697811.0
2016-04-11  17.810  17.470    657355.0
2016-04-12  17.540  17.790    475622.0
2016-04-13  17.840  18.280    714555.0
2016-04-14  18.260  17.890    426912.0
2016-04-15  17.900  17.870    425769.0
2016-04-18  17.820  17.620    595090.0
2016-04-19  17.700  17.960   1335255.0
2016-04-20  17.940  17.940    460789.0
2016-04-21  17.820  17.840    608724.0
2016-04-22  17.800  17.940    642831.0
2016-04-25  17.970  18.120    517241.0
2016-04-26  18.040  18.150    390017.0
2016-04-27  18.020  17.910    604273.0
2016-04-28  17.750  17.540    394779.0
2016-04-29  17.470  17.340    975430.0
2016-05-02  17.440  17.470    461765.0
2016-05-03  17.370  17.250    659961.0
2016-05-04  17.180  17.570    671857.0
2016-05-05  17.590  17.380    618251.0
2016-05-06  17.240  17.420    509906.0
2016-05-09  17.370  17.170    458605.0
2016-05-10  17.180  17.390    275981.0
2016-05-11  17.420  17.010    351816.0
2016-05-12  17.060  17.000    243961.0
2016-05-13  16.920  16.930    167512.0
2016-05-16  16.930  17.030    324796.0
2016-05-17  17.000  17.100    453640.0
2016-05-18  17.070  17.250    363571.0
2016-05-19  17.120  17.170    647645.0
2016-05-20  17.240  17.060    459691.0
2016-05-23  17.070  17.100    292398.0
2016-05-24  17.180  17.310    702449.0
2016-05-25  17.350  17.790    553669.0
2016-05-26  17.840  18.460   1073917.0
2016-05-27  18.510  18.520   1119633.0
2016-05-31  18.820  18.960   2546072.0
2016-06-01  18.810  19.060   1539491.0
2016-06-02  19.030  19.060    761878.0
2016-06-03  19.010  19.250    588451.0
2016-06-06  19.200  19.340    949126.0
2016-06-07  19.200  19.580   1535013.0
2016-06-08  19.710  19.500   1483303.0
2016-06-09  19.500  19.440    765250.0
2016-06-10  19.170  19.230    877168.0
2016-06-13  19.200  18.990    895142.0
2016-06-14  18.980  18.740    865273.0
2016-06-15  18.710  19.030    719640.0
2016-06-16  18.870  18.740    613286.0
2016-06-17  18.670  18.990    917736.0
2016-06-20  19.270  19.140    619697.0
2016-06-21  19.220  19.640    975813.0
2016-06-22  19.740  19.390   1246091.0
2016-06-23  19.660  19.480    574860.0
2016-06-24  18.660  18.890   3984540.0
2016-06-27  18.590  18.250    898481.0
2016-06-28  18.430  18.000   1091022.0
2016-06-29  18.200  18.200    819642.0
2016-06-30  18.270  18.740   1039326.0
2016-07-01  18.730  18.910    438379.0
2016-07-05  18.990  18.190   1174784.0
2016-07-06  18.020  18.220    465035.0
2016-07-07  18.250  18.260    525445.0
2016-07-08  18.370  18.630    513123.0
2016-07-11  18.730  19.120    707333.0
2016-07-12  19.220  19.350   1004637.0
2016-07-13  19.380  19.370    697355.0
2016-07-14  19.440  19.480    601063.0
2016-07-15  19.450  19.250    825491.0
2016-07-18  19.310  19.620    950925.0
2016-07-19  19.500  19.980   1033182.0
2016-07-20  20.000  20.240   1591992.0
2016-07-21  20.240  20.410   1022121.0
2016-07-22  20.400  20.590    947458.0
2016-07-25  20.500  20.990   2301322.0
2016-07-26  20.930  21.110   1615311.0
2016-07-27  21.140  20.950   1266382.0
2016-07-28  20.170  20.520   2250809.0
2016-07-29  20.500  20.900   1512204.0
2016-08-01  20.900  21.110   1590926.0
2016-08-02  21.070  21.150   1900951.0
2016-08-03  21.050  21.400   1830394.0
2016-08-04  21.420  21.570   1006819.0
2016-08-05  21.590  21.580   1127762.0
2016-08-08  21.470  21.480    787951.0
2016-08-09  21.400  21.720    690878.0
2016-08-10  21.670  21.880   1068731.0
2016-08-11  21.990  22.100   1573140.0
2016-08-12  22.050  22.200    915681.0
2016-08-15  22.180  22.820   1292149.0
2016-08-16  22.810  22.670   1450921.0
2016-08-17  22.650  22.500    812365.0
2016-08-18  22.400  22.740   1019383.0
2016-08-19  22.740  23.020    812846.0
2016-08-22  22.950  22.940    579512.0
2016-08-23  23.010  23.000    914606.0
2016-08-24  22.940  22.950   1468483.0
2016-08-25  22.860  22.820    896438.0
2016-08-26  22.830  22.760    825814.0
2016-08-29  22.830  22.920    893033.0
2016-08-30  22.920  22.590    777803.0
2016-08-31  22.570  22.830   2454990.0
2016-09-01  22.960  23.100   1406611.0
2016-09-02  23.120  23.500   1155680.0
2016-09-06  23.500  23.650    703641.0
2016-09-07  23.570  24.200   2706746.0
2016-09-08  24.200  23.760   1497668.0
2016-09-09  23.560  23.060   1698078.0
2016-09-12  22.930  23.730   1624256.0
2016-09-13  23.590  23.230   1149183.0
2016-09-14  23.200  23.520   1005186.0
2016-09-15  23.550  23.800    986870.0
2016-09-16  24.000  24.390   1479826.0
2016-09-19  24.480  24.090   1089729.0
2016-09-20  24.060  24.150   1632707.0
2016-09-21  24.100  24.210   1148371.0
2016-09-22  24.360  24.640   1370800.0
2016-09-23  24.520  24.750    748356.0
2016-09-26  24.620  24.590    711365.0
2016-09-27  24.580  24.720    776614.0
2016-09-28  24.840  24.780    881769.0
2016-09-29  24.740  24.830   1207490.0
2016-09-30  24.810  24.380   1561668.0
2016-10-03  24.420  24.660   1064654.0
2016-10-04  24.920  24.980   1940930.0
2016-10-05  24.970  25.150   1839503.0
2016-10-06  25.050  25.560   1783024.0
2016-10-07  25.580  26.290   2142817.0
2016-10-10  26.300  25.890   1156654.0
2016-10-11  25.880  26.000   1698319.0
2016-10-12  25.920  26.470   1279322.0
2016-10-13  26.300  26.160    985818.0
2016-10-14  26.240  26.690   1400711.0
2016-10-17  26.610  27.140   1937303.0
2016-10-18  27.230  26.820   1516357.0
2016-10-19  26.860  27.730   1257842.0
2016-10-20  27.660  28.380   2399368.0
2016-10-21  28.320  28.430   2159613.0
2016-10-24  28.510  28.450   1721579.0
2016-10-25  28.390  28.710   1759362.0
2016-10-26  28.490  28.360   1168949.0
2016-10-27  28.350  28.220    790903.0
2016-10-28  28.180  28.590   1401239.0
2016-10-31  28.720  28.720   1382684.0
2016-11-01  28.660  28.250   1837846.0
2016-11-02  28.150  28.100   1627818.0
2016-11-03  28.000  27.550   1385889.0
2016-11-04  27.450  27.690   1900714.0
2016-11-07  28.050  28.480   1253623.0
2016-11-08  28.420  29.000   1457095.0
2016-11-09  28.680  28.870    925057.0
2016-11-10  29.000  27.810   2104449.0
2016-11-11  27.700  28.980   1804769.0
2016-11-14  29.000  29.380   1263912.0
2016-11-15  29.500  29.740   1624907.0
2016-11-16  29.610  29.700   1216250.0
2016-11-17  29.630  29.580   1177654.0
2016-11-18  29.700  30.150   1962390.0
2016-11-21  31.150  28.690   4119988.0
2016-11-22  28.750  27.290   3659452.0
2016-11-23  27.030  26.570   1758581.0
2016-11-25  26.550  27.250    945679.0
2016-11-28  27.150  26.110   1517070.0
2016-11-29  26.200  25.980   2165099.0
2016-11-30  26.000  25.780   1652306.0
2016-12-01  25.590  24.530   2154461.0
2016-12-02  24.470  24.680   2033200.0
2016-12-05  24.800  25.120   1455844.0
2016-12-06  25.050  25.130   1383758.0
2016-12-07  25.100  25.490   1933382.0
2016-12-08  25.470  25.470   1085021.0
2016-12-09  25.640  24.900   1588877.0
2016-12-12  24.790  24.310   1549605.0
2016-12-13  24.500  24.450   2684847.0
2016-12-14  24.600  24.930   1550159.0
2016-12-15  24.960  26.010   3557869.0
2016-12-16  26.000  25.910   1731873.0
2016-12-19  25.920  25.420    811264.0
2016-12-20  25.490  25.760    729757.0
2016-12-21  25.640  25.860    435550.0
2016-12-22  25.860  25.830    689007.0
2016-12-23  25.800  25.830    532266.0
2016-12-27  25.740  25.570    794947.0
2016-12-28  25.500  25.610    548100.0
2016-12-29  25.530  25.300    625829.0
2016-12-30  25.350  25.520    540054.0
2017-01-03  25.520  25.650    962302.0
2017-01-04  25.570  25.860   1003745.0
2017-01-05  25.900  26.120    593388.0
2017-01-06  26.170  26.500    850086.0
2017-01-09  26.560  26.820   1611082.0
2017-01-10  26.850  26.870   1791396.0
2017-01-11  26.850  27.030   1343697.0
2017-01-12  27.010  27.280    828168.0
2017-01-13  27.260  27.090    891539.0
2017-01-17  27.000  27.000    836529.0
2017-01-18  27.080  26.550    932336.0
2017-01-19  26.520  26.600    700877.0
2017-01-20  26.740  27.280    711399.0
2017-01-23  27.310  27.540    479538.0
2017-01-24  27.600  27.760    813556.0
2017-01-25  27.780  28.120    551785.0
2017-01-26  27.600  26.700   1030288.0
2017-01-27  26.800  26.820    767393.0
2017-01-30  26.560  26.110    761127.0
2017-01-31  26.050  26.410    659370.0
2017-02-01  26.400  26.510    714262.0
2017-02-02  26.510  26.620    626640.0
2017-02-03  26.710  27.030    585949.0
2017-02-06  27.030  26.820    558073.0
2017-02-07  26.940  26.470    756969.0
2017-02-08  26.370  26.380    848045.0
2017-02-09  26.310  26.590    372242.0
2017-02-10  26.580  26.960    564414.0
2017-02-13  27.320  27.330    659134.0
2017-02-14  27.170  27.000    665819.0
2017-02-15  27.060  27.490    981724.0
2017-02-16  27.400  27.420    342302.0
2017-02-17  27.300  27.200    501506.0
2017-02-21  27.230  27.300    424272.0
2017-02-22  27.170  26.950    694561.0
2017-02-23  26.990  26.660    474996.0
2017-02-24  26.500  26.710    434234.0
2017-02-27  26.710  26.910    303215.0
2017-02-28  26.890  27.000    694023.0
2017-03-01  27.270  27.000    875934.0
2017-03-02  27.030  26.980    527157.0
2017-03-03  27.000  27.780    657299.0
2017-03-06  27.780  27.710    515577.0
2017-03-07  27.610  27.710    538387.0
2017-03-08  27.620  27.660    653889.0
2017-03-09  27.490  23.440   4847039.0
2017-03-10  23.500  23.500   1753509.0
2017-03-13  23.490  23.660   1107550.0
2017-03-14  23.590  23.650   1222088.0
2017-03-15  23.770  24.010    800087.0
2017-03-16  24.080  24.130    674450.0
2017-03-17  24.200  24.700    955611.0
2017-03-20  24.700  24.170    811032.0
2017-03-21  23.970  23.690    944428.0
2017-03-22  23.660  23.450    680225.0
2017-03-23  23.470  23.420    517266.0
2017-03-24  23.170  23.310    791708.0
2017-03-27  23.160  23.150    588296.0
2017-03-28  23.250  23.580    461121.0
2017-03-29  23.600  23.630    446599.0
2017-03-30  23.660  23.570    678546.0
2017-03-31  23.540  23.700    872915.0
2017-04-03  23.710  23.520    501059.0
2017-04-04  23.480  23.450    723073.0
2017-04-05  23.450  23.450    665120.0
2017-04-06  23.520  23.840    560256.0
2017-04-07  23.810  23.310    674553.0
2017-04-10  23.490  23.630    411293.0
2017-04-11  23.670  23.570    376805.0
2017-04-12  23.540  23.170    468460.0
2017-04-13  23.040  21.840   2271621.0
2017-04-17  21.930  21.290   2871751.0
2017-04-18  21.560  22.220   4039703.0
2017-04-19  22.330  21.870   1603199.0
2017-04-20  21.880  22.130   1212584.0
2017-04-21  22.170  22.340   1077973.0
2017-04-24  22.580  22.210   1410165.0
2017-04-25  22.280  21.805   1351213.0
2017-04-26  21.920  22.090   1186794.0
2017-04-27  22.130  22.620   1529466.0
2017-04-28  22.610  22.200    640370.0
2017-05-01  22.240  22.240    917474.0
2017-05-02  22.240  21.780   1135946.0
2017-05-03  21.830  21.600   1090301.0
2017-05-04  21.620  21.330   1109074.0
2017-05-05  21.460  22.040    826752.0
2017-05-08  22.060  21.620    851602.0
2017-05-09  21.700  21.540   1171806.0
2017-05-10  21.570  21.730   1729937.0
2017-05-11  21.730  21.580   1374359.0
2017-05-12  21.590  21.200    820586.0
2017-05-15  21.360  21.330   1013954.0
2017-05-16  21.380  21.550   1113084.0
2017-05-17  21.360  20.710    974439.0
2017-05-18  20.540  20.690    752277.0
2017-05-19  20.700  21.000    714134.0
2017-05-22  21.030  21.180    769836.0
2017-05-23  21.320  20.630   1006221.0
2017-05-24  20.690  21.000   1348273.0
2017-05-25  19.600  18.250   6159985.0
2017-05-26  18.180  18.220   2223628.0
2017-05-30  18.180  17.840   2495925.0
2017-05-31  17.890  17.750   1941862.0
2017-06-01  17.820  17.820   1793809.0
2017-06-02  17.850  18.090   2402566.0
2017-06-05  18.070  17.980   2042540.0
2017-06-06  17.840  18.220   2544274.0
2017-06-07  18.250  18.430   2742614.0
2017-06-08  18.500  18.670   2158568.0
2017-06-09  18.660  18.000   2231134.0
2017-06-12  18.000  18.030   1589110.0
2017-06-13  18.110  18.440   1101421.0
2017-06-14  18.550  18.100   1645614.0
2017-06-15  18.030  18.090   1184395.0
2017-06-16  18.050  18.190   1712051.0
2017-06-19  18.350  18.430   1327029.0
2017-06-20  18.410  18.560   1559243.0
2017-06-21  18.400  17.690   2253738.0
2017-06-22  17.420  17.960   1854773.0
2017-06-23  18.050  18.590   3133452.0
2017-06-26  18.660  18.520   2130476.0
2017-06-27  18.400  18.760   1913626.0
2017-06-28  18.830  18.400   2637655.0
2017-06-29  18.400  18.390   1317055.0
2017-06-30  18.370  18.300   1394097.0
2017-07-03  18.320  18.010    875263.0
2017-07-05  18.060  18.040   1623264.0
2017-07-06  18.000  18.000   1757153.0
2017-07-07  18.000  18.100   1440779.0
2017-07-10  18.150  18.480   1727602.0
2017-07-11  18.520  18.500   1070191.0
2017-07-12  18.550  18.270   1375045.0
2017-07-13  18.300  18.520   1492083.0
2017-07-14  18.550  18.650   1174690.0
2017-07-17  18.610  18.220   1333923.0
2017-07-18  18.200  18.540   1403983.0
2017-07-19  18.580  18.950   1262969.0
2017-07-20  19.020  18.940    816575.0
2017-07-21  18.900  18.710   1485118.0
2017-07-24  18.820  19.590   2606709.0
2017-07-25  19.630  19.880   2689299.0
2017-07-26  19.860  20.000   2168341.0
2017-07-27  20.000  19.870   1775903.0
2017-07-28  19.880  19.210   1503553.0
2017-07-31  19.310  19.040   3453894.0
2017-08-01  20.590  21.460   5815959.0
2017-08-02  21.420  21.140   3399337.0
2017-08-03  21.180  20.520   2062989.0
2017-08-04  20.570  20.350   1319213.0
2017-08-07  20.400  20.320   1672377.0
2017-08-08  20.060  20.060   2166115.0
2017-08-09  19.890  19.830   1575014.0
2017-08-10  19.850  19.590   1814864.0
2017-08-11  19.380  19.480    706136.0
2017-08-14  19.690  19.690    989544.0
2017-08-15  19.710  19.850   1977303.0
2017-08-16  19.850  20.010   1348926.0
2017-08-17  20.020  20.030   1612552.0
2017-08-18  20.080  20.000   1388688.0
2017-08-21  19.960  20.020   1497872.0
2017-08-22  20.020  20.010   1135214.0
2017-08-23  19.870  19.810   1232740.0
2017-08-24  19.860  20.210   1310480.0
2017-08-25  20.220  20.400   1325004.0
2017-08-28  20.360  19.790   1889449.0
2017-08-29  19.810  20.340   2232918.0
2017-08-30  20.280  20.600   1143450.0
2017-08-31  20.630  20.370   1834992.0
2017-09-01  20.440  20.540   1049866.0
2017-09-05  20.550  20.500   1256512.0
2017-09-06  20.600  20.630   1321067.0
2017-09-07  20.640  20.540    752497.0
2017-09-08  20.560  20.090    958681.0
2017-09-11  20.170  20.550   2266957.0
2017-09-12  20.640  21.070   1981198.0
2017-09-13  21.070  21.360   2969945.0
2017-09-14  21.300  21.520   1802304.0
2017-09-15  21.550  22.240   4568552.0
2017-09-18  22.330  22.810   2155217.0
2017-09-19  22.780  22.450   1823077.0
2017-09-20  24.120  23.880   4091580.0
2017-09-21  23.880  23.560   1921723.0
2017-09-22  23.520  23.460   1265980.0
2017-09-25  23.400  23.250   1338419.0
2017-09-26  23.710  24.650   3921685.0
2017-09-27  24.170  24.280   2211911.0
2017-09-28  24.230  24.560   1465987.0
2017-09-29  24.610  24.550   1782791.0
2017-10-02  24.480  24.320   1795930.0
2017-10-03  24.400  24.710   2703712.0
2017-10-04  24.750  24.250   1721130.0
2017-10-05  24.670  24.640   3028487.0
2017-10-06  24.650  24.610   3115305.0
2017-10-09  24.610  24.330   1915275.0
2017-10-10  24.430  24.000   1530728.0
2017-10-11  24.040  23.710   1081232.0
2017-10-12  23.560  23.400   1428679.0
2017-10-13  23.400  23.620   1665613.0
2017-10-16  23.650  24.000   1408884.0
2017-10-17  23.960  23.370   2840884.0
2017-10-18  23.400  23.890   2015957.0
2017-10-19  23.710  23.790   2220894.0
2017-10-20  23.930  23.930   1239795.0
2017-10-23  23.830  23.460   1390461.0
2017-10-24  23.620  23.760   2006003.0
2017-10-25  23.660  23.570   1645358.0
2017-10-26  23.580  22.760   2502334.0
2017-10-27  22.800  22.860   2087732.0
2017-10-30  22.830  23.530   2596161.0
2017-10-31  23.470  23.500   2696054.0
2017-11-01  23.800  24.150   2440524.0
2017-11-02  24.160  23.720   1222135.0
2017-11-03  23.620  24.070   1326833.0
2017-11-06  24.050  24.300   1009932.0
2017-11-07  24.140  23.790   2119370.0
2017-11-09  24.000  24.080   2231274.0
2017-11-10  24.090  23.800   1409232.0
2017-11-13  23.700  23.850   3181214.0
2017-11-14  26.640  27.450   8349685.0
2017-11-15  27.140  27.760   3638907.0
2017-11-16  27.750  28.800   3688512.0
2017-11-17  28.720  28.540   2087834.0
2017-11-20  28.650  28.500   1973385.0
2017-11-21  28.500  28.510   1305564.0
2017-11-22  28.550  27.970   1121548.0
2017-11-24  27.990  28.100    740023.0
2017-11-27  27.820  27.900   1085493.0
2017-11-28  27.960  27.630   1456016.0
2017-11-29  28.840  27.530   1482835.0
2017-11-30  27.720  27.490   1861863.0
2017-12-01  27.390  27.750   1056355.0
2017-12-04  28.070  27.750    838030.0
2017-12-05  27.740  27.470   1522289.0
2017-12-06  27.400  27.320   1076072.0
2017-12-07  27.290  27.690   1130268.0
2017-12-08  27.760  26.670   1657936.0
2017-12-11  26.780  27.400   1078023.0
2017-12-12  27.320  27.040    683423.0
2017-12-13  27.140  27.150   1156790.0
2017-12-14  27.280  27.050    617272.0
2017-12-15  26.955  26.670   1674076.0
2017-12-18  26.700  26.480   1980997.0
2017-12-19  26.610  26.060   1203172.0
2017-12-20  26.040  26.680   1680664.0
2017-12-21  26.820  27.240   1398300.0
2017-12-22  26.810  26.250   1063681.0
2017-12-26  26.180  26.270   1201506.0
2017-12-27  26.250  26.430    831387.0
2017-12-28  26.470  26.320    614133.0
2017-12-29  26.440  26.510    945554.0
2018-01-02  26.500  26.760   1061425.0
2018-01-03  26.810  26.630   1118347.0
2018-01-04  26.720  26.900   1039140.0
2018-01-05  27.110  27.770   1368455.0
2018-01-08  27.800  27.600   1246444.0
2018-01-09  27.760  27.930   1699339.0
2018-01-10  27.610  27.640    894576.0
2018-01-11  27.610  28.030    817646.0
2018-01-12  27.980  27.790    729622.0
2018-01-16  28.070  27.330    720080.0
2018-01-17  27.550  27.490    764090.0
2018-01-18  27.460  26.980   1386668.0
2018-01-19  27.070  27.330    988292.0
2018-01-22  27.370  27.630    504280.0
2018-01-23  27.690  28.010   1134346.0
2018-01-24  28.070  28.360   2179797.0
2018-01-25  28.430  28.900   1518470.0
2018-01-26  28.790  28.880   1319260.0
2018-01-29  28.750  29.150   1754247.0
2018-01-30  28.930  28.940   1185572.0
2018-01-31  29.120  29.070    775459.0
2018-02-01  29.000  29.640   1473917.0
2018-02-02  29.410  28.840   1280294.0