date    open    close       volume
                                       
2014-10-06  34.150  34.1100   24323080.0
2014-10-07  34.040  33.4700   25972716.0
2014-10-08  33.490  34.2700   34963367.0
2014-10-09  34.150  33.6200   28192889.0
2014-10-10  32.620  31.9100   80917567.0
2014-10-13  31.720  31.4700   42117454.0
2014-10-14  31.990  32.1400   68671035.0
2014-10-15  30.535  31.2750   92309007.0
2014-10-16  30.890  30.8500   47787439.0
2014-10-17  31.200  31.3800   37504513.0
2014-10-20  31.040  31.5800   30523697.0
2014-10-21  31.670  32.6100   33281716.0
2014-10-22  32.660  32.2700   26725598.0
2014-10-23  32.720  32.6900   22255305.0
2014-10-24  32.720  33.1800   27814900.0
2014-10-27  33.080  33.2000   23751948.0
2014-10-28  33.230  33.7400   21859946.0
2014-10-29  33.760  33.9200   24615225.0
2014-10-30  33.580  32.5800   55217857.0
2014-10-31  33.740  34.0100   52089698.0
2014-11-03  33.810  34.3100   28703617.0
2014-11-04  34.250  34.5400   34695928.0
2014-11-05  34.050  33.7600   34705503.0
2014-11-06  33.691  33.8200   25240559.0
2014-11-07  33.980  33.5800   27604495.0
2014-11-10  33.430  33.2600   30653627.0
2014-11-11  33.360  33.3100   19676704.0
2014-11-12  33.230  33.3800   22864222.0
2014-11-13  33.350  33.6800   26449256.0
2014-11-14  33.750  33.9500   18104633.0
2014-11-17  33.820  34.2400   17646285.0
2014-11-18  34.190  34.7100   30676720.0
2014-11-19  34.690  34.3500   21289619.0
2014-11-20  34.140  35.9500   61994706.0
2014-11-21  35.980  35.5900   56721572.0
2014-11-24  35.890  36.2500   33321144.0
2014-11-25  36.360  36.3200   29093173.0
2014-11-26  36.370  36.9000   24062025.0
2014-11-28  37.040  37.2500   19128510.0
2014-12-01  37.210  37.1700   30904004.0
2014-12-02  37.180  37.6000   28361104.0
2014-12-03  37.680  37.4300   30660821.0
2014-12-04  37.400  37.4600   23397863.0
2014-12-05  37.570  37.6700   20527600.0
2014-12-08  37.460  37.2000   28134819.0
2014-12-09  36.670  36.8900   28487318.0
2014-12-10  36.930  36.4200   27499869.0
2014-12-11  36.500  36.7000   25090084.0
2014-12-12  36.450  36.2250   29322529.0
2014-12-15  36.390  35.9200   30633423.0
2014-12-16  35.860  35.5600   31166334.0
2014-12-17  35.620  36.2400   31637748.0
2014-12-18  36.750  37.0200   32128124.0
2014-12-19  37.020  36.3700   76786814.0
2014-12-22  36.390  37.2100   29227071.0
2014-12-23  37.400  37.4300   22169713.0
2014-12-24  37.470  37.4400   12109122.0
2014-12-26  37.520  37.5500   14037176.0
2014-12-29  37.450  37.1800   12203309.0
2014-12-30  37.080  36.7600   15214093.0
2014-12-31  36.630  36.2900   20393618.0
2015-01-02  36.670  36.3600   23605607.0
2015-01-05  36.200  35.9500   32784975.0
2015-01-06  36.080  35.2800   30847578.0
2015-01-07  35.640  36.0200   27725167.0
2015-01-08  36.370  36.6900   31765371.0
2015-01-09  36.770  36.7600   22691660.0
2015-01-12  36.900  36.6000   29400781.0
2015-01-13  36.870  36.5000   31477952.0
2015-01-14  36.330  36.3500   34250293.0
2015-01-15  36.525  36.1900   47181771.0
2015-01-16  36.120  36.4500   62812193.0
2015-01-20  36.100  36.0900   35929420.0
2015-01-21  35.850  36.4800   27442597.0
2015-01-22  36.560  36.9100   31809899.0
2015-01-23  36.960  36.4450   27427055.0
2015-01-26  36.185  35.8050   30906818.0
2015-01-27  34.400  34.1850   58456203.0
2015-01-28  34.470  33.7750   34929097.0
2015-01-29  33.840  34.2100   29569376.0
2015-01-30  33.700  33.0400   38719736.0
2015-02-02  33.060  33.6500   38733750.0
2015-02-03  33.780  33.7000   36038320.0
2015-02-04  33.670  33.6000   25052751.0
2015-02-05  33.680  33.9400   20491447.0
2015-02-06  33.920  33.2950   29342447.0
2015-02-09  33.000  32.9300   28705479.0
2015-02-10  33.200  33.7000   20200009.0
2015-02-11  33.670  33.5500   18364236.0
2015-02-12  33.980  34.1250   20056660.0
2015-02-13  34.250  34.3600   18037927.0
2015-02-17  34.400  34.7350   19374148.0
2015-02-18  34.650  34.2650   19992887.0
2015-02-19  34.250  34.2100   11017541.0
2015-02-20  34.150  34.4100   20955571.0
2015-02-23  34.400  33.7600   25565529.0
2015-02-24  33.610  34.4100   29607469.0
2015-02-25  34.030  33.9450   24686267.0
2015-02-26  33.620  33.6500   25928435.0
2015-02-27  33.630  33.2500   24427300.0
2015-03-02  33.290  34.0600   25406355.0
2015-03-03  33.950  34.0950   27331977.0
2015-03-04  33.860  34.1200   23005798.0
2015-03-05  34.260  33.7300   21225807.0
2015-03-06  33.540  33.1900   32373136.0
2015-03-09  33.200  32.7200   33058791.0
2015-03-10  32.240  31.7000   50278887.0
2015-03-11  31.970  32.3300   49683649.0
2015-03-12  31.010  30.8000  107402364.0
2015-03-13  30.630  30.9300   47954708.0
2015-03-16  30.930  30.8300   33074615.0
2015-03-17  30.580  30.5900   29215599.0
2015-03-18  30.410  30.8900   39834081.0
2015-03-19  30.780  30.7400   27414230.0
2015-03-20  30.990  31.3100   64777075.0
2015-03-23  31.290  31.2000   29693951.0
2015-03-24  31.160  30.7900   28471374.0
2015-03-25  30.810  29.8900   37690971.0
2015-03-26  29.500  30.0800   45450135.0
2015-03-27  30.010  32.0000   73857226.0
2015-03-30  31.660  31.4600   51391541.0
2015-03-31  31.430  31.2700   32098463.0
2015-04-01  31.130  30.8100   31532086.0
2015-04-02  30.800  30.8100   20909633.0
2015-04-06  30.810  31.0400   21490933.0
2015-04-07  31.070  31.2600   23258261.0
2015-04-08  31.230  31.3100   18250252.0
2015-04-09  30.680  31.2400   34167586.0
2015-04-10  31.330  31.9300   28084894.0
2015-04-13  31.810  31.7300   23489022.0
2015-04-14  31.680  31.4900   39754018.0
2015-04-15  32.260  32.8300   61083450.0
2015-04-16  32.850  32.8700   28903195.0
2015-04-17  32.510  32.4700   30593601.0
2015-04-20  32.610  32.7300   20649257.0
2015-04-21  32.930  32.4300   19023835.0
2015-04-22  32.410  32.7000   21144178.0
2015-04-23  32.040  32.3500   23775289.0
2015-04-24  32.410  32.0800   22759909.0
2015-04-27  32.080  32.5000   25869583.0
2015-04-28  32.300  33.0200   29572822.0
2015-04-29  32.560  32.8850   21819019.0
2015-04-30  32.710  32.5500   22013324.0
2015-05-01  32.630  33.4200   27091249.0
2015-05-04  33.270  33.4300   21397275.0
2015-05-05  33.000  32.6400   29779184.0
2015-05-06  32.500  32.2200   31985381.0
2015-05-07  32.270  32.2450   21475299.0
2015-05-08  32.510  32.8000   26926511.0
2015-05-11  32.680  32.6900   18358579.0
2015-05-12  32.440  32.2500   24530199.0
2015-05-13  32.270  32.6400   20470841.0
2015-05-14  32.860  32.9700   21098939.0
2015-05-15  33.090  32.9900   17149694.0
2015-05-18  32.980  33.4100   23689479.0
2015-05-19  33.360  33.1500   21867134.0
2015-05-20  33.060  33.3700   21359801.0
2015-05-21  33.210  33.5500   21269776.0
2015-05-22  33.470  33.4500   20845033.0
2015-05-26  33.270  33.1050   28594511.0
2015-05-27  33.200  33.7100   30172655.0
2015-05-28  33.740  34.0100   27065690.0
2015-05-29  34.240  34.4600   43545500.0
2015-06-01  34.370  33.9050   46734502.0
2015-06-02  33.640  33.2700   36351102.0
2015-06-03  33.170  32.7300   38138690.0
2015-06-04  32.510  32.3100   33761835.0
2015-06-05  32.280  31.8400   27778516.0
2015-06-08  31.810  31.3000   38171576.0
2015-06-09  31.330  31.2500   33976735.0
2015-06-10  31.460  31.8200   33336820.0
2015-06-11  31.950  31.8500   24293627.0
2015-06-12  31.720  31.3200   31629752.0
2015-06-15  31.120  31.3900   23174992.0
2015-06-16  31.260  31.6350   20254468.0
2015-06-17  31.750  31.9500   28194229.0
2015-06-18  32.080  32.3800   27722373.0
2015-06-19  32.400  32.0700   39008379.0
2015-06-22  32.260  32.2600   23608409.0
2015-06-23  32.305  32.0850   17995949.0
2015-06-24  32.150  31.9100   23313889.0
2015-06-25  32.020  31.9900   22743275.0
2015-06-26  31.510  31.0200   62157179.0
2015-06-29  30.700  30.3900   35194454.0
2015-06-30  30.630  30.4150   34412200.0
2015-07-01  30.490  30.1800   27178920.0
2015-07-02  30.180  30.5550   27105223.0
2015-07-06  30.240  30.0400   32468065.0
2015-07-07  29.870  29.9000   43833713.0
2015-07-08  29.400  29.5000   45223830.0
2015-07-09  29.720  28.9300   47167803.0
2015-07-10  29.200  29.1700   31423799.0
2015-07-13  29.270  29.7300   26452360.0
2015-07-14  29.660  29.6500   39778254.0
2015-07-15  29.650  29.6900   47852544.0
2015-07-16  30.470  29.9000   81166689.0
2015-07-17  29.660  29.4700   43697631.0
2015-07-20  29.620  29.1000   33812936.0
2015-07-21  28.960  28.7200   45190988.0
2015-07-22  28.570  28.6050   36387172.0
2015-07-23  28.660  28.5950   33775157.0
2015-07-24  28.530  28.0600   31621031.0
2015-07-27  28.070  28.3500   42161050.0
2015-07-28  28.510  28.9600   33182433.0
2015-07-29  28.950  29.0100   26470181.0
2015-07-30  29.100  28.9100   26582443.0
2015-07-31  29.120  28.9500   27158763.0
2015-08-03  29.000  29.0500   26213584.0
2015-08-04  28.980  29.1300   25741719.0
2015-08-05  29.190  29.1200   23379988.0
2015-08-06  29.160  29.0100   27958192.0
2015-08-07  28.800  28.8800   25606125.0
2015-08-10  29.070  29.6400   22807360.0
2015-08-11  29.470  28.9700   23758859.0
2015-08-12  28.660  29.4600   33639471.0
2015-08-13  29.400  28.8700   18821945.0
2015-08-14  28.920  29.0200   14302700.0
2015-08-17  28.830  29.0800   15548322.0
2015-08-18  28.950  28.9100   19182638.0
2015-08-19  28.650  28.3600   30530143.0
2015-08-20  28.030  27.5300   31936568.0
2015-08-21  27.330  26.5600   52288393.0
2015-08-24  25.200  26.2500   83234171.0
2015-08-25  27.040  25.8700   59371859.0
2015-08-26  26.510  27.3000   47386736.0
2015-08-27  27.680  27.7200   38649417.0
2015-08-28  27.630  28.4200   43452360.0
2015-08-31  28.400  28.5400   42401832.0
2015-09-01  27.950  27.8200   44143954.0
2015-09-02  28.280  28.6000   34618814.0
2015-09-03  28.800  29.0800   38665922.0
2015-09-04  28.570  28.5200   29117537.0
2015-09-08  28.980  29.5000   27804971.0
2015-09-09  29.720  29.2400   30774099.0
2015-09-10  29.180  29.2700   25195775.0
2015-09-11  29.080  29.4700   21786879.0
2015-09-14  29.470  29.3900   24065075.0
2015-09-15  29.560  29.7300   29819023.0
2015-09-16  29.620  29.7700   25957758.0
2015-09-17  29.620  29.7100   29805245.0
2015-09-18  29.220  29.0200   60693435.0
2015-09-21  29.090  29.1600   24417127.0
2015-09-22  28.670  28.6700   28576221.0
2015-09-23  29.020  28.7400   25983954.0
2015-09-24  28.380  28.4800   32754744.0
2015-09-25  28.940  28.8100   29192322.0
2015-09-28  28.680  28.7600   41741821.0
2015-09-29  28.830  29.2400   34169562.0
2015-09-30  29.560  30.1150   39507452.0
2015-10-01  30.210  30.0000   29832842.0
2015-10-02  29.670  30.5100   27901454.0
2015-10-05  30.730  31.2100   34842513.0
2015-10-06  31.160  31.7400   35530196.0
2015-10-07  32.000  32.3150   36930069.0
2015-10-08  32.230  32.5200   27794648.0
2015-10-09  32.370  32.1400   24209923.0
2015-10-12  32.160  32.2100   18795025.0
2015-10-13  32.025  32.0400   35588607.0
2015-10-14  31.390  32.8000   75954805.0
2015-10-15  32.840  32.7500   37634791.0
2015-10-16  32.750  33.0400   29371313.0
2015-10-19  32.880  33.5900   37624029.0
2015-10-20  33.400  33.4400   24416140.0
2015-10-21  33.670  33.3700   32005294.0
2015-10-22  33.700  34.4000   39572646.0
2015-10-23  34.540  34.9000   42796629.0
2015-10-26  34.770  34.5900   22646897.0
2015-10-27  34.410  34.4700   22630111.0
2015-10-28  34.470  34.7100   21908366.0
2015-10-29  34.200  34.0300   21325186.0
2015-10-30  34.100  33.8600   24693857.0
2015-11-02  33.730  34.1100   21743084.0
2015-11-03  34.000  34.3100   18167033.0
2015-11-04  34.270  34.1500   20762063.0
2015-11-05  34.100  34.0000   16486057.0
2015-11-06  33.930  33.8400   23701653.0
2015-11-09  33.600  33.3500   24168738.0
2015-11-10  33.170  33.2100   22451689.0
2015-11-11  33.160  32.8600   19864710.0
2015-11-12  32.710  32.4000   23265389.0
2015-11-13  32.270  32.1100   23673174.0
2015-11-16  32.090  32.1000   29899659.0
2015-11-17  32.150  32.6400   22633643.0
2015-11-18  32.730  33.1600   18619760.0
2015-11-19  33.220  34.3000   45381552.0
2015-11-20  34.480  34.6600   41137747.0
2015-11-23  34.660  34.4800   20152861.0
2015-11-24  34.330  34.3600   21413535.0
2015-11-25  34.260  34.4500   17939406.0
2015-11-27  34.540  34.4600    6620857.0
2015-11-30  34.550  34.7700   21785791.0
2015-12-01  35.000  35.0900   23560239.0
2015-12-02  35.090  34.8300   18688180.0
2015-12-03  34.970  34.0400   30131055.0
2015-12-04  34.110  34.9350   24900994.0
2015-12-07  34.790  34.9850   17731885.0
2015-12-08  34.670  34.7500   13380229.0
2015-12-09  34.880  34.8100   22548299.0
2015-12-10  34.850  34.7700   17400745.0
2015-12-11  34.310  34.2700   21251423.0
2015-12-14  34.380  34.4700   19528029.0
2015-12-15  34.650  35.1800   24365862.0
2015-12-16  35.360  35.3000   23257890.0
2015-12-17  35.320  34.9100   24963557.0
2015-12-18  34.730  33.8650   41336631.0
2015-12-21  34.110  34.2400   18006803.0
2015-12-22  34.360  34.7300   18421967.0
2015-12-23  34.950  35.0000   12526530.0
2015-12-24  35.070  34.9800    5893789.0
2015-12-28  34.950  34.9300    9449390.0
2015-12-29  35.010  35.4400   14188583.0
2015-12-30  35.380  34.9900   11566786.0
2015-12-31  34.820  34.4500   14736687.0
2016-01-04  33.880  33.9900   27882190.0
2016-01-05  33.960  33.8300   16709510.0
2016-01-06  33.250  33.0800   25491255.0
2016-01-07  32.280  31.8400   37680521.0
2016-01-08  32.090  31.5100   29953840.0
2016-01-11  31.810  32.0600   27732435.0
2016-01-12  32.760  32.6800   28587697.0
2016-01-13  32.760  31.9100   34445691.0
2016-01-14  31.970  32.7400   48728154.0
2016-01-15  29.730  29.7600   76373920.0
2016-01-19  29.980  29.8000   28878108.0
2016-01-20  29.350  29.5900   39598190.0
2016-01-21  29.650  29.6600   30157376.0
2016-01-22  30.120  29.9250   25326490.0
2016-01-25  29.990  29.6000   26440976.0
2016-01-26  29.610  29.9400   24754949.0
2016-01-27  29.880  29.8100   26384138.0
2016-01-28  30.020  29.9700   22028142.0
2016-01-29  30.210  31.0200   38311356.0
2016-02-01  30.720  30.8200   19015120.0
2016-02-02  30.450  29.8000   24994282.0
2016-02-03  29.720  29.3400   44660057.0
2016-02-04  29.140  29.7700   29257839.0
2016-02-05  29.580  29.0400   27957541.0
2016-02-08  28.740  28.8200   28725928.0
2016-02-09  28.490  28.8100   22902625.0
2016-02-10  28.880  28.2300   27267783.0
2016-02-11  27.830  28.2200   28450212.0
2016-02-12  28.570  28.6400   19698998.0
2016-02-16  28.750  28.7800   30705228.0
2016-02-17  28.860  29.4700   27691728.0
2016-02-18  29.530  29.4200   20623257.0
2016-02-19  29.200  28.7100   42056701.0
2016-02-22  29.110  29.3500   23893145.0
2016-02-23  29.300  28.8000   26638208.0
2016-02-24  28.520  29.1900   21593601.0
2016-02-25  29.320  29.6200   17571439.0
2016-02-26  29.880  29.8000   19902219.0
2016-02-29  29.720  29.5900   22903077.0
2016-03-01  29.930  30.3700   25502568.0
2016-03-02  30.300  30.5400   23779774.0
2016-03-03  31.130  30.5800   25625212.0
2016-03-04  30.500  30.6300   20356845.0
2016-03-07  30.590  30.9400   18879949.0
2016-03-08  30.830  30.5600   18773637.0
2016-03-09  30.830  30.8650   14707806.0
2016-03-10  31.140  31.2500   29584840.0
2016-03-11  31.670  31.7600   22811232.0
2016-03-14  31.660  31.4300   17438583.0
2016-03-15  31.340  31.6500   16927746.0
2016-03-16  31.490  31.6900   26298416.0
2016-03-17  31.760  31.9800   22865286.0
2016-03-18  32.160  32.6800   49934246.0
2016-03-21  32.230  32.3400   21760871.0
2016-03-22  32.160  32.3200   22200449.0
2016-03-23  32.470  32.0000   18765319.0
2016-03-24  31.870  31.8800   14211908.0
2016-03-28  31.870  31.9000   11433018.0
2016-03-29  31.930  32.3800   15313190.0
2016-03-30  32.450  32.7100   16598019.0
2016-03-31  32.530  32.3500   17879995.0
2016-04-01  32.270  32.4500   18049694.0
2016-04-04  32.200  32.0000   21581634.0
2016-04-05  31.890  31.9000   20080011.0
2016-04-06  31.970  32.0800   15740607.0
2016-04-07  31.890  31.5500   23738226.0
2016-04-08  31.760  31.6300   17031882.0
2016-04-11  31.900  31.6700   19707683.0
2016-04-12  31.880  31.8600   16774210.0
2016-04-13  31.970  32.1300   19968076.0
2016-04-14  31.780  31.8000   21620893.0
2016-04-15  31.790  31.4600   28782769.0
2016-04-18  31.430  31.6500   21566599.0
2016-04-19  31.700  31.6000   33619314.0
2016-04-20  31.320  32.0000   57629791.0
2016-04-21  31.940  31.9700   28431358.0
2016-04-22  31.740  31.6400   29625641.0
2016-04-25  31.360  31.3900   19315711.0
2016-04-26  31.390  31.4000   20976362.0
2016-04-27  31.250  31.7500   20006239.0
2016-04-28  31.450  31.1100   25146389.0
2016-04-29  30.860  30.2800   36443747.0
2016-05-02  30.450  30.6100   21086632.0
2016-05-03  30.410  30.3600   27111147.0
2016-05-04  30.170  29.8500   23278779.0
2016-05-05  29.870  29.9000   23393270.0
2016-05-06  29.610  30.0400   19632199.0
2016-05-09  30.080  29.8000   16888275.0
2016-05-10  30.000  30.1400   17013816.0
2016-05-11  30.160  30.0600   15754233.0
2016-05-12  30.110  29.7600   20826694.0
2016-05-13  29.860  29.9100   19999591.0
2016-05-16  29.900  30.3900   21826072.0
2016-05-17  30.570  29.9800   25709903.0
2016-05-18  30.030  29.9900   22469947.0
2016-05-19  29.770  29.6300   21740870.0
2016-05-20  29.730  30.1500   22777251.0
2016-05-23  30.230  30.2300   20881905.0
2016-05-24  30.500  31.0600   23699229.0
2016-05-25  31.200  31.3900   18423836.0
2016-05-26  31.490  31.4900   12692300.0
2016-05-27  31.600  31.5700   13341296.0
2016-05-31  31.510  31.5900   23040218.0
2016-06-01  31.620  31.6600   17753532.0
2016-06-02  31.560  31.7600   14140127.0
2016-06-03  31.740  31.6200   15777539.0
2016-06-06  31.640  31.6800   15139603.0
2016-06-07  31.750  31.8800   19339090.0
2016-06-08  31.800  31.8900   12732088.0
2016-06-09  31.680  31.9400   11276764.0
2016-06-10  31.700  32.0400   35749113.0
2016-06-13  32.050  32.1700   23004832.0
2016-06-14  32.010  32.1400   18754277.0
2016-06-15  32.250  31.6100   23783272.0
2016-06-16  31.440  31.6900   18547853.0
2016-06-17  31.730  31.7600   27047860.0
2016-06-20  32.070  32.1700   21961579.0
2016-06-21  32.260  32.3200   15476450.0
2016-06-22  32.300  32.2900   18304758.0
2016-06-23  32.580  32.9900   22048784.0
2016-06-24  31.800  31.5500   38094301.0
2016-06-27  31.410  30.7200   35454030.0
2016-06-28  30.970  31.1900   23693871.0
2016-06-29  31.350  31.9300   22771058.0
2016-06-30  32.000  32.8000   34528919.0
2016-07-01  32.640  32.7500   17084570.0
2016-07-05  32.500  32.6800   20107191.0
2016-07-06  32.800  32.9700   21070217.0
2016-07-07  32.960  33.2000   26119445.0
2016-07-08  33.650  34.0000   23341870.0
2016-07-11  34.040  34.3800   23820667.0
2016-07-12  34.510  34.9400   28064113.0
2016-07-13  35.040  35.0100   29120904.0
2016-07-14  35.130  35.2000   25296374.0
2016-07-15  35.260  35.0700   23661856.0
2016-07-18  35.180  35.0500   19347177.0
2016-07-19  34.890  35.1500   20395424.0
2016-07-20  35.300  35.6900   42994187.0
2016-07-21  34.330  34.2700   63708597.0
2016-07-22  34.380  34.6600   33033653.0
2016-07-25  34.620  34.6900   20277701.0
2016-07-26  34.750  35.0900   29644428.0
2016-07-27  35.000  34.8300   23601763.0
2016-07-28  34.830  34.7700   21667377.0
2016-07-29  34.770  34.8600   18171236.0
2016-08-01  34.820  34.8500   18824409.0
2016-08-02  34.810  34.5600   20057327.0
2016-08-03  34.100  34.2500   18388764.0
2016-08-04  34.290  34.5800   16362642.0
2016-08-05  34.800  34.9800   20046211.0
2016-08-08  34.900  35.0400   19497332.0
2016-08-09  35.040  34.9200   12578884.0
2016-08-10  35.000  34.5300   19579027.0
2016-08-11  34.660  34.6800   16364120.0
2016-08-12  34.520  34.5700   15708316.0
2016-08-15  34.700  34.9100   18931063.0
2016-08-16  34.770  35.2100   16320929.0
2016-08-17  35.170  35.0200   18221644.0
2016-08-18  34.960  34.9700   16085181.0
2016-08-19  34.840  35.2400   16417640.0
2016-08-22  35.200  35.3600   14941430.0
2016-08-23  35.500  35.4000   18316042.0
2016-08-24  35.320  35.1500   16343525.0
2016-08-25  35.050  35.0900   12427980.0
2016-08-26  35.110  35.2600   14469924.0
2016-08-29  35.480  35.5500   15264300.0
2016-08-30  35.590  35.7000   15183208.0
2016-08-31  35.620  35.8900   20562722.0
2016-09-01  35.990  36.0200   18925769.0
2016-09-02  36.210  36.0800   16726718.0
2016-09-06  36.380  36.5700   22337790.0
2016-09-07  36.650  36.4600   18495645.0
2016-09-08  36.350  36.4400   20356511.0
2016-09-09  36.100  35.4400   29457900.0
2016-09-12  35.190  36.0800   22796599.0
2016-09-13  35.750  35.6100   23591345.0
2016-09-14  35.510  35.6200   14127224.0
2016-09-15  35.740  36.5600   24585103.0
2016-09-16  37.720  37.6700   74577899.0
2016-09-19  37.690  37.1600   30531708.0
2016-09-20  37.420  37.1400   24796900.0
2016-09-21  37.210  37.4500   21233698.0
2016-09-22  37.600  37.5500   17013410.0
2016-09-23  37.450  37.1900   18062474.0
2016-09-26  36.920  36.6500   25518796.0
2016-09-27  36.900  37.1800   22391576.0
2016-09-28  37.310  37.4400   19020799.0
2016-09-29  37.490  37.3200   17674969.0
2016-09-30  37.470  37.7500   24279306.0
2016-10-03  37.690  37.6600   14113578.0
2016-10-04  37.770  37.5400   14393109.0
2016-10-05  37.750  37.9900   22420804.0
2016-10-06  37.840  38.0700   15171434.0
2016-10-07  38.080  38.1000   16942539.0
2016-10-10  38.250  38.0200   14954297.0
2016-10-11  37.910  37.2700   27650460.0
2016-10-12  37.200  37.1300   14053888.0
2016-10-13  36.850  36.9700   16936015.0
2016-10-14  37.190  37.4500   19123944.0
2016-10-17  37.550  37.2900   15788142.0
2016-10-18  37.970  37.7500   42907753.0
2016-10-19  36.070  35.5100   75229016.0
2016-10-20  35.410  35.4300   25669479.0
2016-10-21  35.210  35.1500   20813248.0
2016-10-24  35.430  35.2600   21524741.0
2016-10-25  35.140  35.1000   17860312.0
2016-10-26  35.040  34.9200   19977604.0
2016-10-27  35.100  34.8100   14634685.0
2016-10-28  34.870  34.7400   22296428.0
2016-10-31  34.920  34.8700   19188602.0
2016-11-01  34.900  34.5200   25368222.0
2016-11-02  34.600  34.6000   21416408.0
2016-11-03  34.450  33.9300   19400032.0
2016-11-04  33.530  33.6100   21914746.0
2016-11-07  34.240  34.6900   19296598.0
2016-11-08  34.600  34.7400   14833126.0
2016-11-09  34.130  34.7500   25999427.0
2016-11-10  34.950  34.5000   28250229.0
2016-11-11  34.570  34.6100   22665026.0
2016-11-14  34.560  34.4800   22558941.0
2016-11-15  34.640  34.9100   20676112.0
2016-11-16  34.900  34.8400   18565450.0
2016-11-17  34.810  35.0200   15748521.0
2016-11-18  34.900  34.9500   16806853.0
2016-11-21  35.100  34.9800   14259526.0
2016-11-22  35.180  35.4800   22327447.0
2016-11-23  35.480  35.2000   15843618.0
2016-11-25  35.110  35.4400    6372836.0
2016-11-28  35.430  35.5100   13549048.0
2016-11-29  34.630  35.3100   19581040.0
2016-11-30  33.880  34.7000   27016070.0
2016-12-01  34.860  33.7600   29618687.0
2016-12-02  33.720  34.1600   21492534.0
2016-12-05  34.310  34.3900   14461972.0
2016-12-06  34.390  34.7200   15297703.0
2016-12-07  34.670  35.5000   21710273.0
2016-12-08  35.480  35.7000   19966537.0
2016-12-09  35.750  35.7600   16326925.0
2016-12-12  35.780  35.9700   21985830.0
2016-12-13  36.010  36.8000   35773592.0
2016-12-14  36.700  36.5500   30819365.0
2016-12-15  36.740  36.7900   23721538.0
2016-12-16  36.720  36.3100   38212824.0
2016-12-19  36.340  36.8900   18744306.0
2016-12-20  36.950  37.2100   18551844.0
2016-12-21  37.250  36.9800   14323574.0
2016-12-22  37.230  36.9300   10793879.0
2016-12-23  36.930  36.9700    6287281.0
2016-12-27  36.910  37.0700    9033706.0
2016-12-28  37.100  36.6300   12868584.0
2016-12-29  36.510  36.6600    8447998.0
2016-12-30  36.790  36.2700   17467984.0
2017-01-03  36.610  36.6000   20196466.0
2017-01-04  36.710  36.4100   15915729.0
2017-01-05  36.450  36.3500   13986002.0
2017-01-06  36.590  36.4800   15113998.0
2017-01-09  36.480  36.6100   19461422.0
2017-01-10  36.550  36.5400   15918766.0
2017-01-11  36.510  36.9500   22398426.0
2017-01-12  36.830  36.7100   20391946.0
2017-01-13  36.710  36.7900   15072235.0
2017-01-17  36.670  36.8000   20195202.0
2017-01-18  36.890  36.7600   15382452.0
2017-01-19  36.510  36.5700   13654522.0
2017-01-20  36.760  36.9400   23950936.0
2017-01-23  37.070  36.7700   27752565.0
2017-01-24  36.840  37.6200   35140871.0
2017-01-25  37.870  37.8000   32357313.0
2017-01-26  37.820  37.5600   34144843.0
2017-01-27  38.000  37.9800   44368566.0
2017-01-30  37.740  37.4200   23954716.0
2017-01-31  37.220  36.8200   27059084.0
2017-02-01  36.820  36.5200   28380640.0
2017-02-02  36.260  36.6800   31916939.0
2017-02-03  36.690  36.5200   21038146.0
2017-02-06  36.510  36.2700   21426961.0
2017-02-07  36.450  36.3500   18581866.0
2017-02-08  36.340  36.3800   20807358.0
2017-02-09  36.500  35.4600   47802687.0
2017-02-10  35.260  35.3400   44106523.0
2017-02-13  35.570  35.8000   28180550.0
2017-02-14  35.840  35.9300   25734801.0
2017-02-15  35.980  36.0500   18452197.0
2017-02-16  36.180  36.4100   21317455.0
2017-02-17  36.320  36.4800   18909888.0
2017-02-21  36.530  36.5200   20556017.0
2017-02-22  36.340  36.0700   29904370.0
2017-02-23  36.240  36.1800   22774979.0
2017-02-24  36.140  36.5300   18617592.0
2017-02-27  36.420  36.5100   14065236.0
2017-02-28  36.420  36.2000   24977011.0
2017-03-01  35.850  35.9300   34085869.0
2017-03-02  35.930  35.9100   23602100.0
2017-03-03  35.940  35.9000   17540896.0
2017-03-06  35.790  35.5700   24416732.0
2017-03-07  35.540  35.8000   23434893.0
2017-03-08  35.670  35.6200   20920148.0
2017-03-09  35.600  35.8200   23616786.0
2017-03-10  36.120  35.9100   25402348.0
2017-03-13  35.850  35.1600   53582931.0
2017-03-14  35.060  35.1800   28586871.0
2017-03-15  34.940  35.1000   27996095.0
2017-03-16  35.170  35.1400   19616053.0
2017-03-17  35.310  35.2700   30778867.0
2017-03-20  35.370  35.4300   17322274.0
2017-03-21  35.590  35.0400   22814547.0
2017-03-22  35.220  35.3700   19144498.0
2017-03-23  35.490  35.2700   20640352.0
2017-03-24  35.650  35.1600   22187960.0
2017-03-27  35.070  35.3900   16992235.0
2017-03-28  35.340  35.6000   18398148.0
2017-03-29  35.520  35.5700   17202642.0
2017-03-30  35.580  35.7500   16432950.0
2017-03-31  35.750  36.0700   21438385.0
2017-04-03  36.190  36.1600   32013641.0
2017-04-04  36.120  36.2800   18918045.0
2017-04-05  36.430  36.2200   22455525.0
2017-04-06  36.130  36.0300   20198223.0
2017-04-07  36.070  36.0300   15689208.0
2017-04-10  36.020  35.8000   19973723.0
2017-04-11  35.770  35.7400   22711830.0
2017-04-12  35.870  35.6300   19289787.0
2017-04-13  35.550  35.2500   15763996.0
2017-04-17  35.440  35.4800   12560746.0
2017-04-18  35.430  35.7650   12321050.0
2017-04-19  35.970  35.9100   16594635.0
2017-04-20  36.180  36.1800   22968262.0
2017-04-21  36.200  36.3200   20390513.0
2017-04-24  36.670  36.7500   26011786.0
2017-04-25  36.770  36.8700   21892107.0
2017-04-26  36.780  36.9300   26809609.0
2017-04-27  36.870  37.4300   36438738.0
2017-04-28  36.100  36.1300   55430985.0
2017-05-01  36.110  36.3100   24212032.0
2017-05-02  36.370  36.9800   35045705.0
2017-05-03  36.720  36.9601   21567453.0
2017-05-04  36.990  36.8500   16323334.0
2017-05-05  36.860  36.8200   18036366.0
2017-05-08  36.730  36.5200   17479168.0
2017-05-09  36.480  36.3700   17490239.0
2017-05-10  36.270  36.0100   23546390.0
2017-05-11  35.910  35.6900   21272009.0
2017-05-12  35.720  35.5300   19481621.0
2017-05-15  35.535  35.6300   21650268.0
2017-05-16  35.750  35.8200   22126165.0
2017-05-17  35.670  35.0400   25742251.0
2017-05-18  35.190  35.2200   16553907.0
2017-05-19  35.150  35.3850   17963279.0
2017-05-22  35.480  35.7700   14182846.0
2017-05-23  35.870  35.8600   16728567.0
2017-05-24  35.980  36.1200   20519568.0
2017-05-25  36.120  36.2600   13049150.0
2017-05-26  36.260  36.2600    9840551.0
2017-05-30  36.270  36.1800   12898472.0
2017-05-31  36.310  36.1100   17266251.0
2017-06-01  36.120  36.1200   17288864.0
2017-06-02  36.270  36.3200   18902927.0
2017-06-05  36.300  36.3400   11288983.0
2017-06-06  36.160  36.1300   18153646.0
2017-06-07  36.130  36.2600   16521287.0
2017-06-08  36.340  36.4800   16202388.0
2017-06-09  36.500  35.7100   32858966.0
2017-06-12  35.590  35.7300   27374877.0
2017-06-13  35.680  35.8800   20398500.0
2017-06-14  35.990  35.5300   19001268.0
2017-06-15  35.210  35.3100   19954738.0
2017-06-16  35.280  35.2100   28353654.0
2017-06-19  35.610  35.5100   20336817.0
2017-06-20  35.450  34.8600   21024240.0
2017-06-21  34.330  34.5800   26338267.0
2017-06-22  34.560  34.3600   23744016.0
2017-06-23  34.210  34.1900   24381873.0
2017-06-26  34.260  34.0700   18379220.0
2017-06-27  34.000  33.6500   26891930.0
2017-06-28  33.770  34.2000   25777730.0
2017-06-29  33.920  33.5400   24613002.0
2017-06-30  33.870  33.7400   23636451.0
2017-07-03  33.510  33.4600   12676069.0
2017-07-05  33.520  34.3400   29307289.0
2017-07-06  34.120  33.6300   20161025.0
2017-07-07  33.700  33.8800   17702383.0
2017-07-10  33.250  33.6500   26781949.0
2017-07-11  33.640  33.9200   24800985.0
2017-07-12  34.280  34.2500   23430086.0
2017-07-13  34.330  34.2400   14978889.0
2017-07-14  34.480  34.6800   16039785.0
2017-07-17  34.740  34.4700   20910434.0
2017-07-18  34.430  34.5300   14031968.0
2017-07-19  34.680  34.5600   15923372.0
2017-07-20  34.540  34.7500   16643270.0
2017-07-21  34.540  34.7300   21682999.0
2017-07-24  34.730  34.5000   15114242.0
2017-07-25  34.550  34.6700   17569006.0
2017-07-26  34.700  34.7500   15400452.0
2017-07-27  34.780  34.9700   39239149.0
2017-07-28  35.130  35.3100   35538732.0
2017-07-31  35.470  35.4700   26748090.0
2017-08-01  35.660  36.3500   37556349.0
2017-08-02  36.330  36.6400   34502824.0
2017-08-03  36.550  36.4900   26377878.0
2017-08-04  36.450  36.3000   20312844.0
2017-08-08  36.370  36.4100   21067835.0
2017-08-09  36.280  36.5900   22596679.0
2017-08-10  36.400  36.1200   22414962.0
2017-08-11  36.260  35.8700   18697159.0
2017-08-14  36.120  36.3400   16255600.0
2017-08-15  36.300  36.0000   20630421.0
2017-08-16  35.980  35.8200   21319536.0
2017-08-17  35.600  35.1700   18464078.0
2017-08-18  35.290  35.0100   15556756.0
2017-08-21  35.090  34.9200   25642017.0
2017-08-22  35.020  34.6500   25496798.0
2017-08-23  34.540  34.6600   19439392.0
2017-08-24  34.700  34.7100   13495890.0
2017-08-25  34.820  34.6700   14126663.0
2017-08-28  34.780  34.6500   20463229.0
2017-08-29  34.510  34.7300   15605382.0
2017-08-30  34.750  34.8900   18230633.0
2017-08-31  34.940  35.0700   15959145.0
2017-09-01  35.240  35.0850   12713069.0
2017-09-05  35.020  35.0200   18665229.0
2017-09-06  35.220  35.7600   26811090.0
2017-09-07  35.880  35.5400   16045217.0
2017-09-08  35.420  35.1900   13881093.0
2017-09-11  35.490  35.7700   18895979.0
2017-09-12  35.880  36.0900   19061818.0
2017-09-13  36.000  36.3300   15069601.0
2017-09-14  36.190  36.4800   17902903.0
2017-09-15  36.550  37.0000   32109972.0
2017-09-18  37.000  37.0000   19083499.0
2017-09-19  37.200  37.2300   21823446.0
2017-09-20  37.230  37.0700   23127098.0
2017-09-21  36.990  37.2000   20175216.0
2017-09-22  36.950  37.1800   20928369.0
2017-09-25  37.050  37.1600   22158905.0
2017-09-26  37.210  37.4700   29198356.0
2017-09-27  37.620  37.5400   25457387.0
2017-09-28  37.320  37.8300   20601061.0
2017-09-29  37.840  38.0800   22617651.0
2017-10-02  38.120  39.0400   36985170.0
2017-10-03  38.950  39.3800   33266885.0
2017-10-04  39.390  39.3400   27900633.0
2017-10-05  39.500  39.5300   17588371.0
2017-10-06  39.600  39.6300   18063051.0
2017-10-09  39.680  39.8600   18372360.0
2017-10-10  39.930  39.6500   29838331.0
2017-10-11  39.480  39.3000   30452182.0
2017-10-12  39.350  39.1900   18236204.0
2017-10-13  39.440  39.6700   16611521.0
2017-10-16  39.710  39.7600   12448746.0
2017-10-17  39.560  39.7900   15300505.0
2017-10-18  39.800  40.2500   20592939.0
2017-10-19  39.880  40.0900   18541779.0
2017-10-20  40.330  40.4300   17556315.0
2017-10-23  40.550  40.8300   28306520.0
2017-10-24  41.000  40.9500   18616857.0
2017-10-25  40.890  40.7800   23079947.0
2017-10-26  40.910  41.3500   35618913.0
2017-10-27  43.300  44.4000   88413551.0
2017-10-30  44.480  44.3700   46012316.0
2017-10-31  45.200  45.4900   46206973.0
2017-11-01  45.970  46.7100   47077781.0
2017-11-02  46.610  47.1000   37260192.0
2017-11-03  47.200  46.3400   38647115.0
2017-11-06  46.600  46.7000   31865449.0
2017-11-07  46.700  46.7800   23074092.0
2017-11-09  46.050  46.3000   24830309.0
2017-11-10  46.040  45.5800   23953470.0
2017-11-13  45.260  45.7500   18923183.0
2017-11-14  45.700  45.8600   20747874.0
2017-11-15  45.390  45.4600   16781344.0
2017-11-16  45.630  45.6500   21446297.0
2017-11-17  45.500  44.6300   62637555.0
2017-11-20  44.730  44.6200   22162614.0
2017-11-21  44.720  44.9400   20730988.0
2017-11-22  44.940  44.6500   19191241.0
2017-11-24  44.550  44.7500    6465615.0
2017-11-27  44.420  44.4900   17187942.0
2017-11-28  44.650  44.7300   19084500.0
2017-11-29  44.850  43.9500   26246867.0
2017-11-30  44.360  44.8400   32735416.0
2017-12-01  44.730  44.6800   26393385.0
2017-12-04  45.020  44.4900   26829460.0
2017-12-05  44.600  43.4400   30112131.0
2017-12-06  43.140  43.4500   24497550.0
2017-12-07  43.460  43.0800   31193561.0
2017-12-08  43.350  43.3500   22833083.0
2017-12-11  43.280  43.6600   18840783.0
2017-12-12  43.470  43.3300   15571482.0
2017-12-13  43.650  43.3400   21055298.0
2017-12-14  43.430  43.2600   18871565.0
2017-12-15  43.400  44.5600   44377039.0
2017-12-18  45.150  46.2600   49305190.0
2017-12-19  46.300  47.0400   39973826.0
2017-12-20  47.470  47.5600   39536777.0
2017-12-21  47.540  46.7600   42113273.0
2017-12-22  46.330  46.7000   33404280.0
2017-12-26  46.280  46.0800   15477747.0
2017-12-27  46.110  46.1100   12412977.0
2017-12-28  46.360  46.2200    9279766.0
2017-12-29  46.210  46.1600   17136416.0
2018-01-02  46.380  46.8300   22435059.0
2018-01-03  45.470  45.2600  113815771.0
2018-01-04  43.520  44.4300   88431631.0
2018-01-05  44.430  44.7400   41108418.0
2018-01-08  44.270  44.7400   33170821.0
2018-01-09  44.700  43.6200   43492902.0
2018-01-10  43.330  42.5000   44059159.0
2018-01-11  42.800  43.4100   31523034.0
2018-01-12  43.450  43.2100   29583447.0
2018-01-16  43.550  43.1400   37324201.0
2018-01-17  43.545  44.3900   30000859.0
2018-01-18  44.400  44.4800   25982209.0
2018-01-19  44.620  44.8200   24363801.0
2018-01-22  44.800  45.7500   26806431.0
2018-01-23  45.810  46.0600   20130997.0
2018-01-24  45.900  45.5000   33109340.0
2018-01-25  45.880  45.3000   30961792.0
2018-01-26  48.380  50.0800   84104806.0
2018-01-29  49.600  49.9800   45008982.0
2018-01-30  49.480  48.7900   31477243.0
2018-01-31  49.230  48.1400   40547656.0
2018-02-01  47.695  47.6500   28449942.0
2018-02-02  47.320  46.1500   27496966.0