date    open   close      volume
                                     
2014-10-06  20.100  19.950   2063509.0
2014-10-07  19.820  19.490   2448948.0
2014-10-08  19.530  19.820   2413914.0
2014-10-09  19.740  19.390   2520064.0
2014-10-10  19.290  18.200   4081879.0
2014-10-13  18.190  18.250   5844876.0
2014-10-14  18.370  18.780   3979539.0
2014-10-15  18.560  18.500   5886169.0
2014-10-16  18.150  18.490   5395168.0
2014-10-17  18.680  18.490   2284875.0
2014-10-20  18.440  18.620   2718983.0
2014-10-21  18.820  19.180   1849034.0
2014-10-22  19.170  18.860   2698263.0
2014-10-23  19.090  19.310   1940958.0
2014-10-24  19.340  19.430   1523724.0
2014-10-27  19.340  19.270   1734933.0
2014-10-28  19.390  20.110   2845827.0
2014-10-29  20.120  20.050   2805903.0
2014-10-30  19.950  20.370   2464257.0
2014-10-31  20.600  20.950   3043460.0
2014-11-03  20.900  21.290   2743735.0
2014-11-04  21.220  20.850  36679230.0
2014-11-05  20.740  21.080   3827431.0
2014-11-06  21.100  21.090   3476741.0
2014-11-07  21.150  21.130   2546732.0
2014-11-10  21.150  21.030   2399729.0
2014-11-11  20.970  21.110   1672392.0
2014-11-12  20.940  21.350   2491609.0
2014-11-13  20.940  20.520   3254650.0
2014-11-14  20.490  20.710   1645177.0
2014-11-17  20.690  20.820   2332759.0
2014-11-18  20.840  21.060   1854735.0
2014-11-19  21.000  20.570   1793388.0
2014-11-20  20.480  20.530   1295096.0
2014-11-21  20.780  20.620   1984173.0
2014-11-24  20.700  20.930   1667446.0
2014-11-25  20.980  20.920   1003020.0
2014-11-26  20.940  20.960   1235295.0
2014-11-28  20.840  20.750   1040821.0
2014-12-01  20.550  20.250   1844367.0
2014-12-02  20.210  20.610   1552310.0
2014-12-03  20.660  20.880   1238175.0
2014-12-04  20.870  20.660   1229489.0
2014-12-05  20.690  20.710   1484997.0
2014-12-08  20.680  20.250   1841146.0
2014-12-09  19.930  20.420   1768229.0
2014-12-10  20.400  20.030   1482266.0
2014-12-11  20.120  20.100   1540625.0
2014-12-12  19.850  19.510   1366883.0
2014-12-15  19.620  19.680   3036162.0
2014-12-16  19.630  19.690   2376030.0
2014-12-17  19.730  20.070   2971881.0
2014-12-18  21.250  20.960   5628988.0
2014-12-19  20.950  21.440   6203122.0
2014-12-22  21.470  21.610   3898544.0
2014-12-23  21.740  21.710   3087763.0
2014-12-24  21.750  21.880    682595.0
2014-12-26  21.950  22.330   1627769.0
2014-12-29  22.340  22.070   1673415.0
2014-12-30  22.010  22.060   1118557.0
2014-12-31  22.110  21.830   1502734.0
2015-01-02  21.860  21.620   2018532.0
2015-01-05  21.400  21.270   2549487.0
2015-01-06  21.300  21.020   3905474.0
2015-01-07  21.170  21.420   2016652.0
2015-01-08  21.660  21.980   3499465.0
2015-01-09  21.960  21.750   1939768.0
2015-01-12  21.700  21.480   1848067.0
2015-01-13  21.670  21.380   1815238.0
2015-01-14  21.100  21.130   2661348.0
2015-01-15  21.210  20.620   1994392.0
2015-01-16  20.600  21.070   1780533.0
2015-01-20  21.080  20.640   1925655.0
2015-01-21  20.540  20.590   1880029.0
2015-01-22  20.580  20.880   2206673.0
2015-01-23  20.880  20.790   1714483.0
2015-01-26  20.730  20.900   1494045.0
2015-01-27  20.530  20.470   2382426.0
2015-01-28  20.730  20.310   1484349.0
2015-01-29  20.410  20.950   2945003.0
2015-01-30  20.780  20.610   1553030.0
2015-02-02  20.720  20.670   1936017.0
2015-02-03  20.760  21.160   1770769.0
2015-02-04  21.020  20.980   1340434.0
2015-02-05  21.040  21.250   1100227.0
2015-02-06  21.250  21.240   1078754.0
2015-02-09  21.050  21.290   1082979.0
2015-02-10  21.500  21.560   1146377.0
2015-02-11  21.530  21.680   1784553.0
2015-02-12  21.800  22.000   1643379.0
2015-02-13  22.020  22.270   1870006.0
2015-02-17  22.220  22.230   1711826.0
2015-02-18  22.150  22.280   1505171.0
2015-02-19  22.180  22.220   1027296.0
2015-02-20  22.180  22.390    844719.0
2015-02-23  22.290  22.310   1241920.0
2015-02-24  22.290  22.590   1016181.0
2015-02-25  22.500  22.210   1120300.0
2015-02-26  22.210  22.120    989023.0
2015-02-27  22.100  21.970   1381817.0
2015-03-02  21.950  22.300   1901753.0
2015-03-03  22.260  22.000   1214656.0
2015-03-04  21.840  22.090   1284245.0
2015-03-05  22.100  21.900    960792.0
2015-03-06  21.750  21.740   1162225.0
2015-03-09  21.780  21.770    824089.0
2015-03-10  21.500  21.280    963381.0
2015-03-11  21.320  21.490   1225321.0
2015-03-12  21.530  21.690    890276.0
2015-03-13  21.700  21.730   1092387.0
2015-03-16  22.230  22.220   1735614.0
2015-03-17  22.090  22.640   2702619.0
2015-03-18  22.550  22.650   2986906.0
2015-03-19  22.150  23.350   7565667.0
2015-03-20  23.430  23.650   2729714.0
2015-03-23  23.590  23.400   2020086.0
2015-03-24  23.480  23.560   1851893.0
2015-03-25  23.620  22.770   1751793.0
2015-03-26  22.640  22.870   2429695.0
2015-03-27  22.960  22.900   1796616.0
2015-03-30  23.060  23.490   1595638.0
2015-03-31  23.390  23.380   1338536.0
2015-04-01  23.180  23.150   1282706.0
2015-04-02  23.160  23.140   1194563.0
2015-04-06  22.960  23.290   1775223.0
2015-04-07  23.250  23.250   1028651.0
2015-04-08  23.560  23.930   2793256.0
2015-04-09  23.930  23.890   1741295.0
2015-04-10  23.900  23.910   1349237.0
2015-04-13  23.840  23.660   1510170.0
2015-04-14  23.700  23.900   1730045.0
2015-04-15  23.940  23.950   1427000.0
2015-04-16  23.950  23.590   1420928.0
2015-04-17  23.350  23.070   1667379.0
2015-04-20  23.270  23.340   1243193.0
2015-04-21  23.510  23.470   1247503.0
2015-04-22  23.480  23.760   1388107.0
2015-04-23  23.630  23.930   1809573.0
2015-04-24  24.030  23.690    983340.0
2015-04-27  23.750  23.650   1200433.0
2015-04-28  23.670  23.330   2916461.0
2015-04-29  23.220  23.150   1955791.0
2015-04-30  22.940  22.520   2292064.0
2015-05-01  22.420  22.960   1293269.0
2015-05-04  23.020  23.320   1641946.0
2015-05-05  23.260  22.980   1551669.0
2015-05-06  23.120  22.890   1026574.0
2015-05-07  22.920  23.180   1461333.0
2015-05-08  23.430  23.380   1027807.0
2015-05-11  23.340  23.450    700553.0
2015-05-12  23.370  23.400    906040.0
2015-05-13  23.360  23.560   1201925.0
2015-05-14  23.770  24.240   1447082.0
2015-05-15  24.210  24.310   1597790.0
2015-05-18  24.270  24.830   2436310.0
2015-05-19  24.800  24.530   1616816.0
2015-05-20  24.590  24.720    986076.0
2015-05-21  24.650  24.460    987287.0
2015-05-22  24.400  24.570    676085.0
2015-05-26  24.430  24.330   1385737.0
2015-05-27  24.340  24.660   2100570.0
2015-05-28  24.640  24.610   1122081.0
2015-05-29  24.610  24.570   1111604.0
2015-06-01  24.560  24.160   1557657.0
2015-06-02  24.100  23.970   1278635.0
2015-06-03  24.080  24.090   2355481.0
2015-06-04  23.990  23.980   1611288.0
2015-06-05  23.900  24.230   1202670.0
2015-06-08  24.270  23.840   1338070.0
2015-06-09  23.780  23.700   1846269.0
2015-06-10  23.850  24.000   1251294.0
2015-06-11  24.140  24.190   1651801.0
2015-06-12  24.120  24.140    868353.0
2015-06-15  24.350  24.080   2496718.0
2015-06-16  24.090  24.590   2298727.0
2015-06-17  24.690  24.330   2771778.0
2015-06-18  22.860  22.520   8634692.0
2015-06-19  22.460  22.600   4875217.0
2015-06-22  22.850  22.680   2398919.0
2015-06-23  22.680  22.600   1999740.0
2015-06-24  22.500  22.280   2714711.0
2015-06-25  22.320  22.040   2137578.0
2015-06-26  22.040  21.980   4686324.0
2015-06-29  21.680  21.370   3040453.0
2015-06-30  21.550  21.290   2638609.0
2015-07-01  21.500  21.120   2929147.0
2015-07-02  20.950  21.100   1814514.0
2015-07-06  20.830  20.740   2659222.0
2015-07-07  20.710  20.740   2042516.0
2015-07-08  20.480  20.270   2871729.0
2015-07-09  20.540  20.230   1602749.0
2015-07-10  20.600  20.510   1529928.0
2015-07-13  20.640  20.360   1184924.0
2015-07-14  20.370  20.500   1601012.0
2015-07-15  20.410  19.920   2399861.0
2015-07-16  20.080  20.220   1718333.0
2015-07-17  20.160  20.010    846814.0
2015-07-20  20.050  19.810   1654636.0
2015-07-21  19.840  19.980   1248836.0
2015-07-22  19.710  19.620   1876118.0
2015-07-23  19.750  19.590   1608076.0
2015-07-24  19.620  19.480   2020947.0
2015-07-27  19.250  19.390   1756379.0
2015-07-28  19.530  19.750   1354216.0
2015-07-29  19.750  19.960   1237781.0
2015-07-30  19.940  20.170   1501709.0
2015-07-31  20.180  20.250   1383656.0
2015-08-03  20.250  19.980   1381290.0
2015-08-04  19.930  19.740   1409884.0
2015-08-05  19.820  20.230   1879447.0
2015-08-06  20.210  19.890   1925742.0
2015-08-07  19.790  19.700   1254961.0
2015-08-10  19.860  20.150   1423588.0
2015-08-11  19.890  19.690   1819320.0
2015-08-12  19.420  19.600   1456445.0
2015-08-13  19.540  19.500   1633824.0
2015-08-14  19.450  19.770    998887.0
2015-08-17  19.630  19.910   1238639.0
2015-08-18  19.860  19.590   1145571.0
2015-08-19  19.450  19.550   1305273.0
2015-08-20  19.360  19.140   2030713.0
2015-08-21  18.890  18.590   2202507.0
2015-08-24  16.895  17.830   2849948.0
2015-08-25  18.460  17.660   3061055.0
2015-08-26  18.090  18.560   2674431.0
2015-08-27  18.890  19.310   2543375.0
2015-08-28  19.260  19.470   1601592.0
2015-08-31  19.430  19.350   1226590.0
2015-09-01  18.900  18.680   2269048.0
2015-09-02  18.930  18.740   2316152.0
2015-09-03  18.890  19.360   1650884.0
2015-09-04  19.050  19.010   1470940.0
2015-09-08  19.340  19.640   1390721.0
2015-09-09  19.790  19.380   2139330.0
2015-09-10  19.360  19.600   1689585.0
2015-09-11  19.450  19.770   1257183.0
2015-09-14  20.030  19.710   1231451.0
2015-09-15  19.780  20.110   1178252.0
2015-09-16  20.080  20.480   1776997.0
2015-09-17  20.390  20.230   1749766.0
2015-09-18  19.900  20.010   3591804.0
2015-09-21  20.190  20.020   1728708.0
2015-09-22  19.520  19.300   2670154.0
2015-09-23  19.300  19.090   1625453.0
2015-09-24  18.870  19.500   4102505.0
2015-09-25  21.350  21.880  13862226.0
2015-09-28  21.680  21.650   5098110.0
2015-09-29  21.670  22.040   3560761.0
2015-09-30  22.350  22.370   3959786.0
2015-10-01  22.250  22.150   3411702.0
2015-10-02  21.890  21.920   4243005.0
2015-10-05  21.960  22.500   6500634.0
2015-10-06  22.500  22.180   8157345.0
2015-10-07  22.340  22.690   4907118.0
2015-10-08  22.650  22.480   2531652.0
2015-10-09  22.720  22.520   4431137.0
2015-10-12  22.590  22.770   2610125.0
2015-10-13  22.540  22.580   2655767.0
2015-10-14  22.640  22.890   3765491.0
2015-10-15  22.960  23.200   2523906.0
2015-10-16  23.330  23.060   2287406.0
2015-10-19  22.970  22.870   3007482.0
2015-10-20  22.870  23.150   2299978.0
2015-10-21  23.230  22.610   3385908.0
2015-10-22  22.800  22.960   2519892.0
2015-10-23  23.230  23.130   1735885.0
2015-10-26  22.900  22.510   3031454.0
2015-10-27  22.380  22.670   4333486.0
2015-10-28  22.580  23.050   1693983.0
2015-10-29  23.070  22.820   1995026.0
2015-10-30  22.890  22.980   2572770.0
2015-11-02  22.970  23.020   2458712.0
2015-11-03  22.970  24.230   5813791.0
2015-11-04  24.280  23.940   3731507.0
2015-11-05  23.920  23.940   1595836.0
2015-11-06  23.960  24.240   1357089.0
2015-11-09  24.170  24.050   1488166.0
2015-11-10  23.520  23.960   3711843.0
2015-11-11  24.090  24.200   2347087.0
2015-11-12  23.910  23.720   1850927.0
2015-11-13  23.500  23.490   2118377.0
2015-11-16  23.420  23.910   2122547.0
2015-11-17  23.930  23.980   2293104.0
2015-11-18  24.250  24.760   4241040.0
2015-11-19  24.760  24.630   2643016.0
2015-11-20  24.700  25.210   2796268.0
2015-11-23  25.200  25.420   2422388.0
2015-11-24  25.260  25.450   2299467.0
2015-11-25  25.390  25.310   2192168.0
2015-11-27  25.240  25.480    955689.0
2015-11-30  25.470  25.590   1578437.0
2015-12-01  25.660  25.850   2104360.0
2015-12-02  25.700  25.190   2703781.0
2015-12-03  25.390  25.070   2279568.0
2015-12-04  25.160  25.930   2648053.0
2015-12-07  25.900  25.640   2097100.0
2015-12-08  25.320  25.670   2968695.0
2015-12-09  24.730  24.240   6309036.0
2015-12-10  24.240  24.420   2571162.0
2015-12-11  24.000  23.840   2934898.0
2015-12-14  23.840  23.950   2628049.0
2015-12-15  24.100  23.970   4965557.0
2015-12-16  24.170  23.910   6080014.0
2015-12-17  24.070  23.640   6184938.0
2015-12-18  23.610  23.520   4863526.0
2015-12-21  23.800  23.630   3180599.0
2015-12-22  23.810  23.640   1910080.0
2015-12-23  23.870  23.880   1509614.0
2015-12-24  23.940  23.900    516526.0
2015-12-28  23.810  23.690   1024185.0
2015-12-29  23.900  23.910   1246802.0
2015-12-30  23.910  23.550   1123142.0
2015-12-31  23.500  23.290   1559932.0
2016-01-04  22.880  23.070   3295932.0
2016-01-05  23.110  22.600   6032739.0
2016-01-06  22.310  21.310   4471966.0
2016-01-07  20.860  20.320   3578067.0
2016-01-08  20.450  19.840   3636368.0
2016-01-11  19.920  19.830   3822502.0
2016-01-12  20.110  19.800   2848149.0
2016-01-13  20.000  19.650   4480690.0
2016-01-14  19.730  19.830   3020396.0
2016-01-15  19.330  19.300   2376235.0
2016-01-19  19.460  18.940   2477575.0
2016-01-20  18.630  18.630   2368902.0
2016-01-21  18.610  18.600   2613197.0
2016-01-22  18.900  19.230   2946542.0
2016-01-25  19.020  18.920   2007508.0
2016-01-26  19.100  19.530   3040553.0
2016-01-27  19.370  18.860   2555604.0
2016-01-28  19.020  18.900   1796188.0
2016-01-29  19.060  19.910   3313765.0
2016-02-01  19.670  19.870   2017869.0
2016-02-02  19.570  19.190   2163045.0
2016-02-03  19.380  19.530   1776102.0
2016-02-04  19.480  19.980   2101194.0
2016-02-05  19.880  19.910   2770322.0
2016-02-08  19.560  19.660   2239303.0
2016-02-09  19.070  19.270   3061365.0
2016-02-10  19.400  19.480   1396816.0
2016-02-11  19.090  18.620   2539188.0
2016-02-12  18.850  19.060   1170375.0
2016-02-16  19.270  20.310   3054334.0
2016-02-17  20.300  20.240   2210304.0
2016-02-18  20.260  20.520   2026178.0
2016-02-19  20.470  20.700   1953210.0
2016-02-22  20.900  21.000   1283696.0
2016-02-23  20.880  20.740   1888545.0
2016-02-24  20.460  20.970   1401901.0
2016-02-25  20.930  20.990   1186327.0
2016-02-26  21.060  20.840   1343761.0
2016-02-29  20.800  20.850   1511747.0
2016-03-01  21.030  21.360   1566585.0
2016-03-02  21.310  21.520   1635317.0
2016-03-03  21.430  21.800   1559715.0
2016-03-04  21.760  21.730   3038380.0
2016-03-07  21.590  21.950   1619455.0
2016-03-08  21.770  21.000   2813356.0
2016-03-09  21.100  21.230   2562276.0
2016-03-10  21.330  21.200   2492576.0
2016-03-11  21.430  21.720   2750102.0
2016-03-14  21.740  21.600   2492678.0
2016-03-15  21.640  21.410   3986736.0
2016-03-16  21.360  21.960   3887702.0
2016-03-17  20.560  19.630  14137628.0
2016-03-18  19.150  19.590   7595739.0
2016-03-21  19.490  19.620   3149324.0
2016-03-22  19.490  19.710   2496868.0
2016-03-23  19.540  19.090   2815049.0
2016-03-24  19.000  18.940   2369819.0
2016-03-28  18.950  18.930   2594195.0
2016-03-29  18.900  19.540   2398799.0
2016-03-30  19.690  19.280   3074671.0
2016-03-31  19.300  19.270   1681206.0
2016-04-01  19.000  19.200   2702223.0
2016-04-04  19.170  18.970   2200520.0
2016-04-05  18.840  18.610   2303449.0
2016-04-06  18.560  18.450   2600968.0
2016-04-07  18.340  18.190   2619325.0
2016-04-08  18.370  17.970   2990629.0
2016-04-11  18.130  18.110   3262800.0
2016-04-12  18.200  17.880   3083025.0
2016-04-13  18.100  18.470   1842188.0
2016-04-14  18.460  18.000   2040244.0
2016-04-15  17.920  17.880   2865416.0
2016-04-18  17.850  18.150   1977654.0
2016-04-19  18.280  18.060   2429984.0
2016-04-20  18.100  18.130   2697408.0
2016-04-21  18.170  17.870   1843560.0
2016-04-22  17.800  17.960   1914201.0
2016-04-25  17.870  17.830   1434084.0
2016-04-26  17.940  18.060   2771242.0
2016-04-27  17.830  18.000   1993638.0
2016-04-28  17.900  17.610   1751734.0
2016-04-29  17.550  17.360   2162335.0
2016-05-02  17.380  17.290   2714701.0
2016-05-03  17.160  17.340   2325612.0
2016-05-04  17.240  17.200   2327908.0
2016-05-05  17.250  17.090   1736706.0
2016-05-06  17.050  17.040   2549427.0
2016-05-09  17.080  17.150   1914467.0
2016-05-10  17.160  17.320   1536493.0
2016-05-11  17.230  17.220   1277230.0
2016-05-12  17.190  17.010   2529667.0
2016-05-13  16.980  16.880   1489707.0
2016-05-16  16.890  17.200   1237410.0
2016-05-17  17.150  17.270   2227283.0
2016-05-18  17.220  17.210   1470631.0
2016-05-19  17.100  17.190   1219378.0
2016-05-20  17.330  17.580   1397486.0
2016-05-23  17.640  17.940   1745569.0
2016-05-24  18.010  18.280   2208153.0
2016-05-25  18.330  18.500   1820738.0
2016-05-26  18.450  18.730   4375465.0
2016-05-27  18.740  19.030   3173090.0
2016-05-31  19.060  19.080   2334949.0
2016-06-01  19.000  19.400   1786921.0
2016-06-02  19.330  19.600   1648051.0
2016-06-03  19.550  19.430   1458514.0
2016-06-06  19.420  19.610   1108053.0
2016-06-07  18.980  19.200   2352437.0
2016-06-08  19.220  19.140   1848916.0
2016-06-09  19.040  19.100   2399109.0
2016-06-10  18.880  18.860   3385655.0
2016-06-13  18.750  18.590   3227324.0
2016-06-14  18.490  18.490   3613465.0
2016-06-15  18.500  18.430   4438464.0
2016-06-16  18.140  18.780   8044548.0
2016-06-17  18.740  18.950   4794070.0
2016-06-20  19.300  19.170   4133700.0
2016-06-21  19.240  18.820   5577170.0
2016-06-22  18.890  19.300   3250079.0
2016-06-23  19.520  19.900   3383710.0
2016-06-24  19.000  18.530   3995210.0
2016-06-27  18.350  17.330   3008569.0
2016-06-28  17.600  17.580   3557735.0
2016-06-29  17.820  17.800   2581863.0
2016-06-30  17.890  18.470   3602236.0
2016-07-01  18.480  18.620   2429264.0
2016-07-05  18.450  18.130   2946350.0
2016-07-06  17.990  18.070   2583691.0
2016-07-07  18.140  18.180   2180013.0
2016-07-08  18.420  18.760   2033469.0
2016-07-11  18.870  18.900   2071646.0
2016-07-12  19.090  19.260   2926340.0
2016-07-13  19.420  19.320   2374573.0
2016-07-14  19.470  19.440   2192735.0
2016-07-15  20.040  20.570   5445158.0
2016-07-18  20.620  20.550   2580293.0
2016-07-19  20.490  20.520   1883902.0
2016-07-20  20.600  20.650   1743596.0
2016-07-21  20.610  20.400   1364581.0
2016-07-22  20.290  20.370   2118299.0
2016-07-25  20.390  20.320   1561101.0
2016-07-26  20.350  20.330   2245723.0
2016-07-27  20.500  20.540   2357820.0
2016-07-28  20.540  20.480   1467958.0
2016-07-29  20.410  20.350   1029642.0
2016-08-01  20.330  20.430   1726911.0
2016-08-02  20.420  20.010   2461214.0
2016-08-03  19.970  20.100   1822758.0
2016-08-04  20.110  20.330   1277087.0
2016-08-05  20.420  20.720   1552954.0
2016-08-08  20.690  20.810   1670068.0
2016-08-09  20.820  20.620   2206100.0
2016-08-10  20.640  20.670   1686306.0
2016-08-11  20.580  20.900   2038269.0
2016-08-12  20.890  20.840   1127303.0
2016-08-15  20.900  21.040   1294195.0
2016-08-16  21.000  20.790   1317823.0
2016-08-17  20.780  20.700   1872251.0
2016-08-18  20.680  21.010   1023835.0
2016-08-19  20.940  21.080    955599.0
2016-08-22  20.970  20.930   1173321.0
2016-08-23  21.000  21.040   1168171.0
2016-08-24  21.000  20.930   1263142.0
2016-08-25  20.900  21.080   1332128.0
2016-08-26  21.070  21.080   1145584.0
2016-08-29  21.050  21.160    940314.0
2016-08-30  21.180  21.180   1285570.0
2016-08-31  21.110  21.190   1741582.0
2016-09-01  21.190  21.290   1265735.0
2016-09-02  21.370  21.420    974074.0
2016-09-06  21.440  21.570   1359629.0
2016-09-07  21.580  21.780   1259398.0
2016-09-08  21.690  21.580   1048483.0
2016-09-09  21.410  20.690   1504015.0
2016-09-12  20.510  20.930   1263392.0
2016-09-13  20.820  20.770   1358199.0
2016-09-14  20.840  21.430   2091198.0
2016-09-15  21.490  22.430   3865695.0
2016-09-16  22.380  22.480   2770963.0
2016-09-19  22.730  23.140   3705904.0
2016-09-20  23.810  23.160   2447656.0
2016-09-21  23.600  23.730   4173227.0
2016-09-22  22.080  22.400   8100928.0
2016-09-23  22.160  21.890   3723690.0
2016-09-26  21.780  21.780   2811046.0
2016-09-27  21.780  21.920   2671263.0
2016-09-28  22.240  22.000   3146217.0
2016-09-29  22.000  21.750   2824053.0
2016-09-30  21.900  21.820   2154975.0
2016-10-03  21.720  21.610   4007284.0
2016-10-04  21.760  21.740   2760246.0
2016-10-05  21.900  21.920   2006370.0
2016-10-06  21.960  22.020   1833207.0
2016-10-07  21.980  21.780   1168310.0
2016-10-10  21.900  21.840   1182172.0
2016-10-11  21.840  21.600   1669368.0
2016-10-12  21.660  21.480   1175009.0
2016-10-13  21.260  21.310   1492980.0
2016-10-14  21.430  21.260   1495449.0
2016-10-17  21.210  21.350   1346742.0
2016-10-18  21.510  21.750   1869659.0
2016-10-19  21.640  21.930   2131807.0
2016-10-20  21.850  21.730   1502098.0
2016-10-21  21.600  21.680   1015070.0
2016-10-24  21.920  21.850   1361000.0
2016-10-25  21.800  21.780   1057891.0
2016-10-26  21.520  21.680   2787245.0
2016-10-27  21.750  21.530   1559188.0
2016-10-28  21.540  21.420   1611791.0
2016-10-31  21.430  21.340   1953679.0
2016-11-01  21.450  21.050   2019045.0
2016-11-02  21.070  20.720   1329264.0
2016-11-03  20.750  20.520   2169014.0
2016-11-04  20.500  20.450   1346541.0
2016-11-07  20.840  21.100   1196515.0
2016-11-08  21.090  21.310   1371397.0
2016-11-09  20.960  21.570   1721339.0
2016-11-10  21.680  21.290   2329136.0
2016-11-11  21.230  21.650   1177333.0
2016-11-14  21.700  21.700   1461690.0
2016-11-15  21.780  21.420   2168608.0
2016-11-16  21.250  20.650   3433073.0
2016-11-17  20.710  20.630   2684773.0
2016-11-18  20.630  20.410   2165534.0
2016-11-21  20.480  20.430   2107950.0
2016-11-22  20.570  21.400   3800971.0
2016-11-23  21.390  21.720   2308335.0
2016-11-25  21.700  21.620    574780.0
2016-11-28  21.580  21.390   1658823.0
2016-11-29  21.290  21.170   1693233.0
2016-11-30  21.320  21.150   2900251.0
2016-12-01  21.260  20.660   1919864.0
2016-12-02  20.590  20.500   2302547.0
2016-12-05  20.690  20.990   1425989.0
2016-12-06  21.090  21.490   1784850.0
2016-12-07  20.470  21.310   2876421.0
2016-12-08  21.300  21.580   2373364.0
2016-12-09  21.600  21.620   1588592.0
2016-12-12  21.480  21.490   1781521.0
2016-12-13  21.520  21.630   1845519.0
2016-12-14  21.640  21.500   1888689.0
2016-12-15  21.580  21.570   3461446.0
2016-12-16  23.850  24.150  16934307.0
2016-12-19  24.120  24.240   4643310.0
2016-12-20  24.210  24.390   2679605.0
2016-12-21  24.260  24.200   1749794.0
2016-12-22  24.180  24.070   1594971.0
2016-12-23  24.040  24.110    906157.0
2016-12-27  24.080  24.160   1310836.0
2016-12-28  24.230  23.770   1118215.0
2016-12-29  23.770  23.800   1097990.0
2016-12-30  23.900  23.670   1608535.0
2017-01-03  23.840  23.980   2037570.0
2017-01-04  23.970  23.950   1771929.0
2017-01-05  23.960  23.470   1787447.0
2017-01-06  23.520  23.340   1286007.0
2017-01-09  23.380  23.250   1664004.0
2017-01-10  23.310  23.340   1421948.0
2017-01-11  23.280  23.230   2331442.0
2017-01-12  23.100  23.390   2063952.0
2017-01-13  23.500  23.580   1174536.0
2017-01-17  23.350  22.990   1630292.0
2017-01-18  23.130  23.230   1688202.0
2017-01-19  23.250  23.070    990427.0
2017-01-20  23.190  23.200   1093534.0
2017-01-23  23.190  23.220   1364167.0
2017-01-24  23.300  23.580   1162710.0
2017-01-25  23.750  23.850   1501630.0
2017-01-26  23.800  23.820   1582395.0
2017-01-27  23.780  23.880    964953.0
2017-01-30  23.710  23.780   1277169.0
2017-01-31  23.760  23.980   1503502.0
2017-02-01  24.050  24.250   2506671.0
2017-02-02  24.220  24.220   1291404.0
2017-02-03  24.330  24.390    915172.0
2017-02-06  24.300  24.360    975597.0
2017-02-07  24.400  24.350   1173888.0
2017-02-08  24.420  24.430   1107049.0
2017-02-09  24.500  24.940   1572956.0
2017-02-10  24.950  25.440   2355633.0
2017-02-13  25.400  25.440   1839584.0
2017-02-14  25.300  25.160   1149340.0
2017-02-15  25.000  25.720   1973961.0
2017-02-16  25.640  25.970   3468075.0
2017-02-17  25.820  25.910   1183295.0
2017-02-21  25.850  26.200   1025849.0
2017-02-22  26.220  26.290   1056539.0
2017-02-23  26.240  26.140   1179689.0
2017-02-24  25.830  26.230    826347.0
2017-02-27  26.110  26.300    974120.0
2017-02-28  25.710  25.510   1927130.0
2017-03-01  25.700  25.900   1909119.0
2017-03-02  26.010  25.760   1076410.0
2017-03-03  25.750  25.960    758422.0
2017-03-06  25.720  26.030   1065514.0
2017-03-07  25.860  26.270   3022303.0
2017-03-08  26.300  26.370   1484291.0
2017-03-09  26.320  26.250   1229551.0
2017-03-10  26.210  26.330   1123765.0
2017-03-13  26.300  26.450   1041934.0
2017-03-14  26.400  26.700   2155213.0
2017-03-15  26.750  26.980   2730724.0
2017-03-16  27.030  28.260   6102920.0
2017-03-17  28.280  28.800   3866871.0
2017-03-20  28.790  28.930   2510088.0
2017-03-21  28.970  28.400   2381936.0
2017-03-22  28.390  28.850   1870730.0
2017-03-23  28.800  28.770   2319207.0
2017-03-24  28.960  28.740   2005384.0
2017-03-27  28.400  28.780   2020944.0
2017-03-28  28.650  28.950   2168896.0
2017-03-29  28.980  28.940   1629783.0
2017-03-30  28.910  29.060   2148839.0
2017-03-31  29.080  28.920   1525592.0
2017-04-03  29.010  28.680   2964025.0
2017-04-04  28.650  28.590   1623363.0
2017-04-05  28.630  28.000   3221786.0
2017-04-06  28.120  28.860   5178674.0
2017-04-07  28.740  28.720   2001854.0
2017-04-10  28.700  28.690   2310261.0
2017-04-11  28.690  28.850   2091282.0
2017-04-12  28.840  28.610   1739624.0
2017-04-13  28.540  28.240   1663498.0
2017-04-17  28.350  28.630   1062636.0
2017-04-18  28.470  28.660   1046286.0
2017-04-19  28.750  29.000   2716813.0
2017-04-20  29.090  29.370   2359922.0
2017-04-21  29.300  28.950   1444531.0
2017-04-24  29.400  29.520   1493552.0
2017-04-25  29.630  29.440   1292500.0
2017-04-26  29.430  29.310   1314949.0
2017-04-27  29.410  29.480    837606.0
2017-04-28  29.480  29.020   2125840.0
2017-05-01  29.080  29.140   1799185.0
2017-05-02  29.300  29.210   1207278.0
2017-05-03  28.980  28.830    788121.0
2017-05-04  28.860  28.940    798404.0
2017-05-05  29.060  28.950   1004727.0
2017-05-08  28.940  29.090   3664851.0
2017-05-09  29.190  28.780   1397331.0
2017-05-10  28.810  29.050    984008.0
2017-05-11  28.900  29.090   1139246.0
2017-05-12  29.090  28.950   1141492.0
2017-05-15  29.000  29.220   1771996.0
2017-05-16  29.220  29.850   2415342.0
2017-05-17  29.380  29.330   4080045.0
2017-05-18  29.020  28.230   3433103.0
2017-05-19  28.380  28.580   1616599.0
2017-05-22  28.730  29.040   1307767.0
2017-05-23  29.240  29.010   1072443.0
2017-05-24  29.030  29.400   1120605.0
2017-05-25  29.630  29.860   2330284.0
2017-05-26  29.840  29.320   1504184.0
2017-05-30  29.300  29.950   1888204.0
2017-05-31  30.000  29.920   1926169.0
2017-06-01  30.000  30.660   1714902.0
2017-06-02  30.640  30.860   1528730.0
2017-06-05  30.860  30.940   1136520.0
2017-06-06  30.750  31.130   1938886.0
2017-06-07  31.220  30.980    874920.0
2017-06-08  30.990  31.460    910183.0
2017-06-09  31.420  31.040   2237375.0
2017-06-12  30.820  30.840   1809057.0
2017-06-13  30.950  30.850   2030646.0
2017-06-14  30.950  30.630   3898222.0
2017-06-15  31.130  29.440   5928811.0
2017-06-16  29.280  28.460   4419906.0
2017-06-19  28.780  29.140   2944281.0
2017-06-20  29.210  28.640   1745613.0
2017-06-21  28.630  29.100   2159785.0
2017-06-22  29.170  29.360   2149956.0
2017-06-23  29.470  30.090   4830389.0
2017-06-26  30.170  30.240   1529483.0
2017-06-27  30.030  29.190   1481214.0
2017-06-28  29.370  29.770   1939152.0
2017-06-29  29.680  29.040   1276904.0
2017-06-30  29.200  29.190   1663304.0
2017-07-03  29.320  29.540    971304.0
2017-07-05  29.540  29.250   1546598.0
2017-07-06  28.970  28.850   1695435.0
2017-07-07  28.930  29.290    922595.0
2017-07-10  29.170  29.450   1112867.0
2017-07-11  29.500  29.660    939193.0
2017-07-12  29.940  30.020   1345985.0
2017-07-13  30.000  30.200   1247162.0
2017-07-14  30.230  30.490   1687867.0
2017-07-17  30.510  30.500   1133521.0
2017-07-18  30.340  30.550    670054.0
2017-07-19  30.700  30.720   1008271.0
2017-07-20  30.750  30.650    748057.0
2017-07-21  30.660  30.740   1122996.0
2017-07-24  30.770  30.920    902964.0
2017-07-25  30.990  31.100   1532896.0
2017-07-26  31.200  31.070    771051.0
2017-07-27  31.140  31.200   1107015.0
2017-07-28  31.030  30.570    956955.0
2017-07-31  30.610  30.500    846707.0
2017-08-01  30.660  30.420   1242059.0
2017-08-02  31.010  31.190   2361357.0
2017-08-03  31.380  30.690   1133223.0
2017-08-04  30.780  30.720    645565.0
2017-08-07  30.790  31.030   1426057.0
2017-08-08  31.030  30.770   1308779.0
2017-08-09  30.500  30.420   1123314.0
2017-08-10  30.200  29.400   1384636.0
2017-08-11  29.270  29.220   1230336.0
2017-08-14  29.180  29.620   1605660.0
2017-08-15  29.710  29.590    877516.0
2017-08-16  29.740  30.080    822850.0
2017-08-17  29.960  29.480   1193578.0
2017-08-18  29.400  29.670   2923722.0
2017-08-21  29.660  29.530   1410218.0
2017-08-22  29.680  30.080    963576.0
2017-08-23  29.870  30.100    626217.0
2017-08-24  30.230  30.290    633708.0
2017-08-25  30.430  30.300    495204.0
2017-08-28  30.320  30.410    423337.0
2017-08-29  30.100  30.610    639649.0
2017-08-30  30.670  30.920   1345192.0
2017-08-31  31.000  31.350   1210045.0
2017-09-01  31.400  31.340   1327069.0
2017-09-05  31.250  30.870    977228.0
2017-09-06  30.940  30.430   1884444.0
2017-09-07  30.450  30.360   1476656.0
2017-09-08  30.270  30.440   1078109.0
2017-09-11  30.740  31.250   2447913.0
2017-09-12  31.420  31.140   1832344.0
2017-09-13  31.010  31.020   1344832.0
2017-09-14  30.830  30.710    855487.0
2017-09-15  30.550  30.720   2166751.0
2017-09-18  30.860  30.760   1571969.0
2017-09-19  30.950  31.440   1564582.0
2017-09-20  31.460  30.410   2489729.0
2017-09-21  30.230  29.760   2892780.0
2017-09-22  29.700  29.440   3214442.0
2017-09-25  29.080  28.280   5730378.0
2017-09-26  28.340  27.820   3439358.0
2017-09-27  28.110  28.810   5064136.0
2017-09-28  28.620  29.920   7514850.0
2017-09-29  29.920  28.550   4214967.0
2017-10-02  28.690  29.290   2976706.0
2017-10-03  29.450  29.550   2192512.0
2017-10-04  29.460  29.820   2771454.0
2017-10-05  29.860  29.770   1727624.0
2017-10-06  29.550  29.790   3277888.0
2017-10-09  29.960  29.480   1465911.0
2017-10-10  28.110  28.570   2959780.0
2017-10-11  28.540  28.400   2078462.0
2017-10-12  28.360  28.280   2228686.0
2017-10-13  28.480  28.240   5573727.0
2017-10-16  28.400  28.610   1546230.0
2017-10-17  28.470  28.860   2455197.0
2017-10-18  28.960  28.990   2081031.0
2017-10-19  28.160  27.850   3914268.0
2017-10-20  28.010  27.960   1588853.0
2017-10-23  28.110  28.020   2042674.0
2017-10-24  28.000  28.310   1361755.0
2017-10-25  28.220  28.315   1366712.0
2017-10-26  28.350  27.920   1413522.0
2017-10-27  28.040  28.440   1738245.0
2017-10-30  28.480  27.900   2084485.0
2017-10-31  28.000  28.280   1171085.0
2017-11-01  28.510  28.420   1182553.0
2017-11-02  28.370  28.490   1865580.0
2017-11-03  28.750  28.020   2842697.0
2017-11-06  27.920  28.460   2146929.0
2017-11-07  28.220  27.660   2651555.0
2017-11-09  28.130  28.320   2028939.0
2017-11-10  28.270  28.610   2191684.0
2017-11-13  28.440  28.660   5640119.0
2017-11-14  28.410  28.690   1867092.0
2017-11-15  28.430  28.580   1304241.0
2017-11-16  28.750  29.100   1775868.0
2017-11-17  29.120  29.220   1396267.0
2017-11-20  29.430  29.560   1550851.0
2017-11-21  29.750  29.770   1547119.0
2017-11-22  29.810  29.770   1265708.0
2017-11-24  29.800  29.780    742510.0
2017-11-27  29.740  29.380   2755177.0
2017-11-28  29.430  29.040   2004697.0
2017-11-29  29.030  28.520   2292030.0
2017-11-30  28.620  28.850   2366050.0
2017-12-01  28.720  28.580   2212047.0
2017-12-04  28.870  28.740   3209842.0
2017-12-05  28.840  28.190   2824169.0
2017-12-06  27.790  27.560   2775115.0
2017-12-07  27.660  27.720   2683980.0
2017-12-08  27.950  27.880   2637831.0
2017-12-11  27.870  28.400   2589072.0
2017-12-12  28.370  28.420   2513285.0
2017-12-13  28.510  28.530   3131790.0
2017-12-14  28.440  27.450   5828912.0
2017-12-15  28.060  27.870   9097510.0
2017-12-18  28.370  26.960   6307544.0
2017-12-19  26.980  26.750   4434241.0
2017-12-20  27.000  26.900   2688153.0
2017-12-21  26.910  26.950   2236326.0
2017-12-22  27.155  26.700   2049139.0
2017-12-26  26.240  26.240   2257113.0
2017-12-27  26.250  26.240   1954509.0
2017-12-28  26.370  26.240   1261453.0
2017-12-29  26.310  26.250   1259919.0
2018-01-02  26.500  26.700   2011061.0
2018-01-03  26.800  27.050   1765940.0
2018-01-04  27.220  27.310   1994984.0
2018-01-05  27.490  27.190   1706903.0
2018-01-08  27.180  27.080   2300972.0
2018-01-09  27.130  26.930   1883283.0
2018-01-10  26.800  26.920   1276277.0
2018-01-11  27.000  27.440   1718091.0
2018-01-12  27.400  27.660   1926024.0
2018-01-16  27.870  27.510   3113613.0
2018-01-17  27.730  28.450   4169546.0
2018-01-18  28.200  27.970   2745079.0
2018-01-19  28.260  27.390   3356211.0
2018-01-22  26.830  26.620   3409801.0
2018-01-23  26.660  27.090   2155912.0
2018-01-24  27.210  26.860   1688917.0
2018-01-25  27.030  26.790   1543008.0
2018-01-26  26.220  26.530   2484996.0
2018-01-29  26.350  25.960   2492106.0
2018-01-30  25.540  25.860   1938022.0
2018-01-31  26.140  25.430   1993028.0
2018-02-01  25.330  26.040   2837499.0
2018-02-02  25.840  25.280   1788834.0