date      open   close      volume
                                       
2013-01-02   71.0200   70.84  12874200.0
2013-01-03   70.9800   70.74   9598300.0
2013-01-04   71.2400   71.55  11631800.0
2013-01-07   71.5000   71.40   7548800.0
2013-01-08   71.3100   71.41   9825300.0
2013-01-09   71.6400   71.73   7672800.0
2013-01-10   71.8100   72.19  11888500.0
2013-01-11   72.1900   72.35   7766700.0
2013-01-14   72.6000   72.56   7386000.0
2013-01-15   72.2500   72.37   7795100.0
2013-01-16   72.2600   72.58   8779900.0
2013-01-17   72.8800   72.90  10570100.0
2013-01-18   72.9000   73.23  13558600.0
2013-01-22   72.9200   72.69  11469800.0
2013-01-23   72.5300   72.85  10155100.0
2013-01-24   72.9600   73.10   9369700.0
2013-01-25   73.1300   73.92  10421500.0
2013-01-28   73.9600   73.62   9420900.0
2013-01-29   73.6700   74.41  12386500.0
2013-01-30   74.4500   74.09   9245500.0
2013-01-31   74.0800   73.92  10448700.0
2013-02-01   74.1400   74.18  10016300.0
2013-02-04   73.5600   74.11   9200700.0
2013-02-05   74.4900   74.66  10230800.0
2013-02-06   74.5700   75.39  12084000.0
2013-02-07   74.8200   75.06   9798200.0
2013-02-08   75.1700   75.48   8153300.0
2013-02-11   75.2800   75.41   5697100.0
2013-02-12   75.4200   75.80   7598900.0
2013-02-13   75.7900   75.66   8014800.0
2013-02-14   75.5000   75.81   9681800.0
2013-02-15   75.7200   76.16  10528400.0
2013-02-19   76.0300   76.96   9747400.0
2013-02-20   76.7900   76.65   7857500.0
2013-02-21   76.4700   76.87   9465700.0
2013-02-22   76.3900   76.25   8571500.0
2013-02-25   76.4700   75.57  10603300.0
2013-02-26   75.8800   75.75  10742100.0
2013-02-27   75.6800   76.32   8180300.0
2013-02-28   76.2300   76.11  11806300.0
2013-03-01   75.7900   76.70   9528300.0
2013-03-04   76.7300   77.20  12628000.0
2013-03-05   77.5600   77.66   9399400.0
2013-03-06   77.6900   77.39   8535200.0
2013-03-07   77.6200   77.75   7996500.0
2013-03-08   77.8400   78.19   8554100.0
2013-03-11   77.9200   78.44   8807600.0
2013-03-12   78.5000   78.56   8790500.0
2013-03-13   78.5200   78.55   7983400.0
2013-03-14   78.6700   79.10  10130400.0
2013-03-15   78.6200   79.19  18296500.0
2013-03-18   78.7200   78.81   8005400.0
2013-03-19   78.9800   78.86   7095800.0
2013-03-20   79.1800   79.45   8000800.0
2013-03-21   79.1200   79.01   8436300.0
2013-03-22   79.1100   79.74   6873100.0
2013-03-25   79.8300   79.68   9616600.0
2013-03-26   79.9300   80.85  12682900.0
2013-03-27   80.5600   81.27  10703400.0
2013-03-28   81.3700   81.53  11332100.0
2013-04-01   81.3900   81.93   7376800.0
2013-04-02   82.0000   82.69  10342200.0
2013-04-03   82.7400   82.07  12254000.0
2013-04-04   82.2000   82.41  10303000.0
2013-04-05   81.7900   82.04   8581400.0
2013-04-08   81.2700   81.11  15828500.0
2013-04-09   81.2600   81.52   9111000.0
2013-04-10   81.8300   82.02   7583200.0
2013-04-11   82.1400   82.32   9882700.0
2013-04-12   82.2500   82.74   6987000.0
2013-04-15   82.7200   81.71  12385800.0
2013-04-16   82.3300   83.44  12620000.0
2013-04-17   83.3600   83.90  13693300.0
2013-04-18   83.9600   83.18   9921500.0
2013-04-19   83.5100   84.49  10787600.0
2013-04-22   84.5900   84.83   6989900.0
2013-04-23   84.9900   85.45   8982100.0
2013-04-24   85.6800   84.39   9480600.0
2013-04-25   84.5400   85.22   8689400.0
2013-04-26   85.3000   85.12   6784700.0
2013-04-29   85.0200   85.58   8038000.0
2013-04-30   85.3900   85.23  12099600.0
2013-05-01   84.5000   84.23  12312100.0
2013-05-02   84.4400   85.16   8668900.0
2013-05-03   85.5800   85.75   9213800.0
2013-05-06   85.7800   84.68   8815600.0
2013-05-07   84.8700   85.53   9061800.0
2013-05-08   85.4800   85.46   8044600.0
2013-05-09   85.4500   85.15   8342000.0
2013-05-10   85.2900   85.76   7594800.0
2013-05-13   85.5600   85.85   6631500.0
2013-05-14   85.7600   86.97  10360700.0
2013-05-15   86.9400   87.64  13444400.0
2013-05-16   87.3300   87.45   9441900.0
2013-05-17   87.4700   88.09  11437700.0
2013-05-20   88.1000   88.01   7235800.0
2013-05-21   87.9400   88.59  10099600.0
2013-05-22   88.7000   88.46  13825900.0
2013-05-23   87.1100   87.21  14446900.0
2013-05-24   86.8000   86.82  10390100.0
2013-05-28   87.5400   87.61   8380200.0
2013-05-29   87.0800   85.65  11872100.0
2013-05-30   85.7100   85.99   7801200.0
2013-05-31   85.6800   84.18  13302700.0
2013-06-03   84.2800   84.71  11768500.0
2013-06-04   84.7200   84.10   9972000.0
2013-06-05   83.9100   83.68   9839100.0
2013-06-06   83.5900   84.46  10671000.0
2013-06-07   84.9600   84.91   8907700.0
2013-06-10   85.0100   85.14   8477100.0
2013-06-11   84.7600   84.69   8967000.0
2013-06-12   85.1800   83.74   8413200.0
2013-06-13   83.6000   84.91   8570000.0
2013-06-14   84.7100   84.91   6357100.0
2013-06-17   85.3700   85.63   8429100.0
2013-06-18   85.7500   86.36   7233600.0
2013-06-19   86.4300   84.86   8288400.0
2013-06-20   84.2100   82.62  15172600.0
2013-06-21   83.0000   83.20  20715800.0
2013-06-24   82.9200   84.61  14777500.0
2013-06-25   85.1600   85.35  11239400.0
2013-06-26   85.9500   86.99  11966500.0
2013-06-27   87.5300   86.71   8890300.0
2013-06-28   86.7200   85.86  11896300.0
2013-07-01   85.7200   86.63   9905200.0
2013-07-02   86.6500   86.57   8572100.0
2013-07-03   86.7200   86.78   3599900.0
2013-07-05   87.5800   87.87   5403600.0
2013-07-08   88.0900   88.59  12051400.0
2013-07-09   88.6500   88.88   9348600.0
2013-07-10   88.8800   89.24   7067100.0
2013-07-11   89.8100   89.67   8941300.0
2013-07-12   89.6900   89.99   7590600.0
2013-07-15   89.9100   90.40  13343200.0
2013-07-16   91.0400   90.40  11409200.0
2013-07-17   90.5800   90.13  12832200.0
2013-07-18   90.3300   90.17   8329300.0
2013-07-19   90.2400   92.23  12506300.0
2013-07-22   92.0800   92.28   9916200.0
2013-07-23   92.3900   92.42   8467700.0
2013-07-24   92.6500   92.36   6846300.0
2013-07-25   92.0000   92.57   7368000.0
2013-07-26   92.3200   92.83   8663700.0
2013-07-29   92.6300   93.21   7925000.0
2013-07-30   93.4700   93.17   8863000.0
2013-07-31   93.2300   93.50  11365700.0
2013-08-01   94.1600   93.77  11098600.0
2013-08-02   93.5600   94.39   8503100.0
2013-08-05   94.0500   93.80   7192400.0
2013-08-06   93.8800   93.81   6415000.0
2013-08-07   93.6000   93.66   9056900.0
2013-08-08   94.2700   93.34  11090000.0
2013-08-09   93.3900   92.36  12135800.0
2013-08-12   92.0800   92.00  11012300.0
2013-08-13   91.8900   93.01  10099800.0
2013-08-14   92.7900   90.70  12716800.0
2013-08-15   90.3200   89.55  12010700.0
2013-08-16   89.1300   89.37  14100700.0
2013-08-19   89.4700   90.45   8687000.0
2013-08-20   90.5500   89.73   8559200.0
2013-08-21   89.4700   88.80   7940700.0
2013-08-22   88.7600   88.26   7191900.0
2013-08-23   87.9300   88.41   7714900.0
2013-08-26   88.3600   87.53   6724500.0
2013-08-27   86.9700   86.17   9941200.0
2013-08-28   86.3600   86.53   8829200.0
2013-08-29   86.4100   86.57   5768800.0
2013-08-30   86.7800   86.41   7471300.0
2013-09-03   86.8900   86.42   7590500.0
2013-09-04   86.4600   86.90   8458800.0
2013-09-05   87.0000   87.04   5647900.0
2013-09-06   87.2200   87.16  10034900.0
2013-09-09   87.3900   87.56   6819700.0
2013-09-10   88.1400   88.53   8658700.0
2013-09-11   88.6300   89.23   8098100.0
2013-09-12   89.3000   89.01   7938500.0
2013-09-13   89.1300   88.57   7738600.0
2013-09-16   89.4300   89.03   7563700.0
2013-09-17   89.0500   89.06   6291100.0
2013-09-18   88.9100   89.91  10115500.0
2013-09-19   90.0500   90.07   6721000.0
2013-09-20   90.2000   89.68  14708600.0
2013-09-23   89.4300   89.09   7376200.0
2013-09-24   89.0200   88.22   7797500.0
2013-09-25   88.4200   87.08   7493200.0
2013-09-26   87.2800   87.07   6400600.0
2013-09-27   86.8100   86.73   5461100.0
2013-09-30   86.3300   86.69   7962300.0
2013-10-01   86.5900   87.47   6318700.0
2013-10-02   87.1300   87.29   6383400.0
2013-10-03   87.1900   86.58   7724600.0
2013-10-04   86.8200   87.31   6050000.0
2013-10-07   86.7000   86.59   5705200.0
2013-10-08   86.6200   85.61   8669800.0
2013-10-09   85.9300   85.96   8014200.0
2013-10-10   86.7200   87.78   8647900.0
2013-10-11   88.6200   89.45   8449800.0
2013-10-14   88.8300   89.80   9198600.0
2013-10-15   90.3300   89.93  11024000.0
2013-10-16   90.4200   91.11   8116000.0
2013-10-17   90.8700   91.97   8569600.0
2013-10-18   91.7500   91.63   9082600.0
2013-10-21   91.6300   91.20   6940500.0
2013-10-22   91.5300   92.36   9635500.0
2013-10-23   92.0700   92.10   6449600.0
2013-10-24   92.6500   92.35   5251000.0
2013-10-25   92.0400   92.09   6076000.0
2013-10-28   91.9600   92.39   6551000.0
2013-10-29   92.8000   93.14   6096700.0
2013-10-30   93.2700   92.79   6295400.0
2013-10-31   92.8500   92.61   7773900.0
2013-11-01   92.3801   93.37   6835900.0
2013-11-04   93.4600   93.03   6862500.0
2013-11-05   92.5400   92.81   5350600.0
2013-11-06   93.0300   93.04   5301300.0
2013-11-07   93.1900   92.69   6116900.0
2013-11-08   92.6300   94.05   7229500.0
2013-11-11   93.9700   94.29   4723100.0
2013-11-12   93.9800   93.56   7639600.0
2013-11-13   93.3600   93.34   8954300.0
2013-11-14   93.4000   93.92   7045700.0
2013-11-15   93.6300   94.39   7063000.0
2013-11-18   94.3600   94.30   8492000.0
2013-11-19   94.2700   94.86   6624200.0
2013-11-20   94.9400   95.15   7076500.0
2013-11-21   95.4600   95.20   6896200.0
2013-11-22   94.3900   95.25   6462100.0
2013-11-25   95.4900   95.63   6374600.0
2013-11-26   95.5800   95.06   7267600.0
2013-11-27   95.3400   94.98   4603800.0
2013-11-29   95.2300   94.66   4106800.0
2013-12-02   94.4100   94.28   5827400.0
2013-12-03   94.2000   93.97   9061100.0
2013-12-04   93.7600   93.63   6218500.0
2013-12-05   93.4200   92.97   8666200.0
2013-12-06   93.6000   94.44   7280400.0
2013-12-09   94.3000   94.44   6974500.0
2013-12-10   94.5800   94.14   7576600.0
2013-12-11   94.4000   93.11   9424300.0
2013-12-12   92.8400   91.16  12285700.0
2013-12-13   91.4600   91.35   7909000.0
2013-12-16   91.4200   91.37   6623000.0
2013-12-17   91.3000   90.66   8794000.0
2013-12-18   90.9500   92.64   9691100.0
2013-12-19   92.4000   91.98   7341000.0
2013-12-20   91.9500   92.09  11265000.0
2013-12-23   92.5600   92.03   5312200.0
2013-12-24   92.1800   92.06   3147300.0
2013-12-26   91.9900   92.54   3459100.0
2013-12-27   92.7700   92.35   3511300.0
2013-12-30   92.1600   92.30   4370100.0
2013-12-31   92.1700   91.59   6348200.0
2014-01-02   91.1400   91.03   5919600.0
2014-01-03   91.2900   91.85   5637600.0
2014-01-06   91.9300   92.33   7443500.0
2014-01-07   93.0400   94.29  11063300.0
2014-01-08   94.1700   94.16   9096700.0
2014-01-09   94.9400   94.73   7944700.0
2014-01-10   94.6400   94.74   6697400.0
2014-01-13   94.3700   94.50   9589200.0
2014-01-14   94.6000   94.72   7567300.0
2014-01-15   94.6500   94.80   7390700.0
2014-01-16   94.6000   94.64   8401100.0
2014-01-17   94.7200   95.06  13714400.0
2014-01-21   94.9300   94.03  16368400.0
2014-01-22   93.9900   94.32   8875500.0
2014-01-23   93.7400   92.74   9322300.0
2014-01-24   92.1200   90.61  10604200.0
2014-01-27   90.3000   89.94   8685200.0
2014-01-28   90.5800   90.10   8254400.0
2014-01-29   89.4700   88.90  11160100.0
2014-01-30   89.6200   89.50   6874900.0
2014-01-31   89.0100   88.47  12193800.0
2014-02-03   88.7500   86.78  13944600.0
2014-02-04   86.9300   86.62  11436400.0
2014-02-05   86.4900   87.28  10667300.0
2014-02-06   87.6300   88.75  10037900.0
2014-02-07   88.9200   90.04   9435100.0
2014-02-10   90.2400   91.07   8080200.0
2014-02-11   91.0900   92.97  11556300.0
2014-02-12   92.9500   92.42   7696100.0
2014-02-13   92.0000   92.56   5926000.0
2014-02-14   92.6000   92.76   5485100.0
2014-02-18   92.7700   92.17   6926500.0
2014-02-19   92.1500   91.64   7693400.0
2014-02-20   91.6900   92.38   8160100.0
2014-02-21   91.8600   91.52   7381500.0
2014-02-24   91.4500   91.11   8406700.0
2014-02-25   91.5900   91.11   6383400.0
2014-02-26   91.1100   91.11   6334100.0
2014-02-27   91.1600   91.36   7040300.0
2014-02-28   91.4200   92.12   9643700.0
2014-03-03   91.1300   91.56   7506700.0
2014-03-04   92.4700   93.34   8796300.0
2014-03-05   93.2700   92.59   6842500.0
2014-03-06   93.1900   92.89   7718300.0
2014-03-07   93.3700   93.32   6792000.0
2014-03-10   93.1700   93.45   4878200.0
2014-03-11   93.7100   93.49   5837200.0
2014-03-12   92.8200   93.60   6154900.0
2014-03-13   93.8500   93.00   7659400.0
2014-03-14   92.8800   92.81   7337800.0
2014-03-17   93.2600   93.93   5872600.0
2014-03-18   93.9000   93.94   5891900.0
2014-03-19   93.8900   93.59   5937600.0
2014-03-20   93.5200   94.12   5727400.0
2014-03-21   94.7700   95.93  23988800.0
2014-03-24   95.3000   95.20  13944100.0
2014-03-25   95.7000   97.38  14167300.0
2014-03-26   97.5100   97.05  11215100.0
2014-03-27   97.0800   97.28   8694600.0
2014-03-28   97.5100   97.44   8816000.0
2014-03-31   98.0000   98.23   7545700.0
2014-04-01   98.3100   97.94   7068500.0
2014-04-02   98.0100   98.23   7995600.0
2014-04-03   97.9700   98.26   5471200.0
2014-04-04   98.6200   98.42  10309700.0
2014-04-07   98.3900   97.89  11409200.0
2014-04-08   98.0300   98.06   9601800.0
2014-04-09   98.4200   98.95   8921300.0
2014-04-10   98.8600   96.54   9667800.0
2014-04-11   96.2000   96.87   8710700.0
2014-04-14   97.2800   97.14   8617200.0
2014-04-15   98.4500   99.20  13999100.0
2014-04-16   99.5700   98.75  11308000.0
2014-04-17   98.6900   98.96   9153500.0
2014-04-21   99.0100  100.00   7031400.0
2014-04-22  100.0000  100.18   7937900.0
2014-04-23  100.2400  100.22   5876000.0
2014-04-24  100.2400   99.96   6149900.0
2014-04-25   99.9700   99.79   5895900.0
2014-04-28  100.5600  101.34   8792900.0
2014-04-29  101.6300  101.03   7811200.0
2014-04-30  100.8400  101.29   8513600.0
2014-05-01  100.7700  100.53   6590500.0
2014-05-02  100.1700   99.31   8744200.0
2014-05-05   99.2900  100.00   5438200.0
2014-05-06  100.0200   99.51   5795900.0
2014-05-07   99.8500  100.91   8720800.0
2014-05-08  100.6700  100.50   5667900.0
2014-05-09  100.8600  100.91   5691700.0
2014-05-12  101.2400  100.52   7437300.0
2014-05-13  100.9000  101.02   6183200.0
2014-05-14  100.9500  100.87   4187200.0
2014-05-15  100.6400  100.69   7007600.0
2014-05-16  100.5700  100.58   6516900.0
2014-05-19  100.2200  100.64   6997200.0
2014-05-20  100.8100  100.25   5438400.0
2014-05-21  100.6000  101.14   5302500.0
2014-05-22  100.5800  100.96   5124900.0
2014-05-23  101.0400  100.98   5275700.0
2014-05-27  101.1000  100.81   4524400.0
2014-05-28  100.6700  100.30   4352700.0
2014-05-29  100.5600  100.76   3685200.0
2014-05-30  100.7000  101.46   5973900.0
2014-06-02  101.5400  102.17   5845400.0
2014-06-03  101.9100  102.46   6681300.0
2014-06-04  102.2300  102.68   5608600.0
2014-06-05  102.7800  103.22   4730900.0
2014-06-06  103.2500  103.18   4624000.0
2014-06-09  103.0700  103.22   3748800.0
2014-06-10  103.4700  104.10   5792100.0
2014-06-11  103.8100  103.32   5960500.0
2014-06-12  103.1800  102.53   5930700.0
2014-06-13  102.5100  102.53   4301600.0
2014-06-16  102.5200  102.45   5645500.0
2014-06-17  102.1300  101.93   4834600.0
2014-06-18  101.9100  102.81   5445000.0
2014-06-19  102.9300  103.81   5481500.0
2014-06-20  104.3700  105.27  12459700.0
2014-06-23  104.9100  104.75   6063200.0
2014-06-24  104.6300  104.59   5915000.0
2014-06-25  104.2300  105.76   6411100.0
2014-06-26  105.8400  105.65   5106900.0
2014-06-27  105.4700  104.99   6463000.0
2014-06-30  105.6200  104.62   6944200.0
2014-07-01  105.1500  105.87   5129200.0
2014-07-02  105.7000  105.86   3764900.0
2014-07-03  105.8700  105.42   4199100.0
2014-07-07  105.4200  106.47   7014900.0
2014-07-08  106.2100  105.72   6268400.0
2014-07-09  106.0000  106.04   5720900.0
2014-07-10  105.0800  105.80   4955100.0
2014-07-11  105.8400  105.10   5461000.0
2014-07-14  105.3800  105.38   7784800.0
2014-07-15  105.2300  103.28  14219700.0
2014-07-16  103.5300  102.22  11946800.0
2014-07-17  101.9000  100.37  11218900.0
2014-07-18  100.6700  101.80   8408400.0
2014-07-21  101.4400  101.27   6379900.0
2014-07-22  101.9100  102.47   6554100.0
2014-07-23  102.8000  102.19   4815300.0
2014-07-24  102.3400  102.20   5177200.0
2014-07-25  102.2700  102.11   3951500.0
2014-07-28  101.8900  102.11   4634800.0
2014-07-29  102.4500  101.96   6053900.0
2014-07-30  102.2700  102.30   5994800.0
2014-07-31  101.7700  100.09   9141500.0
2014-08-01   99.7600   99.90   8610700.0
2014-08-04   99.9900  100.16   6790800.0
2014-08-05   99.8300   99.82   6230900.0
2014-08-06   99.6700  100.71   7412100.0
2014-08-07  101.0900   99.93   7417800.0
2014-08-08  100.2100  101.08   5618400.0
2014-08-11  101.6200  101.16   5703000.0
2014-08-12  101.0000  100.63   4577700.0
2014-08-13  101.1500  101.74   4563700.0
2014-08-14  101.8900  102.02   5239400.0
2014-08-15  102.2100  101.17   6986000.0
2014-08-18  101.9200  102.70   5979500.0
2014-08-19  102.7300  102.96   5670000.0
2014-08-20  102.8700  103.21   5183000.0
2014-08-21  103.3300  104.19   8357600.0
2014-08-22  103.6300  103.10   5076300.0
2014-08-25  103.6500  103.23   3678200.0
2014-08-26  103.4700  103.44   3512400.0
2014-08-27  103.6000  103.22   4786100.0
2014-08-28  102.9000  102.95   3482200.0
2014-08-29  103.1000  103.73   5287800.0
2014-09-02  103.3000  103.36   4644800.0
2014-09-03  103.8200  103.76   4725800.0
2014-09-04  103.9900  103.84   6147700.0
2014-09-05  103.9200  104.42   5744400.0
2014-09-08  104.4200  104.05   4900300.0
2014-09-09  104.4000  103.80   5999400.0
2014-09-10  104.1900  104.99   7402200.0
2014-09-11  104.7800  104.55   4834100.0
2014-09-12  104.5400  104.58   5929200.0
2014-09-15  104.5900  104.72   4525500.0
2014-09-16  104.4900  105.88   6081400.0
2014-09-17  105.8800  106.19   6627800.0
2014-09-18  106.1800  107.35   6628700.0
2014-09-19  107.8900  107.99  13033400.0
2014-09-22  108.0000  107.88   5778612.0
2014-09-23  107.7700  107.46   8103904.0
2014-09-24  107.7000  108.64   5881690.0
2014-09-25  108.5300  107.10   5626083.0
2014-09-26  107.4100  107.10   4467569.0
2014-09-29  106.3800  106.54   6581602.0
2014-09-30  106.5000  106.59   6821894.0
2014-10-01  105.9800  104.30  12266738.0
2014-10-02  104.0600  103.85   7566157.0
2014-10-03  104.2300  105.13   6856127.0
2014-10-06  105.6800  104.86   5016549.0
2014-10-07  104.4600  102.39   8409384.0
2014-10-08  102.4300  104.91   8336887.0
2014-10-09  104.6300  102.08  10676107.0
2014-10-10  102.3500  101.23   9984263.0
2014-10-13  101.4600   99.12  10341254.0
2014-10-14  100.5300   97.01  20808277.0
2014-10-15   96.0500   98.21  21905946.0
2014-10-16   96.9700   96.78  14575331.0
2014-10-17   97.5400   98.70  12281405.0
2014-10-20   98.8300   99.20   7991762.0
2014-10-21   99.8300  100.36   7287832.0
2014-10-22  101.1000  101.22   9363548.0
2014-10-23  102.2600  102.63   7570375.0
2014-10-24  102.9500  103.13   5973142.0
2014-10-27  103.0700  104.07   7044125.0
2014-10-28  104.5500  104.79  10347753.0
2014-10-29  105.0000  105.56   8188368.0
2014-10-30  105.1700  107.04   9068043.0
2014-10-31  107.9400  107.78  10803709.0
2014-11-03  107.8300  107.46   7082618.0
2014-11-04  107.8900  108.62   9349107.0
2014-11-05  109.0500  108.82   6966795.0
2014-11-06  108.9300  109.01   6200277.0
2014-11-07  109.0000  108.20   6652571.0
2014-11-10  108.0700  108.82   7573288.0
2014-11-11  108.8800  108.91   6229047.0
2014-11-12  108.6700  108.75   4895776.0
2014-11-13  109.0500  109.07   4859955.0
2014-11-14  108.9200  108.16   5650729.0
2014-11-17  108.0000  108.30   5232783.0
2014-11-18  108.1300  108.83   5407151.0
2014-11-19  108.4500  108.76   5217779.0
2014-11-20  108.5500  108.18   8088944.0
2014-11-21  108.7300  107.86   8417278.0
2014-11-24  107.9200  106.88   9097827.0
2014-11-25  106.9800  106.70   7367894.0
2014-11-26  106.7700  107.21   5503702.0
2014-11-28  107.6100  108.25   5881239.0
2014-12-01  107.8900  108.03   5638779.0
2014-12-02  107.9700  108.51   6184380.0
2014-12-03  108.5400  107.72   8957411.0
2014-12-04  108.0900  107.56   6813583.0
2014-12-05  107.5300  108.51   6449739.0
2014-12-08  108.4200  108.52   6500691.0
2014-12-09  108.2200  108.05   7205754.0
2014-12-10  107.6100  106.24   9416252.0
2014-12-11  105.8500  106.72   7114640.0
2014-12-12  106.6500  104.43   8334204.0
2014-12-15  104.7700  103.96  12110559.0
2014-12-16  103.4800  102.76  10212040.0
2014-12-17  103.2700  104.07  10207637.0
2014-12-18  105.6200  106.81  11756825.0
2014-12-19  106.6300  105.55  19154418.0
2014-12-22  105.6900  106.74   8124539.0
2014-12-23  106.6600  104.28  10181076.0
2014-12-24  104.3800  104.59   3420184.0
2014-12-26  105.0700  105.06   2950901.0
2014-12-29  104.6400  105.33   4273424.0
2014-12-30  105.4200  105.36   4371735.0
2014-12-31  105.6100  104.57   6202118.0
2015-01-02  105.0500  104.52   5756761.0
2015-01-05  104.4800  103.79   8079279.0
2015-01-06  104.3400  103.28   7427862.0
2015-01-07  103.9100  105.56   7931714.0
2015-01-08  106.0600  106.39   9923009.0
2015-01-09  106.5000  104.94   7328649.0
2015-01-12  105.1700  104.58   6838916.0
2015-01-13  105.4400  104.76  10174210.0
2015-01-14  103.8600  104.00   8887383.0
2015-01-15  102.9700  102.49  10834211.0
2015-01-16  102.0600  104.04  14092276.0
2015-01-20  101.5500  101.29  20466453.0
2015-01-21  100.5600  101.90  11702660.0
2015-01-22  102.3900  103.76   9036593.0
2015-01-23  102.9400  102.20  10125718.0
2015-01-26  101.8000  102.26   8962685.0
2015-01-27  101.8300  102.09  10160531.0
2015-01-28  102.4800  101.48   9052999.0
2015-01-29  101.5100  102.38   7569310.0
2015-01-30  101.5800  100.14  10676136.0
2015-02-02  100.4900  100.83   8990498.0
2015-02-03  101.4000  102.46  10005207.0
2015-02-04  102.1200  101.36   9512804.0
2015-02-05  101.5700  102.46   6641988.0
2015-02-06  102.1100  101.10   9215593.0
2015-02-09  101.0600   99.78   9851568.0
2015-02-10  100.1900  100.35  12275450.0
2015-02-11  100.4600  100.38   8176401.0
2015-02-12  100.5000   98.44  25835156.0
2015-02-13   98.4400   99.62  11153595.0
2015-02-17   99.3900  100.44   8626982.0
2015-02-18  100.7000   99.96   7878157.0
2015-02-19   99.9500  100.70  10027905.0
2015-02-20  100.1800  100.26  10084704.0
2015-02-23  100.7400  100.18   6878246.0
2015-02-24  100.2500  100.70   6588073.0
2015-02-25  100.9400  101.21   9683963.0
2015-02-26  101.3800  102.80  11437557.0
2015-02-27  103.0400  102.51   8500014.0
2015-03-02  102.8600  103.22   7277382.0
2015-03-03  103.1000  102.34   6419609.0
2015-03-04  102.1200  101.65   8650609.0
2015-03-05  102.0700  102.52   8042336.0
2015-03-06  102.0900  100.11   9287621.0
2015-03-09  100.2000  100.66   5701061.0
2015-03-10   99.9900   99.53   8735743.0
2015-03-11   99.8300   98.32   9131246.0
2015-03-12   98.9600   99.83   8317996.0
2015-03-13   99.8500   99.21   7821793.0
2015-03-16   99.7400  101.06   7726489.0
2015-03-17  100.1100   99.89   7301526.0
2015-03-18   99.8900  101.46   7972158.0
2015-03-19  101.0400  101.69   6863087.0
2015-03-20  101.8700  102.40  12433761.0
2015-03-23  102.4700  102.98   9015861.0
2015-03-24  102.8300  101.96   8379742.0
2015-03-25  101.8500  100.34   8443719.0
2015-03-26   99.9500  100.14   9972371.0
2015-03-27  100.2800  100.34   5847382.0
2015-03-30  101.2400  101.55   6060862.0
2015-03-31  100.9700  100.60   8027487.0
2015-04-01  100.4600   99.15  11368126.0
2015-04-02   99.4400   99.64   6097146.0
2015-04-06   98.8400   99.16   9697048.0
2015-04-07   99.5500  100.10   7900288.0
2015-04-08   99.8400  100.16   7354110.0
2015-04-09  100.5700  101.33   8062314.0
2015-04-10  101.3300  102.06   6786446.0
2015-04-13  101.5400  100.55  10753497.0
2015-04-14  101.0500  100.52   9322175.0
2015-04-15  100.5400  100.60   8237103.0
2015-04-16  100.2700   99.79   7324783.0
2015-04-17   99.3700   99.58  11079673.0
2015-04-20  100.2600  100.21   6668541.0
2015-04-21  100.6600  100.30   6532698.0
2015-04-22  100.6300  100.43   4764283.0
2015-04-23  100.5000  100.46   7342331.0
2015-04-24  100.1100  101.08   6566915.0
2015-04-27  101.1600  100.58   9109833.0
2015-04-28  100.4500  100.74   7484581.0
2015-04-29  100.5100  100.39   8919531.0
2015-04-30  100.0700   99.20  10170210.0
2015-05-01   99.6200  100.13   6255973.0
2015-05-04  100.3300  100.35   5524492.0
2015-05-05  100.1300   99.50   8828129.0
2015-05-06   99.6200   99.17   8030106.0
2015-05-07   98.9400   99.66   6401552.0
2015-05-08  100.4800  101.47   7508622.0
2015-05-11  101.3200  101.03   5698876.0
2015-05-12  100.8800  100.47   6903070.0
2015-05-13  100.6800  100.55   5826750.0
2015-05-14  100.9700  101.83   5453985.0
2015-05-15  101.9800  102.30   6023443.0
2015-05-18  102.3700  103.42  10479526.0
2015-05-19  103.6600  103.96   7724081.0
2015-05-20  104.4200  103.60   7144389.0
2015-05-21  102.9100  102.42   6875323.0
2015-05-22  102.2700  101.35   6216965.0
2015-05-26  101.2300  100.82   7911661.0
2015-05-27  101.0100  101.13   9297634.0
2015-05-28  101.0100  101.15   5700051.0
2015-05-29  101.5500  100.14   9955450.0
2015-06-01  100.2800  100.04   7297785.0
2015-06-02   99.9200   99.98   8312446.0
2015-06-03  100.3200  100.09   5375153.0
2015-06-04   99.9400   99.23   8057860.0
2015-06-05   98.9900   98.59   7557268.0
2015-06-08   98.6000   97.96   7054613.0
2015-06-09   98.4400   98.21   7844315.0
2015-06-10   98.4800   98.88  10025139.0
2015-06-11   99.2000   99.24   6175188.0
2015-06-12   98.8800   98.35   8717217.0
2015-06-15   97.7500   97.49   6833452.0
2015-06-16   97.5000   98.36   6049522.0
2015-06-17   98.3800   98.73   6155753.0
2015-06-18   98.8600  100.36   8815526.0
2015-06-19   99.8800   99.86  11646882.0
2015-06-22  100.6000  100.09   5055771.0
2015-06-23  100.1000   99.78   6046627.0
2015-06-24   99.5100   99.33   7254687.0
2015-06-25   99.5000   99.12   6573801.0
2015-06-26   99.4300   99.64   9040744.0
2015-06-29   98.9800   97.68  11150832.0
2015-06-30   98.4300   97.46   8967911.0
2015-07-01   98.3000   98.47   6726694.0
2015-07-02   98.8500   98.44   6091886.0
2015-07-06   97.7100   98.20   6817541.0
2015-07-07   98.6300   98.92   7122469.0
2015-07-08   98.4200   97.77   6845543.0
2015-07-09   99.0500   98.40   7316390.0
2015-07-10   99.7800   99.53   6969235.0
2015-07-13  100.0500  100.27   6986321.0
2015-07-14   99.2600   99.78   9889283.0
2015-07-15   99.7600  100.42   7990325.0
2015-07-16  100.9500  101.11   5774981.0
2015-07-17  100.8900  100.08   8053893.0
2015-07-20  100.5000  100.37   5012822.0
2015-07-21  100.6000  100.34   5891165.0
2015-07-22  100.4100  100.18   6721346.0
2015-07-23  100.5000  100.20   5016148.0
2015-07-24   99.7500   99.15   6524053.0
2015-07-27   98.9700   98.28   8733993.0
2015-07-28   98.8900   99.02   7757420.0
2015-07-29   99.2600   99.73   7853488.0
2015-07-30   99.8000   99.84   5517401.0
2015-07-31  100.3400  100.21   6216815.0
2015-08-03  100.0000  100.02   6171701.0
2015-08-04  100.4100   99.80   6005340.0
2015-08-05  100.5700  100.52   4553750.0
2015-08-06  100.4900   99.07   6987937.0
2015-08-07   99.0200   98.85   6027855.0
2015-08-10   99.5700   99.79   6133408.0
2015-08-11   99.0500   99.01   6682636.0
2015-08-12   98.4000   98.71   7607491.0
2015-08-13   98.7400   98.48   5047960.0
2015-08-14   98.3300   98.81   5177310.0
2015-08-17   98.4400   99.87   6901809.0
2015-08-18   99.2400   99.37   7618826.0
2015-08-19   99.1800   99.31   7642349.0
2015-08-20   98.9500   98.79  10620430.0
2015-08-21   97.2200   95.56  16139906.0
2015-08-24   91.0800   92.82  25633353.0
2015-08-25   95.6900   90.73  15664699.0
2015-08-26   92.9100   95.11  14719597.0
2015-08-27   96.1200   96.22  11131199.0
2015-08-28   96.1000   95.17   9200284.0
2015-08-31   95.0500   93.98   9082961.0
2015-09-01   92.2700   92.09  14592243.0
2015-09-02   93.4500   93.35  11517363.0
2015-09-03   93.6600   92.64   9027240.0
2015-09-04   91.5800   91.31  10997186.0
2015-09-08   93.0900   93.94  11393769.0
2015-09-09   94.9900   92.22   7384549.0
2015-09-10   92.1100   92.72   8358704.0
2015-09-11   92.4400   92.93   7381327.0
2015-09-14   92.9000   93.32   7948727.0
2015-09-15   93.7900   94.40   7030679.0
2015-09-16   94.4900   94.61   5630377.0
2015-09-17   94.5300   94.84   8258048.0
2015-09-18   94.0800   93.39  14211147.0
2015-09-21   93.8700   93.13   7053338.0
2015-09-22   92.2600   93.24  10617620.0
2015-09-23   93.2100   92.99   5609270.0
2015-09-24   92.5200   92.48   7407488.0
2015-09-25   92.9300   91.00  10794083.0
2015-09-28   90.7000   91.37  14191322.0
2015-09-29   92.2400   93.04  11519707.0
2015-09-30   94.1300   93.35  10733444.0
2015-10-01   93.4300   93.17   9675937.0
2015-10-02   92.1400   93.93   8367839.0
2015-10-05   94.1900   94.76   9419147.0
2015-10-06   94.5200   93.42   8365019.0
2015-10-07   94.2600   94.98   9466339.0
2015-10-08   94.7100   95.08   7090710.0
2015-10-09   95.1400   95.37   8259654.0
2015-10-12   95.0700   95.99   8957937.0
2015-10-13   94.7900   95.45  12761886.0
2015-10-14   95.2100   94.53   8881850.0
2015-10-15   95.0000   97.15   9561891.0
2015-10-16   97.8700   98.24   9495231.0
2015-10-19   98.0500   97.94   8725430.0
2015-10-20   97.9500   97.59   6041789.0
2015-10-21   97.6400   97.63   7093295.0
2015-10-22   97.8500   99.53   9887845.0
2015-10-23   99.8800  100.31   9178873.0
2015-10-26  100.0500   99.94   7561604.0
2015-10-27   99.9200  100.19   8883154.0
2015-10-28  100.4500  100.48   7256217.0
2015-10-29  100.4700  101.37   6340702.0
2015-10-30  101.5300  101.03  10520339.0
2015-11-02  101.1800  102.17   6297929.0
2015-11-03  101.8400  101.96   6229002.0
2015-11-04  101.9000  101.94   5592309.0
2015-11-05  102.2500  102.33   6545575.0
2015-11-06  101.5700  101.92   6220880.0
2015-11-09  101.3900  100.84   6625850.0
2015-11-10  101.0000  101.45   5114204.0
2015-11-11  101.7800  101.86   6284749.0
2015-11-12  101.1400  100.27   6918621.0
2015-11-13  100.0400   99.88   8517437.0
2015-11-16  100.3800  101.22   5755304.0
2015-11-17  101.3400  101.50   5123925.0
2015-11-18  101.5300  102.67   7146029.0
2015-11-19  102.6600  102.49   5162070.0
2015-11-20  102.4900  102.48   7671207.0
2015-11-23  102.3900  102.77   6730405.0
2015-11-24  101.8100  102.04   7492381.0
2015-11-25  102.1700  101.96   5401443.0
2015-11-27  102.2800  102.37   2353779.0
2015-11-30  102.4800  101.24   8974353.0
2015-12-01  101.7300  102.36   7545986.0
2015-12-02  102.5000  102.05   6623500.0
2015-12-03  102.2700  100.79  12008737.0
2015-12-04  101.4000  102.95   7843509.0
2015-12-07  102.6100  103.32   7262911.0
2015-12-08  102.9800  102.42   8005242.0
2015-12-09  102.1400  102.15   7947010.0
2015-12-10  102.3000  102.64   6476936.0
2015-12-11  102.3700  101.68   7796497.0
2015-12-14  101.6450  102.15  10640583.0
2015-12-15  102.6500  104.13   9283193.0
2015-12-16  104.6400  105.25   8178806.0
2015-12-17  105.1600  103.64   8740832.0
2015-12-18  103.0800  101.95  14905454.0
2015-12-21  102.3400  101.58   8321937.0
2015-12-22  101.9100  102.71   5581632.0
2015-12-23  103.1100  103.49   5531571.0
2015-12-24  103.1200  103.72   2546278.0
2015-12-28  103.1800  103.22   4062956.0
2015-12-29  103.3400  104.03   4229973.0
2015-12-30  104.1100  103.78   3847819.0
2015-12-31  103.3700  102.72   4592503.0
2016-01-04  101.7100  100.48  12722446.0
2016-01-05  100.5800  100.90   6467228.0
2016-01-06   99.8200  100.39   7733187.0
2016-01-07   99.3100   99.22   9432286.0
2016-01-08   99.8800   98.16   9766654.0
2016-01-11   98.2400   97.57   8151427.0
2016-01-12   97.9900   98.24   6743979.0
2016-01-13   98.4900   97.02   8290689.0
2016-01-14   97.1000   98.89  10164144.0
2016-01-15   96.3700   97.00  12657614.0
2016-01-19   97.9300   97.50  12457715.0
2016-01-20   96.1100   95.75  12685076.0
2016-01-21   95.7700   95.94  11264989.0
2016-01-22   97.0200   96.75   8379946.0
2016-01-25   96.7200   96.40   9350031.0
2016-01-26   97.2600  101.18  17266443.0
2016-01-27  100.4900  102.16  19327217.0
2016-01-28  102.5000  102.27  12789459.0
2016-01-29  102.8900  104.44  15613480.0
2016-02-01  103.6100  104.37   9803485.0
2016-02-02  103.3000  103.41  10616349.0
2016-02-03  103.6500  104.14  10168633.0
2016-02-04  103.6100  103.90  10388998.0
2016-02-05  102.6600  100.54  15521054.0
2016-02-08  100.3100  102.00  14323726.0
2016-02-09  101.3100  101.97  10043839.0
2016-02-10  102.0500  101.73   9832924.0
2016-02-11  100.4600  101.70  12465782.0
2016-02-12  101.8200  101.82   9035013.0
2016-02-16  102.3700  102.32  10451550.0
2016-02-17  102.7500  102.50   8903978.0
2016-02-18  102.8300  104.24  10743141.0
2016-02-19  103.5800  104.16   9342898.0
2016-02-22  104.4400  104.75   6946966.0
2016-02-23  104.6500  104.08   6628480.0
2016-02-24  103.3400  104.96   9072927.0
2016-02-25  104.9500  106.38   8092367.0
2016-02-26  106.8200  105.78   9049441.0
2016-02-29  105.2800  105.21  10103370.0
2016-03-01  105.9000  107.22   8298471.0
2016-03-02  106.9100  107.04   9766929.0
2016-03-03  106.8200  106.65   6927155.0
2016-03-04  106.5100  106.50   6715568.0
2016-03-07  106.0000  106.74   6973441.0
2016-03-08  106.5200  106.22   7576842.0
2016-03-09  106.8400  106.84   7564004.0
2016-03-10  106.9900  107.14  10474747.0
2016-03-11  107.5000  107.71   7763674.0
2016-03-14  107.9200  107.66   7242758.0
2016-03-15  107.6200  107.76   8476598.0
2016-03-16  107.7300  107.41   7065081.0
2016-03-17  107.4700  106.74   8571010.0
2016-03-18  106.9900  107.50  14758303.0
2016-03-21  107.4100  107.28   7674356.0
2016-03-22  107.2800  107.38   7821676.0
2016-03-23  107.2900  108.50   8191313.0
2016-03-24  108.2200  108.31   6284206.0
2016-03-28  108.4100  108.23   4738112.0
2016-03-29  108.3000  109.14   6612787.0
2016-03-30  109.4500  108.98   5248182.0
2016-03-31  108.8600  108.20   8167693.0
2016-04-01  108.0000  109.19   9043031.0
2016-04-04  108.8200  108.59  10668875.0
2016-04-05  108.2300  108.95   7938711.0
2016-04-06  108.7200  109.42   6828705.0
2016-04-07  109.0000  109.27   7822916.0
2016-04-08  109.3700  109.10   6301534.0
2016-04-11  109.1500  108.97   6823772.0
2016-04-12  109.0000  109.60   8407385.0
2016-04-13  110.0000  109.87   5758284.0
2016-04-14  110.0000  109.84   4457099.0
2016-04-15  110.0700  110.18  10057866.0
2016-04-18  110.0000  110.93   7768707.0
2016-04-19  111.6500  112.68  10523512.0
2016-04-20  113.1900  113.58   8212633.0
2016-04-21  113.3100  113.57   7884452.0
2016-04-22  113.4300  113.32   7508290.0
2016-04-25  113.3100  113.51   6139854.0
2016-04-26  113.4500  112.91   5853561.0
2016-04-27  112.9600  112.77   5759301.0
2016-04-28  112.1000  112.48   6638316.0
2016-04-29  112.0600  112.08   7774477.0
2016-05-02  112.2200  112.75   5178847.0
2016-05-03  112.5600  112.69   7550697.0
2016-05-04  112.0400  112.22   5214649.0
2016-05-05  112.0800  112.88   5404241.0
2016-05-06  112.5800  112.74   6099839.0
2016-05-09  112.9800  113.72   6512515.0
2016-05-10  114.0000  114.67   8356260.0
2016-05-11  114.5700  114.37   6680452.0
2016-05-12  114.5000  114.23   7156163.0
2016-05-13  113.9000  113.56   6779807.0
2016-05-16  113.3900  114.44   6222861.0
2016-05-17  114.5400  113.83   9233911.0
2016-05-18  113.6100  113.59   8267933.0
2016-05-19  112.9900  112.85   8232205.0
2016-05-20  112.2000  112.64   7435083.0
2016-05-23  112.7700  112.16   6462021.0
2016-05-24  112.5200  112.69   6124559.0
2016-05-25  113.1800  113.35   5455518.0
2016-05-26  113.1100  112.90   3973425.0
2016-05-27  113.0400  113.06   4647024.0
2016-05-31  113.2600  112.69  10104705.0
2016-06-01  112.5700  112.78   4749063.0
2016-06-02  112.8700  114.49   7310801.0
2016-06-03  114.4700  114.76   6881432.0
2016-06-06  114.9700  115.77   6349758.0
2016-06-07  116.0100  115.73   6417404.0
2016-06-08  115.5200  115.80   5863782.0
2016-06-09  115.7800  117.00   7375064.0
2016-06-10  116.7400  117.01   6067428.0
2016-06-13  117.1300  116.79   7940793.0
2016-06-14  116.4500  117.12   6376595.0
2016-06-15  117.6400  116.41   6370379.0
2016-06-16  115.6900  116.64   6664815.0
2016-06-17  116.6200  115.48  10702199.0
2016-06-20  116.6000  116.54   5588202.0
2016-06-21  116.9900  116.18   5491490.0
2016-06-22  116.5400  116.46   5833754.0
2016-06-23  117.2000  117.38   6775873.0
2016-06-24  115.0700  115.63  13938370.0
2016-06-27  115.0000  116.55  10896051.0
2016-06-28  117.1700  118.23  10073497.0
2016-06-29  118.8400  119.33   8341454.0
2016-06-30  119.1800  121.30  11559922.0
2016-07-01  121.5400  121.29   7051284.0
2016-07-05  121.3600  122.27   9334006.0
2016-07-06  121.9300  122.64   9332366.0
2016-07-07  122.5900  122.51   6058727.0
2016-07-08  123.0000  122.85   6129913.0
2016-07-11  122.7100  122.93   6711586.0
2016-07-12  122.6500  122.92   6415821.0
2016-07-13  122.6800  123.00   5230801.0
2016-07-14  122.9800  123.18   5322618.0
2016-07-15  123.7700  123.00   7192625.0
2016-07-18  123.0000  123.14   6594718.0
2016-07-19  124.7800  125.25  11325107.0
2016-07-20  125.8400  125.14   7334543.0
2016-07-21  125.2100  125.15   5563937.0
2016-07-22  125.1200  125.03   5839195.0
2016-07-25  125.0700  124.89   4880519.0
2016-07-26  125.0250  125.15   5589861.0
2016-07-27  125.1000  124.77   4812431.0
2016-07-28  124.9800  124.46   4320393.0
2016-07-29  124.3400  125.23   7020810.0
2016-08-01  125.3100  125.40   4614832.0
2016-08-02  125.6500  124.85   7158693.0
2016-08-03  125.0000  123.90   5310641.0
2016-08-04  124.2400  123.86   4727465.0
2016-08-05  124.3800  124.24   5146935.0
2016-08-08  124.0000  123.65   5232159.0
2016-08-09  123.9100  123.43   3941488.0
2016-08-10  123.5900  123.36   4333466.0
2016-08-11  123.8500  123.77   4051971.0
2016-08-12  123.4700  123.22   4234672.0
2016-08-15  123.1200  122.31   6469495.0
2016-08-16  122.1100  120.33  11289111.0
2016-08-17  120.5000  121.31  10442368.0
2016-08-18  121.1700  120.72   8728000.0
2016-08-19  119.9100  119.92   7798299.0
2016-08-22  119.9000  119.13   6544864.0
2016-08-23  119.6700  119.44   5603177.0
2016-08-24  119.4800  118.71   6303942.0
2016-08-25  118.8600  118.57   5565948.0
2016-08-26  118.8400  119.04   6482673.0
2016-08-29  119.3000  119.92   5074716.0
2016-08-30  120.6700  119.47   3819510.0
2016-08-31  119.5400  119.34   5693081.0
2016-09-01  119.1900  119.08   4551792.0
2016-09-02  119.3600  119.32   5806115.0
2016-09-06  119.7800  119.75   5280652.0
2016-09-07  119.8400  119.61   4753530.0
2016-09-08  119.3700  119.47   4833010.0
2016-09-09  119.0300  118.23   7957267.0
2016-09-12  117.7600  119.16   7239795.0
2016-09-13  118.4200  117.61   7957869.0
2016-09-14  117.8500  117.86   6124894.0
2016-09-15  117.8100  118.63   5814900.0
2016-09-16  118.5100  118.25  12408779.0
2016-09-19  118.3600  117.66   5457633.0
2016-09-20  118.1700  117.95   5187716.0
2016-09-21  117.9500  118.91   6337292.0
2016-09-22  119.2500  119.46   5340386.0
2016-09-23  119.4100  118.81   4772980.0
2016-09-26  118.6300  117.78   5998839.0
2016-09-27  118.3900  119.22   5349466.0
2016-09-28  119.0500  119.39   5075791.0
2016-09-29  118.8800  117.27   6189865.0
2016-09-30  117.7800  118.13   7941065.0
2016-10-03  118.0000  118.81   6097939.0
2016-10-04  118.8400  118.82   5733934.0
2016-10-05  119.2200  119.18   5778691.0
2016-10-06  118.5000  118.75   4448450.0
2016-10-07  119.1700  119.24   4799241.0
2016-10-10  119.5100  119.80   3657049.0
2016-10-11  119.4100  117.64   6394155.0
2016-10-12  117.9600  117.97   4685998.0
2016-10-13  117.5400  118.26   7387365.0
2016-10-14  118.5000  117.56   5639972.0
2016-10-17  117.5000  118.49   6956374.0
2016-10-18  117.3800  115.41  12598255.0
2016-10-19  115.5700  114.59   7400937.0
2016-10-20  114.8300  114.87   6972999.0
2016-10-21  114.1100  113.44   8421442.0
2016-10-24  113.9300  113.61   6141858.0
2016-10-25  113.6400  113.96   5594979.0
2016-10-26  113.6400  114.56   6429055.0
2016-10-27  114.9800  115.70   7548667.0
2016-10-28  115.8200  115.33   8813004.0
2016-10-31  115.2800  115.99   8552528.0
2016-11-01  114.7600  115.34   7591930.0
2016-11-02  115.5200  114.86   6591283.0
2016-11-03  114.8800  115.03   6227010.0
2016-11-04  115.0400  115.11   7160570.0
2016-11-07  115.8900  116.66   6398177.0
2016-11-08  116.4800  117.05   6674973.0
2016-11-09  120.0000  120.31  16219977.0
2016-11-10  120.7700  119.54  11904470.0
2016-11-11  119.4900  118.47   8134783.0
2016-11-14  118.5800  116.60  10054905.0
2016-11-15  116.4000  116.32   7446670.0
2016-11-16  116.6500  116.36   6594378.0
2016-11-17  116.6800  116.57   5730229.0
2016-11-18  115.7900  115.36   7717773.0
2016-11-21  115.4400  115.00   5843313.0
2016-11-22  114.5900  112.74  11649483.0
2016-11-23  112.2500  113.07   8466967.0
2016-11-25  113.6000  114.13   3433340.0
2016-11-28  113.7900  113.13   9065730.0
2016-11-29  112.9500  112.48   7798561.0
2016-11-30  112.1900  111.30  11177197.0
2016-12-01  111.3600  111.38   8141717.0
2016-12-02  111.7200  111.96   6167740.0
2016-12-05  112.4000  111.94   5451568.0
2016-12-06  112.2400  112.06   6530358.0
2016-12-07  111.8900  111.10  11761134.0
2016-12-08  110.5400  110.99   7774796.0
2016-12-09  111.4100  112.26   7672088.0
2016-12-12  112.6900  115.36   9544063.0
2016-12-13  115.5300  115.89   7051623.0
2016-12-14  116.1200  114.99   9378504.0
2016-12-15  115.3300  115.89   6738083.0
2016-12-16  116.4100  115.88  11291124.0
2016-12-19  116.0700  116.02   6310789.0
2016-12-20  115.9800  115.66   5715163.0
2016-12-21  116.2000  115.31   5907740.0
2016-12-22  115.0000  115.44   4602177.0
2016-12-23  115.4000  115.96   2993289.0
2016-12-27  115.8900  115.91   3232942.0
2016-12-28  115.8800  115.10   3278292.0
2016-12-29  115.2300  115.49   2993622.0
2016-12-30  115.8000  115.21   5506734.0
2017-01-03  115.7800  115.84   5953048.0
2017-01-04  115.5000  115.65   5828946.0
2017-01-05  116.0000  116.86   6217169.0
2017-01-06  116.6700  116.30   5221381.0
2017-01-09  116.3500  116.28   5457459.0
2017-01-10  116.0300  116.16   5312812.0
2017-01-11  116.0800  114.73   8887197.0
2017-01-12  114.2700  114.62   6627250.0
2017-01-13  114.9400  114.60   4935038.0
2017-01-17  113.9400  114.87   6255447.0
2017-01-18  114.9400  114.70   5014570.0
2017-01-19  114.6800  114.20   5540831.0
2017-01-20  114.4900  114.15   7502425.0
2017-01-23  114.5100  113.91   7987709.0
2017-01-24  112.9100  111.76  12450307.0
2017-01-25  111.9300  112.80   9385502.0
2017-01-26  112.0000  111.84  10164311.0
2017-01-27  112.0000  113.38   8885867.0
2017-01-30  113.4000  113.13   6969230.0
2017-01-31  112.7900  113.25   8713303.0
2017-02-01  112.4800  113.23   7082322.0
2017-02-02  112.8200  113.57   7826308.0
2017-02-03  113.5000  113.64   7267569.0
2017-02-06  113.4600  113.40   6178403.0
2017-02-07  113.6000  113.48   5507915.0
2017-02-08  113.3000  113.40   5271601.0
2017-02-09  113.4700  114.08   5854606.0
2017-02-10  114.3200  115.24   6438536.0
2017-02-13  115.2800  115.88   5710779.0
2017-02-14  115.4400  116.36   5539116.0
2017-02-15  115.9000  117.20   5979679.0
2017-02-16  117.0000  118.08   7119291.0
2017-02-17  118.1900  118.86   8691074.0
2017-02-21  118.4000  119.66   8594957.0
2017-02-22  119.2800  119.52   5103903.0
2017-02-23  119.5200  121.70   9980945.0
2017-02-24  121.5000  122.73  10834801.0
2017-02-27  122.1300  122.40   5946007.0
2017-02-28  122.0100  122.21   8885438.0
2017-03-01  122.4900  123.86   9393869.0
2017-03-02  123.7500  123.63   6949752.0
2017-03-03  123.4100  123.79   5593811.0
2017-03-06  123.0100  123.71   6670681.0
2017-03-07  122.5800  123.83   6643988.0
2017-03-08  123.7500  124.10   7909858.0
2017-03-09  124.5800  125.95   8571147.0
2017-03-10  126.0400  126.21   7395237.0
2017-03-13  125.8300  126.68   7162476.0
2017-03-14  126.8600  127.05   7679707.0
2017-03-15  127.0500  128.96   8360637.0
2017-03-16  128.4400  128.46   7610720.0
2017-03-17  128.4500  128.06  13300756.0
2017-03-20  128.0400  128.07   5827497.0
2017-03-21  128.3800  127.25   7578634.0
2017-03-22  127.0500  126.26  10272668.0
2017-03-23  126.1000  125.90   8508073.0
2017-03-24  125.8600  125.48   6490304.0
2017-03-27  125.1600  125.80   5004285.0
2017-03-28  125.6200  125.66   5287496.0
2017-03-29  125.0500  124.92   3971828.0
2017-03-30  124.7400  124.66   4711693.0
2017-03-31  124.1100  124.55   5657560.0
2017-04-03  124.7300  124.69   4956501.0
2017-04-04  124.5100  124.68   5358385.0
2017-04-05  124.7200  124.80   5646251.0
2017-04-06  124.8500  125.05   4324385.0
2017-04-07  125.1200  124.92   3615126.0
2017-04-10  124.8700  124.34   4594234.0
2017-04-11  124.2600  124.22   4161540.0
2017-04-12  124.5400  125.40   5556604.0
2017-04-13  125.1300  124.99   5396539.0
2017-04-17  125.0200  125.72   5367465.0
2017-04-18  123.1800  121.82  13485682.0
2017-04-19  122.1000  121.37   6993098.0
2017-04-20  121.8600  121.87   6330136.0
2017-04-21  121.7800  121.76   6021721.0
2017-04-24  122.5200  122.89   5679021.0
2017-04-25  123.3400  123.43   5031349.0
2017-04-26  123.7900  123.51   4988535.0
2017-04-27  123.5800  123.74   4221439.0
2017-04-28  123.8500  123.47   4357336.0
2017-05-01  123.4000  123.34   4549320.0
2017-05-02  123.5200  123.70   4816204.0
2017-05-03  123.5900  123.33   3735172.0
2017-05-04  123.6900  123.95   3748259.0
2017-05-05  123.8000  123.51   3764837.0
2017-05-08  123.5300  123.25   3608623.0
2017-05-09  123.2300  123.21   3751967.0
2017-05-10  122.9100  122.81   4216699.0
2017-05-11  122.5000  123.20   4019556.0
2017-05-12  123.1100  123.64   3993407.0
2017-05-15  124.4100  126.99   9773084.0
2017-05-16  127.3400  127.77   7225069.0
2017-05-17  126.6000  126.67   6457668.0
2017-05-18  126.4600  126.97   6564296.0
2017-05-19  127.0300  127.00   6949614.0
2017-05-22  126.6300  127.26   4680335.0
2017-05-23  127.3100  127.52   3972463.0
2017-05-24  127.7900  127.51   3965187.0
2017-05-25  126.7400  127.53   5286427.0
2017-05-26  127.2300  126.92   4001562.0
2017-05-30  126.7000  127.11   3618323.0
2017-05-31  127.3500  128.25   8737353.0
2017-06-01  128.3200  128.78   5763318.0
2017-06-02  129.0500  130.08   6554988.0
2017-06-05  129.9700  130.36   4630612.0
2017-06-06  130.1800  130.83   5603201.0
2017-06-07  131.0000  130.75   5765209.0
2017-06-08  131.0000  130.55   8056662.0
2017-06-09  130.3700  131.53   5992511.0
2017-06-12  131.6400  131.82   8020715.0
2017-06-13  131.7500  132.02   5725747.0
2017-06-14  132.5100  132.77   7322968.0
2017-06-15  132.0000  133.04   5248853.0
2017-06-16  133.7200  134.35  12199202.0
2017-06-19  134.1500  134.07   7308011.0
2017-06-20  133.9000  134.22   5074433.0
2017-06-21  134.2900  134.91   5620840.0
2017-06-22  135.4500  136.05   7038855.0
2017-06-23  135.4500  136.43   8463457.0
2017-06-26  136.4800  136.34   5499879.0
2017-06-27  136.5000  135.01   6109905.0
2017-06-28  135.9500  133.82   6522879.0
2017-06-29  133.4000  132.64   5695328.0
2017-06-30  132.7000  132.29   5117952.0
2017-07-03  132.7900  132.90   2930998.0
2017-07-05  132.9800  133.64   4273446.0
2017-07-06  133.6100  132.52   4241474.0
2017-07-07  132.9100  132.54   4550360.0
2017-07-10  132.7400  131.55   4012158.0
2017-07-11  131.4300  131.23   3724756.0
2017-07-12  132.0400  132.23   5029287.0
2017-07-13  132.1000  131.86   4420501.0
2017-07-14  132.0000  132.60   4231492.0
2017-07-17  132.7100  132.15   4922557.0
2017-07-18  131.6200  134.46  10066799.0
2017-07-19  134.8400  135.21   5209316.0
2017-07-20  135.7300  136.57   5795369.0
2017-07-21  135.3300  135.31   6706472.0
2017-07-24  134.9900  133.01   8140074.0
2017-07-25  133.7400  131.88   6166291.0
2017-07-26  131.6600  130.95   5278711.0
2017-07-27  130.8500  130.83   5811478.0
2017-07-28  131.1400  131.85   4592865.0
2017-07-31  132.1400  132.72   5393727.0
2017-08-01  133.1700  132.51   3807496.0
2017-08-02  132.0800  132.16   4014274.0
2017-08-03  131.9100  133.35   4319246.0
2017-08-04  133.7400  133.18   3166800.0
2017-08-07  133.0900  132.86   2953688.0
2017-08-08  132.5000  132.27   5131329.0
2017-08-09  132.8100  133.23   5746322.0
2017-08-10  133.0400  133.09   5566956.0
2017-08-11  133.6400  133.10   4270553.0
2017-08-14  134.2000  133.48   3016430.0
2017-08-15  133.8500  133.38   3821624.0
2017-08-16  134.0800  134.17   4356817.0
2017-08-17  134.1800  133.04   5528205.0
2017-08-18  132.6700  132.63   4625161.0
2017-08-21  132.2800  133.45   3438561.0
2017-08-22  133.2700  134.70   4085185.0
2017-08-23  134.4300  132.80   5080465.0
2017-08-24  132.8200  132.89   5345231.0
2017-08-25  131.9100  131.68   4127094.0
2017-08-28  131.6800  131.74   5263566.0
2017-08-29  131.5700  132.21   3251428.0
2017-08-30  132.0000  131.07   5407832.0
2017-08-31  131.3900  132.37   7383291.0
2017-09-01  132.6000  131.03   3819156.0
2017-09-05  130.7200  129.90   5146616.0
2017-09-06  130.5400  130.67   5462168.0
2017-09-07  130.8600  132.19   3732519.0
2017-09-08  132.0000  130.98   4834116.0
2017-09-11  131.3700  133.21   5552669.0
2017-09-12  133.8300  132.63   5462797.0
2017-09-13  132.6700  132.45   4618804.0
2017-09-14  132.1400  134.18   6271330.0
2017-09-15  134.7900  134.45  15316869.0
2017-09-18  134.4400  135.38   5260780.0
2017-09-19  135.0200  135.22   4880997.0
2017-09-20  133.2500  133.22   7281193.0
2017-09-21  133.3100  131.75   5692496.0
2017-09-22  131.9900  131.39   4257909.0
2017-09-25  131.4700  131.17   5949238.0
2017-09-26  131.5000  130.94   3691817.0
2017-09-27  131.0000  129.75   5669761.0
2017-09-28  129.9100  129.47   3950648.0
2017-09-29  129.5800  130.01   5699479.0
2017-10-02  130.1600  131.22   4437552.0
2017-10-03  131.6500  132.10   3884422.0
2017-10-04  132.4000  132.89   3578974.0
2017-10-05  132.8900  133.19   3185559.0
2017-10-06  133.0000  133.22   2464664.0
2017-10-09  133.6600  133.45   3750502.0
2017-10-10  133.5600  133.90   4121137.0
2017-10-11  134.8800  136.65   8103275.0
2017-10-12  136.3400  136.83   5018977.0
2017-10-13  136.6000  136.43   4104533.0
2017-10-16  136.4500  136.12   5114825.0
2017-10-17  137.6700  140.79  11555970.0
2017-10-18  140.7900  140.68   6800409.0
2017-10-19  140.7100  142.04   8623640.0
2017-10-20  142.3800  142.40   5620340.0
2017-10-23  142.1300  143.62   6669743.0
2017-10-24  143.3800  141.64   5742798.0
2017-10-25  141.1600  142.42   4850811.0
2017-10-26  142.5100  141.81   5834460.0
2017-10-27  141.0000  141.78   5140109.0
2017-10-30  141.0800  140.00   6012739.0
2017-10-31  140.0200  139.41   4779360.0
2017-11-01  139.8300  139.98   4985457.0
2017-11-02  140.1100  139.93   3470804.0
2017-11-03  139.7300  140.08   2735973.0
2017-11-06  140.0100  139.76   4209904.0
2017-11-07  140.0800  139.77   4169887.0
2017-11-09  140.8600  140.35   3490210.0
2017-11-10  140.1300  139.56   4231808.0
2017-11-13  139.0100  139.76   4309741.0
2017-11-14  139.5700  139.49   4070870.0
2017-11-15  139.2300  139.10   3736311.0
2017-11-16  139.4200  138.87   4173520.0
2017-11-17  138.3000  138.00   4112134.0
2017-11-20  138.1500  137.93   4262306.0
2017-11-21  138.4500  138.34   5654616.0
2017-11-22  138.3000  137.29   3917002.0
2017-11-24  137.5000  138.01   2606832.0
2017-11-27  137.5100  138.10   3929055.0
2017-11-28  138.3000  140.02   4990975.0
2017-11-29  140.2200  139.81   5180396.0
2017-11-30  140.0600  139.33   8793617.0
2017-12-01  139.5700  139.98   5983959.0
2017-12-04  140.6200  139.01   5547138.0
2017-12-05  139.8800  139.67   6738613.0
2017-12-06  140.2500  141.06   5304506.0
2017-12-07  141.0000  140.01   4705180.0
2017-12-08  140.0000  140.59   4343488.0
2017-12-11  140.1000  141.14   4325895.0
2017-12-12  142.0600  142.60   8013643.0
2017-12-13  142.5000  142.89   5754026.0
2017-12-14  143.6000  141.65   5332273.0
2017-12-15  142.7300  142.46  12012749.0
2017-12-18  142.4300  141.80   5821869.0
2017-12-19  141.7200  141.78   6453244.0
2017-12-20  142.2900  141.16   5933448.0
2017-12-21  141.7600  141.06   5501307.0
2017-12-22  140.9000  140.12   4655340.0
2017-12-26  140.4600  140.09   3268365.0
2017-12-27  140.4200  140.57   3645694.0
2017-12-28  140.7000  140.56   2237834.0
2017-12-29  140.9800  139.72   4419945.0
2018-01-02  139.6600  139.23   6835739.0
2018-01-03  139.3600  140.56   5241755.0
2018-01-04  140.4500  140.55   4777518.0
2018-01-05  140.6900  141.71   5900718.0
2018-01-08  141.7000  141.89   4980217.0
2018-01-09  142.3700  144.14   8888967.0
2018-01-10  143.5500  143.97   6556440.0
2018-01-11  144.1300  144.79   4909267.0
2018-01-12  144.9900  145.76   5430284.0
2018-01-16  146.4200  146.86   7864158.0
2018-01-17  147.8400  146.98  10612314.0
2018-01-18  146.9300  146.92   5219314.0
2018-01-19  147.4600  147.36   8704553.0
2018-01-22  147.0100  148.14   6505696.0
2018-01-23  146.9600  141.83  16897226.0
2018-01-24  143.5000  142.07  12373680.0
2018-01-25  142.3100  144.40   7542612.0
2018-01-26  144.5000  145.33   6979094.0
2018-01-29  144.8500  143.68   7766129.0
2018-01-30  143.4000  142.43   8178194.0
2018-01-31  142.5700  138.19  13022358.0
2018-02-01  137.5300  140.02   9372485.0
2018-02-02  139.0200  137.68   9197500.0
2018-02-05  136.5800  130.39  19475494.0
2018-02-06  130.0100  131.83  19102631.0
2018-02-07  131.8900  131.42  10436291.0
2018-02-08  130.9100  126.36  11617736.0
2018-02-09  127.5200  129.53  14917886.0
2018-02-12  130.0000  130.27   9874716.0
2018-02-13  129.2100  129.96   6329022.0
2018-02-14  129.4400  129.67   6237364.0
2018-02-15  130.1000  131.23   5591782.0
2018-02-16  130.9600  133.15   7917284.0
2018-02-20  132.8700  130.87   6508157.0
2018-02-21  130.8000  129.91   6254076.0
2018-02-22  130.1000  129.91   5719462.0
2018-02-23  130.0900  132.02   4995038.0
2018-02-26  131.7100  132.07   6648513.0
2018-02-27  132.2100  131.67   7072577.0
2018-02-28  131.9500  129.88   7898371.0
2018-03-01  129.1100  127.28   9424007.0
2018-03-02  126.9100  128.82   6910426.0
2018-03-05  128.6300  129.79   5799799.0
2018-03-06  130.0000  128.22   5543015.0
2018-03-07  127.4800  129.04   6391661.0
2018-03-08  129.3300  132.06   6293127.0
2018-03-09  132.5100  133.80   6899702.0
2018-03-12  133.8000  132.63   4885880.0
2018-03-13  133.8000  134.35   9093637.0
2018-03-14  135.2400  132.32   6309618.0
2018-03-15  132.5500  133.06   4940860.0
2018-03-16  133.1600  133.68  13809970.0
2018-03-19  133.3500  130.24   5826044.0
2018-03-20  130.7800  131.21   5858987.0
2018-03-21  131.4000  131.19   5128176.0
2018-03-22  130.4700  127.38   7532800.0
2018-03-23  127.6300  125.10   8286607.0
2018-03-26  126.4100  127.39   8282774.0
2018-03-27  127.1100  127.21   7663114.0