date    open  close      volume
                                    
2014-10-06  61.440  60.95   1400882.0
2014-10-07  60.750  60.18   1632591.0
2014-10-08  60.180  61.12   1810127.0
2014-10-09  61.100  60.67   2005874.0
2014-10-10  60.800  60.30   2106005.0
2014-10-13  60.330  59.70   1853490.0
2014-10-14  59.960  60.19   1106728.0
2014-10-15  59.600  59.91   2376885.0
2014-10-16  59.100  59.75   1698450.0
2014-10-17  60.170  60.92   1836250.0
2014-10-20  60.450  61.76   2130448.0
2014-10-21  61.780  61.70   2436869.0
2014-10-22  62.340  62.04   1447156.0
2014-10-23  62.410  61.74   1549687.0
2014-10-24  61.800  61.94   1507820.0
2014-10-27  61.940  62.10   1975676.0
2014-10-28  62.420  62.75   1512601.0
2014-10-29  62.600  62.47   2793413.0
2014-10-30  62.270  64.04   4149935.0
2014-10-31  64.500  63.96   2069612.0
2014-11-03  63.640  64.10   1528306.0
2014-11-04  63.930  63.70   1668137.0
2014-11-05  64.300  63.84   1231450.0
2014-11-06  64.000  64.53   1553458.0
2014-11-07  63.730  63.66   2308162.0
2014-11-10  63.570  63.90   1719439.0
2014-11-11  64.000  63.75    899163.0
2014-11-12  63.380  63.68   1377437.0
2014-11-13  63.560  63.80   1033038.0
2014-11-14  63.800  63.81   1025513.0
2014-11-17  63.990  65.14   2046534.0
2014-11-18  65.200  65.60   2805202.0
2014-11-19  65.630  65.89   2128840.0
2014-11-20  65.600  65.64   1683489.0
2014-11-21  66.230  65.47   3784888.0
2014-11-24  65.610  65.12   1667522.0
2014-11-25  65.060  65.14   1267455.0
2014-11-26  64.810  64.93   1382293.0
2014-11-28  65.240  66.25   1476375.0
2014-12-01  65.850  66.09   1628945.0
2014-12-02  66.100  66.58   2488713.0
2014-12-03  66.410  66.38   1774781.0
2014-12-04  66.360  66.09   2163748.0
2014-12-05  65.990  66.40   1147041.0
2014-12-08  66.340  66.08   1891350.0
2014-12-09  65.900  65.82   2240233.0
2014-12-10  65.720  64.79   1560384.0
2014-12-11  65.360  67.10   3847243.0
2014-12-12  66.700  65.63   2105491.0
2014-12-15  65.800  64.09   2603120.0
2014-12-16  64.150  64.10   1694944.0
2014-12-17  64.450  64.84   1615482.0
2014-12-18  65.390  66.02   1817803.0
2014-12-19  66.260  66.82   2510142.0
2014-12-22  66.750  66.85   1308895.0
2014-12-23  66.940  67.24    926032.0
2014-12-24  67.340  67.02    376153.0
2014-12-26  67.080  67.01    384489.0
2014-12-29  66.900  66.96    587295.0
2014-12-30  66.870  66.62    460601.0
2014-12-31  66.310  65.44   1266093.0
2015-01-02  65.630  65.48    848380.0
2015-01-05  65.240  64.26   1364104.0
2015-01-06  64.530  64.45   2200673.0
2015-01-07  65.100  66.01   1683397.0
2015-01-08  66.480  67.21   1424145.0
2015-01-09  67.150  66.43   1348394.0
2015-01-12  65.980  65.48   1365139.0
2015-01-13  65.950  65.97   1408826.0
2015-01-14  65.630  66.73   2631167.0
2015-01-15  67.020  67.74   2287040.0
2015-01-16  67.520  68.12   2242566.0
2015-01-20  68.170  68.97   2512909.0
2015-01-21  68.710  69.03   5279504.0
2015-01-22  69.190  69.84   2258454.0
2015-01-23  69.440  68.68   2106388.0
2015-01-26  69.080  68.88   1431529.0
2015-01-27  68.290  68.43   1346459.0
2015-01-28  68.630  67.38   1712303.0
2015-01-29  67.280  67.34   1896087.0
2015-01-30  67.060  65.58   2828826.0
2015-02-02  65.650  66.47   1388902.0
2015-02-03  66.730  66.65   1459267.0
2015-02-04  66.560  66.64   1520306.0
2015-02-05  67.100  67.03   1306467.0
2015-02-06  66.740  66.25   1806108.0
2015-02-09  66.060  65.80   1526120.0
2015-02-10  66.150  66.31   1443002.0
2015-02-11  66.410  66.30   1272733.0
2015-02-12  62.870  63.30   5481667.0
2015-02-13  62.600  63.20   4007530.0
2015-02-17  62.840  63.21   2788847.0
2015-02-18  62.860  63.79   2179274.0
2015-02-19  63.660  63.79   2395256.0
2015-02-20  63.740  64.09   1550262.0
2015-02-23  63.930  64.29   1851849.0
2015-02-24  63.970  64.03   1880573.0
2015-02-25  64.030  64.78   2253258.0
2015-02-26  64.750  64.67   2219283.0
2015-02-27  64.520  64.48   2067492.0
2015-03-02  64.370  64.29   1274143.0
2015-03-03  64.040  64.76   2825921.0
2015-03-04  64.450  64.72   5147320.0
2015-03-05  64.720  64.05   2686788.0
2015-03-06  63.640  62.47   2811128.0
2015-03-09  62.550  62.60   1616990.0
2015-03-10  62.330  62.61   2486121.0
2015-03-11  62.600  61.97   1824644.0
2015-03-12  61.980  62.31   1582466.0
2015-03-13  62.170  62.15   1460981.0
2015-03-16  62.310  62.84   2043807.0
2015-03-17  62.330  62.25   1787145.0
2015-03-18  62.200  63.06   2169488.0
2015-03-19  62.800  62.81   1956454.0
2015-03-20  62.980  64.08   4427210.0
2015-03-23  63.920  63.95   1594216.0
2015-03-24  64.000  62.94   1762889.0
2015-03-25  63.530  63.15   5476472.0
2015-03-26  63.450  63.00   2514346.0
2015-03-27  63.110  63.84   1842251.0
2015-03-30  63.900  65.50   3614799.0
2015-03-31  65.140  65.95   3946835.0
2015-04-01  65.690  66.18   3601523.0
2015-04-02  65.910  66.38   2442700.0
2015-04-06  66.550  66.03   3972064.0
2015-04-07  65.950  65.74   1605828.0
2015-04-08  65.840  65.59   1951650.0
2015-04-09  65.510  65.49   1632128.0
2015-04-10  65.660  65.73   1544135.0
2015-04-13  65.750  65.46    967685.0
2015-04-14  65.430  65.58   1692053.0
2015-04-15  65.700  65.17   1387796.0
2015-04-16  65.100  65.05   1251580.0
2015-04-17  64.620  64.39   1496706.0
2015-04-20  64.840  64.56   1625656.0
2015-04-21  64.620  63.86   1753474.0
2015-04-22  64.040  63.98   1156837.0
2015-04-23  63.860  63.85    934021.0
2015-04-24  64.010  63.73   1196856.0
2015-04-27  63.670  63.61   1432456.0
2015-04-28  63.660  63.67   1573920.0
2015-04-29  63.610  63.38   1239869.0
2015-04-30  63.470  63.33   1332279.0
2015-05-01  63.420  63.89   1613870.0
2015-05-04  63.870  64.13   2195554.0
2015-05-05  64.930  63.18   3151891.0
2015-05-06  63.390  63.01   1651357.0
2015-05-07  63.020  63.56   1268263.0
2015-05-08  64.000  63.61   1567608.0
2015-05-11  63.340  63.78   1421598.0
2015-05-12  63.490  63.67   1340388.0
2015-05-13  63.690  63.73   1386512.0
2015-05-14  64.130  64.58   1815132.0
2015-05-15  64.620  65.23   3109285.0
2015-05-18  65.080  64.64   1738526.0
2015-05-19  64.790  64.19   1741192.0
2015-05-20  64.310  64.23   1391417.0
2015-05-21  64.140  63.96   1022426.0
2015-05-22  63.920  63.68    978633.0
2015-05-26  63.540  63.00   1131981.0
2015-05-27  63.150  63.24   1426758.0
2015-05-28  62.620  62.56   1697405.0
2015-05-29  62.710  62.77   1995309.0
2015-06-01  62.600  62.55   1833264.0
2015-06-02  62.320  62.17   2204442.0
2015-06-03  62.260  62.27   3584455.0
2015-06-04  62.010  62.26   3161796.0
2015-06-05  61.960  61.45   1584118.0
2015-06-08  61.470  61.31   1727775.0
2015-06-09  61.460  61.51   1492873.0
2015-06-10  61.750  62.05   1111145.0
2015-06-11  62.170  62.22   1293315.0
2015-06-12  61.920  62.13   1027103.0
2015-06-15  61.880  61.69   1484454.0
2015-06-16  61.800  62.47   1056816.0
2015-06-17  62.400  62.82   1660114.0
2015-06-18  62.760  63.10   1381790.0
2015-06-19  63.090  63.34   1958044.0
2015-06-22  63.530  63.40    805803.0
2015-06-23  63.380  63.47   1666022.0
2015-06-24  63.230  63.41   1193404.0
2015-06-25  63.380  62.87   1229935.0
2015-06-26  62.990  63.05   4073268.0
2015-06-29  62.700  62.60   1554832.0
2015-06-30  62.870  62.70   1931602.0
2015-07-01  62.700  63.01   1937240.0
2015-07-02  63.290  63.14   1162496.0
2015-07-06  62.890  62.74   1189750.0
2015-07-07  62.900  64.12   1740657.0
2015-07-08  63.930  63.68   1511548.0
2015-07-09  64.290  63.59   1018734.0
2015-07-10  63.740  63.75   1175639.0
2015-07-13  64.110  64.18    709372.0
2015-07-14  64.090  64.12    645548.0
2015-07-15  63.680  63.68    794482.0
2015-07-16  63.930  64.50   1308895.0
2015-07-17  64.270  64.35   1503486.0
2015-07-20  64.280  64.14    595730.0
2015-07-21  64.150  64.02    671539.0
2015-07-22  64.030  64.39    691227.0
2015-07-23  64.310  64.33   1087687.0
2015-07-24  64.170  64.54   1326353.0
2015-07-27  64.240  64.68   1437525.0
2015-07-28  64.950  65.05   1121663.0
2015-07-29  65.090  65.43    898311.0
2015-07-30  65.210  66.09   1141497.0
2015-07-31  66.460  66.17   1245991.0
2015-08-03  65.930  66.07   1901986.0
2015-08-04  65.810  67.50   2513452.0
2015-08-05  68.000  68.66   2809028.0
2015-08-06  68.100  68.86   2317921.0
2015-08-07  68.860  68.92   1643498.0
2015-08-10  68.870  69.00   1489740.0
2015-08-11  68.640  69.20   1216360.0
2015-08-12  68.620  68.90   2012897.0
2015-08-13  68.780  68.89   1316229.0
2015-08-14  68.970  69.77   1327808.0
2015-08-17  69.460  69.60   2100863.0
2015-08-18  69.500  69.30   1566903.0
2015-08-19  69.120  68.95   2610582.0
2015-08-20  68.490  68.72   1726813.0
2015-08-21  68.300  67.46   2156103.0
2015-08-24  64.830  65.74   4070078.0
2015-08-25  66.770  65.10   3429646.0
2015-08-26  66.210  66.93   2706716.0
2015-08-27  67.440  67.36   2294138.0
2015-08-28  66.970  67.04   1853078.0
2015-08-31  66.800  66.28   2078867.0
2015-09-01  65.320  65.71   3078141.0
2015-09-02  66.100  66.74   1907524.0
2015-09-03  66.680  67.33   1456911.0
2015-09-04  66.730  66.58   1462316.0
2015-09-08  67.550  67.52   1937410.0
2015-09-09  67.810  66.16   1963336.0
2015-09-10  66.020  66.35   1464678.0
2015-09-11  66.170  66.99   1378576.0
2015-09-14  66.990  66.73    985140.0
2015-09-15  66.640  67.46   1412896.0
2015-09-16  67.450  68.39   1776910.0
2015-09-17  68.370  68.87   1709284.0
2015-09-18  67.730  67.45   3295042.0
2015-09-21  67.840  67.66   1616984.0
2015-09-22  66.930  67.03   1737393.0
2015-09-23  67.060  67.29   1050631.0
2015-09-24  66.970  67.21   2610443.0
2015-09-25  67.690  68.22   1494702.0
2015-09-28  67.700  66.51   1968525.0
2015-09-29  66.500  66.45   2561433.0
2015-09-30  67.000  66.55   2507971.0
2015-10-01  66.260  66.24   2915997.0
2015-10-02  65.880  67.41   1854090.0
2015-10-05  67.810  68.06   3953436.0
2015-10-06  67.980  67.55   1821964.0
2015-10-07  67.760  68.22   1783393.0
2015-10-08  68.170  69.24   1415518.0
2015-10-09  69.190  69.44   2273671.0
2015-10-12  69.390  69.83   1253710.0
2015-10-13  69.470  69.36   1330804.0
2015-10-14  69.230  68.65   1005088.0
2015-10-15  68.970  69.20   1325095.0
2015-10-16  69.490  69.79   1045454.0
2015-10-19  69.730  69.61   2083951.0
2015-10-20  69.640  68.97   1565100.0
2015-10-21  69.120  69.61   1397472.0
2015-10-22  70.000  72.01   2546839.0
2015-10-23  72.040  71.70   1979451.0
2015-10-26  71.760  71.55   1645741.0
2015-10-27  71.290  71.04    925029.0
2015-10-28  71.100  70.92   1005872.0
2015-10-29  70.660  70.99    992670.0
2015-10-30  70.780  70.52   1595691.0
2015-11-02  70.720  70.61   2110306.0
2015-11-03  68.380  68.09   4212235.0
2015-11-04  68.420  68.68   2849525.0
2015-11-05  68.620  69.37   1492822.0
2015-11-06  69.030  67.93   1824705.0
2015-11-09  67.660  67.47   1303466.0
2015-11-10  67.260  67.33   1222212.0
2015-11-11  67.420  67.62   1282078.0
2015-11-12  67.170  66.30   1854163.0
2015-11-13  66.260  66.09   1752708.0
2015-11-16  66.090  66.93   1561223.0
2015-11-17  66.930  66.03   3204026.0
2015-11-18  66.220  66.31   2969522.0
2015-11-19  66.650  66.47   1750996.0
2015-11-20  66.920  66.25   2128182.0
2015-11-23  67.390  68.57   5234286.0
2015-11-24  68.450  67.86   3026546.0
2015-11-25  68.060  69.18   2606817.0
2015-11-27  68.930  69.27   1164739.0
2015-11-30  69.360  68.77   3139644.0
2015-12-01  69.390  69.38   2452366.0
2015-12-02  69.190  68.89   2245090.0
2015-12-03  68.860  68.53   2410966.0
2015-12-04  68.680  70.18   2123803.0
2015-12-07  70.100  70.51   1752008.0
2015-12-08  70.250  70.82   1749514.0
2015-12-09  70.190  70.60   1788712.0
2015-12-10  70.600  70.73   1729422.0
2015-12-11  70.260  70.13   1379006.0
2015-12-14  70.160  71.08   2027122.0
2015-12-15  71.240  71.51   2419793.0
2015-12-16  71.520  71.97   2410355.0
2015-12-17  71.630  71.61   2395164.0
2015-12-18  71.270  70.78   2016414.0
2015-12-21  71.250  71.05   1664556.0
2015-12-22  71.030  72.19   1775220.0
2015-12-23  72.390  73.07   1197141.0
2015-12-24  72.890  72.87    374751.0
2015-12-28  72.830  72.87    719473.0
2015-12-29  73.280  73.51    954057.0
2015-12-30  73.580  73.19    657703.0
2015-12-31  72.790  72.27    958920.0
2016-01-04  71.590  71.61   2039839.0
2016-01-05  72.070  71.87   2210468.0
2016-01-06  71.290  72.01   2503981.0
2016-01-07  71.090  70.37   1933206.0
2016-01-08  71.340  71.48   3157399.0
2016-01-11  71.670  71.55   1184403.0
2016-01-12  71.960  71.47   1645503.0
2016-01-13  71.540  70.90   1365630.0
2016-01-14  70.950  71.67   1681041.0
2016-01-15  70.310  70.67   2252297.0
2016-01-19  71.020  71.24   1529878.0
2016-01-20  70.770  70.10   2496628.0
2016-01-21  70.120  69.96   2301113.0
2016-01-22  70.660  71.61   1366213.0
2016-01-25  71.200  70.51   1289336.0
2016-01-26  70.340  71.20   2239654.0
2016-01-27  71.420  71.57   1244776.0
2016-01-28  72.140  72.79   1580620.0
2016-01-29  73.100  73.44   2324941.0
2016-02-01  73.320  73.59   2443787.0
2016-02-02  73.040  72.38   2210988.0
2016-02-03  72.470  72.34   1897244.0
2016-02-04  72.020  71.83   1616174.0
2016-02-05  72.160  71.84   2252953.0
2016-02-08  71.280  71.31   2469578.0
2016-02-09  70.630  71.40   2660347.0
2016-02-10  71.790  70.86   3244865.0
2016-02-11  72.500  73.69   5266927.0
2016-02-12  74.330  74.97   2599412.0
2016-02-16  74.340  75.19   3284737.0
2016-02-17  75.100  75.75   2535521.0
2016-02-18  75.840  75.79   2039388.0
2016-02-19  75.610  75.52   2124650.0
2016-02-22  75.180  73.82   3852859.0
2016-02-23  73.550  74.12   2809457.0
2016-02-24  73.920  73.91   2257021.0
2016-02-25  74.140  74.91   2083366.0
2016-02-26  74.580  73.45   2872197.0
2016-02-29  73.240  74.02   2097511.0
2016-03-01  74.560  74.17   1841568.0
2016-03-02  73.900  75.09   3353571.0
2016-03-03  74.710  74.84   2162967.0
2016-03-04  74.840  75.23   1701264.0
2016-03-07  74.940  74.93   1456567.0
2016-03-08  74.640  74.84   1221502.0
2016-03-09  75.250  75.20   1299110.0
2016-03-10  75.200  75.24   1366944.0
2016-03-11  75.500  75.53   1206023.0
2016-03-14  75.300  74.95   2089719.0
2016-03-15  74.520  75.09   1208033.0
2016-03-16  75.350  75.63   1732206.0
2016-03-17  75.920  76.44   2155587.0
2016-03-18  76.530  76.16   2632195.0
2016-03-21  75.790  75.49   1480874.0
2016-03-22  75.260  74.43   2415945.0
2016-03-23  74.340  75.04   1841213.0
2016-03-24  74.930  75.44   1212196.0
2016-03-28  75.370  75.67   1088290.0
2016-03-29  75.780  76.59   1841462.0
2016-03-30  76.850  76.83   1698891.0
2016-03-31  76.530  76.55   1902340.0
2016-04-01  75.710  77.86   2277432.0
2016-04-04  77.880  78.07   2986497.0
2016-04-05  77.900  76.81   1991676.0
2016-04-06  78.000  77.78   2315942.0
2016-04-07  77.580  77.11   1232615.0
2016-04-08  77.210  77.25    819002.0
2016-04-11  77.360  76.99   1091836.0
2016-04-12  77.050  77.34    912843.0
2016-04-13  77.500  76.67   1685871.0
2016-04-14  76.690  76.46   2205827.0
2016-04-15  76.510  77.55   2237544.0
2016-04-18  77.410  77.67   1399189.0
2016-04-19  77.690  77.60   1541783.0
2016-04-20  77.540  76.71   1373316.0
2016-04-21  76.750  74.99   1862255.0
2016-04-22  75.070  75.28   1210576.0
2016-04-25  75.150  75.80   1312075.0
2016-04-26  75.910  75.32   1767864.0
2016-04-27  75.560  76.39   1397087.0
2016-04-28  75.920  76.48    859542.0
2016-04-29  76.410  76.81   1300545.0
2016-05-02  77.000  77.44   1427305.0
2016-05-03  77.130  76.85   1873166.0
2016-05-04  76.550  77.02   3060165.0
2016-05-05  75.900  75.05   3398554.0
2016-05-06  74.910  75.02   3021151.0
2016-05-09  75.000  75.34   2101707.0
2016-05-10  75.660  76.37   2004344.0
2016-05-11  76.250  76.18   1941009.0
2016-05-12  76.720  77.31   2172287.0
2016-05-13  77.110  77.19   2378564.0
2016-05-16  77.010  77.23   1622586.0
2016-05-17  76.930  75.42   2099800.0
2016-05-18  75.300  75.04   3177753.0
2016-05-19  74.830  75.24   1877265.0
2016-05-20  75.220  74.30   2587367.0
2016-05-23  74.300  74.41   1739239.0
2016-05-24  74.450  74.65   1758741.0
2016-05-25  74.710  74.75   1479081.0
2016-05-26  74.800  75.33   1669626.0
2016-05-27  74.980  74.49   1434569.0
2016-05-31  74.480  74.37   3182342.0
2016-06-01  74.400  74.90   2129487.0
2016-06-02  74.780  74.53   1214234.0
2016-06-03  74.570  75.13   1636805.0
2016-06-06  75.140  74.52   1117400.0
2016-06-07  74.530  75.16   1971457.0
2016-06-08  75.170  76.08   2052023.0
2016-06-09  76.040  77.69   3129659.0
2016-06-10  77.350  78.12   3924099.0
2016-06-13  78.000  76.90   2455366.0
2016-06-14  76.570  76.88   2262878.0
2016-06-15  76.890  76.31   1986085.0
2016-06-16  76.270  77.03   1740479.0
2016-06-17  76.970  76.77   1863609.0
2016-06-20  77.070  76.86   1478273.0
2016-06-21  77.120  77.33   1735396.0
2016-06-22  77.380  77.35   1201586.0
2016-06-23  77.740  77.83    978065.0
2016-06-24  76.420  77.19   2932419.0
2016-06-27  76.790  76.83   2574445.0
2016-06-28  76.920  76.16   2092837.0
2016-06-29  76.580  77.57   3037550.0
2016-06-30  77.580  81.65   9125285.0
2016-07-01  81.445  81.60   3805956.0
2016-07-05  81.530  82.26   2894468.0
2016-07-06  82.170  82.48   2938242.0
2016-07-07  82.940  82.27   1870479.0
2016-07-08  82.580  82.64   1805791.0
2016-07-11  82.500  81.69   2208060.0
2016-07-12  81.660  81.52   1949358.0
2016-07-13  81.670  83.11   3009730.0
2016-07-14  83.000  85.32   7541911.0
2016-07-15  85.470  85.99   8330879.0
2016-07-18  85.950  85.61   3281174.0
2016-07-19  85.590  86.98   3168079.0
2016-07-20  86.900  82.26   8304666.0
2016-07-21  82.490  82.48   2683922.0
2016-07-22  82.770  82.86   1555883.0
2016-07-25  82.800  83.51   1553110.0
2016-07-26  83.510  82.84   1563646.0
2016-07-27  82.640  81.27   3017064.0
2016-07-28  81.350  81.79   1954071.0
2016-07-29  81.920  82.71   1943306.0
2016-08-01  82.620  82.37   2005006.0
2016-08-02  82.380  81.87   1231165.0
2016-08-03  81.890  81.08   2330007.0
2016-08-04  82.440  82.42   2652177.0
2016-08-05  82.840  82.71   2490263.0
2016-08-08  82.890  82.92   1636296.0
2016-08-09  82.920  82.98   1048896.0
2016-08-10  83.030  82.96    842878.0
2016-08-11  83.170  83.46   1837505.0
2016-08-12  83.500  83.53   1079183.0
2016-08-15  83.380  83.39   1466496.0
2016-08-16  83.230  82.45   1239206.0
2016-08-17  82.750  82.57   2067328.0
2016-08-18  82.490  83.02   1671664.0
2016-08-19  82.850  83.04   2148995.0
2016-08-22  83.100  83.05   1498352.0
2016-08-23  83.040  82.69    849702.0
2016-08-24  82.650  82.34   1072580.0
2016-08-25  82.390  82.82   1674409.0
2016-08-26  82.790  82.37   1494807.0
2016-08-29  82.510  83.11   2225923.0
2016-08-30  82.400  81.78   1636926.0
2016-08-31  81.890  82.21   1269578.0
2016-09-01  81.880  81.69   1543092.0
2016-09-02  82.170  82.42   1055494.0
2016-09-06  82.470  82.56    944924.0
2016-09-07  82.250  80.80   2046991.0
2016-09-08  80.580  79.99   2044567.0
2016-09-09  79.490  77.13   2806147.0
2016-09-12  77.280  79.13   2443652.0
2016-09-13  78.600  78.13   1630445.0
2016-09-14  78.300  78.09   2302304.0
2016-09-15  77.770  78.26   2904005.0
2016-09-16  77.900  78.02   1957280.0
2016-09-19  78.040  78.17   1142094.0
2016-09-20  78.580  77.28   1448998.0
2016-09-21  77.380  77.58   1582192.0
2016-09-22  77.920  78.22   2098418.0
2016-09-23  77.900  77.71    779964.0
2016-09-26  77.500  77.39   1210964.0
2016-09-27  77.660  77.38    825447.0
2016-09-28  77.380  77.82   1117694.0
2016-09-29  77.810  77.26    845383.0
2016-09-30  77.440  77.47   1444692.0
2016-10-03  77.210  77.25   1311914.0
2016-10-04  77.010  76.15   1601751.0
2016-10-05  76.250  76.18   2441384.0
2016-10-06  75.940  75.97   1688822.0
2016-10-07  76.060  76.34   2190804.0
2016-10-10  76.500  76.47   1657798.0
2016-10-11  76.470  76.05   1617671.0
2016-10-12  76.010  76.46   1036906.0
2016-10-13  76.060  75.78   1808424.0
2016-10-14  75.990  75.49   2295278.0
2016-10-17  75.660  74.99   2703422.0
2016-10-18  75.440  75.36   1282298.0
2016-10-19  75.370  74.93   1309831.0
2016-10-20  74.970  74.23   1815777.0
2016-10-21  74.020  74.34   1730673.0
2016-10-24  74.540  74.28   1728677.0
2016-10-25  74.240  74.21   1093071.0
2016-10-26  74.190  74.07   1296140.0
2016-10-27  74.070  74.16   1928346.0
2016-10-28  74.270  74.63   2139912.0
2016-10-31  74.900  75.13   2416057.0
2016-11-01  75.620  75.21   3057950.0
2016-11-02  75.270  75.09   2282552.0
2016-11-03  74.990  73.97   1623458.0
2016-11-04  73.940  73.67   1324886.0
2016-11-07  74.370  74.95   1283586.0
2016-11-08  74.750  76.96   3390737.0
2016-11-09  75.420  74.88   1923082.0
2016-11-10  74.460  72.65   2972402.0
2016-11-11  72.720  72.50   1785130.0
2016-11-14  72.430  72.53   2320269.0
2016-11-15  72.730  73.40   1884270.0
2016-11-16  73.450  73.26   1110027.0
2016-11-17  73.060  73.44   1197534.0
2016-11-18  73.350  73.07   1183170.0
2016-11-21  72.830  73.39   1308724.0
2016-11-22  73.610  74.49   1281810.0
2016-11-23  74.120  73.39   1341164.0
2016-11-25  73.710  74.16    497277.0
2016-11-28  74.010  73.89   1094978.0
2016-11-29  73.520  73.62    959810.0
2016-11-30  73.260  72.00   1854570.0
2016-12-01  71.610  70.96   2359682.0
2016-12-02  71.230  71.17   1352946.0
2016-12-05  71.230  71.67   2075601.0
2016-12-06  71.870  71.97   1108155.0
2016-12-07  70.980  72.65   1958792.0
2016-12-08  72.330  72.09   1128773.0
2016-12-09  72.160  73.11   2393599.0
2016-12-12  72.950  73.80   1778469.0
2016-12-13  73.800  73.95   1685088.0
2016-12-14  74.140  73.12   1320644.0
2016-12-15  73.020  73.41   1285393.0
2016-12-16  73.460  73.29   2421499.0
2016-12-19  73.320  72.92   5504583.0
2016-12-20  71.930  73.27   1409914.0
2016-12-21  73.210  73.15   1714735.0
2016-12-22  73.300  73.66   1687268.0
2016-12-23  73.570  73.57    615043.0
2016-12-27  73.570  73.85    657030.0
2016-12-28  73.820  73.43    674806.0
2016-12-29  73.510  73.96   1461617.0
2016-12-30  74.000  73.71   1041964.0
2017-01-03  73.710  73.37   1700599.0
2017-01-04  73.540  73.18   1097819.0
2017-01-05  73.040  73.11   1576146.0
2017-01-06  72.770  73.13   1078310.0
2017-01-09  73.260  72.13   1586774.0
2017-01-10  72.280  71.66   1198518.0
2017-01-11  71.640  71.87   1154059.0
2017-01-12  71.810  71.92   1428685.0
2017-01-13  71.790  71.38   2150096.0
2017-01-17  71.500  72.03   2455852.0
2017-01-18  72.010  71.98   1975518.0
2017-01-19  71.910  71.78   1538414.0
2017-01-20  71.910  72.21   2254187.0
2017-01-23  72.200  72.29   1655105.0
2017-01-24  72.300  72.61   1955421.0
2017-01-25  72.830  72.31   1605502.0
2017-01-26  72.310  72.09   1700463.0
2017-01-27  72.130  73.00   1911061.0
2017-01-30  73.050  72.67   1038458.0
2017-01-31  72.730  72.71   1205606.0
2017-02-01  72.310  71.90   1448570.0
2017-02-02  72.130  72.77   2030739.0
2017-02-03  73.020  73.36   1420790.0
2017-02-06  73.160  72.33   1061356.0
2017-02-07  72.600  72.85   1972664.0
2017-02-08  72.850  73.49   2130689.0
2017-02-09  74.600  76.44   3654201.0
2017-02-10  76.160  76.00   2623176.0
2017-02-13  75.890  75.62   2463914.0
2017-02-14  75.500  75.92   1871737.0
2017-02-15  75.280  76.04   1934353.0
2017-02-16  75.890  74.71   3254816.0
2017-02-17  72.990  72.90   4179456.0
2017-02-21  74.110  74.74   3602747.0
2017-02-22  74.640  74.49   2143442.0
2017-02-23  74.570  74.80   1404831.0
2017-02-24  74.670  75.23   1714667.0
2017-02-27  74.440  73.88   1326725.0
2017-02-28  73.900  74.07   1789343.0
2017-03-01  74.070  74.83   1908500.0
2017-03-02  74.930  75.02   3104708.0
2017-03-03  75.030  74.47   2688893.0
2017-03-06  74.050  74.22   1379483.0
2017-03-07  74.150  74.14   1740674.0
2017-03-08  73.940  73.86   1370344.0
2017-03-09  74.110  74.10   1959934.0
2017-03-10  74.530  74.19   1271325.0
2017-03-13  74.040  74.15   1345994.0
2017-03-14  73.870  74.23   2105320.0
2017-03-15  74.380  74.75   1538120.0
2017-03-16  74.650  74.76   2111770.0
2017-03-17  75.090  75.11   3593631.0
2017-03-20  75.010  74.98   2655851.0
2017-03-21  74.060  73.60   4262847.0
2017-03-22  73.610  72.71   4567944.0
2017-03-23  72.720  73.11   3006277.0
2017-03-24  73.290  73.00   2932976.0
2017-03-27  72.840  72.56   2523285.0
2017-03-28  72.440  72.66   1742145.0
2017-03-29  72.670  73.08   2055681.0
2017-03-30  72.930  72.54   2143605.0
2017-03-31  72.450  72.61   2145622.0
2017-04-03  72.590  72.37   2156056.0
2017-04-04  72.410  72.27   1420956.0
2017-04-05  72.340  72.75   1516649.0
2017-04-06  72.590  72.41   1777706.0
2017-04-07  72.360  72.59   1811150.0
2017-04-10  72.480  72.27   1714867.0
2017-04-11  72.300  72.15   2045127.0
2017-04-12  72.070  72.33   2494405.0
2017-04-13  72.340  71.95   1698062.0
2017-04-17  72.080  72.31   1264860.0
2017-04-18  72.380  72.98   1831730.0
2017-04-19  73.150  72.66   1204554.0
2017-04-20  72.600  72.79   2164515.0
2017-04-21  72.540  72.42   2739164.0
2017-04-24  72.760  72.77   1863785.0
2017-04-25  72.810  72.36   2074329.0
2017-04-26  72.380  71.49   2426057.0
2017-04-27  71.560  70.96   2262444.0
2017-04-28  71.060  71.00   3890785.0
2017-05-01  71.090  70.15   2042140.0
2017-05-02  70.510  69.03   3619652.0
2017-05-03  69.120  68.94   2845336.0
2017-05-04  68.690  70.40   5337685.0
2017-05-05  70.740  70.69   2676670.0
2017-05-08  70.690  72.70   6960419.0
2017-05-09  72.610  70.85   3661021.0
2017-05-10  70.820  71.05   1931486.0
2017-05-11  71.040  70.69   3426526.0
2017-05-12  70.460  70.83   1931716.0
2017-05-15  70.740  71.02   2179995.0
2017-05-16  71.140  70.35   2291421.0
2017-05-17  70.070  70.53   2521728.0
2017-05-18  70.380  70.08   2417068.0
2017-05-19  70.200  71.03   2264715.0
2017-05-22  70.600  71.31   1221985.0
2017-05-23  71.350  71.61   1986112.0
2017-05-24  71.610  72.52   2531930.0
2017-05-25  72.850  72.68   2206999.0
2017-05-26  72.810  72.62   1312642.0
2017-05-30  71.940  71.68   1819806.0
2017-05-31  71.810  71.60   1678988.0
2017-06-01  71.890  72.94   2073476.0
2017-06-02  73.500  72.97   1759980.0
2017-06-05  72.660  72.95   1542917.0
2017-06-06  72.840  72.84   1175341.0
2017-06-07  72.750  73.13   1629469.0
2017-06-08  72.970  72.25   1856388.0
2017-06-09  72.190  72.66   1400320.0
2017-06-12  72.790  73.08   2511831.0
2017-06-13  72.870  73.30   1675674.0
2017-06-14  73.560  73.49   1689548.0
2017-06-15  73.300  73.10   1660962.0
2017-06-16  72.940  71.88   3569979.0
2017-06-19  72.000  71.76   2258506.0
2017-06-20  71.800  71.09   1784121.0
2017-06-21  71.280  70.48   1565913.0
2017-06-22  70.500  70.41   1585686.0
2017-06-23  70.500  70.56   1647690.0
2017-06-26  70.770  70.99   1203601.0
2017-06-27  70.120  69.34   3003591.0
2017-06-28  69.870  69.53   2083530.0
2017-06-29  69.500  68.69   3499253.0
2017-06-30  69.110  69.46   2481921.0
2017-07-03  69.580  68.76   1086069.0
2017-07-05  68.730  67.70   4133325.0
2017-07-06  67.530  66.55   2707802.0
2017-07-07  66.650  66.52   2951125.0
2017-07-10  66.540  65.87   2588837.0
2017-07-11  65.630  65.34   2706811.0
2017-07-12  65.740  65.74   1369901.0
2017-07-13  65.760  66.02   2021756.0
2017-07-14  66.300  66.38   1402237.0
2017-07-17  66.230  66.75   1785026.0
2017-07-18  66.700  66.26   1957104.0
2017-07-19  66.440  66.35   1770577.0
2017-07-20  66.450  66.75   3272117.0
2017-07-21  66.610  67.22   1435773.0
2017-07-24  67.250  66.83   1707330.0
2017-07-25  66.970  67.57   1742261.0
2017-07-26  67.570  67.31   1156716.0
2017-07-27  67.270  67.68   2414509.0
2017-07-28  67.650  67.65   1781224.0
2017-07-31  67.750  68.00   4095352.0
2017-08-01  67.960  67.46   2020366.0
2017-08-02  67.210  67.44   2578715.0
2017-08-03  68.100  70.36   5033065.0
2017-08-04  71.520  69.62   2854025.0
2017-08-07  69.810  70.11   2915564.0
2017-08-08  69.840  69.22   1702661.0
2017-08-09  69.030  69.04   1560165.0
2017-08-10  68.840  68.75   2019143.0
2017-08-11  68.630  68.81   1054904.0
2017-08-14  69.250  69.86   1983177.0
2017-08-15  69.890  69.81   1397507.0
2017-08-16  69.710  70.07   1291786.0
2017-08-17  69.940  70.10   2086985.0
2017-08-18  70.050  69.95   1957733.0
2017-08-21  69.970  70.20   1268018.0
2017-08-22  70.140  70.00   1825517.0
2017-08-23  69.690  69.91   1753203.0
2017-08-24  69.430  67.91   2703365.0
2017-08-25  68.000  67.71   2235925.0
2017-08-28  67.760  66.78   2039066.0
2017-08-29  66.760  66.30   1827183.0
2017-08-30  66.000  66.05   2120305.0
2017-08-31  65.640  65.46   3004970.0
2017-09-01  65.470  65.45   2474693.0
2017-09-05  65.480  66.40   3256286.0
2017-09-06  66.350  67.84   4041138.0
2017-09-07  67.950  67.75   2474977.0
2017-09-08  67.715  68.45   2764585.0
2017-09-11  68.600  68.77   2596182.0
2017-09-12  68.690  68.49   1399817.0
2017-09-13  68.530  67.98   1760186.0
2017-09-14  67.840  67.62   2702059.0
2017-09-15  67.670  68.32   2524363.0
2017-09-18  68.310  68.61   1867476.0
2017-09-19  67.870  65.87   5897505.0
2017-09-20  64.890  64.72   5994856.0
2017-09-21  64.720  63.92   2310185.0
2017-09-22  64.080  63.36   1956654.0
2017-09-25  63.320  64.03   2991181.0
2017-09-26  63.930  63.42   2920195.0
2017-09-27  63.420  63.04   3072328.0
2017-09-28  62.940  62.81   3937659.0
2017-09-29  63.050  62.37   4049944.0
2017-10-02  62.220  62.72   4187853.0
2017-10-03  62.710  62.02   2831477.0
2017-10-04  61.980  62.42   2772496.0
2017-10-05  62.560  62.70   2237929.0
2017-10-06  62.910  62.40   3192075.0
2017-10-09  62.420  61.04   4129695.0
2017-10-10  61.270  61.47   3671361.0
2017-10-11  61.540  61.25   4966487.0
2017-10-12  61.190  62.39   3103880.0
2017-10-13  62.440  61.96   2875629.0
2017-10-16  61.890  61.91   1754781.0
2017-10-17  61.870  61.74   2028784.0
2017-10-18  61.750  61.79   2688559.0
2017-10-19  61.720  61.70   2221676.0
2017-10-20  61.660  61.45   3901460.0
2017-10-23  61.550  61.48   3450665.0
2017-10-24  61.460  61.20   3021610.0
2017-10-25  60.960  60.54   3669143.0
2017-10-26  60.760  60.55   3216317.0
2017-10-27  60.420  60.26   3142922.0
2017-10-30  60.070  58.87   6122225.0
2017-10-31  62.490  62.53  11574880.0
2017-11-01  62.640  63.01   4617202.0
2017-11-02  62.840  62.38   3333103.0
2017-11-03  62.440  61.96   3072042.0
2017-11-06  61.850  60.20   3584171.0
2017-11-07  60.250  60.84   6315084.0
2017-11-09  62.690  63.28   4597076.0
2017-11-10  63.040  64.70   6215490.0
2017-11-13  64.600  63.76   3419122.0
2017-11-14  63.750  65.18   4270135.0
2017-11-15  65.000  63.74   4549094.0
2017-11-16  64.050  65.28   2948825.0
2017-11-17  64.980  65.36   4609844.0
2017-11-20  65.280  65.56   4059244.0
2017-11-21  65.270  64.35   3873346.0
2017-11-22  64.940  64.71   1770709.0
2017-11-24  64.960  64.93    797500.0
2017-11-27  64.900  65.07   1877808.0
2017-11-28  65.230  65.94   2059568.0
2017-11-29  65.590  66.80   3213158.0
2017-11-30  66.790  66.16   4403325.0
2017-12-01  66.020  65.99   3105063.0
2017-12-04  66.150  67.54   3654099.0
2017-12-05  67.650  67.97   4291629.0
2017-12-06  67.970  68.13   1879467.0
2017-12-07  68.000  67.27   1758238.0
2017-12-08  67.070  66.53   2344666.0
2017-12-11  66.460  66.55   1662093.0
2017-12-12  66.620  65.95   2144795.0
2017-12-13  66.220  65.83   3018575.0
2017-12-14  65.620  65.05   3015194.0
2017-12-15  65.480  64.99   6852455.0
2017-12-18  65.210  65.64   4500747.0
2017-12-19  65.850  65.47   4964883.0
2017-12-20  65.775  66.87   5318861.0
2017-12-21  66.920  67.65   3455902.0
2017-12-22  67.830  68.10   2451539.0
2017-12-26  67.960  68.15   1372705.0
2017-12-27  68.210  68.29   1588810.0
2017-12-28  68.230  68.03   1538544.0
2017-12-29  68.160  67.98   1132302.0
2018-01-02  68.030  67.97   2957337.0
2018-01-03  68.110  67.65   2223131.0
2018-01-04  67.730  68.73   2432591.0
2018-01-05  68.850  68.94   2147424.0
2018-01-08  68.870  69.17   1940827.0
2018-01-09  69.200  68.78   3050762.0
2018-01-10  68.340  67.02   3378835.0
2018-01-11  67.290  65.98   3822291.0
2018-01-12  66.010  64.69   4940157.0
2018-01-16  65.250  65.94   4682779.0
2018-01-17  66.220  66.51   3808956.0
2018-01-18  66.370  65.80   3388519.0
2018-01-19  65.950  66.62   3453635.0
2018-01-22  66.950  67.17   2125538.0
2018-01-23  66.970  66.93   1778178.0
2018-01-24  67.040  67.30   4229807.0
2018-01-25  67.370  67.91   2206212.0
2018-01-26  67.790  68.33   2304979.0
2018-01-29  68.120  67.76   2095102.0
2018-01-30  67.670  67.94   2779643.0
2018-01-31  68.030  68.11   3008680.0
2018-02-01  68.000  68.32   3021066.0
2018-02-02  68.170  65.45   3142878.0