date    open   close      volume
                                     
2014-10-06  43.030  43.600  20331446.0
2014-10-07  43.480  43.920  24936592.0
2014-10-08  43.580  44.550  26112951.0
2014-10-09  44.440  43.870  25029268.0
2014-10-10  43.880  44.470  25920727.0
2014-10-13  44.280  44.070  20183940.0
2014-10-14  44.040  43.640  21027832.0
2014-10-15  42.700  43.230  22988937.0
2014-10-16  42.650  42.560  22519207.0
2014-10-17  42.690  42.880  23236041.0
2014-10-20  42.750  43.290  17647032.0
2014-10-21  40.800  40.680  55950952.0
2014-10-22  40.190  40.620  27727733.0
2014-10-23  40.940  40.860  23347181.0
2014-10-24  40.980  41.030  13396021.0
2014-10-27  40.700  40.760  17222522.0
2014-10-28  40.760  40.560  18660970.0
2014-10-29  40.650  40.960  25767750.0
2014-10-30  40.999  41.400  18295604.0
2014-10-31  41.830  41.880  18477684.0
2014-11-03  41.790  41.810  13239536.0
2014-11-04  41.770  41.820  10105328.0
2014-11-05  42.300  42.310  20674861.0
2014-11-06  42.430  42.290  11528207.0
2014-11-07  42.450  42.320  11803792.0
2014-11-10  42.250  42.390   9086086.0
2014-11-11  42.380  42.510   8563691.0
2014-11-12  42.510  42.710  12768269.0
2014-11-13  42.650  42.790  12007696.0
2014-11-14  42.700  42.730  10939478.0
2014-11-17  42.750  42.920  10663996.0
2014-11-18  42.950  43.530  26143194.0
2014-11-19  43.670  44.220  25400726.0
2014-11-20  43.960  44.250  13465246.0
2014-11-21  44.580  44.500  14382572.0
2014-11-24  44.510  44.270  12890423.0
2014-11-25  44.270  44.430  10741655.0
2014-11-26  43.990  44.290   9200463.0
2014-11-28  44.150  44.830  10501972.0
2014-12-01  44.180  44.550  10065657.0
2014-12-02  44.370  44.540   9878097.0
2014-12-03  44.420  43.800  15246481.0
2014-12-04  43.620  43.500  13804776.0
2014-12-05  43.500  43.530  12536928.0
2014-12-08  43.510  43.140  12805439.0
2014-12-09  42.150  42.040  25684146.0
2014-12-10  42.040  41.600  18323855.0
2014-12-11  41.620  41.530  16201423.0
2014-12-12  41.390  40.910  18431431.0
2014-12-15  41.130  40.570  23378508.0
2014-12-16  40.200  40.390  23474819.0
2014-12-17  40.440  41.550  20223938.0
2014-12-18  41.860  42.390  18030396.0
2014-12-19  42.440  41.950  24009502.0
2014-12-22  42.140  42.350  11190862.0
2014-12-23  42.540  42.970  13411064.0
2014-12-24  43.100  42.940   6405910.0
2014-12-26  42.970  42.960   6466883.0
2014-12-29  42.800  42.860   8694509.0
2014-12-30  42.740  42.760   9222049.0
2014-12-31  42.920  42.220   9369464.0
2015-01-02  42.260  42.140   9921011.0
2015-01-05  42.690  42.140  26292592.0
2015-01-06  42.410  42.460  16897487.0
2015-01-07  42.800  42.990  13411970.0
2015-01-08  43.180  43.510  21743628.0
2015-01-09  43.470  43.030  12627058.0
2015-01-12  43.070  42.640  11415814.0
2015-01-13  42.830  42.630  12649886.0
2015-01-14  42.080  42.560  13447646.0
2015-01-15  42.830  42.380  11193063.0
2015-01-16  42.360  42.530  15114873.0
2015-01-20  42.700  43.160  17001472.0
2015-01-21  42.890  43.360  10720341.0
2015-01-22  43.370  43.780  14709110.0
2015-01-23  43.600  43.310  12357723.0
2015-01-26  43.180  43.000  11151811.0
2015-01-27  42.540  42.390  15274036.0
2015-01-28  42.590  41.920  14278506.0
2015-01-29  41.770  42.100  13657818.0
2015-01-30  41.830  41.170  19192694.0
2015-02-02  41.210  41.590  15195667.0
2015-02-03  41.750  41.630  13193129.0
2015-02-04  41.770  41.680  16399792.0
2015-02-05  41.800  41.790  11077062.0
2015-02-06  41.630  41.450  12366150.0
2015-02-09  41.380  41.230  13369601.0
2015-02-10  42.910  42.400  32184188.0
2015-02-11  42.100  42.370  20496182.0
2015-02-12  42.400  42.170  13818248.0
2015-02-13  42.020  41.990  10792091.0
2015-02-17  41.810  41.810  12803971.0
2015-02-18  41.750  41.730   9789765.0
2015-02-19  41.680  42.110  16578267.0
2015-02-20  42.040  41.970  15981911.0
2015-02-23  41.710  41.850  11830339.0
2015-02-24  41.850  42.130  12782659.0
2015-02-25  42.170  42.050  10323318.0
2015-02-26  42.040  42.460  14345465.0
2015-02-27  42.520  43.300  28312800.0
2015-03-02  43.120  43.200  13514230.0
2015-03-03  43.110  42.950  10036311.0
2015-03-04  42.920  42.500  16251705.0
2015-03-05  42.560  42.400   9222960.0
2015-03-06  42.120  41.520  18180467.0
2015-03-09  41.530  41.390  10123274.0
2015-03-10  41.100  40.690  14599065.0
2015-03-11  40.730  40.100  18548681.0
2015-03-12  40.100  40.570  17728747.0
2015-03-13  40.440  39.910  17437625.0
2015-03-16  40.000  40.290  15233500.0
2015-03-17  40.670  40.510  21661805.0
2015-03-18  40.480  40.600  26242363.0
2015-03-19  40.480  40.020  16057555.0
2015-03-20  40.070  40.650  31608480.0
2015-03-23  40.640  40.620  17060523.0
2015-03-24  40.910  40.470  13471308.0
2015-03-25  40.590  40.450  22811118.0
2015-03-26  40.340  40.350  17359635.0
2015-03-27  40.480  40.080  14375717.0
2015-03-30  40.110  40.510  12560731.0
2015-03-31  40.510  40.550  16604480.0
2015-04-01  40.790  40.680  14300701.0
2015-04-02  40.730  40.680  14343102.0
2015-04-06  40.770  41.170  19843131.0
2015-04-07  41.050  41.010   9773391.0
2015-04-08  40.980  40.890   8954659.0
2015-04-09  40.800  41.050  12710885.0
2015-04-10  41.090  40.880   8719980.0
2015-04-13  40.970  40.700   9616271.0
2015-04-14  40.590  40.510  11209674.0
2015-04-15  40.590  40.400  11189056.0
2015-04-16  40.410  40.600  13120966.0
2015-04-17  40.470  40.300  15228749.0
2015-04-20  40.420  40.660  13023939.0
2015-04-21  40.670  40.780  19673063.0
2015-04-22  41.560  41.310  26886208.0
2015-04-23  41.230  40.950  17407846.0
2015-04-24  41.040  40.890  11623319.0
2015-04-27  41.000  40.830  10013222.0
2015-04-28  40.950  40.770  12174693.0
2015-04-29  40.660  40.490  11370897.0
2015-04-30  40.400  40.560  12700657.0
2015-05-01  40.580  40.910  10848323.0
2015-05-04  40.880  40.960  10175431.0
2015-05-05  41.140  40.750  11721254.0
2015-05-06  41.040  40.660  11905974.0
2015-05-07  40.530  40.700  13834439.0
2015-05-08  41.000  40.980  11144434.0
2015-05-11  40.980  40.940  10113526.0
2015-05-12  40.770  40.690  12384199.0
2015-05-13  40.750  41.050  13183745.0
2015-05-14  41.300  41.500   9960964.0
2015-05-15  41.450  41.520   8478789.0
2015-05-18  41.490  41.320  11492453.0
2015-05-19  41.230  41.310   9071997.0
2015-05-20  41.370  41.350  10964629.0
2015-05-21  41.260  41.230   9270625.0
2015-05-22  41.120  41.210  11909499.0
2015-05-26  41.120  40.990  15182922.0
2015-05-27  40.940  41.120   9861491.0
2015-05-28  41.200  41.140   9395168.0
2015-05-29  41.180  40.960  19628500.0
2015-06-01  41.360  40.940  12683852.0
2015-06-02  40.840  40.990  11878840.0
2015-06-03  41.100  40.870   8153777.0
2015-06-04  40.710  40.590  10145794.0
2015-06-05  40.480  40.100  15975551.0
2015-06-08  40.100  40.160  14339260.0
2015-06-09  40.170  40.200  10772741.0
2015-06-10  40.320  40.330  11979870.0
2015-06-11  40.110  40.100  11944854.0
2015-06-12  40.040  39.960  15568577.0
2015-06-15  39.830  39.590  11364793.0
2015-06-16  39.630  40.080  12517410.0
2015-06-17  40.080  40.270  13898422.0
2015-06-18  40.160  40.650  16314590.0
2015-06-19  40.590  40.400  23533203.0
2015-06-22  40.510  40.480   8768800.0
2015-06-23  40.430  40.380  11094928.0
2015-06-24  40.370  40.190  10384888.0
2015-06-25  40.280  40.020  10587132.0
2015-06-26  40.100  40.000  16214983.0
2015-06-29  39.800  39.400  15500621.0
2015-06-30  39.610  39.230  14621325.0
2015-07-01  39.380  39.500  11177431.0
2015-07-02  39.630  39.490   8975923.0
2015-07-06  39.320  39.420  10248693.0
2015-07-07  39.490  40.250  20152178.0
2015-07-08  39.990  39.860  11383747.0
2015-07-09  40.460  39.920  13392040.0
2015-07-10  40.270  40.390  13360279.0
2015-07-13  40.560  40.660   9854203.0
2015-07-14  40.900  41.170  19530883.0
2015-07-15  41.150  41.130  11252142.0
2015-07-16  41.420  41.480  10483688.0
2015-07-17  41.310  41.250   9607802.0
2015-07-20  41.350  41.380  10021668.0
2015-07-21  41.380  41.190  13651565.0
2015-07-22  40.810  40.900  15524805.0
2015-07-23  40.990  40.840  13522199.0
2015-07-24  40.760  40.440  10912528.0
2015-07-27  40.280  40.540  10945666.0
2015-07-28  40.650  40.550  11021786.0
2015-07-29  40.530  40.590   8479899.0
2015-07-30  40.550  40.560   9095413.0
2015-07-31  40.880  41.080  15309490.0
2015-08-03  40.850  41.540  14671621.0
2015-08-04  41.510  41.850  17559905.0
2015-08-05  41.920  42.120  15292571.0
2015-08-06  42.000  41.920  11369847.0
2015-08-07  41.810  41.770  10886719.0
2015-08-10  41.890  41.680   9501775.0
2015-08-11  41.400  41.480  11254885.0
2015-08-12  41.130  41.260   9793289.0
2015-08-13  41.280  41.100  10270853.0
2015-08-14  41.010  41.250   9905619.0
2015-08-17  41.030  41.350   8272813.0
2015-08-18  41.280  41.300  11199353.0
2015-08-19  41.140  40.780  15796292.0
2015-08-20  40.520  40.550  14217983.0
2015-08-21  40.160  39.530  28035595.0
2015-08-24  37.990  38.380  44060985.0
2015-08-25  39.130  37.990  31356879.0
2015-08-26  38.750  38.730  23414566.0
2015-08-27  39.040  39.270  18870901.0
2015-08-28  39.070  39.450  14503887.0
2015-08-31  39.130  39.320  12673260.0
2015-09-01  38.700  38.750  23703111.0
2015-09-02  39.030  38.900  14054621.0
2015-09-03  38.900  39.160  13311591.0
2015-09-04  38.680  38.520  15450547.0
2015-09-08  38.870  38.900  15273861.0
2015-09-09  39.120  38.300  13764593.0
2015-09-10  38.310  38.420  14950177.0
2015-09-11  38.010  38.130  11800440.0
2015-09-14  38.220  38.100   8950014.0
2015-09-15  38.070  38.500  13019802.0
2015-09-16  38.670  39.150  22233131.0
2015-09-17  39.150  39.380  21232475.0
2015-09-18  38.860  38.980  27527257.0
2015-09-21  39.050  39.190  12935770.0
2015-09-22  38.680  38.790  15021341.0
2015-09-23  38.790  38.760   8910787.0
2015-09-24  38.520  39.150  19385666.0
2015-09-25  39.430  39.620  22511325.0
2015-09-28  39.520  39.530  19302596.0
2015-09-29  39.520  39.660  14166903.0
2015-09-30  39.880  40.120  19504072.0
2015-10-01  40.220  39.800  19606626.0
2015-10-02  39.560  40.390  15536558.0
2015-10-05  40.450  41.010  15658441.0
2015-10-06  41.040  40.960  14579392.0
2015-10-07  41.140  41.520  14401357.0
2015-10-08  41.260  41.980  11960174.0
2015-10-09  41.820  42.020  13931163.0
2015-10-12  41.830  42.000  12299062.0
2015-10-13  41.800  41.650  12903557.0
2015-10-14  41.560  41.680  14180003.0
2015-10-15  41.870  41.920  11801562.0
2015-10-16  42.160  42.020  20384217.0
2015-10-19  41.900  41.990  15553774.0
2015-10-20  42.000  42.290  16199274.0
2015-10-21  41.940  42.190  19441501.0
2015-10-22  42.440  43.240  35920172.0
2015-10-23  43.310  42.790  18796054.0
2015-10-26  42.760  42.590  14788551.0
2015-10-27  42.500  42.610  30166606.0
2015-10-28  42.750  42.730  13667281.0
2015-10-29  42.660  42.790   9427360.0
2015-10-30  42.800  42.350  15356150.0
2015-11-02  42.320  42.240  16252219.0
2015-11-03  42.180  42.160   9693096.0
2015-11-04  42.270  41.970  10488480.0
2015-11-05  42.000  42.330   9625114.0
2015-11-06  41.970  41.960  11926701.0
2015-11-09  41.700  41.540  10842503.0
2015-11-10  41.440  41.770   8283092.0
2015-11-11  41.940  42.040   9101167.0
2015-11-12  42.010  41.580  10724972.0
2015-11-13  41.460  41.380  11618468.0
2015-11-16  41.430  41.960  11244857.0
2015-11-17  41.850  41.670  12738565.0
2015-11-18  41.770  42.280  12966187.0
2015-11-19  42.320  43.110  24090723.0
2015-11-20  43.310  42.430  19778361.0
2015-11-23  42.550  42.960  13338016.0
2015-11-24  42.700  43.360  15767155.0
2015-11-25  43.320  43.360  10344783.0
2015-11-27  43.040  43.150   7236711.0
2015-11-30  43.120  42.620  16055427.0
2015-12-01  42.730  42.890  11152826.0
2015-12-02  42.830  42.770  12598499.0
2015-12-03  42.730  42.460  15004860.0
2015-12-04  42.580  43.290  16487972.0
2015-12-07  43.310  43.200  12030718.0
2015-12-08  43.050  43.010  10736113.0
2015-12-09  42.780  42.660  12945502.0
2015-12-10  42.730  42.760  15483280.0
2015-12-11  42.630  42.270  17313343.0
2015-12-14  42.310  42.450  20090892.0
2015-12-15  42.840  43.070  17916382.0
2015-12-16  43.250  43.840  21868610.0
2015-12-17  43.810  43.490  14697025.0
2015-12-18  43.360  42.500  24487406.0
2015-12-21  42.820  42.780  10443953.0
2015-12-22  42.860  43.290  12280335.0
2015-12-23  43.390  43.670   9092284.0
2015-12-24  43.490  43.540   3036573.0
2015-12-28  43.440  43.490   6326143.0
2015-12-29  43.540  43.710   7739815.0
2015-12-30  43.750  43.570   5111275.0
2015-12-31  43.300  42.960   9727407.0
2016-01-04  42.340  42.400  16084145.0
2016-01-05  42.310  42.550  15769463.0
2016-01-06  42.200  42.320  16245132.0
2016-01-07  41.650  41.620  20561556.0
2016-01-08  41.650  41.510  14645738.0
2016-01-11  41.580  41.580  15807748.0
2016-01-12  42.300  42.120  21814837.0
2016-01-13  42.170  41.850  16854282.0
2016-01-14  41.990  41.880  16027468.0
2016-01-15  40.950  41.500  21153542.0
2016-01-19  41.770  41.920  15462140.0
2016-01-20  41.450  41.380  19923495.0
2016-01-21  41.450  41.390  15558254.0
2016-01-22  41.640  42.060  15209235.0
2016-01-25  42.240  42.160  12505160.0
2016-01-26  42.160  42.080  13018471.0
2016-01-27  42.180  42.090  14167006.0
2016-01-28  42.180  42.570  16622810.0
2016-01-29  42.860  42.920  20456815.0
2016-02-01  42.600  43.000  17097846.0
2016-02-02  42.700  42.440  12332896.0
2016-02-03  42.800  42.720  15958302.0
2016-02-04  42.520  42.530  14413744.0
2016-02-05  42.930  42.440  17315347.0
2016-02-08  42.170  42.650  17253832.0
2016-02-09  42.260  43.300  24853137.0
2016-02-10  43.340  42.550  16728238.0
2016-02-11  42.030  42.410  16825337.0
2016-02-12  42.720  43.110  15220530.0
2016-02-16  43.320  43.360  12675761.0
2016-02-17  43.420  43.490  12332388.0
2016-02-18  43.630  43.610  11169234.0
2016-02-19  43.580  43.770  12849873.0
2016-02-22  43.760  43.940  20716040.0
2016-02-23  43.740  43.690  11166283.0
2016-02-24  43.564  43.910  10842148.0
2016-02-25  43.960  44.160  10901211.0
2016-02-26  44.040  43.140  18419102.0
2016-02-29  43.170  43.130  15026653.0
2016-03-01  43.380  43.690  12358245.0
2016-03-02  43.470  43.770  12856312.0
2016-03-03  43.610  43.960  13134755.0
2016-03-04  43.780  44.110  13689748.0
2016-03-07  43.910  44.010  10695318.0
2016-03-08  43.920  44.320  17122090.0
2016-03-09  44.390  44.810  18466221.0
2016-03-10  44.840  45.230  28902669.0
2016-03-11  45.000  45.200  16129346.0
2016-03-14  45.040  45.290  13206483.0
2016-03-15  45.080  45.240  13686335.0
2016-03-16  45.050  45.050  15386132.0
2016-03-17  45.050  45.770  24076727.0
2016-03-18  45.840  45.600  23853439.0
2016-03-21  45.420  45.670   9740372.0
2016-03-22  45.550  45.500  13787791.0
2016-03-23  45.400  45.460   9292047.0
2016-03-24  45.450  45.580  10888271.0
2016-03-28  45.560  45.800  13305582.0
2016-03-29  45.860  46.480  25010417.0
2016-03-30  46.630  46.580  14311955.0
2016-03-31  46.550  46.390  15541054.0
2016-04-01  46.140  46.830  14922776.0
2016-04-04  46.840  46.890  10629837.0
2016-04-05  46.620  46.530  10696178.0
2016-04-06  46.570  46.710   9122659.0
2016-04-07  46.500  46.360   9291894.0
2016-04-08  46.440  46.870  11957129.0
2016-04-11  46.900  46.440  11880062.0
2016-04-12  46.410  46.650  11219103.0
2016-04-13  46.770  46.040  13230840.0
2016-04-14  46.060  45.830  12981492.0
2016-04-15  45.820  46.100  13645784.0
2016-04-18  46.130  46.220  11538098.0
2016-04-19  46.310  46.600  14415358.0
2016-04-20  45.340  44.370  40357607.0
2016-04-21  44.260  43.660  37206768.0
2016-04-22  43.790  44.540  25132920.0
2016-04-25  44.500  44.710  11173788.0
2016-04-26  44.920  44.530  13935265.0
2016-04-27  44.640  44.680  11335539.0
2016-04-28  44.500  44.630  10932525.0
2016-04-29  44.530  44.800  11716045.0
2016-05-02  44.570  44.980  12577467.0
2016-05-03  44.870  44.840  10420255.0
2016-05-04  44.720  44.980   9350517.0
2016-05-05  44.930  45.060   8801093.0
2016-05-06  45.060  45.320   8563928.0
2016-05-09  45.320  45.240   8110501.0
2016-05-10  45.440  45.750   8932449.0
2016-05-11  45.730  45.460   8833105.0
2016-05-12  45.550  45.830  10463436.0
2016-05-13  45.750  45.350  10341066.0
2016-05-16  45.160  45.620   9413602.0
2016-05-17  45.450  44.750  17456858.0
2016-05-18  44.560  44.480  12524275.0
2016-05-19  44.250  44.320  10659524.0
2016-05-20  44.510  43.950  12913868.0
2016-05-23  44.070  43.970  13554375.0
2016-05-24  44.100  44.370  12633907.0
2016-05-25  44.510  44.380   9218444.0
2016-05-26  44.530  44.690   8695743.0
2016-05-27  44.710  44.780   7893270.0
2016-05-31  44.980  44.600  18935249.0
2016-06-01  44.600  44.700   8916015.0
2016-06-02  44.700  44.720   6693945.0
2016-06-03  44.750  45.040  13434865.0
2016-06-06  45.090  45.370  10310560.0
2016-06-07  45.350  45.320   9812617.0
2016-06-08  45.240  45.550   7915417.0
2016-06-09  45.330  45.760   8042866.0
2016-06-10  45.620  45.990  12357013.0
2016-06-13  45.480  45.120  10613433.0
2016-06-14  44.850  45.040  11298208.0
2016-06-15  45.120  45.010   8360350.0
2016-06-16  44.870  45.310  11305129.0
2016-06-17  45.170  44.790  20805405.0
2016-06-20  45.090  44.980  10712366.0
2016-06-21  45.160  45.130   7918895.0
2016-06-22  45.250  44.860  10738860.0
2016-06-23  45.030  45.080   9654694.0
2016-06-24  44.200  43.930  26002815.0
2016-06-27  43.670  43.780  15805581.0
2016-06-28  44.060  44.180  16509684.0
2016-06-29  44.390  44.440  12250905.0
2016-06-30  44.520  45.330  16056522.0
2016-07-01  45.320  45.120  11797931.0
2016-07-05  45.160  45.430  12339066.0
2016-07-06  45.500  45.270  10902573.0
2016-07-07  45.420  45.090   9741108.0
2016-07-08  45.300  45.380  11127077.0
2016-07-11  45.350  45.570  10937755.0
2016-07-12  45.640  45.580   9746806.0
2016-07-13  45.610  45.740   8028298.0
2016-07-14  45.730  45.690   7620805.0
2016-07-15  45.880  45.630  10620966.0
2016-07-18  45.690  45.630   7958321.0
2016-07-19  45.460  45.630   7761133.0
2016-07-20  45.750  45.510   8466273.0
2016-07-21  45.340  45.450   8138952.0
2016-07-22  45.500  45.830   8836148.0
2016-07-25  45.810  45.570   9134337.0
2016-07-26  45.530  44.880  15819177.0
2016-07-27  43.900  43.400  37453286.0
2016-07-28  43.270  43.650  13077828.0
2016-07-29  43.720  43.630  16529298.0
2016-08-01  43.690  43.450  12349425.0
2016-08-02  43.350  43.530  12825187.0
2016-08-03  43.660  43.640  12119080.0
2016-08-04  43.560  43.510  11244053.0
2016-08-05  43.650  43.480  10398203.0
2016-08-08  43.430  43.440   8680309.0
2016-08-09  43.500  43.470   7281332.0
2016-08-10  43.640  43.610   8412055.0
2016-08-11  43.720  43.750  11303281.0
2016-08-12  43.910  44.030  10928925.0
2016-08-15  44.100  44.240  10390642.0
2016-08-16  44.250  43.830   9706132.0
2016-08-17  44.010  44.060  11207249.0
2016-08-18  44.010  44.100   9144293.0
2016-08-19  44.050  43.920   9385920.0
2016-08-22  43.940  43.740   8687524.0
2016-08-23  43.850  43.850   8420861.0
2016-08-24  43.820  43.850  11508918.0
2016-08-25  43.850  43.670   9815562.0
2016-08-26  43.720  43.320  11824943.0
2016-08-29  43.340  43.540   9544573.0
2016-08-30  43.460  43.240   9720067.0
2016-08-31  43.430  43.430  10217936.0
2016-09-01  43.210  43.350   8457766.0
2016-09-02  43.520  43.660   9025960.0
2016-09-06  43.740  43.790   8600272.0
2016-09-07  43.720  43.640   8656580.0
2016-09-08  43.670  43.630  10020425.0
2016-09-09  43.430  42.270  23624237.0
2016-09-12  42.360  43.190  15932296.0
2016-09-13  42.770  42.280  12962720.0
2016-09-14  42.270  42.110   9823528.0
2016-09-15  42.010  42.360  10244482.0
2016-09-16  42.170  42.140  16353571.0
2016-09-19  42.160  42.100   7659863.0
2016-09-20  42.310  42.340   8407163.0
2016-09-21  42.280  42.530  13654653.0
2016-09-22  42.710  42.960   9288218.0
2016-09-23  42.810  42.740   8852687.0
2016-09-26  42.710  42.050  15035543.0
2016-09-27  42.190  42.590  11920432.0
2016-09-28  42.630  42.150  15523683.0
2016-09-29  42.020  42.030  12671672.0
2016-09-30  42.210  42.320  14333069.0
2016-10-03  42.310  42.030  11152793.0
2016-10-04  42.340  41.840  13682703.0
2016-10-05  41.930  41.810   9607263.0
2016-10-06  41.680  41.710   9722750.0
2016-10-07  41.830  41.730   8122572.0
2016-10-10  41.920  41.730   8983623.0
2016-10-11  41.660  41.540  12249060.0
2016-10-12  41.630  41.780  12216538.0
2016-10-13  41.650  41.760  17655643.0
2016-10-14  41.850  41.670   9893179.0
2016-10-17  41.730  41.600  10792512.0
2016-10-18  41.810  41.970  11297333.0
2016-10-19  41.930  42.050  16367383.0
2016-10-20  41.970  41.930  10620494.0
2016-10-21  41.850  42.130  14401515.0
2016-10-24  42.320  42.560  13439176.0
2016-10-25  42.640  42.540  16483078.0
2016-10-26  43.000  42.440  16886249.0
2016-10-27  42.630  42.120  14537030.0
2016-10-28  42.260  42.230  13396018.0
2016-10-31  42.120  42.400  13327475.0
2016-11-01  42.400  42.120  12223368.0
2016-11-02  42.100  42.050  12034029.0
2016-11-03  42.220  42.030  11257828.0
2016-11-04  41.850  41.690  14463585.0
2016-11-07  42.040  42.460  14038532.0
2016-11-08  42.370  42.880  12035481.0
2016-11-09  41.760  42.270  21350962.0
2016-11-10  41.860  40.940  33239109.0
2016-11-11  40.950  41.030  13420962.0
2016-11-14  41.130  41.170  19514172.0
2016-11-15  41.180  41.440  16553962.0
2016-11-16  41.400  41.260  12680828.0
2016-11-17  41.280  41.120  12398331.0
2016-11-18  41.030  40.910  16345262.0
2016-11-21  40.740  41.360  12307041.0
2016-11-22  41.450  41.370  12743512.0
2016-11-23  41.220  41.120   9294006.0
2016-11-25  41.390  41.530   7402652.0
2016-11-28  41.510  41.750  19424412.0
2016-11-29  41.520  41.150  11421871.0
2016-11-30  41.000  40.350  22409697.0
2016-12-01  40.310  40.170  20409274.0
2016-12-02  40.300  40.360  11176080.0
2016-12-05  40.340  40.620  15977847.0
2016-12-06  40.750  40.570  11303492.0
2016-12-07  40.540  41.290  13726520.0
2016-12-08  41.070  40.980  13069049.0
2016-12-09  41.500  42.000  28125775.0
2016-12-12  42.000  41.900  17561150.0
2016-12-13  41.720  41.760  18985974.0
2016-12-14  41.890  41.210  17936291.0
2016-12-15  41.095  41.550  14265277.0
2016-12-16  41.610  41.740  19674238.0
2016-12-19  41.690  41.670   8687186.0
2016-12-20  41.700  41.660  10603483.0
2016-12-21  41.600  41.570   9693282.0
2016-12-22  41.570  41.550  11893288.0
2016-12-23  41.620  41.600   6435216.0
2016-12-27  41.560  41.610   6998769.0
2016-12-28  41.490  41.390   8987984.0
2016-12-29  41.380  41.600   6875301.0
2016-12-30  41.690  41.460  11470189.0
2017-01-03  41.500  41.800  14711049.0
2017-01-04  41.880  41.650   9959390.0
2017-01-05  41.660  41.750   8968208.0
2017-01-06  41.700  41.740  10247235.0
2017-01-09  41.230  41.320  14822173.0
2017-01-10  41.440  41.040  19706782.0
2017-01-11  40.850  41.050   9266213.0
2017-01-12  41.010  40.950   8541181.0
2017-01-13  41.000  40.880   8123494.0
2017-01-17  40.840  41.220  12469432.0
2017-01-18  41.250  41.290  10390464.0
2017-01-19  41.140  41.140  10987072.0
2017-01-20  41.270  41.320  14695409.0
2017-01-23  41.310  41.430  11628909.0
2017-01-24  41.470  41.900  17040102.0
2017-01-25  41.940  42.120  12538163.0
2017-01-26  42.030  41.810   8977135.0
2017-01-27  41.910  41.450  12967305.0
2017-01-30  41.300  41.380  11626225.0
2017-01-31  41.390  41.570  12665523.0
2017-02-01  41.520  41.260  11135792.0
2017-02-02  41.410  41.400   9459722.0
2017-02-03  41.580  41.540  11881790.0
2017-02-06  41.530  41.560  15742810.0
2017-02-07  41.700  41.900  13314785.0
2017-02-08  41.910  42.020  14209112.0
2017-02-09  41.520  41.250  27240268.0
2017-02-10  41.020  40.580  28847307.0
2017-02-13  40.770  40.620  23617075.0
2017-02-14  40.380  40.530  32177511.0
2017-02-15  40.420  40.440  26600788.0
2017-02-16  40.550  41.200  22214839.0
2017-02-17  41.130  41.230  15064898.0
2017-02-21  41.200  41.460  17072526.0
2017-02-22  41.510  41.600  11186823.0
2017-02-23  41.670  41.660  12856844.0
2017-02-24  41.700  41.780  13215239.0
2017-02-27  41.750  41.670  12186122.0
2017-02-28  41.680  41.960  15946431.0
2017-03-01  42.010  42.160  14662016.0
2017-03-02  42.080  42.470  15507294.0
2017-03-03  42.440  42.480  11743030.0
2017-03-06  42.340  42.180  16307783.0
2017-03-07  42.000  41.990  11273704.0
2017-03-08  42.000  41.990  14641689.0
2017-03-09  42.090  42.030  14496447.0
2017-03-10  42.230  42.290  16366201.0
2017-03-13  41.920  42.030  12831543.0
2017-03-14  41.980  41.970   9844453.0
2017-03-15  41.980  42.120  22757762.0
2017-03-16  42.030  42.250  16004192.0
2017-03-17  42.280  42.030  37526506.0
2017-03-20  42.100  42.180  11484233.0
2017-03-21  42.310  42.500  17187257.0
2017-03-22  42.560  42.380  11605453.0
2017-03-23  42.210  42.170  11503322.0
2017-03-24  42.230  42.120  13804411.0
2017-03-27  42.110  42.320  12387364.0
2017-03-28  42.240  42.430  14123756.0
2017-03-29  42.510  42.420   9580060.0
2017-03-30  42.350  42.600  11999910.0
2017-03-31  42.550  42.440  11551767.0
2017-04-03  42.580  42.410  11240037.0
2017-04-04  42.510  42.680  10945730.0
2017-04-05  42.650  42.570  10142817.0
2017-04-06  42.580  42.670  14597765.0
2017-04-07  42.640  42.610  11025314.0
2017-04-10  42.730  42.690   9426908.0
2017-04-11  42.680  42.660   8909379.0
2017-04-12  42.540  42.940  13417205.0
2017-04-13  42.870  42.790   9891941.0
2017-04-17  42.790  43.070  11318086.0
2017-04-18  43.110  43.480  13181590.0
2017-04-19  43.740  43.230  13893062.0
2017-04-20  43.200  43.090  10836563.0
2017-04-21  42.980  43.070  13833772.0
2017-04-24  43.240  43.280  16703800.0
2017-04-25  42.850  43.110  18556283.0
2017-04-26  43.060  43.240  13234525.0
2017-04-27  43.170  43.010  10267615.0
2017-04-28  42.960  43.150  10198906.0
2017-05-01  43.150  43.220  13183009.0
2017-05-02  43.220  43.390  11336440.0
2017-05-03  43.330  43.320  10353995.0
2017-05-04  43.420  43.660  10146247.0
2017-05-05  43.790  43.690   8053589.0
2017-05-08  43.590  43.890  14167466.0
2017-05-09  43.890  43.510   8667446.0
2017-05-10  43.480  43.570   7576031.0
2017-05-11  43.490  43.670   6703720.0
2017-05-12  43.640  43.590   7061373.0
2017-05-15  43.460  43.730   7626131.0
2017-05-16  43.870  43.850  10434550.0
2017-05-17  43.810  43.930  14495596.0
2017-05-18  43.870  43.800  13489588.0
2017-05-19  43.850  43.900  11466049.0
2017-05-22  43.890  44.180  12537576.0
2017-05-23  44.250  44.390  11970039.0
2017-05-24  44.510  45.030  12738262.0
2017-05-25  45.000  45.410  16000081.0
2017-05-26  45.350  45.390  11323563.0
2017-05-30  45.160  45.430  12806592.0
2017-05-31  45.430  45.470  13765516.0
2017-06-01  45.450  45.790  10930872.0
2017-06-02  45.830  45.890   9905198.0
2017-06-05  45.780  45.990   8993356.0
2017-06-06  45.900  45.980   9798643.0
2017-06-07  45.500  45.510  12661759.0
2017-06-08  45.390  45.130  12655825.0
2017-06-09  45.060  45.320   9346564.0
2017-06-12  45.350  45.330  11211624.0
2017-06-13  45.000  45.030   9867084.0
2017-06-14  45.180  45.300  11414312.0
2017-06-15  45.180  45.250   9889734.0
2017-06-16  45.310  45.310  25242149.0
2017-06-19  45.350  45.380   7484089.0
2017-06-20  45.350  45.610  14885747.0
2017-06-21  45.620  45.220   9478908.0
2017-06-22  45.170  45.070   7421686.0
2017-06-23  45.050  45.250   9156007.0
2017-06-26  45.320  45.430   7742775.0
2017-06-27  45.340  45.050  11411670.0
2017-06-28  45.250  45.320   9196011.0
2017-06-29  45.130  44.830   9140632.0
2017-06-30  44.890  44.850   9269955.0
2017-07-03  45.110  44.760   6434460.0
2017-07-05  44.790  44.820   6821847.0
2017-07-06  44.720  44.400  13061576.0
2017-07-07  44.470  44.390   9069540.0
2017-07-10  44.450  44.380   9529386.0
2017-07-11  44.320  44.330  10290499.0
2017-07-12  44.590  44.510   7701679.0
2017-07-13  44.490  44.430   6365318.0
2017-07-14  44.520  44.680   8283506.0
2017-07-17  44.660  44.730   7186327.0
2017-07-18  44.780  44.670   9035489.0
2017-07-19  44.670  44.830   5253086.0
2017-07-20  44.900  44.820   7353267.0
2017-07-21  44.780  45.030   8428541.0
2017-07-24  45.040  44.840   8940955.0
2017-07-25  45.020  45.240  14046816.0
2017-07-26  44.550  45.740  13578386.0
2017-07-27  45.800  46.120  15099922.0
2017-07-28  46.000  46.010  11914389.0
2017-07-31  46.000  45.840  13568752.0
2017-08-01  45.970  45.700  10212964.0
2017-08-02  45.600  45.590   9787637.0
2017-08-03  45.650  45.670  14234722.0
2017-08-04  45.670  45.500   9513676.0
2017-08-07  45.520  45.640   6193510.0
2017-08-08  45.640  45.600   5682591.0
2017-08-09  45.560  45.590   9615434.0
2017-08-10  45.560  45.740   8845009.0
2017-08-11  45.860  45.590   8346794.0
2017-08-14  45.670  45.800   8350948.0
2017-08-15  45.800  46.190   9566707.0
2017-08-16  46.150  46.200   7874965.0
2017-08-17  46.120  45.860   8181938.0
2017-08-18  45.800  45.670  10789520.0
2017-08-21  45.670  45.680   8353041.0
2017-08-22  45.700  45.600  10440832.0
2017-08-23  45.630  45.540   6463455.0
2017-08-24  45.540  45.410   7473385.0
2017-08-25  45.600  45.570   7617644.0
2017-08-28  45.630  45.420   7893156.0
2017-08-29  45.400  45.450   7741942.0
2017-08-30  45.360  45.390   7123338.0
2017-08-31  45.400  45.550  14230088.0
2017-09-01  45.640  45.780   7374336.0
2017-09-05  45.750  45.920   9916677.0
2017-09-06  45.980  45.960   8410994.0
2017-09-07  46.010  46.280   9229893.0
2017-09-08  46.190  46.300  10504942.0
2017-09-11  46.350  46.520  10196066.0
2017-09-12  46.500  46.720   8550352.0
2017-09-13  46.680  46.870  10172453.0
2017-09-14  46.400  46.110  13310407.0
2017-09-15  46.300  46.180  15727512.0
2017-09-18  46.150  46.110   8532303.0
2017-09-19  46.140  45.980   7266099.0
2017-09-20  45.760  45.780  10846871.0
2017-09-21  45.710  45.400   7496605.0
2017-09-22  45.450  45.490   7764073.0
2017-09-25  45.500  45.690   9128387.0
2017-09-26  45.690  45.570   6416055.0
2017-09-27  45.470  44.640  14574341.0
2017-09-28  44.670  44.910   8752982.0
2017-09-29  44.860  45.010   9888913.0
2017-10-02  45.050  44.800  10640296.0
2017-10-03  44.860  45.190  11997860.0
2017-10-04  45.110  45.500  14057948.0
2017-10-05  45.510  45.520   9717924.0
2017-10-06  45.390  45.490   5294079.0
2017-10-09  45.550  45.410   5246263.0
2017-10-10  45.600  45.870   6220910.0
2017-10-11  45.880  46.100   6509005.0
2017-10-12  45.980  46.110   7707846.0
2017-10-13  46.250  46.180   7122198.0
2017-10-16  46.120  46.620  12592511.0
2017-10-17  46.530  46.520   7654817.0
2017-10-18  46.410  46.400   6157712.0
2017-10-19  46.370  46.590   6973054.0
2017-10-20  46.580  46.380   9591795.0
2017-10-23  46.380  46.320   7128845.0
2017-10-24  46.260  46.180   9388116.0
2017-10-25  46.370  46.055   9439413.0
2017-10-26  46.320  46.230  10561881.0
2017-10-27  46.130  46.070   9931689.0
2017-10-30  46.000  45.860   6851745.0
2017-10-31  45.920  45.980   6482526.0
2017-11-01  45.750  45.800   7024854.0
2017-11-02  45.810  45.880   8269248.0
2017-11-03  45.970  45.970   4720620.0
2017-11-06  45.910  45.470   7360021.0
2017-11-07  45.410  45.940   9787531.0
2017-11-09  46.120  46.230   6501793.0
2017-11-10  46.200  46.540   8013644.0
2017-11-13  46.600  46.720   7631352.0
2017-11-14  46.710  47.430  17169630.0
2017-11-15  47.320  46.810  12324043.0
2017-11-16  46.950  46.550  12495519.0
2017-11-17  46.340  45.710  19691311.0
2017-11-20  45.650  45.460  19146781.0
2017-11-21  45.560  45.780  10204728.0
2017-11-22  45.890  45.840   8121139.0
2017-11-24  45.890  45.880   2996338.0
2017-11-27  45.880  45.900   5629616.0
2017-11-28  45.990  45.830   8306301.0
2017-11-29  45.770  45.500  16435888.0
2017-11-30  45.140  45.770  16358425.0
2017-12-01  45.800  45.970  12467724.0
2017-12-04  45.990  46.230  17503101.0
2017-12-05  46.250  46.260  13452712.0
2017-12-06  46.330  46.450   8137495.0
2017-12-07  46.290  45.780   9064074.0
2017-12-08  45.700  45.310  13026731.0
2017-12-11  45.180  45.330   9593906.0
2017-12-12  45.250  45.290  13906775.0
2017-12-13  45.450  45.900  12212789.0
2017-12-14  45.900  46.030   8932016.0
2017-12-15  46.290  46.190  20161432.0
2017-12-18  46.230  45.930  10021802.0
2017-12-19  46.080  46.130   7727552.0
2017-12-20  46.180  46.080   7296074.0
2017-12-21  46.150  45.600   9391253.0
2017-12-22  45.640  45.590   5394639.0
2017-12-26  45.700  45.810   6043871.0
2017-12-27  45.900  45.930   5041455.0
2017-12-28  45.910  45.720   5642213.0
2017-12-29  45.700  45.880   8293714.0
2018-01-02  45.910  45.540  10721081.0
2018-01-03  45.490  45.440  12287091.0
2018-01-04  45.560  46.080  12665694.0
2018-01-05  46.020  46.070  12244278.0
2018-01-08  45.950  46.000   7031130.0
2018-01-09  46.000  46.230   9933287.0
2018-01-10  46.230  46.070   9841476.0
2018-01-11  46.230  46.040   7581027.0
2018-01-12  46.280  46.150  14544429.0
2018-01-16  46.150  46.530  15556612.0
2018-01-17  46.580  46.820  12088148.0
2018-01-18  46.750  46.880  10246327.0
2018-01-19  46.990  47.160  15954827.0
2018-01-22  47.140  47.380   9496464.0
2018-01-23  47.210  47.450  10436965.0
2018-01-24  47.530  47.830  15841198.0
2018-01-25  47.700  47.840  11743735.0
2018-01-26  47.780  48.530  15576029.0
2018-01-29  48.210  47.700  11295065.0
2018-01-30  47.730  47.410  11861505.0
2018-01-31  47.450  47.590  10733824.0
2018-02-01  47.410  47.450  10274082.0
2018-02-02  47.350  46.730  12773979.0