date     open   close     volume
                                     
2014-05-08  15.0000  15.000  5433500.0
2014-05-09  15.5000  15.010   174500.0
2014-05-12  14.9800  15.130    87600.0
2014-05-13  15.0500  15.000    34900.0
2014-05-14  15.0100  15.100    70800.0
2014-05-15  15.2000  15.080    50200.0
2014-05-16  15.0000  15.000    49500.0
2014-05-19  14.9900  14.990   124400.0
2014-05-20  15.0000  15.000   171900.0
2014-05-21  15.0100  15.050    74500.0
2014-05-22  15.0500  14.990   115300.0
2014-05-23  15.0400  15.000    85800.0
2014-05-27  15.0600  15.000   135200.0
2014-05-28  14.9100  14.900   123900.0
2014-05-29  14.9000  14.940   101800.0
2014-05-30  14.9600  14.950   149000.0
2014-06-02  15.0000  14.900   355500.0
2014-06-03  14.8500  14.700   121100.0
2014-06-04  14.5900  14.590    74900.0
2014-06-05  15.1000  15.050   245700.0
2014-06-06  14.9600  14.600   105100.0
2014-06-09  14.6900  14.760   172100.0
2014-06-10  14.6700  14.730    50100.0
2014-06-11  14.7000  14.900   156700.0
2014-06-12  14.6200  14.820   117600.0
2014-06-13  14.6500  14.900    74600.0
2014-06-16  14.7800  14.870   163300.0
2014-06-17  14.8100  15.660   168100.0
2014-06-18  15.7700  16.230   405100.0
2014-06-19  15.9600  15.440   204500.0
2014-06-20  15.4100  15.520   447000.0
2014-06-23  15.4300  15.420    78700.0
2014-06-24  15.5000  15.090   167200.0
2014-06-25  15.0600  14.970    57800.0
2014-06-26  14.9400  14.890    65000.0
2014-06-27  14.8600  14.050  1140500.0
2014-06-30  14.3200  14.880   329000.0
2014-07-01  14.8600  14.850   118600.0
2014-07-02  14.8000  15.040    53800.0
2014-07-03  15.0400  15.150    20200.0
2014-07-07  15.2100  15.140    54100.0
2014-07-08  15.1100  15.280    73300.0
2014-07-09  15.3000  15.620    62500.0
2014-07-10  15.3400  15.730   168900.0
2014-07-11  15.6600  15.820   104800.0
2014-07-14  15.9000  16.060    33000.0
2014-07-15  16.0100  16.020    53400.0
2014-07-16  16.1000  16.060    91200.0
2014-07-17  16.0000  15.820    66300.0
2014-07-18  15.7900  15.900    72300.0
2014-07-21  15.8100  15.910   105600.0
2014-07-22  15.9800  15.740    83500.0
2014-07-23  15.7000  15.600    63100.0
2014-07-24  15.6700  15.870    69600.0
2014-07-25  15.7400  16.190    74200.0
2014-07-28  16.2500  16.300    73400.0
2014-07-29  16.2300  17.010    68500.0
2014-07-30  17.1400  17.470    41200.0
2014-07-31  17.3900  16.970    98200.0
2014-08-01  17.0300  16.890    41100.0
2014-08-04  16.8700  16.840    50600.0
2014-08-05  16.8700  16.660    82900.0
2014-08-06  16.6000  16.980   111400.0
2014-08-07  16.8600  16.560   100700.0
2014-08-08  16.5000  15.920   133800.0
2014-08-11  15.9400  15.780    74400.0
2014-08-12  15.5600  14.740    95900.0
2014-08-13  14.7000  14.610    62000.0
2014-08-14  14.6400  14.340    59500.0
2014-08-15  14.4700  14.930    95600.0
2014-08-18  15.0600  14.990   290800.0
2014-08-19  14.9600  14.570    31800.0
2014-08-20  14.5600  14.080    51600.0
2014-08-21  14.1500  14.170   101200.0
2014-08-22  14.1100  13.990   113500.0
2014-08-25  14.0200  14.030    78000.0
2014-08-26  14.0550  14.430    47100.0
2014-08-27  14.3700  14.780   237400.0
2014-08-28  14.7500  14.160    61500.0
2014-08-29  14.2100  14.210    16200.0
2014-09-02  14.2800  14.350    80500.0
2014-09-03  14.4200  14.960   418700.0
2014-09-04  14.9400  14.580    64900.0
2014-09-05  14.6200  14.340    98700.0
2014-09-08  14.6350  14.400    84800.0
2014-09-09  14.4000  13.960    90500.0
2014-09-10  14.1900  13.730   131200.0
2014-09-11  13.7300  13.840   101000.0
2014-09-12  13.8900  14.110   140400.0
2014-09-15  14.0500  14.040    72700.0
2014-09-16  13.9400  14.070    67900.0
2014-09-17  14.0400  14.180   169900.0
2014-09-18  14.2300  14.400    84700.0
2014-09-19  14.4200  14.140   124800.0
2014-09-22  14.1200  14.000    56200.0
2014-09-23  13.9900  13.630   110300.0
2014-09-24  13.6200  13.500    91723.0
2014-09-25  13.3600  13.520   109929.0
2014-09-26  13.5000  13.260   161469.0
2014-09-29  13.1700  12.960   173341.0
2014-09-30  13.0000  14.430   344000.0
2014-10-01  14.5100  14.250   204816.0
2014-10-02  14.1600  14.250    87489.0
2014-10-03  14.3600  14.000   161551.0
2014-10-06  14.0200  13.890    32899.0
2014-10-07  13.8500  13.530    48944.0
2014-10-08  13.4600  13.970    92593.0
2014-10-09  14.0300  14.000    62004.0
2014-10-10  13.9100  13.930    77819.0
2014-10-13  14.0000  14.390    95768.0
2014-10-14  14.4000  14.460   182882.0
2014-10-15  14.3900  14.440    80613.0
2014-10-16  14.3200  14.860   110646.0
2014-10-17  15.0000  14.660    81650.0
2014-10-20  14.6300  14.470    52588.0
2014-10-21  14.4700  14.370    86513.0
2014-10-22  14.3700  14.430    62530.0
2014-10-23  14.5700  14.270    56836.0
2014-10-24  14.2300  13.840    33185.0
2014-10-27  13.8780  14.100    55120.0
2014-10-28  14.0900  15.290    80866.0
2014-10-29  14.0901  14.680    47688.0
2014-10-30  15.2000  15.610   124117.0
2014-10-31  15.6000  16.100   344065.0
2014-11-03  16.0800  15.730   137001.0
2014-11-04  15.6500  16.700   381546.0
2014-11-05  16.7900  17.060   170090.0
2014-11-06  17.0300  17.240    96013.0
2014-11-07  17.1800  17.000    73171.0
2014-11-10  17.0400  16.900   129360.0
2014-11-11  16.9700  17.310   133725.0
2014-11-12  17.2300  16.920    36482.0
2014-11-13  16.9000  16.880    54122.0
2014-11-14  16.9400  16.710    58504.0
2014-11-17  16.6200  17.330    84216.0
2014-11-18  17.3600  18.870   312947.0
2014-11-19  18.7700  18.190   184355.0
2014-11-20  18.1900  17.780    76815.0
2014-11-21  17.9900  17.970    43505.0
2014-11-24  18.0700  18.650   148811.0
2014-11-25  18.6000  18.820   203039.0
2014-11-26  19.0700  19.030    59070.0
2014-11-28  18.9600  18.910    28986.0
2014-12-01  18.9000  18.840   106505.0
2014-12-02  18.7900  19.140    53434.0
2014-12-03  19.2000  19.140    75705.0
2014-12-04  19.1800  19.360    87745.0
2014-12-05  19.3400  19.110    56226.0
2014-12-08  19.0300  19.030    53373.0
2014-12-09  18.8300  19.520   137648.0
2014-12-10  19.5000  19.550   130742.0
2014-12-11  19.8500  20.040   164074.0
2014-12-12  19.8500  19.860   131929.0
2014-12-15  19.8000  19.790    91184.0
2014-12-16  19.8300  20.060    75089.0
2014-12-17  20.1600  20.720    65219.0
2014-12-18  20.7500  21.000    44115.0
2014-12-19  20.9400  21.150   151838.0
2014-12-22  21.2800  21.500    62457.0
2014-12-23  21.5000  20.610    84260.0
2014-12-24  20.7100  20.530    47290.0
2014-12-26  20.6000  20.400    82304.0
2014-12-29  20.3500  20.330   119399.0
2014-12-30  21.4100  20.650    72738.0
2014-12-31  20.6200  20.870    78119.0
2015-01-02  21.0300  20.950   347551.0
2015-01-05  20.8700  21.380   170998.0
2015-01-06  21.3600  21.610   114353.0
2015-01-07  22.0600  22.800   110418.0
2015-01-08  22.9100  22.980   147873.0
2015-01-09  22.9100  22.360   115817.0
2015-01-12  22.6300  22.040    98714.0
2015-01-13  22.2100  21.860   130563.0
2015-01-14  21.6900  21.790    74331.0
2015-01-15  21.7400  20.850    83666.0
2015-01-16  20.7700  21.070    52303.0
2015-01-20  20.9800  19.280    86889.0
2015-01-21  19.0320  19.260   125886.0
2015-01-22  19.3600  19.610    44515.0
2015-01-23  19.5900  19.630    34784.0
2015-01-26  19.6500  19.900    65664.0
2015-01-27  19.8400  19.560    42624.0
2015-01-28  19.6600  19.500    73368.0
2015-01-29  19.2000  20.130   122785.0
2015-01-30  20.0000  18.900    79057.0
2015-02-02  18.8500  18.990   210223.0
2015-02-03  19.0100  18.010  2465861.0
2015-02-04  18.1900  18.450   368404.0
2015-02-05  18.4500  18.670   276052.0
2015-02-06  18.6800  18.820   183935.0
2015-02-09  18.6300  19.750   310730.0
2015-02-10  19.8100  19.850   178555.0
2015-02-11  20.1100  19.720   149512.0
2015-02-12  19.9000  19.740   178770.0
2015-02-13  19.6800  19.750   444828.0
2015-02-17  19.8400  19.190   161727.0
2015-02-18  19.1100  19.390    60245.0
2015-02-19  19.4500  19.570    72380.0
2015-02-20  19.6400  19.490   113177.0
2015-02-23  19.4900  19.970   330510.0
2015-02-24  19.8600  20.500   257853.0
2015-02-25  20.4100  20.910   125419.0
2015-02-26  20.8300  20.990   143009.0
2015-02-27  21.0300  20.490   142914.0
2015-03-02  20.5000  20.640   164016.0
2015-03-03  20.6000  20.150    57632.0
2015-03-04  20.2500  20.010   167293.0
2015-03-05  19.9500  20.010   128946.0
2015-03-06  19.9800  19.330    81691.0
2015-03-09  19.2800  19.270   134959.0
2015-03-10  19.1900  19.560   188478.0
2015-03-11  19.5300  19.950    74768.0
2015-03-12  20.0500  20.610    91937.0
2015-03-13  20.6600  20.270   148586.0
2015-03-16  20.2750  20.250   272540.0
2015-03-17  20.2500  20.610   201608.0
2015-03-18  20.6000  20.720   363045.0
2015-03-19  22.1600  21.950   659732.0
2015-03-20  21.9700  22.390   176359.0
2015-03-23  22.6400  22.430   129503.0
2015-03-24  21.9200  22.970   134355.0
2015-03-25  22.9100  21.780    84266.0
2015-03-26  21.6600  21.420   152643.0
2015-03-27  21.4100  21.340    64498.0
2015-03-30  21.3600  22.450    99444.0
2015-03-31  22.0020  22.050   170811.0
2015-04-01  21.9500  22.650   263794.0
2015-04-02  22.7400  22.480   104204.0
2015-04-06  22.4000  22.680   179420.0
2015-04-07  22.7400  22.830   204361.0
2015-04-08  22.9100  23.190   133571.0
2015-04-09  23.0800  23.180   107651.0
2015-04-10  23.0000  23.120    83578.0
2015-04-13  23.2100  24.110   349617.0
2015-04-14  24.2600  24.130   102524.0
2015-04-15  24.1700  23.680    90983.0
2015-04-16  23.6700  23.550    51920.0
2015-04-17  23.3300  23.110   124724.0
2015-04-20  22.9180  23.550   105856.0
2015-04-21  23.6900  23.430    66907.0
2015-04-22  23.3600  22.960    65074.0
2015-04-23  23.0000  23.580   117163.0
2015-04-24  23.5600  22.870    94537.0
2015-04-27  22.8900  22.000    94744.0
2015-04-28  22.0000  22.050    65780.0
2015-04-29  21.8500  21.560    80085.0
2015-04-30  21.4000  21.010    90322.0
2015-05-01  21.1700  21.270    87212.0
2015-05-04  21.2000  21.080    84104.0
2015-05-05  20.9100  21.220   145714.0
2015-05-06  21.3000  21.280    97804.0
2015-05-07  21.6000  22.010   321859.0
2015-05-08  22.2700  22.580   162366.0
2015-05-11  22.5900  23.840   301791.0
2015-05-12  23.8100  24.330   227301.0
2015-05-13  24.4300  24.220   242519.0
2015-05-14  24.8600  24.920   140576.0
2015-05-15  24.9200  25.350   129352.0
2015-05-18  25.4000  25.770   141222.0
2015-05-19  25.6200  25.420   102328.0
2015-05-20  25.4200  25.020    57535.0
2015-05-21  25.0000  24.940    59710.0
2015-05-22  24.9400  24.850    78968.0
2015-05-26  24.8300  25.230   147390.0
2015-05-27  25.2400  26.070   320971.0
2015-05-28  26.0700  26.190   157940.0
2015-05-29  26.2200  26.140   120068.0
2015-06-01  26.2300  24.930   209823.0
2015-06-02  24.8800  24.940   135425.0
2015-06-03  24.9300  24.940   196149.0
2015-06-04  24.8100  24.670    99056.0
2015-06-05  24.5100  24.740    80689.0
2015-06-08  24.6600  24.550    67647.0
2015-06-09  24.4300  23.930    88066.0
2015-06-10  23.9800  24.290   140744.0
2015-06-11  24.3900  24.530   133290.0
2015-06-12  24.4700  24.700   118830.0
2015-06-15  24.5400  24.860   107584.0
2015-06-16  24.8900  24.200   223570.0
2015-06-17  24.3100  24.240   171209.0
2015-06-18  24.4200  24.980   245937.0
2015-06-19  25.0700  25.100   180910.0
2015-06-22  25.4100  25.300   190761.0
2015-06-23  25.1900  24.640   226271.0
2015-06-24  24.8600  24.080   152984.0
2015-06-25  24.2000  24.580   132774.0
2015-06-26  24.6000  23.830  1137603.0
2015-06-29  23.9200  23.680   162393.0
2015-06-30  23.8300  24.020   120230.0
2015-07-01  24.3900  23.460   137709.0
2015-07-02  23.5000  23.150   134518.0
2015-07-06  23.0200  23.870    92411.0
2015-07-07  24.2600  24.180   140749.0
2015-07-08  22.8700  22.560  1945214.0
2015-07-09  22.9400  22.660   765681.0
2015-07-10  22.9200  23.260   700616.0
2015-07-13  23.5600  23.620   400299.0
2015-07-14  23.7000  24.050   326648.0
2015-07-15  24.1100  24.070   276967.0
2015-07-16  24.2000  24.610   283989.0
2015-07-17  24.6000  24.170   469085.0
2015-07-20  24.1900  24.900   286584.0
2015-07-21  24.8100  24.310   321754.0
2015-07-22  24.2700  24.610   115881.0
2015-07-23  24.5900  23.610   349475.0
2015-07-24  23.5700  23.000   216218.0
2015-07-27  22.9200  22.930   160848.0
2015-07-28  23.6300  22.430   344528.0
2015-07-29  22.4400  22.510   126039.0
2015-07-30  22.2200  22.450   204718.0
2015-07-31  22.5200  22.880   176696.0
2015-08-03  22.6700  22.830   137642.0
2015-08-04  23.2900  22.980   167152.0
2015-08-05  22.8100  23.000   428296.0
2015-08-06  23.0400  22.040   242409.0
2015-08-07  21.9300  21.280   373807.0
2015-08-10  21.2600  20.830   312659.0
2015-08-11  20.6900  20.380   123092.0
2015-08-12  20.2500  20.450   440632.0
2015-08-13  20.5100  20.650   276709.0
2015-08-14  20.5700  21.140   108115.0
2015-08-17  21.1200  21.460   122436.0
2015-08-18  21.5200  22.120   216895.0
2015-08-19  21.8300  21.900   179363.0
2015-08-20  21.6700  21.680   310756.0
2015-08-21  21.2900  22.010   230243.0
2015-08-24  20.9700  21.290   196457.0
2015-08-25  22.1000  21.200   233170.0
2015-08-26  21.6200  21.310   182072.0
2015-08-27  21.4300  21.500   114516.0
2015-08-28  21.3800  21.650   156586.0
2015-08-31  21.5500  21.230    87397.0
2015-09-01  20.8800  20.540   141235.0
2015-09-02  20.7800  21.100   131964.0
2015-09-03  21.2600  20.780    69496.0
2015-09-04  20.6100  20.620    51551.0
2015-09-08  20.9800  20.850   138423.0
2015-09-09  21.0000  20.770   157141.0
2015-09-10  20.7100  20.520   125524.0
2015-09-11  20.4100  21.080    66031.0
2015-09-14  21.1500  20.800   134033.0
2015-09-15  20.8100  21.580   155963.0
2015-09-16  21.5000  21.350    75178.0
2015-09-17  21.4500  22.210   288741.0
2015-09-18  21.8800  22.870   368785.0
2015-09-21  23.0000  21.990   201199.0
2015-09-22  22.0700  21.120   128776.0
2015-09-23  21.2300  20.850   157508.0
2015-09-24  20.7500  20.410   132467.0
2015-09-25  20.6400  18.710   219522.0
2015-09-28  18.6100  16.570   186457.0
2015-09-29  16.5600  16.750   155765.0
2015-09-30  16.9800  18.600   408603.0
2015-10-01  18.7300  18.350   150340.0
2015-10-02  18.1900  19.550   146755.0
2015-10-05  19.7000  19.800   190568.0
2015-10-06  19.7900  20.080   146490.0
2015-10-07  20.3000  19.830   251300.0
2015-10-08  19.7200  19.090   193227.0
2015-10-09  18.9700  19.010   597003.0
2015-10-12  19.1000  19.160   329562.0
2015-10-13  19.0300  18.320   204135.0
2015-10-14  18.4000  18.550   257730.0
2015-10-15  18.5600  18.910   220835.0
2015-10-16  18.9500  18.830   238164.0
2015-10-19  18.7800  18.200   297584.0
2015-10-20  18.3000  17.430   270495.0
2015-10-21  17.5600  18.130   140097.0
2015-10-22  18.1600  17.510   140321.0
2015-10-23  17.7500  17.830   158988.0
2015-10-26  18.0600  17.550    91234.0
2015-10-27  17.5200  17.730   526594.0
2015-10-28  17.6800  18.650   159801.0
2015-10-29  18.5600  17.980   136660.0
2015-10-30  17.9800  18.250   155954.0
2015-11-02  18.3000  19.280   132897.0
2015-11-03  19.1500  18.280   290784.0
2015-11-04  18.5400  19.910   412289.0
2015-11-05  19.8400  19.400   268425.0
2015-11-06  19.3100  20.080   160987.0
2015-11-09  19.9500  19.950   161949.0
2015-11-10  19.8800  20.110   180811.0
2015-11-11  20.2200  20.100   118914.0
2015-11-12  19.9000  18.940   140919.0
2015-11-13  18.8000  19.480   167699.0
2015-11-16  19.4700  19.390   113922.0
2015-11-17  19.3600  19.610   135545.0
2015-11-18  19.6800  19.890   164246.0
2015-11-19  19.8900  19.580   101523.0
2015-11-20  19.7200  19.800   107310.0
2015-11-23  19.7000  20.030   127922.0
2015-11-24  19.8700  19.890    67299.0
2015-11-25  19.9500  20.480   189505.0
2015-11-27  20.4700  20.360    42849.0
2015-11-30  20.4300  20.210   163701.0
2015-12-01  20.2900  20.240    70392.0
2015-12-02  20.1800  20.620   101681.0
2015-12-03  20.6200  20.430   127292.0
2015-12-04  20.3700  21.150   147618.0
2015-12-07  21.0700  20.710    94753.0
2015-12-08  20.5800  20.720    86774.0
2015-12-09  20.7000  20.200    89400.0
2015-12-10  20.1300  20.320   118368.0
2015-12-11  19.9200  19.360    91892.0
2015-12-14  19.3500  18.650   111944.0
2015-12-15  18.7600  19.280   150534.0
2015-12-16  20.0600  20.290   151227.0
2015-12-17  20.3200  19.460   141578.0
2015-12-18  19.3500  19.350   154404.0
2015-12-21  20.2500  19.820    82624.0
2015-12-22  19.8200  19.540    85580.0
2015-12-23  19.7400  20.100   103051.0
2015-12-24  19.7000  19.940    35092.0
2015-12-28  19.7900  19.780   153477.0
2015-12-29  19.3900  20.090   128047.0
2015-12-30  20.0300  20.050    64705.0
2015-12-31  19.8700  19.740    92920.0
2016-01-04  19.3500  19.530   151315.0
2016-01-05  19.0050  19.560   131479.0
2016-01-06  19.2200  19.150   123353.0
2016-01-07  18.7500  18.750   148989.0
2016-01-08  18.7600  18.310   178421.0
2016-01-11  17.0000  14.770   597255.0
2016-01-12  14.3300  15.780   554616.0
2016-01-13  15.7800  14.570   292875.0
2016-01-14  14.7400  14.720   297081.0
2016-01-15  14.2900  14.470   245349.0
2016-01-19  14.7000  14.530   142218.0
2016-01-20  14.3400  13.960   247446.0
2016-01-21  13.9400  13.740   280206.0
2016-01-22  14.1000  14.150   355471.0
2016-01-25  14.0600  14.430   175704.0
2016-01-26  14.4600  14.080    84081.0
2016-01-27  14.0800  13.900   117589.0
2016-01-28  14.0300  13.230   144373.0
2016-01-29  13.2300  14.210   226496.0
2016-02-01  14.1300  13.760   130549.0
2016-02-02  13.5700  12.990   141208.0
2016-02-03  13.0200  12.830   197757.0
2016-02-04  12.9000  12.980   197029.0
2016-02-05  12.8900  12.590   122480.0
2016-02-08  12.5000  12.140   202408.0
2016-02-09  11.9400  11.960    94406.0
2016-02-10  12.0800  11.900   247056.0
2016-02-11  11.7200  11.720   161890.0
2016-02-12  11.8600  11.880   141431.0
2016-02-16  12.3600  12.270   135803.0
2016-02-17  12.3400  13.080   292459.0
2016-02-18  13.3900  13.010   204742.0
2016-02-19  12.9300  13.210   207458.0
2016-02-22  13.3100  12.800   156683.0
2016-02-23  12.7900  12.410   127562.0
2016-02-24  12.3000  12.510   186175.0
2016-02-25  12.5000  12.220   133982.0
2016-02-26  12.2600  12.740   106162.0
2016-02-29  12.6800  11.840   228187.0
2016-03-01  11.9200  12.300   163040.0
2016-03-02  12.2300  12.240   152376.0
2016-03-03  12.1900  12.760   220914.0
2016-03-04  12.1100  12.490  1409316.0
2016-03-07  12.5100  13.300   439443.0
2016-03-08  13.2700  12.950   342103.0
2016-03-09  12.9900  13.060   235701.0
2016-03-10  13.1000  13.450   259341.0
2016-03-11  13.5500  14.070   196267.0
2016-03-14  14.0700  14.730   334290.0
2016-03-15  14.7100  13.580   324188.0
2016-03-16  13.5300  12.980   240427.0
2016-03-17  12.9300  12.540   353401.0
2016-03-18  12.6400  12.820   425067.0
2016-03-21  12.8300  13.330   138222.0
2016-03-22  13.2000  13.460   119784.0
2016-03-23  13.3700  13.060   201417.0
2016-03-24  12.9700  12.850   130065.0
2016-03-28  12.9800  12.790   108412.0
2016-03-29  12.7200  13.060   368695.0
2016-03-30  13.5000  14.960   485785.0
2016-03-31  14.9000  14.830   260045.0
2016-04-01  14.8900  15.600   189001.0
2016-04-04  15.6100  15.700   199664.0
2016-04-05  15.5200  15.570   222412.0
2016-04-06  15.6400  16.130   308786.0
2016-04-07  15.9300  15.940   204058.0
2016-04-08  16.4200  15.770   130050.0
2016-04-11  15.8700  15.230   161494.0
2016-04-12  15.2400  15.190   102405.0
2016-04-13  15.3800  15.700   121645.0
2016-04-14  15.7500  15.670    85856.0
2016-04-15  15.6900  15.870   100921.0
2016-04-18  15.8900  16.310   110487.0
2016-04-19  16.2600  16.140   141312.0
2016-04-20  16.2200  16.260   122665.0
2016-04-21  16.2500  16.240   113109.0
2016-04-22  16.2900  16.240   107079.0
2016-04-25  16.3500  16.210   110523.0
2016-04-26  16.2800  16.590   226524.0
2016-04-27  16.6800  16.750   241988.0
2016-04-28  16.7600  16.450   362817.0
2016-04-29  16.4300  16.260   202362.0
2016-05-02  16.4100  15.870   328560.0
2016-05-03  12.5000  11.420  4160761.0
2016-05-04  11.2600  10.540   906125.0
2016-05-05  10.5500  11.180   655798.0
2016-05-06  11.4500  11.530   624088.0
2016-05-09  11.6500  11.310   397838.0
2016-05-10  11.3300  10.805   458221.0
2016-05-11  10.7300  10.660   310730.0
2016-05-12  10.7400  10.510   342762.0
2016-05-13  10.4800  10.300   298333.0
2016-05-16  10.2800  10.460   516343.0
2016-05-17  10.4400  10.730   514388.0
2016-05-18  10.6700  10.690   363091.0
2016-05-19  10.7400  10.360   199971.0
2016-05-20  10.4600  10.690   221438.0
2016-05-23  11.2900  11.620   523499.0
2016-05-24  11.6700  11.680   272747.0
2016-05-25  11.7700  12.200   395221.0
2016-05-26  12.1400  12.230   333075.0
2016-05-27  12.1800  12.520   284924.0
2016-05-31  12.7300  12.500   234358.0
2016-06-01  12.4900  13.290   599781.0
2016-06-02  13.2600  13.770   312339.0
2016-06-03  13.8000  13.810   301190.0
2016-06-06  13.8000  14.200   561388.0
2016-06-07  14.6900  14.840   831062.0
2016-06-08  14.9800  15.610   387143.0
2016-06-09  15.4800  15.650   795984.0
2016-06-10  15.5700  14.820   602763.0
2016-06-13  14.7200  14.740   356137.0
2016-06-14  14.7000  14.380   327484.0
2016-06-15  14.4600  14.480   312211.0
2016-06-16  14.3400  14.780   258812.0
2016-06-17  14.7000  14.890   516313.0
2016-06-20  15.0300  15.260   226342.0
2016-06-21  15.2400  15.850   719845.0
2016-06-22  15.8500  15.070   494162.0
2016-06-23  15.3300  15.660   388227.0
2016-06-24  15.0000  15.050  1460015.0
2016-06-27  14.9400  14.740   451418.0
2016-06-28  14.9600  14.920   286814.0
2016-06-29  15.1300  15.660   229225.0
2016-06-30  15.7900  15.520   331883.0
2016-07-01  15.4500  15.860   147275.0
2016-07-05  15.6900  15.780   179159.0
2016-07-06  15.7300  16.190   643067.0
2016-07-07  16.2500  16.420   424922.0
2016-07-08  16.5200  16.770   400012.0
2016-07-11  16.9600  17.070   513332.0
2016-07-12  17.1900  16.890   425317.0
2016-07-13  17.0500  17.060   348274.0
2016-07-14  17.2000  16.990   522778.0
2016-07-15  17.1400  17.160   232495.0
2016-07-18  17.2100  17.170   167065.0
2016-07-19  17.4000  17.250   401518.0
2016-07-20  17.0700  17.490   214923.0
2016-07-21  17.5600  17.220   138371.0
2016-07-22  17.1400  17.210   245743.0
2016-07-25  17.1800  17.020   343330.0
2016-07-26  17.0500  17.220   188462.0
2016-07-27  17.1300  16.780   408798.0
2016-07-28  16.8400  16.810   418785.0
2016-07-29  16.7300  16.760   391461.0
2016-08-01  16.7700  16.620   160051.0
2016-08-02  16.6600  16.400   187518.0
2016-08-03  16.3200  16.990   481743.0
2016-08-04  16.8200  17.340   521533.0
2016-08-05  17.3600  16.810   272524.0
2016-08-08  16.8700  16.750   508227.0
2016-08-09  16.8400  17.030   316245.0
2016-08-10  17.1700  16.500   150845.0
2016-08-11  16.4900  16.540   148184.0
2016-08-12  16.4400  16.610   130721.0
2016-08-15  16.7100  16.870   192625.0
2016-08-16  16.7400  16.770   230902.0
2016-08-17  16.7300  17.050   222125.0
2016-08-18  17.0100  16.970    93914.0
2016-08-19  16.9500  16.690   293931.0
2016-08-22  16.6500  16.770   156098.0
2016-08-23  16.8600  16.400   375627.0
2016-08-24  16.3400  15.700   786681.0
2016-08-25  15.7700  15.700   398793.0
2016-08-26  15.6700  15.960   299693.0
2016-08-29  16.0000  16.180   262282.0
2016-08-30  16.2400  16.090   116058.0
2016-08-31  16.1400  15.920   139474.0
2016-09-01  16.0500  16.040   140349.0
2016-09-02  16.1900  16.000   130237.0
2016-09-06  15.9300  16.500   205488.0
2016-09-07  16.4800  16.590   126134.0
2016-09-08  16.6200  17.120   249005.0
2016-09-09  16.9100  16.430   281660.0
2016-09-12  16.3800  16.790   140735.0
2016-09-13  16.5700  16.520   200991.0
2016-09-14  16.4300  16.420   266403.0
2016-09-15  16.4800  17.170   266085.0
2016-09-16  17.2900  17.290   458850.0
2016-09-19  17.3500  17.020   163437.0
2016-09-20  17.1600  17.110   224448.0
2016-09-21  17.2800  17.010   447127.0
2016-09-22  17.0500  17.520   388806.0
2016-09-23  17.5500  17.280   127068.0
2016-09-26  17.3600  17.020   145252.0
2016-09-27  17.0300  17.810   534003.0
2016-09-28  17.9100  17.700   328506.0
2016-09-29  17.7400  17.300   233607.0
2016-09-30  17.3400  17.780   129857.0
2016-10-03  17.8100  18.020   119651.0
2016-10-04  18.1000  18.000   190331.0
2016-10-05  18.1300  18.570   281801.0
2016-10-06  18.5600  18.150   163168.0
2016-10-07  18.2000  18.400   150070.0
2016-10-10  18.5000  19.130   626724.0
2016-10-11  19.0100  18.570   462829.0
2016-10-12  18.6500  18.280   179996.0
2016-10-13  18.0500  18.200   151381.0
2016-10-14  18.2900  18.290   152987.0
2016-10-17  18.2500  18.340   296213.0
2016-10-18  18.5500  18.480   154118.0
2016-10-19  18.5500  18.500   220635.0
2016-10-20  18.4500  18.810   174485.0
2016-10-21  18.6100  18.990   183305.0
2016-10-24  19.1300  18.920   179404.0
2016-10-25  18.9200  18.740   156779.0
2016-10-26  18.4200  17.600   518581.0
2016-10-27  17.7900  16.390   561522.0
2016-10-28  16.3900  16.960   441066.0
2016-10-31  16.9200  17.070   373812.0
2016-11-01  17.2000  17.480   304237.0
2016-11-02  17.3200  16.820   801000.0
2016-11-03  17.5200  17.880  1078969.0
2016-11-04  17.9600  18.010   421291.0
2016-11-07  18.4000  19.030   670890.0
2016-11-08  18.8100  19.370   264611.0
2016-11-09  19.3100  19.150   400442.0
2016-11-10  19.4600  19.510   313532.0
2016-11-11  18.0500  18.520  1918573.0
2016-11-14  18.7100  18.290   629869.0
2016-11-15  18.3400  18.410   563341.0
2016-11-16  18.3200  18.190   289612.0
2016-11-17  18.3300  18.610   428205.0
2016-11-18  18.7000  18.880   418864.0
2016-11-21  19.0400  18.840   469146.0
2016-11-22  18.8600  19.030   390922.0
2016-11-23  18.8200  19.490   399263.0
2016-11-25  19.4600  19.050   436508.0
2016-11-28  19.0500  19.150   372450.0
2016-11-29  19.2200  18.690   291177.0
2016-11-30  18.8500  18.800   351838.0
2016-12-01  18.9800  19.030   389593.0
2016-12-02  19.1100  19.680   414530.0
2016-12-05  19.9400  20.270   606330.0
2016-12-06  20.4600  20.660   393839.0
2016-12-07  20.6600  20.790   293456.0
2016-12-08  20.7300  20.600   274408.0
2016-12-09  20.7700  20.660   288929.0
2016-12-12  20.8100  20.130   216318.0
2016-12-13  20.1900  20.010   274010.0
2016-12-14  20.0200  19.810   169091.0
2016-12-15  19.8000  20.020   273848.0
2016-12-16  20.1100  19.890   468943.0
2016-12-19  19.9100  19.880   183571.0
2016-12-20  19.9400  20.120   129165.0
2016-12-21  20.1600  19.820    84419.0
2016-12-22  19.7900  19.970   212793.0
2016-12-23  19.9300  20.610   226461.0
2016-12-27  20.7900  20.680   165301.0
2016-12-28  20.8200  20.400   111514.0
2016-12-29  20.5000  20.320    89217.0
2016-12-30  20.3000  20.040   173645.0
2017-01-03  20.2700  20.340   258292.0
2017-01-04  20.4000  20.510   264036.0
2017-01-05  20.4600  20.510   230435.0
2017-01-06  20.6600  20.720   216347.0
2017-01-09  20.6700  21.200   252186.0
2017-01-10  22.0000  22.540  1025260.0
2017-01-11  22.5000  21.940   283568.0
2017-01-12  21.8900  22.160   273814.0
2017-01-13  22.2300  22.290   256889.0
2017-01-17  22.2000  21.770   282500.0
2017-01-18  21.7800  21.610   284657.0
2017-01-19  21.6200  21.440   230727.0
2017-01-20  21.4400  21.690   233528.0
2017-01-23  21.6300  21.490   234136.0
2017-01-24  21.5200  21.760   238320.0
2017-01-25  21.9200  21.590   213795.0
2017-01-26  21.6200  21.280   221679.0
2017-01-27  20.2500  20.510  1739495.0
2017-01-30  20.5100  20.010   464739.0
2017-01-31  20.0000  20.320   480440.0
2017-02-01  20.2400  20.660   345496.0
2017-02-02  20.6000  20.700   224886.0
2017-02-03  20.8100  20.900   176879.0
2017-02-06  20.8200  20.530   248369.0
2017-02-07  20.6200  20.660   161172.0
2017-02-08  20.6300  20.530   173538.0
2017-02-09  20.4900  20.480   201734.0
2017-02-10  20.4200  20.210   426179.0
2017-02-13  20.3700  20.260   324735.0
2017-02-14  20.2400  20.690   225962.0
2017-02-15  20.4700  20.610   209789.0
2017-02-16  20.5700  20.460   178032.0
2017-02-17  20.4600  20.450   144827.0
2017-02-21  20.6500  20.560   136404.0
2017-02-22  20.5300  20.630   136506.0
2017-02-23  20.7500  20.450   123036.0
2017-02-24  20.2900  20.750   139884.0
2017-02-27  20.5400  20.550   169720.0
2017-02-28  20.3200  20.050   228320.0
2017-03-01  20.2000  20.170   288879.0
2017-03-02  20.0700  20.545   343587.0
2017-03-03  20.5500  21.540   454482.0
2017-03-06  21.5000  21.300   493051.0
2017-03-07  20.6000  20.040   979134.0
2017-03-08  20.0000  19.750  1460502.0
2017-03-09  19.9400  20.000   631855.0
2017-03-10  20.0400  19.800   348294.0
2017-03-13  19.8800  19.775   441533.0
2017-03-14  19.5500  19.810   435734.0
2017-03-15  19.9200  19.850   350824.0
2017-03-16  19.8400  19.430   369273.0
2017-03-17  19.2100  19.370   838396.0
2017-03-20  19.4400  19.340   313864.0
2017-03-21  19.4000  18.710   267106.0
2017-03-22  18.6400  19.100   438368.0
2017-03-23  19.0300  18.760   445990.0
2017-03-24  18.9500  19.300   456974.0
2017-03-27  19.1000  19.530   405302.0
2017-03-28  19.4900  19.930   515538.0
2017-03-29  19.8800  20.010   696476.0
2017-03-30  19.9700  20.475   714966.0
2017-03-31  20.3900  20.510   591012.0
2017-04-03  20.5400  20.750   600460.0
2017-04-04  20.7200  20.370   240045.0
2017-04-05  20.5200  19.890   418952.0
2017-04-06  19.9100  20.160   466556.0
2017-04-07  20.4700  21.100   695851.0
2017-04-10  21.1000  21.110   329004.0
2017-04-11  21.0600  21.280   354206.0
2017-04-12  21.2900  20.770   405347.0
2017-04-13  20.7000  20.640   234530.0
2017-04-17  20.7000  20.890   184016.0
2017-04-18  20.8000  20.800   174180.0
2017-04-19  20.9000  20.990   186767.0
2017-04-20  21.0700  21.340   235337.0
2017-04-21  21.3300  21.210   162971.0
2017-04-24  21.5700  21.470   262840.0
2017-04-25  21.5600  22.050   512154.0
2017-04-26  21.9600  22.040   271536.0
2017-04-27  22.1000  22.130   155065.0
2017-04-28  22.1800  22.150   244742.0
2017-05-01  22.2200  22.070   362613.0
2017-05-02  22.0800  22.390   436490.0
2017-05-03  22.6500  21.860   530893.0
2017-05-04  21.8600  21.750   444928.0
2017-05-05  21.7300  21.940   297034.0
2017-05-08  21.9700  21.660   229971.0
2017-05-09  21.6400  21.450   261694.0
2017-05-10  21.4500  21.730   231740.0
2017-05-11  21.6100  21.630   242984.0
2017-05-12  21.6300  21.720   150443.0
2017-05-15  21.9500  22.250   272633.0
2017-05-16  22.3900  22.330   388299.0
2017-05-17  22.0900  22.080   405661.0
2017-05-18  22.1400  22.100   207897.0
2017-05-19  22.1300  22.070   428147.0
2017-05-22  22.2000  22.350   323259.0
2017-05-23  22.4200  22.140   307660.0
2017-05-24  22.2100  22.170   207966.0
2017-05-25  22.2600  22.840   572603.0
2017-05-26  22.8200  22.600   262864.0
2017-05-30  22.5200  22.840   412121.0
2017-05-31  22.9300  22.750   298050.0
2017-06-01  22.7900  23.110   357721.0
2017-06-02  23.1600  23.280   336202.0
2017-06-05  23.2400  22.830   172444.0
2017-06-06  22.8100  22.810   592897.0
2017-06-07  22.7500  22.940   412608.0
2017-06-08  22.9700  23.020   347850.0
2017-06-09  22.9200  22.930   452789.0
2017-06-12  22.8000  22.720   292230.0
2017-06-13  22.7700  23.135   376922.0
2017-06-14  23.1200  23.110   276801.0
2017-06-15  22.8500  22.860   303992.0
2017-06-16  22.7500  22.700   753673.0
2017-06-19  22.7700  23.420   271721.0
2017-06-20  23.4600  23.280   178155.0
2017-06-21  23.2800  23.350   148706.0
2017-06-22  23.2700  23.510   205014.0
2017-06-23  23.5500  23.920  1553808.0
2017-06-26  23.9500  23.880   409426.0
2017-06-27  23.8000  23.330   248435.0
2017-06-28  23.7000  24.480   573993.0
2017-06-29  24.6000  23.970   336464.0
2017-06-30  24.0500  24.360   267471.0
2017-07-03  24.5000  23.890   133238.0
2017-07-05  23.8800  23.730   396225.0
2017-07-06  23.6400  22.950   231210.0
2017-07-07  23.0100  23.290   223595.0
2017-07-10  23.2500  23.310   453561.0
2017-07-11  23.4200  24.230   702105.0
2017-07-12  24.4400  24.510   223634.0
2017-07-13  24.5900  24.420   267306.0
2017-07-14  24.4400  24.710   187321.0
2017-07-17  24.8000  24.780   289934.0
2017-07-18  24.5300  24.740   246938.0
2017-07-19  24.8200  24.760   311720.0
2017-07-20  24.8300  25.000   285227.0
2017-07-21  25.1400  25.010   363168.0
2017-07-24  25.0300  25.500   392159.0
2017-07-25  25.6000  25.710   431989.0
2017-07-26  25.6000  25.370   309475.0
2017-07-27  25.4300  24.650   348740.0
2017-07-28  23.6300  23.880  1094340.0
2017-07-31  23.9500  24.330   511550.0
2017-08-01  24.4300  24.280   354172.0
2017-08-02  22.4500  21.940  1537331.0
2017-08-03  21.4400  21.630   344114.0
2017-08-04  21.6700  22.970   440899.0
2017-08-07  22.8900  23.160   286192.0
2017-08-08  23.1000  23.300   254195.0
2017-08-09  23.1900  23.290   275318.0
2017-08-10  23.2000  23.310   307658.0
2017-08-11  23.4100  23.770   254642.0
2017-08-14  23.9300  23.980   157516.0
2017-08-15  23.9000  24.050   269084.0
2017-08-16  24.1700  24.045   376898.0
2017-08-17  24.0300  23.760   283620.0
2017-08-18  23.5600  23.450   179070.0
2017-08-21  23.4000  23.355   171560.0
2017-08-22  23.4500  23.570   187274.0
2017-08-23  23.3900  23.210   276567.0
2017-08-24  23.3000  23.060   287283.0
2017-08-25  23.1200  23.050   401575.0
2017-08-28  23.0900  23.205   236203.0
2017-08-29  23.1100  23.140   203895.0
2017-08-30  23.0800  23.110   220615.0
2017-08-31  23.1100  23.380   221819.0
2017-09-01  23.3900  23.480   268702.0
2017-09-05  23.4200  23.490   222836.0
2017-09-06  23.5100  22.870   539978.0
2017-09-07  22.8600  21.920   842334.0
2017-09-08  21.9300  22.300   546337.0
2017-09-11  22.4000  22.990   354269.0
2017-09-12  22.9100  23.260   331483.0
2017-09-13  23.2900  22.710   495520.0
2017-09-14  22.6600  22.220   246580.0
2017-09-15  22.2300  20.660  1303516.0
2017-09-18  20.8700  20.840   470157.0
2017-09-19  20.8700  20.620   375032.0
2017-09-20  20.6500  20.900   327975.0
2017-09-21  20.8200  20.800   299450.0
2017-09-22  20.7600  20.850   393124.0
2017-09-25  20.8500  20.960   264725.0
2017-09-26  20.9700  20.900   285500.0
2017-09-27  21.0200  21.590   770877.0
2017-09-28  21.5100  20.670   263316.0
2017-09-29  20.8000  21.210   657531.0
2017-10-02  21.3700  22.250   789392.0
2017-10-03  22.2300  22.250   648213.0
2017-10-04  22.1700  22.660   396262.0
2017-10-05  22.6100  22.310   400793.0
2017-10-06  22.6300  21.780   487307.0
2017-10-09  17.8200  17.770  5077590.0
2017-10-10  17.5900  18.010  1709141.0
2017-10-11  18.0000  18.760  1067175.0
2017-10-12  18.8500  19.020   776757.0
2017-10-13  19.0300  19.020   533710.0
2017-10-16  19.0300  19.420   435728.0
2017-10-17  19.4600  19.470   513621.0
2017-10-18  19.6200  19.990   495886.0
2017-10-19  19.8900  19.750   447753.0
2017-10-20  19.9700  19.980   277743.0
2017-10-23  20.0100  20.000   255857.0
2017-10-24  20.0000  19.850   164651.0
2017-10-25  19.8100  19.760   271844.0
2017-10-26  19.4000  19.820   233583.0
2017-10-27  19.6500  19.610   476128.0
2017-10-30  19.5000  19.370   383464.0
2017-10-31  19.4000  19.690   399193.0
2017-11-01  19.8400  19.090   636711.0
2017-11-02  19.2900  18.690   749326.0
2017-11-03  18.5600  18.930   357739.0
2017-11-06  18.9000  19.200   219215.0
2017-11-07  19.2700  18.700   497974.0
2017-11-09  18.4800  18.870   161881.0
2017-11-10  18.7500  18.580   137550.0
2017-11-13  18.4400  18.590   188931.0
2017-11-14  18.5300  18.350   208169.0
2017-11-15  18.2900  18.420   292090.0
2017-11-16  18.5200  19.040   256490.0
2017-11-17  18.9300  18.990   266452.0
2017-11-20  18.9400  18.950   363114.0
2017-11-21  19.1200  19.290   169082.0
2017-11-22  19.2600  19.460   158379.0
2017-11-24  19.5600  19.370   121306.0
2017-11-27  19.3500  19.400   203250.0
2017-11-28  19.4300  19.590   255028.0
2017-11-29  19.6000  19.440   420324.0
2017-11-30  19.5000  19.660   200794.0
2017-12-01  19.6300  18.930   332850.0
2017-12-04  17.7500  17.990   640689.0
2017-12-05  17.9900  17.820   429405.0
2017-12-06  17.8800  17.310   413001.0
2017-12-07  17.1200  17.080   324790.0
2017-12-08  16.4400  17.190   589517.0
2017-12-11  17.2000  17.480   340259.0
2017-12-12  17.4900  17.360   264881.0
2017-12-13  17.3700  17.430   175034.0
2017-12-14  17.4200  17.380   178803.0
2017-12-15  17.4700  18.000   673995.0
2017-12-18  18.0100  18.050   243957.0
2017-12-19  18.0600  17.990   505183.0
2017-12-20  17.9600  18.300   253541.0
2017-12-21  18.3000  18.030   375989.0
2017-12-22  17.9500  18.190   355229.0
2017-12-26  18.1900  18.020   184135.0
2017-12-27  18.0800  18.060   141808.0
2017-12-28  18.2700  18.140   233674.0
2017-12-29  18.1800  18.000   517648.0
2018-01-02  18.0300  18.330   307483.0
2018-01-03  18.2800  18.190   273004.0
2018-01-04  18.2300  18.300   582517.0
2018-01-05  18.4300  19.190   424377.0
2018-01-08  19.5000  20.700   663357.0
2018-01-09  20.9800  20.200   546325.0
2018-01-10  20.0200  20.240   303675.0
2018-01-11  20.2500  20.570   278305.0
2018-01-12  20.5900  20.250   322755.0
2018-01-16  20.3400  20.360   355291.0
2018-01-17  20.3600  20.690   350949.0
2018-01-18  20.6300  20.450   242933.0
2018-01-19  20.4400  20.850   265396.0
2018-01-22  20.8100  21.090   290201.0
2018-01-23  21.0000  21.240   313236.0
2018-01-24  21.4000  20.940   200034.0
2018-01-25  21.1300  20.940   169826.0
2018-01-26  20.9800  21.440   175466.0
2018-01-29  21.4300  21.570   214697.0
2018-01-30  21.3200  21.480   165002.0
2018-01-31  21.5100  21.070   140683.0
2018-02-01  20.9600  20.720   334886.0
2018-02-02  20.6600  20.610   364638.0
2018-02-05  20.3700  19.530   292015.0
2018-02-06  19.0300  19.650   298601.0
2018-02-07  19.5400  19.260   239883.0
2018-02-08  19.2700  18.440   642102.0
2018-02-09  18.6700  18.530   242981.0
2018-02-12  18.6000  18.510   262534.0
2018-02-13  18.3400  18.540   224326.0
2018-02-14  18.3600  18.820   139471.0
2018-02-15  18.9100  19.200   121344.0
2018-02-16  19.1500  19.330   138696.0
2018-02-20  19.2400  19.100   129539.0
2018-02-21  19.1000  19.090   121452.0
2018-02-22  19.1600  19.650   178506.0
2018-02-23  19.8000  19.950   255169.0
2018-02-26  20.0000  20.570   165212.0
2018-02-27  20.6500  20.460   362736.0
2018-02-28  20.6000  20.710   273392.0
2018-03-01  19.2500  18.800  1217353.0
2018-03-02  18.5900  19.340   461956.0
2018-03-05  19.3100  19.340   326608.0
2018-03-06  19.4900  19.720   293039.0
2018-03-07  19.6400  20.180   306331.0
2018-03-08  20.2100  20.110   184917.0
2018-03-09  20.1100  19.690   446008.0
2018-03-12  19.7400  19.600   279201.0
2018-03-13  19.7200  19.360   168007.0
2018-03-14  19.4500  19.790   195535.0
2018-03-15  19.8100  20.220   303868.0
2018-03-16  20.2100  20.920   377247.0
2018-03-19  20.8200  20.270   375058.0
2018-03-20  20.2600  19.870   169170.0
2018-03-21  19.8300  19.780   169080.0
2018-03-22  19.6700  19.120   176612.0
2018-03-23  19.1200  18.420   246385.0
2018-03-26  18.7600  18.820   160747.0
2018-03-27  18.8800  18.610   144732.0