date    open    close     volume
                                     
2014-10-06   72.43   71.630   340684.0
2014-10-07   71.19   70.690   312728.0
2014-10-08   70.63   70.870   304828.0
2014-10-09   69.52   69.860   261852.0
2014-10-10   69.93   69.070   447257.0
2014-10-13   69.27   68.110   450511.0
2014-10-14   68.78   69.880   388592.0
2014-10-15   68.99   70.210   453026.0
2014-10-16   69.37   70.710   617443.0
2014-10-17   71.66   71.710   286548.0
2014-10-20   71.36   72.280   359643.0
2014-10-21   72.70   74.430   358711.0
2014-10-22   75.05   73.450   531463.0
2014-10-23   74.50   72.600   688591.0
2014-10-24   72.99   73.400   362128.0
2014-10-27   73.22   74.000   437630.0
2014-10-28   74.62   74.500   299638.0
2014-10-29   74.75   74.200   421853.0
2014-10-30   74.10   73.760   346825.0
2014-10-31   74.57   74.010   419473.0
2014-11-03   74.27   75.000   457981.0
2014-11-04   75.14   75.630   400205.0
2014-11-05   75.94   76.290   357752.0
2014-11-06   76.20   76.530   381661.0
2014-11-07   76.71   76.730   402082.0
2014-11-10   76.59   77.320   380677.0
2014-11-11   77.17   76.740   285119.0
2014-11-12   76.49   77.070   272007.0
2014-11-13   77.02   76.510   294201.0
2014-11-14   76.56   76.285   419316.0
2014-11-17   75.96   75.450   330881.0
2014-11-18   75.22   75.150   304492.0
2014-11-19   75.01   75.280   287603.0
2014-11-20   75.08   76.530   292519.0
2014-11-21   77.23   77.560   422187.0
2014-11-24   77.55   78.880   315409.0
2014-11-25   79.18   78.940   352610.0
2014-11-26   78.85   78.910   144256.0
2014-11-28   79.30   80.380   304063.0
2014-12-01   79.79   77.740   582754.0
2014-12-02   77.97   77.530   607717.0
2014-12-03   77.53   77.200   374909.0
2014-12-04   77.00   77.810   552861.0
2014-12-05   78.00   76.950   378249.0
2014-12-08   76.65   75.770   452907.0
2014-12-09   74.86   75.300   480777.0
2014-12-10   75.20   74.080   416562.0
2014-12-11   74.38   73.980   446798.0
2014-12-12   73.65   73.530   528555.0
2014-12-15   73.67   73.780   432439.0
2014-12-16   73.54   72.530   498967.0
2014-12-17   72.44   71.360  1013823.0
2014-12-18   72.61   72.810   732545.0
2014-12-19   72.93   73.170   821236.0
2014-12-22   73.40   73.780   268150.0
2014-12-23   74.18   73.870   316480.0
2014-12-24   74.17   74.530   211500.0
2014-12-26   74.88   74.400   111900.0
2014-12-29   74.30   74.070   204638.0
2014-12-30   73.90   73.440   236002.0
2014-12-31   73.37   72.530   374850.0
2015-01-02   73.01   72.080   370480.0
2015-01-05   72.04   69.490   735416.0
2015-01-06   69.55   68.810   955005.0
2015-01-07   69.39   68.470   621022.0
2015-01-08   68.00   69.190   685279.0
2015-01-09   69.44   68.230   481526.0
2015-01-12   68.14   67.170   373305.0
2015-01-13   66.29   66.460  1029284.0
2015-01-14   65.48   66.100   659516.0
2015-01-15   66.13   64.900   430093.0
2015-01-16   64.52   64.970   307680.0
2015-01-20   64.26   63.780   663880.0
2015-01-21   63.84   64.210   586655.0
2015-01-22   64.47   66.080   467243.0
2015-01-23   66.10   66.230   370049.0
2015-01-26   66.05   65.980   242191.0
2015-01-27   65.27   65.280   491530.0
2015-01-28   66.03   64.550   489940.0
2015-01-29   64.88   64.180  1032205.0
2015-01-30   64.00   64.080   766204.0
2015-02-02   64.50   65.600   588283.0
2015-02-03   65.80   66.730   431012.0
2015-02-04   66.31   66.750   581508.0
2015-02-05   67.05   68.190   696558.0
2015-02-06   68.14   67.520   567258.0
2015-02-09   67.33   67.890   509277.0
2015-02-10   68.02   67.710   436971.0
2015-02-11   67.47   68.600   396872.0
2015-02-12   68.67   68.670   373270.0
2015-02-13   68.53   68.620   249213.0
2015-02-17   68.36   68.430   391782.0
2015-02-18   68.29   68.510   328168.0
2015-02-19   68.39   69.170   475193.0
2015-02-20   68.92   70.440   440727.0
2015-02-23   70.71   71.500   658708.0
2015-02-24   69.31   69.890   812717.0
2015-02-25   69.86   70.500   497282.0
2015-02-26   70.63   70.450   324497.0
2015-02-27   70.60   70.220   711960.0
2015-03-02   70.09   71.300   450097.0
2015-03-03   70.98   70.330   548725.0
2015-03-04   69.96   69.380   576312.0
2015-03-05   69.59   68.570   316356.0
2015-03-06   68.50   68.420   402706.0
2015-03-09   68.00   68.490   572297.0
2015-03-10   67.80   67.980   702116.0
2015-03-11   68.00   68.790   591487.0
2015-03-12   68.85   68.580   506581.0
2015-03-13   68.73   67.830   382669.0
2015-03-16   68.30   68.680   419377.0
2015-03-17   68.30   68.030   416048.0
2015-03-18   68.03   69.110   459000.0
2015-03-19   69.01   68.010   274377.0
2015-03-20   68.24   68.910   573897.0
2015-03-23   68.82   68.040   281369.0
2015-03-24   67.93   67.170   267817.0
2015-03-25   67.13   65.950   321289.0
2015-03-26   65.67   65.870   354644.0
2015-03-27   65.75   65.750   260666.0
2015-03-30   66.10   65.850   512846.0
2015-03-31   65.53   66.300   434420.0
2015-04-01   66.07   66.180   421076.0
2015-04-02   65.19   63.880   902375.0
2015-04-06   63.59   62.850   711210.0
2015-04-07   62.98   63.340   436967.0
2015-04-08   63.29   64.330   656890.0
2015-04-09   64.48   64.120   374127.0
2015-04-10   64.25   65.120   336982.0
2015-04-13   64.81   64.370   328458.0
2015-04-14   64.22   65.260   400714.0
2015-04-15   65.12   64.670   448195.0
2015-04-16   64.49   64.150   238503.0
2015-04-17   63.85   64.090   369531.0
2015-04-20   64.58   64.870   290516.0
2015-04-21   65.06   64.690   284144.0
2015-04-22   64.58   65.260   286160.0
2015-04-23   64.96   65.930   534971.0
2015-04-24   61.20   64.490   755849.0
2015-04-27   64.28   63.930   538965.0
2015-04-28   64.09   63.730   494831.0
2015-04-29   63.00   62.640   485961.0
2015-04-30   62.48   62.310   558671.0
2015-05-01   62.44   63.300   412771.0
2015-05-04   63.62   63.870   332861.0
2015-05-05   62.60   62.930   433029.0
2015-05-06   63.01   63.570   330440.0
2015-05-07   63.59   64.040   498044.0
2015-05-08   64.36   63.180   561712.0
2015-05-11   63.08   63.470   317686.0
2015-05-12   63.36   63.140   219223.0
2015-05-13   63.24   62.620   387409.0
2015-05-14   63.04   62.990   269274.0
2015-05-15   62.75   63.260   301616.0
2015-05-18   63.27   64.430   294992.0
2015-05-19   64.71   63.470   303467.0
2015-05-20   63.64   62.740   296609.0
2015-05-21   62.93   63.220   334264.0
2015-05-22   63.71   63.280   438114.0
2015-05-26   63.35   62.550   327843.0
2015-05-27   62.53   63.470   419513.0
2015-05-28   63.26   64.270   802862.0
2015-05-29   64.44   65.400  1440999.0
2015-06-01   65.57   65.750   705188.0
2015-06-02   65.70   66.220   545780.0
2015-06-03   65.60   67.800  1012253.0
2015-06-04   67.84   66.360   797488.0
2015-06-05   66.85   67.140   357492.0
2015-06-08   67.10   66.000   363684.0
2015-06-09   65.91   65.890   242825.0
2015-06-10   66.50   67.190   327193.0
2015-06-11   67.12   67.850   271318.0
2015-06-12   67.55   66.950   211888.0
2015-06-15   66.75   68.000   384318.0
2015-06-16   67.90   66.750   311369.0
2015-06-17   66.67   66.570   228623.0
2015-06-18   66.54   68.010   341168.0
2015-06-19   68.19   67.460   331342.0
2015-06-22   67.91   68.080   189692.0
2015-06-23   67.85   67.940   300017.0
2015-06-24   68.06   66.760   348054.0
2015-06-25   66.86   67.110   504439.0
2015-06-26   67.13   67.150   319259.0
2015-06-29   66.67   66.600   317241.0
2015-06-30   66.83   66.870   293439.0
2015-07-01   67.53   67.940   442586.0
2015-07-02   67.92   67.980   231804.0
2015-07-06   67.58   66.970   305422.0
2015-07-07   67.28   67.620   366476.0
2015-07-08   67.18   67.170   455917.0
2015-07-09   67.56   67.280   206234.0
2015-07-10   67.49   67.800   282432.0
2015-07-13   68.43   68.980   409332.0
2015-07-14   68.76   68.070   344764.0
2015-07-15   68.32   67.390   334269.0
2015-07-16   67.39   67.800   278654.0
2015-07-17   67.93   67.650   224634.0
2015-07-20   67.86   67.610   359622.0
2015-07-21   67.40   68.700   475555.0
2015-07-22   68.76   69.200   542672.0
2015-07-23   69.18   68.320   737700.0
2015-07-24   69.18   70.490   699378.0
2015-07-27   70.70   70.060   581920.0
2015-07-28   70.60   70.970   494131.0
2015-07-29   71.15   73.160   773383.0
2015-07-30   73.01   72.890   363259.0
2015-07-31   73.28   72.030   439214.0
2015-08-03   72.39   72.320   408928.0
2015-08-04   72.26   72.340   401365.0
2015-08-05   72.47   71.880   392229.0
2015-08-06   72.06   71.400   453437.0
2015-08-07   71.31   69.630   514217.0
2015-08-10   69.73   69.570   484242.0
2015-08-11   69.24   68.520   520682.0
2015-08-12   67.51   68.600   577768.0
2015-08-13   68.60   68.900   358254.0
2015-08-14   68.63   69.030   336514.0
2015-08-17   68.84   68.940   416865.0
2015-08-18   68.88   69.570   483316.0
2015-08-19   69.38   69.140   434031.0
2015-08-20   68.67   67.680   431678.0
2015-08-21   67.00   66.790   952353.0
2015-08-24   65.85   66.260   680282.0
2015-08-25   67.89   65.130   635208.0
2015-08-26   66.21   66.410   664798.0
2015-08-27   66.65   66.870   642889.0
2015-08-28   66.69   66.060   643080.0
2015-08-31   65.83   66.200   602694.0
2015-09-01   65.15   64.880   440706.0
2015-09-02   65.47   65.630   361979.0
2015-09-03   65.90   66.200   532647.0
2015-09-04   65.38   66.520   637153.0
2015-09-08   67.33   67.630   251687.0
2015-09-09   68.30   67.800   341402.0
2015-09-10   67.83   67.530   300175.0
2015-09-11   67.35   67.050   208677.0
2015-09-14   67.05   66.810   265941.0
2015-09-15   66.97   68.070   455147.0
2015-09-16   68.23   68.800   341440.0
2015-09-17   68.60   68.900   380847.0
2015-09-18   68.11   67.670   571703.0
2015-09-21   67.94   68.650   372010.0
2015-09-22   68.04   66.910   378848.0
2015-09-23   66.86   67.070   307119.0
2015-09-24   66.65   65.820   231404.0
2015-09-25   66.27   67.380   475156.0
2015-09-28   67.24   66.120   337395.0
2015-09-29   66.08   65.860   500502.0
2015-09-30   66.00   63.470   997221.0
2015-10-01   63.35   62.970   594204.0
2015-10-02   61.96   63.220   597522.0
2015-10-05   63.24   64.620   662790.0
2015-10-06   64.60   64.290   298069.0
2015-10-07   64.45   64.580   452983.0
2015-10-08   64.21   64.640   481523.0
2015-10-09   64.96   65.310   687862.0
2015-10-12   65.52   65.010   542502.0
2015-10-13   64.34   63.740   448249.0
2015-10-14   63.53   64.120   254735.0
2015-10-15   64.41   64.650   202312.0
2015-10-16   64.53   63.860   243422.0
2015-10-19   63.71   64.850   335502.0
2015-10-20   64.98   65.300   325498.0
2015-10-21   65.65   64.770   241435.0
2015-10-22   65.00   65.210   424720.0
2015-10-23   64.25   62.130   595405.0
2015-10-26   61.86   63.180   553826.0
2015-10-27   62.86   61.440   717915.0
2015-10-28   61.57   61.910   463305.0
2015-10-29   61.53   63.510   448319.0
2015-10-30   63.60   63.040   380971.0
2015-11-02   63.11   64.380   559077.0
2015-11-03   64.39   64.070   358189.0
2015-11-04   63.97   63.310   217949.0
2015-11-05   63.61   63.400   286221.0
2015-11-06   63.35   64.050   718135.0
2015-11-09   63.79   63.230   403389.0
2015-11-10   63.26   63.750   279599.0
2015-11-11   63.75   63.280   159099.0
2015-11-12   63.06   61.450   262895.0
2015-11-13   61.45   61.080   325218.0
2015-11-16   60.83   62.050   354644.0
2015-11-17   61.96   61.870   235464.0
2015-11-18   62.38   62.690   276595.0
2015-11-19   62.60   62.550   297743.0
2015-11-20   62.79   62.500   282901.0
2015-11-23   62.68   62.470   207397.0
2015-11-24   62.05   62.420   313541.0
2015-11-25   62.61   62.740   236287.0
2015-11-27   62.78   63.310   117508.0
2015-11-30   63.55   62.420   320947.0
2015-12-01   62.35   62.860   297048.0
2015-12-02   62.66   61.200   379208.0
2015-12-03   61.42   60.170   322356.0
2015-12-04   60.05   59.900   342905.0
2015-12-07   59.70   58.400   447128.0
2015-12-08   57.93   57.370   444861.0
2015-12-09   56.98   57.090   455660.0
2015-12-10   57.31   57.630   684620.0
2015-12-11   58.38   57.000   602921.0
2015-12-14   56.00   55.080   711291.0
2015-12-15   55.25   56.020   406919.0
2015-12-16   57.68   57.930   656619.0
2015-12-17   57.97   57.250   531375.0
2015-12-18   56.18   55.490  1338005.0
2015-12-21   55.61   56.860   569137.0
2015-12-22   56.87   57.870   433920.0
2015-12-23   58.20   58.170   262931.0
2015-12-24   58.14   58.120   101802.0
2015-12-28   57.89   58.590   300343.0
2015-12-29   58.82   59.130   427063.0
2015-12-30   59.00   58.810   398038.0
2015-12-31   58.83   58.650   430255.0
2016-01-04   58.09   58.590   714767.0
2016-01-05   58.90   58.300   480214.0
2016-01-06   57.75   57.610   726457.0
2016-01-07   57.00   56.690   513455.0
2016-01-08   56.73   56.790   664011.0
2016-01-11   56.80   56.870   516511.0
2016-01-12   57.18   57.110   273784.0
2016-01-13   56.36   54.400   673744.0
2016-01-14   55.05   55.290   784541.0
2016-01-15   54.18   55.880   995864.0
2016-01-19   56.15   55.000   527308.0
2016-01-20   54.72   55.000   798491.0
2016-01-21   55.02   56.610   683847.0
2016-01-22   57.04   57.730   302779.0
2016-01-25   57.36   56.080   698523.0
2016-01-26   56.44   58.340   329197.0
2016-01-27   58.11   57.250   403429.0
2016-01-28   57.44   56.240  1130379.0
2016-01-29   53.37   57.410  1166742.0
2016-02-01   56.78   58.830   715734.0
2016-02-02   58.47   57.100   488714.0
2016-02-03   57.32   58.300   454804.0
2016-02-04   58.16   61.370   782291.0
2016-02-05   60.53   60.040   576978.0
2016-02-08   59.23   60.450   494499.0
2016-02-09   59.65   60.760   592781.0
2016-02-10   60.93   59.680   506210.0
2016-02-11   59.15   58.970   294758.0
2016-02-12   59.21   58.890   600517.0
2016-02-16   59.35   59.440   539635.0
2016-02-17   59.89   60.740   614999.0
2016-02-18   60.67   59.160   605470.0
2016-02-19   58.94   58.830   429377.0
2016-02-22   59.71   59.880   376378.0
2016-02-23   58.82   58.690   423491.0
2016-02-24   57.95   58.380   467719.0
2016-02-25   58.40   59.130   393713.0
2016-02-26   59.72   60.240   429870.0
2016-02-29   60.07   59.200   261006.0
2016-03-01   59.49   60.600   332452.0
2016-03-02   60.40   59.840   265506.0
2016-03-03   59.78   61.050   315415.0
2016-03-04   61.18   62.870   569532.0
2016-03-07   62.62   62.670   286369.0
2016-03-08   62.25   60.600   463112.0
2016-03-09   60.73   61.760   370572.0
2016-03-10   61.94   62.840   559708.0
2016-03-11   63.26   63.210   381436.0
2016-03-14   63.15   63.160   307778.0
2016-03-15   62.89   62.970   319507.0
2016-03-16   62.65   64.680   652108.0
2016-03-17   64.79   66.230   589866.0
2016-03-18   65.94   67.290   502283.0
2016-03-21   67.03   66.630   218032.0
2016-03-22   66.19   66.330   322835.0
2016-03-23   66.17   66.550   233222.0
2016-03-24   65.38   66.690   299234.0
2016-03-28   66.76   65.720   231967.0
2016-03-29   65.78   66.750   321519.0
2016-03-30   64.00   64.820   874895.0
2016-03-31   63.86   64.610   446075.0
2016-04-01   63.47   64.270   385185.0
2016-04-04   64.44   63.830   328893.0
2016-04-05   63.35   63.690   384988.0
2016-04-06   63.93   63.960   304193.0
2016-04-07   63.55   63.580   391286.0
2016-04-08   64.21   63.610   237473.0
2016-04-11   63.89   62.850   341965.0
2016-04-12   63.12   64.110   311424.0
2016-04-13   64.63   65.130   300192.0
2016-04-14   65.24   64.990   207070.0
2016-04-15   65.13   65.010   241846.0
2016-04-18   64.95   65.140   289561.0
2016-04-19   65.66   65.830   379605.0
2016-04-20   65.90   65.390   340917.0
2016-04-21   63.56   65.440   563615.0
2016-04-22   65.21   66.120   622816.0
2016-04-25   66.14   66.820   489750.0
2016-04-26   67.01   67.460   394810.0
2016-04-27   67.52   67.640   289383.0
2016-04-28   67.52   66.220   284895.0
2016-04-29   66.24   65.550   391470.0
2016-05-02   65.90   66.010   325444.0
2016-05-03   65.68   66.030   307239.0
2016-05-04   65.85   65.910   483948.0
2016-05-05   66.17   65.320   301682.0
2016-05-06   65.24   66.550   265625.0
2016-05-09   66.34   67.080   394025.0
2016-05-10   67.15   67.230   261781.0
2016-05-11   67.22   66.150   388819.0
2016-05-12   66.21   65.660   476453.0
2016-05-13   65.60   64.680   389578.0
2016-05-16   64.90   64.810   360217.0
2016-05-17   64.65   65.300   394399.0
2016-05-18   65.21   65.660   397954.0
2016-05-19   65.25   65.700   249659.0
2016-05-20   65.81   66.240   351352.0
2016-05-23   66.43   66.210   180952.0
2016-05-24   66.48   66.700   370926.0
2016-05-25   66.56   66.890   376871.0
2016-05-26   67.04   67.380   340911.0
2016-05-27   67.47   67.750   196805.0
2016-05-31   67.95   67.850   303550.0
2016-06-01   67.52   68.090   288800.0
2016-06-02   68.01   67.680   239389.0
2016-06-03   67.49   67.780   271554.0
2016-06-06   67.89   68.170   331283.0
2016-06-07   68.08   67.600   246263.0
2016-06-08   67.50   67.480   385614.0
2016-06-09   67.07   66.000   372925.0
2016-06-10   65.64   65.730   438211.0
2016-06-13   65.43   65.630   222312.0
2016-06-14   65.62   65.240   192061.0
2016-06-15   65.64   65.170   304272.0
2016-06-16   64.93   65.360   258307.0
2016-06-17   65.47   65.800   365037.0
2016-06-20   66.39   66.960   354099.0
2016-06-21   65.90   66.220   486933.0
2016-06-22   66.19   66.600   391796.0
2016-06-23   67.20   67.550   244077.0
2016-06-24   65.52   66.830   603675.0
2016-06-27   66.13   65.150   540402.0
2016-06-28   65.75   66.970   344290.0
2016-06-29   67.63   67.880   378001.0
2016-06-30   68.11   68.660   637744.0
2016-07-01   68.55   70.350   317835.0
2016-07-05   69.82   69.540   437534.0
2016-07-06   69.37   69.310   431190.0
2016-07-07   69.46   69.410   234464.0
2016-07-08   69.92   70.830   219677.0
2016-07-11   70.94   70.400   340051.0
2016-07-12   70.89   71.050   366453.0
2016-07-13   71.37   71.580   238332.0
2016-07-14   72.00   71.500   342912.0
2016-07-15   71.60   71.220   197220.0
2016-07-18   70.98   70.880   361922.0
2016-07-19   70.50   70.010   539383.0
2016-07-20   70.15   69.880   644809.0
2016-07-21   68.47   68.890   526785.0
2016-07-22   69.05   70.190   451845.0
2016-07-25   70.20   69.790   260467.0
2016-07-26   69.70   70.770   463835.0
2016-07-27   71.02   70.580   325029.0
2016-07-28   70.64   70.510   256940.0
2016-07-29   70.43   70.490   581057.0
2016-08-01   70.47   69.680   320116.0
2016-08-02   69.31   68.500   510689.0
2016-08-03   68.51   68.870   364104.0
2016-08-04   68.88   68.610   323096.0
2016-08-05   68.80   69.780   441471.0
2016-08-08   69.65   69.840   234586.0
2016-08-09   70.08   69.350   280177.0
2016-08-10   69.17   68.970   190797.0
2016-08-11   68.95   68.750   252764.0
2016-08-12   68.71   68.220   313505.0
2016-08-15   68.49   68.710   341456.0
2016-08-16   68.71   68.550   217908.0
2016-08-17   68.67   68.620   237542.0
2016-08-18   68.62   68.710   207215.0
2016-08-19   68.67   68.680   300842.0
2016-08-22   68.48   68.770   257182.0
2016-08-23   68.77   69.320   190802.0
2016-08-24   69.45   69.680   213777.0
2016-08-25   69.59   69.230   185227.0
2016-08-26   69.29   68.840   175391.0
2016-08-29   68.98   69.540   193513.0
2016-08-30   69.60   69.870   149783.0
2016-08-31   69.83   69.230   226792.0
2016-09-01   69.42   69.350   246552.0
2016-09-02   69.46   69.790   214084.0
2016-09-06   69.74   69.480   185133.0
2016-09-07   69.47   69.920   227221.0
2016-09-08   69.87   69.830   162545.0
2016-09-09   69.65   67.320   232316.0
2016-09-12   67.25   67.920   194134.0
2016-09-13   67.49   65.950   497160.0
2016-09-14   65.95   66.070   469861.0
2016-09-15   66.06   66.840   349736.0
2016-09-16   66.73   66.100   399592.0
2016-09-19   66.49   66.260   219406.0
2016-09-20   66.38   65.560   224727.0
2016-09-21   65.87   66.050   272842.0
2016-09-22   66.54   66.980   346164.0
2016-09-23   66.73   66.510   177719.0
2016-09-26   66.11   66.360   251979.0
2016-09-27   66.51   65.920   214801.0
2016-09-28   66.10   66.890   221596.0
2016-09-29   66.95   67.100   224696.0
2016-09-30   67.48   68.080   461817.0
2016-10-03   67.96   68.340   390637.0
2016-10-04   68.60   67.330   357638.0
2016-10-05   67.37   66.890   496883.0
2016-10-06   66.67   67.420   696429.0
2016-10-07   67.20   67.240   469345.0
2016-10-10   67.66   67.740   235317.0
2016-10-11   67.71   67.000   261329.0
2016-10-12   67.23   66.710   137136.0
2016-10-13   66.28   65.980   525195.0
2016-10-14   66.10   65.690   455651.0
2016-10-17   65.25   65.700   360699.0
2016-10-18   66.30   65.750   598055.0
2016-10-19   66.00   65.750  1147126.0
2016-10-20   71.20   69.900  1848275.0
2016-10-21   70.15   70.650   651825.0
2016-10-24   71.30   71.550   466543.0
2016-10-25   71.35   71.000   378186.0
2016-10-26   70.35   70.750   376695.0
2016-10-27   70.80   71.100   388966.0
2016-10-28   70.90   70.500   301439.0
2016-10-31   70.80   71.150   347859.0
2016-11-01   71.45   71.150   582797.0
2016-11-02   71.50   71.850   537169.0
2016-11-03   71.85   72.200   311121.0
2016-11-04   72.05   72.350   326394.0
2016-11-07   73.10   74.500   470615.0
2016-11-08   74.05   74.850   263742.0
2016-11-09   74.60   77.700   729760.0
2016-11-10   78.15   79.400   683508.0
2016-11-11   80.00   79.750   447281.0
2016-11-14   79.75   81.450   489282.0
2016-11-15   81.30   81.150   577201.0
2016-11-16   80.85   80.800   319977.0
2016-11-17   81.00   80.750   248362.0
2016-11-18   80.70   81.300   261582.0
2016-11-21   81.80   81.200   509039.0
2016-11-22   81.30   80.450   385425.0
2016-11-23   80.25   81.600   290469.0
2016-11-25   81.85   82.150   181977.0
2016-11-28   82.10   81.950   310122.0
2016-11-29   81.85   80.650   482101.0
2016-11-30   81.10   81.450   406289.0
2016-12-01   81.70   83.700   425626.0
2016-12-02   83.30   84.800   742616.0
2016-12-05   85.80   86.250   640540.0
2016-12-06   86.80   86.900   447854.0
2016-12-07   86.70   88.700   426489.0
2016-12-08   88.70   90.400   437260.0
2016-12-09   90.75   88.350   464568.0
2016-12-12   88.30   88.700   227793.0
2016-12-13   89.30   89.000   487867.0
2016-12-14   89.70   88.250   505109.0
2016-12-15   88.70   87.000   641178.0
2016-12-16   86.00   84.300  1380636.0
2016-12-19   84.60   85.450   423705.0
2016-12-20   85.65   86.100   428130.0
2016-12-21   85.75   85.750   296087.0
2016-12-22   85.60   84.800   324092.0
2016-12-23   85.05   85.350   158982.0
2016-12-27   85.50   85.200   170768.0
2016-12-28   85.10   84.400   229746.0
2016-12-29   84.35   85.550   225584.0
2016-12-30   86.05   85.300   409904.0
2017-01-03   85.25   85.700   420102.0
2017-01-04   86.15   86.000   543291.0
2017-01-05   85.90   85.200   673695.0
2017-01-06   85.35   84.800   296027.0
2017-01-09   84.70   83.950   303163.0
2017-01-10   84.25   84.550   258466.0
2017-01-11   84.80   85.750   276077.0
2017-01-12   85.45   85.600   185363.0
2017-01-13   86.35   86.750   327469.0
2017-01-17   85.55   84.500   361144.0
2017-01-18   84.35   85.050   310047.0
2017-01-19   85.15   84.350   205730.0
2017-01-20   84.50   84.050   210590.0
2017-01-23   84.05   83.350   281549.0
2017-01-24   83.45   84.550   395435.0
2017-01-25   84.90   85.800   264124.0
2017-01-26   85.80   85.050   387528.0
2017-01-27   84.95   84.350   494374.0
2017-01-30   83.95   84.000   437140.0
2017-01-31   83.60   84.600   424298.0
2017-02-01   85.05   83.950   649770.0
2017-02-02   83.85   83.750   887924.0
2017-02-03   83.95   85.000   389446.0
2017-02-06   85.00   84.350   295687.0
2017-02-07   84.55   84.100   363655.0
2017-02-08   84.05   85.750   395584.0
2017-02-09   85.75   85.950   319774.0
2017-02-10   87.00   86.950   279121.0
2017-02-13   87.20   87.450   234366.0
2017-02-14   87.25   86.450   236494.0
2017-02-15   86.20   87.350   233477.0
2017-02-16   87.50   87.150   252085.0
2017-02-17   86.75   87.250   272819.0
2017-02-21   87.30   87.700   196811.0
2017-02-22   87.55   87.400   243462.0
2017-02-23   87.95   86.300   223425.0
2017-02-24   85.85   87.700   239483.0
2017-02-27   87.75   88.750   310450.0
2017-02-28   88.55   86.800   438260.0
2017-03-01   87.65   88.900   408972.0
2017-03-02   88.90   86.950   307611.0
2017-03-03   87.20   87.250   238262.0
2017-03-06   86.50   86.450   295925.0
2017-03-07   86.35   85.950   314573.0
2017-03-08   86.25   85.400   244525.0
2017-03-09   85.65   84.600   233100.0
2017-03-10   85.00   86.050   217104.0
2017-03-13   86.00   86.050   158203.0
2017-03-14   85.80   84.550   288444.0
2017-03-15   84.80   85.850   217726.0
2017-03-16   86.15   85.450   131479.0
2017-03-17   85.40   85.300   266294.0
2017-03-20   85.20   84.550   163052.0
2017-03-21   84.70   83.300   252366.0
2017-03-22   83.05   83.550   304916.0
2017-03-23   83.45   83.700   178450.0
2017-03-24   83.90   83.600   253222.0
2017-03-27   82.95   83.550   241913.0
2017-03-28   83.30   84.200   301409.0
2017-03-29   84.15   85.450   382229.0
2017-03-30   85.45   86.150   271346.0
2017-03-31   86.15   85.650   238023.0
2017-04-03   85.95   85.550   305540.0
2017-04-04   85.45   86.150   303824.0
2017-04-05   86.75   86.150   475047.0
2017-04-06   86.15   86.200   248952.0
2017-04-07   86.05   85.600   242621.0
2017-04-10   85.90   86.400   371769.0
2017-04-11   85.95   86.150   275542.0
2017-04-12   86.05   84.100   269764.0
2017-04-13   84.00   83.050   229548.0
2017-04-17   83.25   84.350   274184.0
2017-04-18   84.05   83.800   265998.0
2017-04-19   84.25   83.950   177874.0
2017-04-20   84.35   84.750   162501.0
2017-04-21   85.10   85.450   262987.0
2017-04-24   86.90   87.600   248122.0
2017-04-25   87.50   86.550   228635.0
2017-04-26   86.25   85.750   302488.0
2017-04-27   85.75   86.600   476076.0
2017-04-28   86.75   85.450   299868.0
2017-05-01   85.80   85.450   344392.0
2017-05-02   85.50   85.400   236977.0
2017-05-03   85.05   84.650   336928.0
2017-05-04   84.70   83.850   327818.0
2017-05-05   84.10   83.850   275645.0
2017-05-08   83.80   83.350   243427.0
2017-05-09   83.30   83.250   220568.0
2017-05-10   83.05   83.550   304497.0
2017-05-11   83.15   82.650   188656.0
2017-05-12   82.50   81.250   260433.0
2017-05-15   81.20   82.200   233375.0
2017-05-16   82.20   83.600   357842.0
2017-05-17   82.40   81.050   403018.0
2017-05-18   80.70   81.500   301472.0
2017-05-19   81.85   81.900   487818.0
2017-05-22   82.15   82.900   191141.0
2017-05-23   83.00   83.450   153978.0
2017-05-24   83.55   83.650   130987.0
2017-05-25   84.00   84.300   237647.0
2017-05-26   84.35   83.250   160992.0
2017-05-30   83.10   83.850   190500.0
2017-05-31   84.05   83.550   148723.0
2017-06-01   83.75   84.850   250717.0
2017-06-02   85.15   84.600   207195.0
2017-06-05   84.45   84.550   245682.0
2017-06-06   84.25   83.950   255560.0
2017-06-07   84.05   84.050   233170.0
2017-06-08   83.85   84.650   212284.0
2017-06-09   84.85   85.350   202353.0
2017-06-12   85.30   86.400   327607.0
2017-06-13   86.85   87.250   273112.0
2017-06-14   87.20   86.700   414750.0
2017-06-15   85.95   88.100   258491.0
2017-06-16   88.05   87.750   706749.0
2017-06-19   88.00   87.850   167406.0
2017-06-20   87.55   85.700   122914.0
2017-06-21   85.65   84.850   158960.0
2017-06-22   84.80   84.250   140500.0
2017-06-23   84.30   84.250   310922.0
2017-06-26   84.50   84.950   292956.0
2017-06-27   84.75   84.650   158443.0
2017-06-28   85.00   86.350   212453.0
2017-06-29   86.35   85.750   271482.0
2017-06-30   86.15   85.600   280169.0
2017-07-03   86.20   87.400   124889.0
2017-07-05   87.65   87.550   336056.0
2017-07-06   87.20   87.350   681213.0
2017-07-07   87.45   88.500   181132.0
2017-07-10   88.25   87.900   276886.0
2017-07-11   88.05   87.250   229798.0
2017-07-12   88.05   87.600   177648.0
2017-07-13   87.50   87.000   129393.0
2017-07-14   86.80   87.900   156209.0
2017-07-17   87.55   87.900   196502.0
2017-07-18   87.80   87.200   233012.0
2017-07-19   87.05   86.600   209830.0
2017-07-20   86.40   87.300   190734.0
2017-07-21   87.05   87.200   257023.0
2017-07-24   87.20   88.550   263668.0
2017-07-25   89.15   89.450   510757.0
2017-07-26   89.55   89.150   383096.0
2017-07-27   89.15   81.600   697989.0
2017-07-28   81.60   82.300   403127.0
2017-07-31   82.75   83.150   303160.0
2017-08-01   83.25   82.150   302095.0
2017-08-02   82.25   81.600   244304.0
2017-08-03   81.55   82.200   174083.0
2017-08-04   82.35   84.200   293574.0
2017-08-07   84.25   83.925   268631.0
2017-08-08   83.75   84.000   236543.0
2017-08-09   83.55   83.900   215662.0
2017-08-10   83.55   83.150   269469.0
2017-08-11   83.40   84.000   182241.0
2017-08-14   84.45   85.000   367874.0
2017-08-15   85.00   83.650   212824.0
2017-08-16   83.55   82.950   363442.0
2017-08-17   82.70   81.450   382962.0
2017-08-18   81.15   81.550   680166.0
2017-08-21   81.40   81.950   301366.0
2017-08-22   82.20   82.050   209204.0
2017-08-23   81.75   81.900   219348.0
2017-08-24   82.25   81.800   223823.0
2017-08-25   82.10   83.750   303244.0
2017-08-28   84.10   85.700   390477.0
2017-08-29   85.30   88.000   452772.0
2017-08-30   89.95   91.850   853271.0
2017-08-31   92.20   93.350   590116.0
2017-09-01   93.80   94.350   548342.0
2017-09-05   93.95   94.700   537977.0
2017-09-06   94.95   94.200   553424.0
2017-09-07   94.45   93.300   669427.0
2017-09-08   93.25   94.750   424137.0
2017-09-11   95.60   94.600   464567.0
2017-09-12   94.65   95.100   292080.0
2017-09-13   95.10   95.100   511354.0
2017-09-14   94.55   94.150   516820.0
2017-09-15   93.80   95.200   364925.0
2017-09-18   95.60   95.650   242539.0
2017-09-19   95.80   95.000   296246.0
2017-09-20   95.10   96.650   176466.0
2017-09-21   96.50   96.700   156238.0
2017-09-22   97.40   97.250   154713.0
2017-09-25   97.55   97.850   305130.0
2017-09-26   97.80   98.300   196418.0
2017-09-27   98.65   99.350   226276.0
2017-09-28   99.25   99.100   179108.0
2017-09-29   99.50   99.650   224806.0
2017-10-02   99.65   99.300   330793.0
2017-10-03   99.85  100.800   364362.0
2017-10-04  100.95  100.300   522453.0
2017-10-05  100.20   99.850   274031.0
2017-10-06  100.10   99.400   196618.0
2017-10-09   99.50   98.400   143333.0
2017-10-10   98.75   98.800   119954.0
2017-10-11   98.70   99.600   161490.0
2017-10-12   99.45  100.150   163934.0
2017-10-13  100.20   97.700   200529.0
2017-10-16   98.30   98.250   291817.0
2017-10-17   98.30   97.750   243474.0
2017-10-18   97.95   98.550   201483.0
2017-10-19   98.00   99.100   132966.0
2017-10-20   99.15  100.100   153803.0
2017-10-23  100.05   99.300   285758.0
2017-10-24   99.30   99.650   210957.0
2017-10-25   99.60   99.000   171174.0
2017-10-26  101.00   99.850   385933.0
2017-10-27  100.55  101.900   311619.0
2017-10-30  101.35   98.400   212818.0
2017-10-31   98.65   98.750   284403.0
2017-11-01   99.60   98.750   151298.0
2017-11-02   98.85   99.950   184392.0
2017-11-03   99.70   99.600   184104.0
2017-11-06   99.00   98.350   194399.0
2017-11-07   98.35   98.700   197649.0
2017-11-09   98.05   96.500   324694.0
2017-11-10   96.35   96.900   215930.0
2017-11-13   96.45   96.350   318537.0
2017-11-14   95.95   96.100   299793.0
2017-11-15   95.40   95.050   304274.0
2017-11-16   95.55   96.800   254945.0
2017-11-17   96.00   95.200   300593.0
2017-11-20   95.20   96.900   163839.0
2017-11-21   97.50   98.050   153019.0
2017-11-22   98.35   98.050   115298.0
2017-11-24   98.30   98.000    57957.0
2017-11-27   98.20   98.200   147672.0
2017-11-28   98.50   99.950   147030.0
2017-11-29  100.05  101.400   185255.0
2017-11-30  101.75  103.200   243588.0
2017-12-01  103.10  102.600   203836.0
2017-12-04  103.65  102.600   223946.0
2017-12-05  102.90  102.100   277802.0
2017-12-06  103.10  102.600   153250.0
2017-12-07  102.50  104.000   288654.0
2017-12-08  105.15  105.000   374001.0
2017-12-11  104.90  103.850   311404.0
2017-12-12  103.95  104.000   198405.0
2017-12-13  103.75  104.500   163376.0
2017-12-14  105.70  103.700   235226.0
2017-12-15  103.75  103.650   413904.0
2017-12-18  104.30  104.500   200044.0
2017-12-19  104.70  104.350   191883.0
2017-12-20  104.65  105.000   250111.0
2017-12-21  105.55  104.450   145256.0
2017-12-22  104.50  105.400   133689.0
2017-12-26  105.40  105.400   105371.0
2017-12-27  105.30  106.050   109774.0
2017-12-28  106.00  105.300    97001.0
2017-12-29  105.50  104.100   142605.0
2018-01-02  104.35  104.500   199567.0
2018-01-03  104.50  104.300   194396.0
2018-01-04  104.70  103.850   390676.0
2018-01-05  104.60  104.700   180391.0
2018-01-08  105.65  106.050   205102.0
2018-01-09  106.45  106.050   299945.0
2018-01-10  105.85  106.300   358741.0
2018-01-11  104.50  107.900   335856.0
2018-01-12  107.85  108.450   179227.0
2018-01-16  108.95  108.200   234590.0
2018-01-17  109.05  108.050   206401.0
2018-01-18  108.35  108.600   161655.0
2018-01-19  109.20  110.600   223957.0
2018-01-22  110.55  111.250   191004.0
2018-01-23  111.25  111.000   232750.0
2018-01-24  111.20  111.150   256518.0
2018-01-25  111.65  111.150   192001.0
2018-01-26  112.20  113.300   325522.0
2018-01-29  112.90  112.250   316625.0
2018-01-30  111.40  111.000   247881.0
2018-01-31  112.20  111.050   442770.0
2018-02-01  116.95  115.450   447841.0
2018-02-02  115.15  113.500   249577.0