date     open    close      volume
                                       
2013-01-02   65.020   65.120    196900.0
2013-01-03   65.140   65.440    275000.0
2013-01-04   65.520   65.710    148200.0
2013-01-07   65.720   65.800    134000.0
2013-01-08   65.810   65.650    123800.0
2013-01-09   65.730   65.730    168000.0
2013-01-10   65.850   65.730    189100.0
2013-01-11   65.100   65.140    166200.0
2013-01-14   65.290   65.800    252600.0
2013-01-15   65.760   66.130    176400.0
2013-01-16   66.010   65.920    209100.0
2013-01-17   66.150   65.940    145800.0
2013-01-18   65.930   65.820    134600.0
2013-01-22   65.940   65.980    194000.0
2013-01-23   66.410   66.670    220400.0
2013-01-24   66.900   66.500    153700.0
2013-01-25   66.720   66.200    195700.0
2013-01-28   66.200   66.130    196800.0
2013-01-29   66.320   66.690    212500.0
2013-01-30   66.440   66.000    178300.0
2013-01-31   66.110   65.370    218200.0
2013-02-01   65.720   65.800    263400.0
2013-02-04   65.720   65.810    343800.0
2013-02-05   65.990   65.150    196000.0
2013-02-06   65.150   65.420    390900.0
2013-02-07   67.270   65.430    362800.0
2013-02-08   66.220   66.480    371600.0
2013-02-11   66.560   67.260    347500.0
2013-02-12   67.290   67.400    146600.0
2013-02-13   67.700   67.410    128900.0
2013-02-14   67.230   67.560    407000.0
2013-02-15   67.670   67.850    216600.0
2013-02-19   68.090   68.800    239900.0
2013-02-20   68.830   68.800    372000.0
2013-02-21   69.190   68.960    472900.0
2013-02-22   68.910   69.390    340200.0
2013-02-25   69.540   68.780    257300.0
2013-02-26   68.960   69.140    225300.0
2013-02-27   69.360   69.550    282400.0
2013-02-28   69.500   69.440    542100.0
2013-03-01   69.530   69.890    490400.0
2013-03-04   69.740   69.180    575300.0
2013-03-05   69.540   69.060    369500.0
2013-03-06   69.390   68.750    462100.0
2013-03-07   69.070   68.390    363300.0
2013-03-08   68.580   68.210    356100.0
2013-03-11   68.240   68.360    320700.0
2013-03-12   68.320   67.770    223100.0
2013-03-13   68.000   68.130    290600.0
2013-03-14   68.350   69.530    330800.0
2013-03-15   69.280   70.020    360200.0
2013-03-18   69.690   70.680    527400.0
2013-03-19   70.680   70.220    423600.0
2013-03-20   70.380   69.770    578400.0
2013-03-21   69.620   69.020    383100.0
2013-03-22   69.330   68.750    480400.0
2013-03-25   68.950   68.750    252600.0
2013-03-26   68.870   69.210    252400.0
2013-03-27   68.990   69.020    155800.0
2013-03-28   69.110   69.060    280200.0
2013-04-01   69.060   69.210    574600.0
2013-04-02   69.640   69.450    294600.0
2013-04-03   69.660   69.400    298800.0
2013-04-04   69.680   70.320    341400.0
2013-04-05   70.010   71.070    371800.0
2013-04-08   71.070   71.280    196400.0
2013-04-09   71.490   71.570    304500.0
2013-04-10   71.120   70.590    234000.0
2013-04-11   69.880   69.900    468100.0
2013-04-12   69.830   69.850    301300.0
2013-04-15   70.000   68.780    449000.0
2013-04-16   69.130   69.390    241900.0
2013-04-17   68.050   68.270    320500.0
2013-04-18   68.450   68.330    208200.0
2013-04-19   68.550   68.720    210700.0
2013-04-22   68.870   68.600    201800.0
2013-04-23   68.830   68.760    148200.0
2013-04-24   68.790   68.600    399200.0
2013-04-25   68.710   68.450    165600.0
2013-04-26   68.460   67.970    293800.0
2013-04-29   68.310   68.700    395900.0
2013-04-30   68.700   68.730    478600.0
2013-05-01   68.180   68.360    410700.0
2013-05-02   68.630   68.800    476400.0
2013-05-03   69.270   69.830    445500.0
2013-05-06   69.820   70.790    361100.0
2013-05-07   70.720   71.240    235500.0
2013-05-08   71.230   71.610    232700.0
2013-05-09   71.910   71.650    203600.0
2013-05-10   71.720   71.980    204900.0
2013-05-13   72.100   72.400    176100.0
2013-05-14   72.390   73.010    282700.0
2013-05-15   72.970   73.200    286300.0
2013-05-16   73.030   73.590    233700.0
2013-05-17   73.870   73.920    598900.0
2013-05-20   74.070   74.410    357100.0
2013-05-21   74.600   74.290    594800.0
2013-05-22   74.180   73.270    263200.0
2013-05-23   72.500   71.960    319700.0
2013-05-24   71.820   72.060    132900.0
2013-05-28   72.450   70.940    240500.0
2013-05-29   70.240   69.600    231400.0
2013-05-30   69.670   68.670    156800.0
2013-05-31   68.590   67.970    306600.0
2013-06-03   65.760   65.890   2435800.0
2013-06-04   66.030   67.090   1219400.0
2013-06-05   67.250   66.770    500300.0
2013-06-06   66.690   67.020    449300.0
2013-06-07   67.020   65.810    539900.0
2013-06-10   66.030   65.550    246200.0
2013-06-11   65.260   64.690    545100.0
2013-06-12   65.110   64.230   1939600.0
2013-06-13   64.210   65.260    596600.0
2013-06-14   65.220   64.870    993200.0
2013-06-17   65.280   64.900    503300.0
2013-06-18   64.930   65.400    307700.0
2013-06-19   64.210   63.470    419800.0
2013-06-20   63.090   61.390    626700.0
2013-06-21   61.840   62.500   1088200.0
2013-06-24   61.840   62.880    719400.0
2013-06-25   63.450   65.100    706800.0
2013-06-26   65.530   66.130    679300.0
2013-06-27   66.390   67.410    529100.0
2013-06-28   67.040   67.770   1027100.0
2013-07-01   67.860   67.370    350200.0
2013-07-02   67.310   68.010    597700.0
2013-07-03   67.500   67.300    344500.0
2013-07-05   67.330   66.320    453000.0
2013-07-08   66.350   66.350    287300.0
2013-07-09   66.390   67.850    275200.0
2013-07-10   67.950   67.180    448500.0
2013-07-11   67.530   67.770    725300.0
2013-07-12   67.830   67.320    272400.0
2013-07-15   67.350   67.470    169700.0
2013-07-16   67.340   67.890    211900.0
2013-07-17   68.220   68.270    258900.0
2013-07-18   68.400   69.250    324900.0
2013-07-19   69.020   69.190    703100.0
2013-07-22   69.260   69.460    489600.0
2013-07-23   69.720   69.350    227100.0
2013-07-24   69.270   67.890    378700.0
2013-07-25   67.820   68.000    552300.0
2013-07-26   67.870   68.180    285800.0
2013-07-29   68.110   68.110    302700.0
2013-07-30   68.610   68.190    293100.0
2013-07-31   68.650   67.550    394200.0
2013-08-01   67.600   66.250    600700.0
2013-08-02   66.430   65.420    345500.0
2013-08-05   65.290   66.160    263900.0
2013-08-06   65.920   65.080    441300.0
2013-08-07   65.090   64.320    737500.0
2013-08-08   64.620   64.590    273700.0
2013-08-09   64.470   65.400    246000.0
2013-08-12   65.140   64.490    314000.0
2013-08-13   64.730   63.380    193500.0
2013-08-14   63.010   63.190    228400.0
2013-08-15   61.970   62.350    339800.0
2013-08-16   62.110   61.040    424900.0
2013-08-19   61.100   60.800    288600.0
2013-08-20   60.880   62.260    584100.0
2013-08-21   62.010   62.260    348500.0
2013-08-22   62.470   62.480    203700.0
2013-08-23   62.550   62.900    345400.0
2013-08-26   62.860   62.590    302700.0
2013-08-27   62.140   62.850    369000.0
2013-08-28   62.640   61.980    261600.0
2013-08-29   61.640   61.790    323000.0
2013-08-30   61.780   61.660    215800.0
2013-09-03   62.140   61.040    290300.0
2013-09-04   60.940   61.340    211800.0
2013-09-05   61.180   60.400    484600.0
2013-09-06   61.255   61.450    532200.0
2013-09-09   61.600   62.510    263900.0
2013-09-10   62.510   62.480    235700.0
2013-09-11   62.460   62.600    181900.0
2013-09-12   62.760   62.500    339500.0
2013-09-13   62.350   62.190    188000.0
2013-09-16   62.900   62.440    311800.0
2013-09-17   62.400   61.970    480100.0
2013-09-18   61.990   63.520    945300.0
2013-09-19   63.450   64.450    344100.0
2013-09-20   64.450   63.390    467400.0
2013-09-23   63.130   62.430    212800.0
2013-09-24   62.410   61.710    294200.0
2013-09-25   61.600   61.480    677000.0
2013-09-26   61.580   62.800    938800.0
2013-09-27   62.420   63.160    507500.0
2013-09-30   62.720   62.500    468500.0
2013-10-01   62.560   62.280  13313900.0
2013-10-02   61.820   63.720   1385900.0
2013-10-03   63.560   61.590   1891900.0
2013-10-04   61.940   61.540    972800.0
2013-10-07   61.250   62.170    696500.0
2013-10-08   62.100   61.480    562500.0
2013-10-09   61.670   61.400    608800.0
2013-10-10   61.080   62.500    532500.0
2013-10-11   62.240   63.320    543900.0
2013-10-14   63.160   62.900    801200.0
2013-10-15   62.590   62.420    385000.0
2013-10-16   62.450   63.690    570700.0
2013-10-17   63.380   65.060    645200.0
2013-10-18   64.980   65.290    689000.0
2013-10-21   65.460   65.710    615300.0
2013-10-22   65.790   66.520    991200.0
2013-10-23   66.530   66.590    525700.0
2013-10-24   66.560   65.780    561100.0
2013-10-25   65.840   67.310    468400.0
2013-10-28   67.150   66.970    459500.0
2013-10-29   66.880   66.750    429200.0
2013-10-30   66.630   66.700    295600.0
2013-10-31   66.660   66.400    655800.0
2013-11-01   66.450   65.920    547900.0
2013-11-04   65.590   65.800    556100.0
2013-11-05   65.520   64.260    517000.0
2013-11-06   64.330   64.390    383500.0
2013-11-07   63.500   62.630    822600.0
2013-11-08   62.410   61.830   1081900.0
2013-11-11   61.960   61.420    546700.0
2013-11-12   61.500   61.450    675900.0
2013-11-13   61.270   61.540    334300.0
2013-11-14   61.890   62.280    419600.0
2013-11-15   62.460   62.520    516600.0
2013-11-18   62.500   62.400    408600.0
2013-11-19   62.210   62.410    534700.0
2013-11-20   62.410   61.370    439500.0
2013-11-21   61.610   61.580    453800.0
2013-11-22   61.620   61.440    389500.0
2013-11-25   61.390   60.780    404800.0
2013-11-26   60.590   60.190    602600.0
2013-11-27   60.180   61.000    971200.0
2013-11-29   60.990   60.240    328900.0
2013-12-02   60.410   60.270    531100.0
2013-12-03   60.460   60.580    387200.0
2013-12-04   60.500   61.470    744000.0
2013-12-05   61.330   62.150    533700.0
2013-12-06   62.390   61.900    633900.0
2013-12-09   61.790   61.960    520900.0
2013-12-10   61.800   62.430    570200.0
2013-12-11   62.390   60.740    456000.0
2013-12-12   60.460   60.250    733800.0
2013-12-13   60.550   60.200    424700.0
2013-12-16   60.210   60.040    424900.0
2013-12-17   60.080   60.350    530400.0
2013-12-18   60.250   60.660    540000.0
2013-12-19   60.310   59.700    754300.0
2013-12-20   59.550   60.220    811500.0
2013-12-23   60.580   60.280    352800.0
2013-12-24   60.140   60.680    186700.0
2013-12-26   60.730   60.520    328400.0
2013-12-27   60.530   60.930    244800.0
2013-12-30   60.810   61.190    274200.0
2013-12-31   61.200   60.740    338000.0
2014-01-02   60.740   61.060    345300.0
2014-01-03   61.160   61.710    282100.0
2014-01-06   61.800   61.840    497400.0
2014-01-07   61.830   61.790    458700.0
2014-01-08   61.660   61.710    586000.0
2014-01-09   61.770   61.610    338600.0
2014-01-10   61.800   62.440    293400.0
2014-01-13   61.550   61.410    408700.0
2014-01-14   61.390   61.850    516400.0
2014-01-15   62.240   61.950    509600.0
2014-01-16   61.900   62.070    399400.0
2014-01-17   62.230   62.460    524800.0
2014-01-21   62.690   62.990    289300.0
2014-01-22   63.080   63.000    400400.0
2014-01-23   62.800   63.040    449200.0
2014-01-24   62.940   62.640    333800.0
2014-01-27   62.630   62.220    443100.0
2014-01-28   62.250   62.820    447500.0
2014-01-29   62.490   62.260    619400.0
2014-01-30   62.560   63.840    869700.0
2014-01-31   63.450   64.540    745500.0
2014-02-03   64.460   63.370   1024600.0
2014-02-04   63.520   64.620   1058900.0
2014-02-05   64.500   64.760    947500.0
2014-02-06   65.970   65.440   1017300.0
2014-02-07   65.490   66.630    698400.0
2014-02-10   66.630   66.960    605500.0
2014-02-11   66.870   67.440    732100.0
2014-02-12   67.360   67.420    616300.0
2014-02-13   67.010   67.500    557900.0
2014-02-14   67.620   67.640    382500.0
2014-02-18   67.630   67.950    343900.0
2014-02-19   67.890   68.080    457000.0
2014-02-20   68.360   68.070    613100.0
2014-02-21   68.090   67.790    378300.0
2014-02-24   67.930   67.630    473000.0
2014-02-25   67.830   68.690    551100.0
2014-02-26   68.730   68.390    692800.0
2014-02-27   68.390   67.400    415300.0
2014-02-28   67.380   67.640    982900.0
2014-03-03   67.380   68.120    401700.0
2014-03-04   68.650   68.640    346700.0
2014-03-05   68.600   68.130    399200.0
2014-03-06   68.090   67.670    446500.0
2014-03-07   67.520   67.260    473900.0
2014-03-10   67.200   66.600    268400.0
2014-03-11   66.590   66.910    328100.0
2014-03-12   66.730   67.300    392600.0
2014-03-13   67.310   67.260    535800.0
2014-03-14   67.230   67.410    404900.0
2014-03-17   67.660   67.640    292300.0
2014-03-18   67.670   67.700    218800.0
2014-03-19   67.700   66.260    333600.0
2014-03-20   66.190   67.040    358100.0
2014-03-21   67.090   67.220    755300.0
2014-03-24   67.440   67.040    307400.0
2014-03-25   67.280   67.940    369100.0
2014-03-26   68.070   66.640    458900.0
2014-03-27   66.630   67.450    477600.0
2014-03-28   67.600   67.380    371400.0
2014-03-31   67.570   68.270    467900.0
2014-04-01   68.350   68.150    405200.0
2014-04-02   68.160   68.440    432400.0
2014-04-03   68.480   68.450    399600.0
2014-04-04   68.600   68.740    414900.0
2014-04-07   68.680   68.730    372000.0
2014-04-08   68.750   69.420    569500.0
2014-04-09   69.390   69.220    209100.0
2014-04-10   69.320   68.530    583600.0
2014-04-11   67.480   67.370    783300.0
2014-04-14   67.500   68.030    843600.0
2014-04-15   68.020   68.250    343200.0
2014-04-16   68.400   68.450    393600.0
2014-04-17   68.350   68.150    435300.0
2014-04-21   68.130   68.470    299600.0
2014-04-22   68.530   68.820    497200.0
2014-04-23   68.880   68.620    709300.0
2014-04-24   68.660   68.990    300700.0
2014-04-25   68.990   68.930    339000.0
2014-04-28   69.180   69.610    463300.0
2014-04-29   69.610   69.410    241100.0
2014-04-30   69.480   69.650    250900.0
2014-05-01   69.760   69.550    692500.0
2014-05-02   69.420   70.210    669000.0
2014-05-05   69.890   70.680    493000.0
2014-05-06   70.800   70.690    378700.0
2014-05-07   70.750   71.820    471600.0
2014-05-08   71.940   71.640    645500.0
2014-05-09   71.640   72.020    401800.0
2014-05-12   72.220   72.250    261900.0
2014-05-13   72.320   71.160    447900.0
2014-05-14   71.110   71.320    430900.0
2014-05-15   71.260   71.670    311200.0
2014-05-16   71.590   72.350    290100.0
2014-05-19   72.310   72.330    635400.0
2014-05-20   72.330   72.580    516100.0
2014-05-21   72.670   71.220    406700.0
2014-05-22   71.210   71.020    322500.0
2014-05-23   71.230   71.370    376800.0
2014-05-27   71.450   71.960    526800.0
2014-05-28   71.810   71.600    295100.0
2014-05-29   71.700   71.790    274200.0
2014-05-30   71.790   72.350   1056400.0
2014-06-02   72.440   72.710    190300.0
2014-06-03   72.420   72.700    461400.0
2014-06-04   72.660   72.810    290100.0
2014-06-05   73.000   73.410    513300.0
2014-06-06   73.410   72.500    481300.0
2014-06-09   72.400   71.860    411500.0
2014-06-10   71.880   71.440    271600.0
2014-06-11   71.450   71.060    493600.0
2014-06-12   71.020   70.830    527100.0
2014-06-13   71.000   71.160    302000.0
2014-06-16   71.320   70.650    419300.0
2014-06-17   70.710   70.920    476400.0
2014-06-18   71.040   71.220    601100.0
2014-06-19   71.350   71.780    500600.0
2014-06-20   71.530   72.110    511800.0
2014-06-23   72.280   72.000    584600.0
2014-06-24   71.890   72.030    485700.0
2014-06-25   72.120   72.400    682100.0
2014-06-26   72.410   72.300    382900.0
2014-06-27   72.270   73.180    680700.0
2014-06-30   73.330   73.050    545000.0
2014-07-01   72.930   73.290    696300.0
2014-07-02   73.160   73.130    365000.0
2014-07-03   72.830   72.550    206600.0
2014-07-07   72.500   72.860    218100.0
2014-07-08   72.820   73.000    284900.0
2014-07-09   73.190   73.090    150400.0
2014-07-10   72.360   73.050    591400.0
2014-07-11   72.470   72.470    430500.0
2014-07-14   72.610   72.980    536800.0
2014-07-15   72.980   73.440    401800.0
2014-07-16   73.710   73.560    453700.0
2014-07-17   73.310   73.560    378200.0
2014-07-18   73.690   73.890    313000.0
2014-07-21   73.660   73.410    244100.0
2014-07-22   73.450   73.480    456000.0
2014-07-23   73.910   74.000    344200.0
2014-07-24   73.980   74.380    433100.0
2014-07-25   74.210   74.200    374500.0
2014-07-28   74.220   74.630    377700.0
2014-07-29   74.500   74.550    356000.0
2014-07-30   74.510   74.910    512900.0
2014-07-31   73.470   69.920   1889900.0
2014-08-01   69.660   69.960   1344400.0
2014-08-04   70.150   71.050    574400.0
2014-08-05   70.650   70.500    494300.0
2014-08-06   70.320   70.540    439700.0
2014-08-07   70.800   70.600    261500.0
2014-08-08   70.860   70.480    309800.0
2014-08-11   70.720   70.640    258800.0
2014-08-12   70.540   70.300    312600.0
2014-08-13   70.600   71.200    224700.0
2014-08-14   71.320   70.900    297000.0
2014-08-15   71.080   70.970    171700.0
2014-08-18   71.250   71.990    271700.0
2014-08-19   72.000   72.080    241000.0
2014-08-20   71.970   72.350    232900.0
2014-08-21   72.350   72.250    166500.0
2014-08-22   72.240   71.690    363500.0
2014-08-25   72.240   71.740    213200.0
2014-08-26   71.930   71.930    174000.0
2014-08-27   72.150   71.900    219100.0
2014-08-28   71.890   71.870    181300.0
2014-08-29   71.790   72.320    346500.0
2014-09-02   72.520   72.260    467100.0
2014-09-03   72.590   72.510    402000.0
2014-09-04   72.360   71.990    404000.0
2014-09-05   72.060   72.970    309600.0
2014-09-08   72.970   73.090    366200.0
2014-09-09   72.940   72.730    312600.0
2014-09-10   72.390   71.020    328900.0
2014-09-11   70.910   70.910    336900.0
2014-09-12   70.760   68.410    514300.0
2014-09-15   68.390   67.750    362200.0
2014-09-16   67.760   68.430    448000.0
2014-09-17   68.770   67.970    345400.0
2014-09-18   68.010   67.140    371200.0
2014-09-19   67.330   67.140    715400.0
2014-09-22   66.980   66.440    354293.0
2014-09-23   66.330   66.000    357364.0
2014-09-24   66.000   65.510    517233.0
2014-09-25   65.560   65.550    519709.0
2014-09-26   65.520   66.350    389335.0
2014-09-29   65.930   66.040    483496.0
2014-09-30   66.080   65.650   1075119.0
2014-10-01   65.630   66.210    591146.0
2014-10-02   66.210   66.290    493147.0
2014-10-03   66.670   66.620    396003.0
2014-10-06   66.740   66.580    351939.0
2014-10-07   66.440   66.040    627598.0
2014-10-08   66.250   67.430    408033.0
2014-10-09   67.310   67.120    458398.0
2014-10-10   66.580   66.600    373945.0
2014-10-13   66.620   66.700    618885.0
2014-10-14   66.860   67.990    479594.0
2014-10-15   67.450   67.850    626245.0
2014-10-16   67.350   67.580    695515.0
2014-10-17   68.110   67.480    365579.0
2014-10-20   67.500   68.870    408957.0
2014-10-21   69.140   69.470    332209.0
2014-10-22   69.720   69.340    343070.0
2014-10-23   69.780   70.070    399148.0
2014-10-24   70.170   69.690    460706.0
2014-10-27   69.670   70.390    338002.0
2014-10-28   70.390   70.350    258303.0
2014-10-29   70.160   70.020    712461.0
2014-10-30   70.030   70.210    626567.0
2014-10-31   70.710   70.660    829990.0
2014-11-03   70.810   71.940    520791.0
2014-11-04   71.800   71.870    523417.0
2014-11-05   72.120   71.530    323719.0
2014-11-06   71.480   70.850    400744.0
2014-11-07   70.880   70.720    399072.0
2014-11-10   70.610   71.710    619764.0
2014-11-11   71.700   71.670    292022.0
2014-11-12   71.600   70.800    304640.0
2014-11-13   71.070   71.560    471028.0
2014-11-14   71.390   70.770    456019.0
2014-11-17   70.670   71.540    583933.0
2014-11-18   71.480   72.470    521400.0
2014-11-19   72.320   71.620    353514.0
2014-11-20   71.650   71.800    253330.0
2014-11-21   72.230   72.350    229484.0
2014-11-24   72.610   72.810    286880.0
2014-11-25   72.850   72.970    458292.0
2014-11-26   73.080   73.450    261083.0
2014-11-28   73.370   73.660    232426.0
2014-12-01   73.590   72.420    457342.0
2014-12-02   72.360   72.560    360743.0
2014-12-03   72.650   72.320    229634.0
2014-12-04   72.470   72.630    464876.0
2014-12-05   72.330   71.960    289064.0
2014-12-08   71.980   72.820    444631.0
2014-12-09   72.460   73.450    350358.0
2014-12-10   73.360   73.250    233400.0
2014-12-11   73.850   73.820    409575.0
2014-12-12   73.700   73.370    354047.0
2014-12-15   73.350   72.310    482571.0
2014-12-16   72.410   72.450    391120.0
2014-12-17   72.560   74.150    428420.0
2014-12-18   74.510   74.510    274772.0
2014-12-19   74.410   74.690    591291.0
2014-12-22   74.850   76.170    240206.0
2014-12-23   76.390   76.210    304442.0
2014-12-24   76.200   76.000    213329.0
2014-12-26   76.030   75.930    173869.0
2014-12-29   75.890   76.240    215845.0
2014-12-30   75.970   76.010    190261.0
2014-12-31   76.240   74.680    264799.0
2015-01-02   74.470   76.150    276359.0
2015-01-05   75.860   75.860    549693.0
2015-01-06   76.280   77.180    833742.0
2015-01-07   76.480   78.140    544773.0
2015-01-08   78.140   78.340    544027.0
2015-01-09   78.370   78.830    476795.0
2015-01-12   79.610   80.860    497172.0
2015-01-13   80.350   79.890    448582.0
2015-01-14   79.220   80.630    545242.0
2015-01-15   80.700   80.640    464299.0
2015-01-16   80.690   81.440    416310.0
2015-01-20   81.840   80.390    485267.0
2015-01-21   80.460   81.080    267254.0
2015-01-22   81.250   82.050    383642.0
2015-01-23   82.110   82.110    330456.0
2015-01-26   82.040   82.490    654295.0
2015-01-27   82.470   82.480    225863.0
2015-01-28   82.470   81.720    543244.0
2015-01-29   81.580   80.720    862360.0
2015-01-30   80.700   79.320    686866.0
2015-02-02   79.310   79.570    549133.0
2015-02-03   79.170   79.270    576338.0
2015-02-04   79.240   78.720    760083.0
2015-02-05   79.010   77.530   1317671.0
2015-02-06   77.530   74.880   1087538.0
2015-02-09   75.370   73.820    755425.0
2015-02-10   73.790   73.930    669722.0
2015-02-11   74.080   73.580    545528.0
2015-02-12   73.790   74.410    667269.0
2015-02-13   74.310   73.820    354153.0
2015-02-17   73.810   73.800    368140.0
2015-02-18   74.100   75.100    587478.0
2015-02-19   74.840   73.700    673206.0
2015-02-20   73.560   74.490    495276.0
2015-02-23   74.810   74.460    572798.0
2015-02-24   74.130   73.150    509759.0
2015-02-25   73.250   73.450    391227.0
2015-02-26   73.420   71.970    511442.0
2015-02-27   72.100   72.470    595245.0
2015-03-02   72.610   73.260    519312.0
2015-03-03   73.210   73.100    367793.0
2015-03-04   73.260   73.240    702328.0
2015-03-05   73.340   73.520    556518.0
2015-03-06   72.590   71.150    544430.0
2015-03-09   71.640   71.770    401020.0
2015-03-10   71.700   71.850    401658.0
2015-03-11   71.850   72.270    575207.0
2015-03-12   72.740   73.940    875852.0
2015-03-13   74.050   74.150    748068.0
2015-03-16   74.440   75.360    554157.0
2015-03-17   75.350   76.430    979744.0
2015-03-18   76.630   77.720    624034.0
2015-03-19   77.420   77.460    605478.0
2015-03-20   77.720   79.590    971887.0
2015-03-23   79.590   79.170    566285.0
2015-03-24   79.180   78.290    482772.0
2015-03-25   78.390   76.910    276578.0
2015-03-26   76.870   76.720    274101.0
2015-03-27   76.780   76.730    305621.0
2015-03-30   77.070   77.870    283138.0
2015-03-31   77.590   77.270    407712.0
2015-04-01   77.290   77.320    463485.0
2015-04-02   76.870   77.970    393560.0
2015-04-06   78.270   78.800    427485.0
2015-04-07   78.730   77.490    317155.0
2015-04-08   77.780   78.150    391433.0
2015-04-09   78.650   76.070    318253.0
2015-04-10   76.510   75.670    432615.0
2015-04-13   74.720   74.790    602024.0
2015-04-14   75.220   75.400    417532.0
2015-04-15   75.480   74.490    365584.0
2015-04-16   74.170   75.130    275044.0
2015-04-17   74.880   74.960    365085.0
2015-04-20   75.040   75.240    336838.0
2015-04-21   75.620   75.570    291904.0
2015-04-22   75.530   76.570    295694.0
2015-04-23   76.380   77.060    312437.0
2015-04-24   77.150   76.730    267118.0
2015-04-27   77.030   76.600    435051.0
2015-04-28   76.640   76.720    247226.0
2015-04-29   76.150   75.710    343601.0
2015-04-30   77.110   74.610    501472.0
2015-05-01   74.760   76.230    662002.0
2015-05-04   76.530   77.040    832926.0
2015-05-05   76.750   74.950    800289.0
2015-05-06   75.130   75.160    595313.0
2015-05-07   75.330   76.320    451791.0
2015-05-08   77.240   77.140    275089.0
2015-05-11   76.900   75.490    329230.0
2015-05-12   75.010   75.650    244848.0
2015-05-13   75.320   74.490    498754.0
2015-05-14   75.050   75.850    386482.0
2015-05-15   76.130   76.850    234028.0
2015-05-18   76.450   76.840    381763.0
2015-05-19   76.640   76.770    299213.0
2015-05-20   76.970   76.860    238764.0
2015-05-21   77.090   76.790    430906.0
2015-05-22   76.550   77.040    406326.0
2015-05-26   76.900   76.250    223033.0
2015-05-27   76.410   77.090    303099.0
2015-05-28   77.150   77.330    503170.0
2015-05-29   77.340   76.390    865133.0
2015-06-01   76.630   77.370    460100.0
2015-06-02   76.960   76.160    262419.0
2015-06-03   76.200   74.590    340553.0
2015-06-04   74.550   74.750    407345.0
2015-06-05   74.100   74.560    604412.0
2015-06-08   74.710   73.960    295333.0
2015-06-09   74.020   73.170    489434.0
2015-06-10   73.220   73.630    444796.0
2015-06-11   74.030   74.090    369224.0
2015-06-12   74.200   74.220    337124.0
2015-06-15   74.180   73.580    412736.0
2015-06-16   73.770   74.070    463367.0
2015-06-17   74.240   73.980   1020667.0
2015-06-18   74.110   75.150    511732.0
2015-06-19   74.620   75.180    868712.0
2015-06-22   75.390   74.590    315634.0
2015-06-23   74.470   74.090    299574.0
2015-06-24   74.100   73.930    442312.0
2015-06-25   73.880   73.270    329519.0
2015-06-26   73.320   73.920    334153.0
2015-06-29   73.900   73.290    504975.0
2015-06-30   73.690   72.810    565067.0
2015-07-01   73.490   74.750    988163.0
2015-07-02   75.370   75.380    457830.0
2015-07-06   75.090   75.650    522827.0
2015-07-07   76.260   76.460    511793.0
2015-07-08   76.290   75.940    415766.0
2015-07-09   76.450   76.490    721294.0
2015-07-10   76.680   76.650    457781.0
2015-07-13   76.540   75.770    463580.0
2015-07-14   76.060   76.250    379481.0
2015-07-15   76.050   76.300    436421.0
2015-07-16   76.550   77.090    398979.0
2015-07-17   77.310   77.060    428578.0
2015-07-20   76.790   77.690    524669.0
2015-07-21   78.140   77.780    472101.0
2015-07-22   77.720   77.690    365425.0
2015-07-23   77.820   76.820    468110.0
2015-07-24   76.780   76.730    341905.0
2015-07-27   76.750   76.680    381933.0
2015-07-28   76.700   76.310    362485.0
2015-07-29   76.270   76.400    617012.0
2015-07-30   78.270   79.250   1249496.0
2015-07-31   80.060   80.340    674155.0
2015-08-03   80.470   81.180    616174.0
2015-08-04   81.070   80.430    669419.0
2015-08-05   80.500   79.700    648287.0
2015-08-06   79.780   80.550    647167.0
2015-08-07   80.470   81.200    501901.0
2015-08-10   81.530   81.170    524069.0
2015-08-11   80.930   81.710    670779.0
2015-08-12   81.690   81.630    510711.0
2015-08-13   81.260   81.640    930116.0
2015-08-14   81.660   82.820    480735.0
2015-08-17   83.190   84.130    491146.0
2015-08-18   83.590   84.360    551609.0
2015-08-19   83.590   83.630   1179954.0
2015-08-20   83.040   82.840    718856.0
2015-08-21   81.810   80.970    940407.0
2015-08-24   78.650   77.650    890360.0
2015-08-25   79.170   76.520    938853.0
2015-08-26   77.870   78.200    560357.0
2015-08-27   78.530   80.370    805861.0
2015-08-28   79.460   80.630    712121.0
2015-08-31   80.210   78.590    885300.0
2015-09-01   77.440   77.490    593338.0
2015-09-02   78.240   78.060    354572.0
2015-09-03   78.820   77.860    395957.0
2015-09-04   77.050   76.060    354034.0
2015-09-08   76.730   76.350   2218500.0
2015-09-09   76.840   75.430    616684.0
2015-09-10   75.000   76.040    553393.0
2015-09-11   76.070   77.670    699849.0
2015-09-14   78.040   77.830    335016.0
2015-09-15   77.630   78.650    495277.0
2015-09-16   78.600   79.840    606277.0
2015-09-17   79.830   81.010    707570.0
2015-09-18   80.190   81.220    990163.0
2015-09-21   81.600   81.670    634906.0
2015-09-22   81.250   80.380    811546.0
2015-09-23   80.790   82.020    570636.0
2015-09-24   81.840   80.760    489018.0
2015-09-25   80.800   80.640    560710.0
2015-09-28   80.510   79.320    482134.0
2015-09-29   79.630   80.970    538371.0
2015-09-30   81.460   81.870    666385.0
2015-10-01   82.090   82.770    531859.0
2015-10-02   82.540   84.160    474804.0
2015-10-05   83.760   84.220    574527.0
2015-10-06   84.220   82.880    498742.0
2015-10-07   83.180   83.590    489275.0
2015-10-08   83.570   83.980    318044.0
2015-10-09   83.990   84.250    479967.0
2015-10-12   84.370   84.260    373039.0
2015-10-13   83.330   82.800    437230.0
2015-10-14   83.140   81.830    354617.0
2015-10-15   82.170   83.890    376009.0
2015-10-16   83.880   83.970    387415.0
2015-10-19   83.920   85.700    430842.0
2015-10-20   86.500   85.840    630735.0
2015-10-21   85.920   85.260    596961.0
2015-10-22   85.780   85.850    699571.0
2015-10-23   85.610   85.780    520134.0
2015-10-26   85.810   85.830    477148.0
2015-10-27   85.920   86.140    433566.0
2015-10-28   86.080   85.300    568129.0
2015-10-29   85.050   87.550    698716.0
2015-10-30   87.930   85.190    629051.0
2015-11-02   85.070   87.020    505232.0
2015-11-03   86.740   86.140    509348.0
2015-11-04   86.060   86.180    367213.0
2015-11-05   85.750   86.020    404822.0
2015-11-06   84.910   83.310    649019.0
2015-11-09   82.790   82.720    470815.0
2015-11-10   82.110   83.500    462258.0
2015-11-11   83.840   84.320    222220.0
2015-11-12   84.160   83.960    223701.0
2015-11-13   84.360   84.190    430104.0
2015-11-16   84.190   85.640    409531.0
2015-11-17   85.420   86.500    439393.0
2015-11-18   86.540   87.080    291339.0
2015-11-19   87.100   87.600    386376.0
2015-11-20   87.840   88.660    405027.0
2015-11-23   88.720   88.470    322891.0
2015-11-24   88.000   87.710    282890.0
2015-11-25   87.960   88.650    203617.0
2015-11-27   88.370   89.400    135876.0
2015-11-30   89.440   88.560    381395.0
2015-12-01   88.760   89.880    305150.0
2015-12-02   89.630   88.560    303903.0
2015-12-03   88.260   86.800    415187.0
2015-12-04   86.840   88.950    239239.0
2015-12-07   88.960   88.420    282074.0
2015-12-08   88.250   88.200    314219.0
2015-12-09   87.760   87.620    286266.0
2015-12-10   87.780   87.800    463875.0
2015-12-11   87.250   88.420    873123.0
2015-12-14   87.930   89.540    537424.0
2015-12-15   89.970   90.040    510735.0
2015-12-16   89.390   91.350    389254.0
2015-12-17   91.530   90.350    518235.0
2015-12-18   90.060   89.860    720503.0
2015-12-21   90.730   90.140    468732.0
2015-12-22   90.950   90.560    327450.0
2015-12-23   90.870   90.870    286517.0
2015-12-24   90.820   91.080    176038.0
2015-12-28   91.060   91.670    301461.0
2015-12-29   91.850   92.400    322867.0
2015-12-30   92.530   91.810    347236.0
2015-12-31   92.070   90.810    504268.0
2016-01-04   90.410   90.030    564556.0
2016-01-05   90.340   91.160    515462.0
2016-01-06   90.410   90.690    462018.0
2016-01-07   89.630   90.850    697989.0
2016-01-08   91.130   90.260    575355.0
2016-01-11   90.460   90.560    698922.0
2016-01-12   90.890   90.290    491377.0
2016-01-13   89.730   89.300    546038.0
2016-01-14   89.270   89.390    792653.0
2016-01-15   88.050   90.350    968477.0
2016-01-19   90.790   91.080    550900.0
2016-01-20   90.360   89.370    995767.0
2016-01-21   89.950   89.340    650378.0
2016-01-22   90.320   91.480    678841.0
2016-01-25   91.490   92.530    680155.0
2016-01-26   92.840   94.800    709921.0
2016-01-27   94.670   92.360    693172.0
2016-01-28   92.620   91.930    493133.0
2016-01-29   92.850   93.820    941068.0
2016-02-01   93.200   93.850    714118.0
2016-02-02   93.680   92.410    762775.0
2016-02-03   92.820   92.470    930851.0
2016-02-04   90.470   87.630   1655493.0
2016-02-05   87.310   85.560    978128.0
2016-02-08   85.410   84.640    663430.0
2016-02-09   83.790   85.180    633144.0
2016-02-10   85.500   86.220    899819.0
2016-02-11   85.050   84.870    588327.0
2016-02-12   85.620   85.490    753797.0
2016-02-16   86.340   88.320    815754.0
2016-02-17   88.500   88.850    626179.0
2016-02-18   89.260   91.410    808527.0
2016-02-19   90.750   91.600    622993.0
2016-02-22   91.900   92.970    462047.0
2016-02-23   92.420   92.030    881949.0
2016-02-24   91.400   91.210   1181728.0
2016-02-25   91.750   92.280    534473.0
2016-02-26   92.280   91.750    663379.0
2016-02-29   91.910   89.940   3963736.0
2016-03-01   90.730   93.880    683080.0
2016-03-02   93.520   94.500    542778.0
2016-03-03   94.660   94.090    501457.0
2016-03-04   93.920   93.370    590551.0
2016-03-07   92.850   93.790    432781.0
2016-03-08   93.990   93.970    637405.0
2016-03-09   93.810   94.090    303210.0
2016-03-10   94.730   94.060    353809.0
2016-03-11   94.330   95.540    412594.0
2016-03-14   95.510   96.120    339954.0
2016-03-15   95.750   97.200    414692.0
2016-03-16   96.780   99.380    841507.0
2016-03-17   99.440  100.980    500624.0
2016-03-18  100.950  101.250    819394.0
2016-03-21  100.500   99.500   1003934.0
2016-03-22   99.360   99.430    654148.0
2016-03-23   99.550   98.950    296243.0
2016-03-24   98.610   98.310    466058.0
2016-03-28   98.990   99.410    266799.0
2016-03-29   99.750  101.290    603561.0
2016-03-30  101.350  101.480    245385.0
2016-03-31  101.220  102.210    571706.0
2016-04-01  101.730  102.520    325152.0
2016-04-04  102.780  102.060    296022.0
2016-04-05  101.410  101.790    420585.0
2016-04-06  101.490  102.300    273621.0
2016-04-07  101.920  101.940    510373.0
2016-04-08  102.320  102.740    244959.0
2016-04-11  102.580  101.250    327238.0
2016-04-12  101.470  101.800    529637.0
2016-04-13  101.460   99.250    689322.0
2016-04-14   98.950   96.130    820237.0
2016-04-15   96.000   97.850    822544.0
2016-04-18   98.000   98.660    374172.0
2016-04-19   98.930   99.050    409589.0
2016-04-20   98.980   97.000    365552.0
2016-04-21   97.070   95.630    270286.0
2016-04-22   94.570   96.410    426233.0
2016-04-25   96.170   97.250    509860.0
2016-04-26   97.650   97.520    322528.0
2016-04-27   97.370   96.650    483944.0
2016-04-28   96.380   96.560    230399.0
2016-04-29   96.210   95.710    343411.0
2016-05-02   95.770   97.410    294467.0
2016-05-03   97.190   97.440    468903.0
2016-05-04   96.810   99.180    349626.0
2016-05-05   98.830  100.570    476285.0
2016-05-06  100.480  102.100    462463.0
2016-05-09  102.410  102.630    437962.0
2016-05-10  103.080  102.810    400704.0
2016-05-11  102.880  100.680    491441.0
2016-05-12  100.900  101.870    566593.0
2016-05-13  102.010  102.720    534796.0
2016-05-16  102.720  103.660    435142.0
2016-05-17  103.320  101.130    410453.0
2016-05-18  100.790   99.570    666031.0
2016-05-19   98.570   99.090    278855.0
2016-05-20   99.590  100.000    402308.0
2016-05-23  100.460   99.420    248268.0
2016-05-24  100.080  101.530    507420.0
2016-05-25  101.680  101.200    482159.0
2016-05-26  101.000  100.910    621358.0
2016-05-27  101.090  102.350    361604.0
2016-05-31  102.450  102.990    639877.0
2016-06-01  102.350  102.760    542486.0
2016-06-02  102.430  101.900    572868.0
2016-06-03  102.710  100.250    880035.0
2016-06-06   99.940   98.150    711500.0
2016-06-07   98.300   98.190    569728.0
2016-06-08   98.330   98.140    735328.0
2016-06-09   98.200   98.480    700413.0
2016-06-10   97.830   98.140    498074.0
2016-06-13   98.360  100.360    561688.0
2016-06-14  100.460  100.080    323359.0
2016-06-15  100.190  101.360    654414.0
2016-06-16  101.190  102.170    445109.0
2016-06-17  102.250  101.680    572421.0
2016-06-20  102.180  101.480    352366.0
2016-06-21  101.510  101.760    249306.0
2016-06-22  102.040  101.970    405239.0
2016-06-23  102.780  102.330    431684.0
2016-06-24  100.550  101.110   1144475.0
2016-06-27  100.620  102.910    681640.0
2016-06-28  103.290  104.650    645918.0
2016-06-29  105.340  105.300    906322.0
2016-06-30  105.360  106.400   1340384.0
2016-07-01  106.980  107.330    591072.0
2016-07-05  107.310  109.300    504472.0
2016-07-06  109.110  109.670    543852.0
2016-07-07  109.300  108.490    458525.0
2016-07-08  108.740  108.010    770735.0
2016-07-11  108.340  107.880    773879.0
2016-07-12  107.910  108.530    681654.0
2016-07-13  108.020  108.020    421476.0
2016-07-14  108.540  106.070    565140.0
2016-07-15  106.600  105.360    838383.0
2016-07-18  105.640  105.140    272218.0
2016-07-19  105.210  106.100    339071.0
2016-07-20  106.110  106.010    483811.0
2016-07-21  106.050  105.710    404469.0
2016-07-22  105.740  106.750    323755.0
2016-07-25  106.860  106.450    337668.0
2016-07-26  106.500  105.770    333097.0
2016-07-27  105.420  103.770    948583.0
2016-07-28  103.000  103.800    534944.0
2016-07-29  103.680  106.020    573638.0
2016-08-01  106.020  105.720    392194.0
2016-08-02  105.640  104.240    299262.0
2016-08-03  104.400  103.030    254976.0
2016-08-04  103.560  102.760    280221.0
2016-08-05  102.910  103.200    290405.0
2016-08-08  103.320  103.280    370203.0
2016-08-09  103.370  103.200    247744.0
2016-08-10  103.260  103.000    302089.0
2016-08-11  103.170  101.420    553998.0
2016-08-12  101.350  102.150    439548.0
2016-08-15   98.470   97.150   3730783.0
2016-08-16   96.750   94.010   2966385.0
2016-08-17   94.470   95.020   1603016.0
2016-08-18   95.050   94.300   1566677.0
2016-08-19   94.920   94.560    921904.0
2016-08-22   94.580   94.360    800622.0
2016-08-23   94.590   94.360    700037.0
2016-08-24   94.360   93.150    735695.0
2016-08-25   93.260   94.380    962321.0
2016-08-26   94.420   93.770   1181481.0
2016-08-29   94.230   94.410    718370.0
2016-08-30   94.410   93.880    492692.0
2016-08-31   93.690   93.990    953160.0
2016-09-01   93.990   95.000    620998.0
2016-09-02   95.350   95.830    735648.0
2016-09-06   95.770   95.980    751196.0
2016-09-07   95.980   95.500    743628.0
2016-09-08   95.540   94.990    641470.0
2016-09-09   94.060   92.510    806736.0
2016-09-12   92.230   94.070    716610.0
2016-09-13   92.950   91.960    804102.0
2016-09-14   92.420   92.970    544896.0
2016-09-15   92.830   92.740    581773.0
2016-09-16   92.380   92.620    727153.0
2016-09-19   92.780   94.270    773896.0
2016-09-20   94.900   94.460    578852.0
2016-09-21   94.660   94.830    571241.0
2016-09-22   95.740   95.880    667235.0
2016-09-23   95.550   96.180    853379.0
2016-09-26   95.990   97.380    725730.0
2016-09-27   97.620   95.950    782806.0
2016-09-28   96.170   97.640    703990.0
2016-09-29   97.320   96.150    797596.0
2016-09-30   96.590   93.990    800437.0
2016-10-03   93.770   92.030    805287.0
2016-10-04   91.930   90.540    687000.0
2016-10-05   90.900   87.690    910158.0
2016-10-06   87.250   86.740    793055.0
2016-10-07   87.040   86.010   1247917.0
2016-10-10   86.160   87.080    454239.0
2016-10-11   86.900   85.940    749891.0
2016-10-12   85.470   87.010    450964.0
2016-10-13   87.010   88.890   1128171.0
2016-10-14   89.020   89.000    745423.0
2016-10-17   89.860   90.550   1050256.0
2016-10-18   91.270   91.910    707724.0
2016-10-19   91.620   91.320    615177.0
2016-10-20   92.540   92.020    748165.0
2016-10-21   91.520   92.260    419431.0
2016-10-24   93.590   92.610    394223.0
2016-10-25   92.130   92.800    297738.0
2016-10-26   92.470   92.560    481714.0
2016-10-27   92.470   89.980    728548.0
2016-10-28   90.750   90.350   1328249.0
2016-10-31   90.420   92.750    953125.0
2016-11-01   92.520   92.220    618113.0
2016-11-02   92.310   92.570    844368.0
2016-11-03   92.650   93.680    644800.0
2016-11-04   93.680   94.150    748028.0
2016-11-07   95.220   93.940   1120355.0
2016-11-08   93.910   95.230    622244.0
2016-11-09   94.730   93.750    909790.0
2016-11-10   93.390   91.560    901388.0
2016-11-11   91.600   91.730    696891.0
2016-11-14   91.200   92.700    703078.0
2016-11-15   92.880   90.000    639262.0
2016-11-16   89.940   90.930    559809.0
2016-11-17   90.450   89.690    389843.0
2016-11-18   89.660   89.050    401479.0
2016-11-21   89.220   89.000    506411.0
2016-11-22   89.320   90.880    705004.0
2016-11-23   90.150   90.850    608785.0
2016-11-25   90.780   91.520    305842.0
2016-11-28   91.650   92.260    941763.0
2016-11-29   92.260   93.810   1501328.0
2016-11-30   93.870   91.630   6673297.0
2016-12-01   91.410   88.900  24658164.0
2016-12-02   90.940   89.330   2292968.0
2016-12-05   89.300   88.870   1781762.0
2016-12-06   88.810   88.490   1712588.0
2016-12-07   88.810   89.000   1585151.0
2016-12-08   88.830   92.130   1271911.0
2016-12-09   92.400   93.230   1371179.0
2016-12-12   92.620   94.760   1243364.0
2016-12-13   95.260   95.630   1432207.0
2016-12-14   95.720   94.700   1687266.0
2016-12-15   94.190   95.460   1542320.0
2016-12-16   96.390   96.710   4634189.0
2016-12-19   97.500   96.890   1196636.0
2016-12-20   96.840   97.430    922802.0
2016-12-21   97.160   94.330   1374410.0
2016-12-22   94.500   95.390    831408.0
2016-12-23   95.700   95.530    670240.0
2016-12-27   95.680   96.330    596228.0
2016-12-28   96.550   95.890    600497.0
2016-12-29   96.000   96.590    513457.0
2016-12-30   96.770   97.920    847758.0
2017-01-03   98.290   97.320   1006107.0
2017-01-04   97.700   98.210    890078.0
2017-01-05   98.110   98.080    897936.0
2017-01-06   98.160   98.000    933798.0
2017-01-09   97.950   97.400    991069.0
2017-01-10   97.110   97.500    743946.0
2017-01-11   96.300   94.980    907884.0
2017-01-12   94.730   96.110    670275.0
2017-01-13   95.950   95.120    404701.0
2017-01-17   95.170   96.710    843858.0
2017-01-18   96.880   96.320    638059.0
2017-01-19   96.170   95.260    508659.0
2017-01-20   95.350   95.870    495685.0
2017-01-23   96.180   95.940    403292.0
2017-01-24   95.930   96.650   1032789.0
2017-01-25   96.820   96.680   1028973.0
2017-01-26   96.640   96.810    698620.0
2017-01-27   97.240   95.730    502694.0
2017-01-30   95.520   94.800    619617.0
2017-01-31   94.900   94.950   1000628.0
2017-02-01   94.970   93.780    824659.0
2017-02-02   93.590   97.660   1624223.0
2017-02-03   98.190   97.980   1054464.0
2017-02-06   97.800   97.820    680351.0
2017-02-07   97.640   97.370    661873.0
2017-02-08   97.470   97.730    616519.0
2017-02-09   97.580   97.900    545947.0
2017-02-10   97.580   98.510    393192.0
2017-02-13   98.560   98.410    531196.0
2017-02-14   98.460   98.790    747630.0
2017-02-15   97.890   98.210    572336.0
2017-02-16   98.330   99.470    544415.0
2017-02-17   99.800   99.620   1069560.0
2017-02-21   99.260  100.550    579050.0
2017-02-22  100.710  100.350    668130.0
2017-02-23  100.720  101.560    542803.0
2017-02-24  102.000  102.050    698030.0
2017-02-27  102.320  102.710    612440.0
2017-02-28  102.780  102.730    665991.0
2017-03-01  103.000  102.570    864822.0
2017-03-02  102.640  101.380   1269187.0
2017-03-03  101.220  101.090    950248.0
2017-03-06  100.700  100.740    545588.0
2017-03-07  100.750  100.780    537169.0
2017-03-08  100.490   99.960    653464.0
2017-03-09  100.080   98.130    790611.0
2017-03-10   98.880   97.150   1067829.0
2017-03-13   97.380   97.760   1116200.0
2017-03-14   98.750   98.890   1073640.0
2017-03-15   98.870  101.130    993409.0
2017-03-16  101.000  101.220    921616.0
2017-03-17  101.320  101.780   2075913.0
2017-03-20  101.910  101.160    386384.0
2017-03-21  101.580  101.150    763958.0
2017-03-22  101.680  101.270    629289.0
2017-03-23  101.270  101.910    659927.0
2017-03-24  102.200  101.910    350759.0
2017-03-27  101.820  101.160    641301.0
2017-03-28  101.090  101.020    599099.0
2017-03-29  100.980  102.030    733469.0
2017-03-30  101.820  101.780    609565.0
2017-03-31  101.540  101.740    534700.0
2017-04-03  101.700  101.770    490064.0
2017-04-04  101.750  102.550    638955.0
2017-04-05  102.320  102.730    505888.0
2017-04-06  102.610  102.790    380084.0
2017-04-07  102.900  101.930    535934.0
2017-04-10  101.860  102.740    564208.0
2017-04-11  102.090  102.850    872044.0
2017-04-12  102.690  101.830   1128779.0
2017-04-13  101.810  101.090    728513.0
2017-04-17  101.380  101.720   1131003.0
2017-04-18  101.670  101.900    746695.0
2017-04-19  101.930  101.390    541922.0
2017-04-20  101.620  101.560    511663.0
2017-04-21  101.490  101.270    450120.0
2017-04-24  101.930  101.330    586325.0
2017-04-25  101.420  101.460    626060.0
2017-04-26  101.540  101.000    958405.0
2017-04-27   98.690   98.000   1624574.0
2017-04-28   97.290   99.210   1084110.0
2017-05-01   99.590   99.610    650705.0
2017-05-02   99.590   99.570    559112.0
2017-05-03   99.430   98.440    391716.0
2017-05-04   98.330   99.020    590543.0
2017-05-05   99.120  100.050    537580.0
2017-05-08  100.190   99.410    427172.0
2017-05-09   99.250   98.760    425884.0
2017-05-10   98.570   98.700    467910.0
2017-05-11   98.380   98.790    485813.0
2017-05-12   98.830   98.340    572193.0
2017-05-15   98.390   99.150    461660.0
2017-05-16   98.930   98.700    549285.0
2017-05-17   98.510   99.330    564288.0
2017-05-18   99.640   99.890    633600.0
2017-05-19  100.110  100.000    639124.0
2017-05-22  100.030  100.060    437247.0
2017-05-23  100.280  100.110    334110.0
2017-05-24  100.360  100.530    309326.0
2017-05-25  100.840  100.790    286689.0
2017-05-26  101.000  101.130    544516.0
2017-05-30  101.000  101.050    394925.0
2017-05-31  101.080  101.940    976099.0
2017-06-01  101.820  102.200    904370.0
2017-06-02  102.780  104.290    900054.0
2017-06-05  104.140  105.570    745372.0
2017-06-06  105.650  105.020    572349.0
2017-06-07  105.300  106.790    891955.0
2017-06-08  106.850  107.370    748533.0
2017-06-09  107.290  107.200    859246.0
2017-06-12  107.040  107.400    747643.0
2017-06-13  107.320  108.160    671197.0
2017-06-14  108.580  108.880    843541.0
2017-06-15  108.720  110.000   1082633.0
2017-06-16  110.100  110.040    900324.0
2017-06-19  110.000  110.320    353458.0
2017-06-20  110.270  109.870    618376.0
2017-06-21  109.860  110.190    579597.0
2017-06-22  110.100  109.300    585828.0
2017-06-23  109.300  109.180   1207786.0
2017-06-26  109.220  108.600    559347.0
2017-06-27  108.380  106.720   1047607.0
2017-06-28  106.830  106.250    656499.0
2017-06-29  105.360  105.600    444717.0
2017-06-30  105.440  105.380    671598.0
2017-07-03  105.880  105.900    348372.0
2017-07-05  105.910  105.320    752709.0
2017-07-06  104.200  101.550    937633.0
2017-07-07  101.660  102.370    663750.0
2017-07-10  102.370  100.630    682934.0
2017-07-11  100.730   99.590    857725.0
2017-07-12   99.640   99.830    935329.0
2017-07-13   99.960   99.740    568727.0
2017-07-14  100.060  100.410    544030.0
2017-07-17  100.460  101.240    610503.0
2017-07-18  101.240  100.920    869020.0
2017-07-19  101.000  101.300    783347.0
2017-07-20  101.610  101.010    676179.0
2017-07-21  100.970  101.190    899005.0
2017-07-24  101.490  102.110    804844.0
2017-07-25  102.270  101.410    585006.0
2017-07-26  101.400  102.240    416077.0
2017-07-27  101.230  102.900    966143.0
2017-07-28  103.000  103.710    699347.0
2017-07-31  103.750  103.530    837483.0
2017-08-01  103.800  103.880    455101.0
2017-08-02  103.610  103.850    469124.0
2017-08-03  103.860  103.940    409550.0
2017-08-04  103.940  103.760    398976.0
2017-08-07  103.830  104.020    374163.0
2017-08-08  103.920  104.360    485832.0
2017-08-09  104.360  105.090    541158.0
2017-08-10  104.890  104.480    395089.0
2017-08-11  104.800  104.020    392659.0
2017-08-14  104.470  106.200    486945.0
2017-08-15  106.070  107.100    672236.0
2017-08-16  107.410  106.690    588899.0
2017-08-17  106.550  106.520    448055.0
2017-08-18  106.150  105.770    496022.0
2017-08-21  105.850  107.450    501124.0
2017-08-22  107.450  106.890    411802.0
2017-08-23  106.770  107.620    309910.0
2017-08-24  107.750  107.470    558710.0
2017-08-25  107.560  107.090    365678.0
2017-08-28  107.090  106.330    524798.0
2017-08-29  106.240  105.780    453108.0
2017-08-30  105.650  106.620    327529.0
2017-08-31  106.790  106.460    497566.0
2017-09-01  106.630  106.220    310954.0
2017-09-05  106.190  106.490    542942.0
2017-09-06  106.690  106.370    510220.0
2017-09-07  106.520  107.030    556129.0
2017-09-08  107.300  107.940    839116.0
2017-09-11  108.170  109.110    567847.0
2017-09-12  108.860  107.060    507985.0
2017-09-13  106.900  106.250    452339.0
2017-09-14  106.040  107.010    406011.0
2017-09-15  107.200  108.220   1381027.0
2017-09-18  108.280  108.260    753527.0
2017-09-19  108.280  107.700    962289.0
2017-09-20  107.620  107.300    726377.0
2017-09-21  107.210  107.270    667079.0
2017-09-22  107.400  107.160    758850.0
2017-09-25  107.260  106.910    420413.0
2017-09-26  106.850  107.110    513654.0
2017-09-27  106.700  106.050    453298.0
2017-09-28  105.950  105.990    419518.0
2017-09-29  105.750  106.880    518832.0
2017-10-02  107.090  107.200    644967.0
2017-10-03  107.270  107.180    541493.0
2017-10-04  107.160  107.880    422455.0
2017-10-05  108.180  108.260    516853.0
2017-10-06  107.850  107.930    356781.0
2017-10-09  107.820  108.340    525554.0
2017-10-10  108.660  108.520    899435.0
2017-10-11  108.500  108.800    505623.0
2017-10-12  108.000  108.660    566300.0
2017-10-13  109.700  108.780    513947.0
2017-10-16  108.840  107.550    669609.0
2017-10-17  107.350  107.160    503823.0
2017-10-18  107.050  105.820    818400.0
2017-10-19  105.480  105.090    738110.0
2017-10-20  105.120  104.810    738841.0
2017-10-23  105.220  104.410    741980.0
2017-10-24  104.300  104.160    677778.0
2017-10-25  104.010  104.185    473795.0
2017-10-26  102.750   99.720   1695362.0
2017-10-27   99.500  100.550    945844.0
2017-10-30  100.810  101.990    947308.0
2017-10-31  101.930  102.350    701660.0
2017-11-01  102.730  103.110    557117.0
2017-11-02  103.090  102.170    583710.0
2017-11-03  101.770  103.390    459663.0
2017-11-06  103.580  104.280    450394.0
2017-11-07  104.250  105.030    479569.0
2017-11-09  105.510  105.610    336258.0
2017-11-10  105.100  105.470    372872.0
2017-11-13  105.740  106.030    578581.0
2017-11-14  105.990  103.940   1177137.0
2017-11-15  104.020  102.200    950445.0
2017-11-16  102.390  103.140    631299.0
2017-11-17  102.800  102.360    945170.0
2017-11-20  102.670  102.780    707891.0
2017-11-21  102.760  104.590    700796.0
2017-11-22  104.290  104.120    420592.0
2017-11-24  104.510  104.160    207816.0
2017-11-27  103.600  103.290    533965.0
2017-11-28  103.240  102.870    523037.0
2017-11-29  101.500  102.250    754226.0
2017-11-30  102.310  102.440   1141848.0
2017-12-01  102.800  102.840    722301.0
2017-12-04  102.800  102.520    624023.0
2017-12-05  102.320  101.410    627908.0
2017-12-06  101.730  102.330    472517.0
2017-12-07  101.940  102.270    527609.0
2017-12-08  102.190  103.130    491438.0
2017-12-11  102.940  102.880    440859.0
2017-12-12  103.150  103.880    967414.0
2017-12-13  103.900  102.570    829225.0
2017-12-14  101.880  102.450    661910.0
2017-12-15  102.935  103.100    988764.0
2017-12-18  103.490  102.950    516889.0
2017-12-19  101.470   99.500    570847.0
2017-12-20   99.720   99.480   1055707.0
2017-12-21   99.910   98.770    436119.0
2017-12-22   99.190   99.750    636766.0
2017-12-26  100.010  100.150    296182.0
2017-12-27  100.300  100.070    282714.0
2017-12-28  100.100  100.560    382192.0
2017-12-29  100.860  100.560    461242.0
2018-01-02  100.600   99.600    901551.0
2018-01-03   99.370   99.490    932878.0
2018-01-04   99.110   96.580    733775.0
2018-01-05   96.580   96.150    958644.0
2018-01-08   96.160   96.480    555409.0
2018-01-09   96.390   95.010    643519.0
2018-01-10   94.500   93.910    693742.0
2018-01-11   93.380   92.070    605252.0
2018-01-12   92.000   91.320    856749.0
2018-01-16   91.630   92.200    885489.0
2018-01-17   92.740   92.870    878224.0
2018-01-18   92.470   91.540    658665.0
2018-01-19   92.430   92.520    711580.0
2018-01-22   92.500   93.250    563776.0
2018-01-23   93.400   95.000    691511.0
2018-01-24   94.850   94.610    778091.0
2018-01-25   94.620   94.500    580665.0
2018-01-26   94.770   94.510    544363.0
2018-01-29   94.230   93.250    569354.0
2018-01-30   93.000   92.960    700577.0
2018-01-31   92.820   95.370   1152574.0
2018-02-01   94.500   91.750   1467190.0
2018-02-02   90.960   91.690    873214.0
2018-02-05   91.730   88.900   1018290.0
2018-02-06   87.890   89.190   1045409.0
2018-02-07   88.800   87.930    845555.0
2018-02-08   87.540   85.390    954191.0
2018-02-09   85.750   87.750   1498915.0
2018-02-12   88.320   87.740   1059752.0
2018-02-13   87.830   87.990    767938.0
2018-02-14   87.220   87.850    749865.0
2018-02-15   88.090   88.980    645213.0
2018-02-16   88.950   88.750   1763836.0
2018-02-20   88.270   88.250    830545.0
2018-02-21   88.060   85.510    874997.0
2018-02-22   85.710   85.910    846799.0
2018-02-23   86.440   88.050    508215.0
2018-02-26   88.340   87.770    610793.0
2018-02-27   87.870   85.590    699369.0
2018-02-28   86.080   85.820   1050135.0
2018-03-01   85.510   85.910    968680.0
2018-03-02   85.420   85.680    836307.0
2018-03-05   85.580   86.750    913341.0
2018-03-06   86.680   86.220    867851.0
2018-03-07   86.030   86.700   1502958.0
2018-03-08   86.920   87.030   1067741.0
2018-03-09   87.310   89.360   1060636.0
2018-03-12   89.160   89.340    675427.0
2018-03-13   89.830   89.470    615142.0
2018-03-14   89.650   90.380    855631.0
2018-03-15   90.560   90.850    889416.0
2018-03-16   91.130   91.900   1055790.0
2018-03-19   91.700   91.030    631622.0
2018-03-20   91.110   89.850    743225.0
2018-03-21   89.890   89.470    524932.0
2018-03-22   89.110   88.160    738582.0
2018-03-23   88.130   86.830    801054.0
2018-03-26   87.540   87.850    597865.0
2018-03-27   87.810   88.200    773497.0