date    open  close     volume
                                   
2014-04-16  27.000  26.15  4441800.0
2014-04-17  26.230  26.09   299300.0
2014-04-21  26.140  25.95   142400.0
2014-04-22  26.000  26.25   365700.0
2014-04-23  26.090  26.88   158800.0
2014-04-24  27.000  27.77   104400.0
2014-04-25  27.700  26.96   140300.0
2014-04-28  26.870  27.00   111500.0
2014-04-29  27.000  26.95    57600.0
2014-04-30  26.900  26.56   154300.0
2014-05-01  26.400  26.73   102400.0
2014-05-02  26.580  26.87   307200.0
2014-05-05  26.930  26.67   132400.0
2014-05-06  26.470  26.44    38900.0
2014-05-07  26.400  26.73    58200.0
2014-05-08  26.910  26.29    84400.0
2014-05-09  26.200  27.55   109800.0
2014-05-12  27.660  28.00   265600.0
2014-05-13  28.360  29.50   119300.0
2014-05-14  29.510  29.23    88200.0
2014-05-15  29.000  29.15   118600.0
2014-05-16  29.150  29.25    51000.0
2014-05-19  29.080  29.98    96300.0
2014-05-20  30.000  29.71    77400.0
2014-05-21  29.660  30.10   105600.0
2014-05-22  30.210  30.30   117000.0
2014-05-23  30.490  30.24    26200.0
2014-05-27  30.260  30.37    54800.0
2014-05-28  30.400  30.28    50800.0
2014-05-29  30.450  30.43    74600.0
2014-05-30  30.360  31.46   113500.0
2014-06-02  31.670  31.28    78900.0
2014-06-03  31.180  32.20   259700.0
2014-06-04  32.120  32.28   133100.0
2014-06-05  32.180  32.41    97600.0
2014-06-06  32.410  32.76   130300.0
2014-06-09  32.810  33.51   173700.0
2014-06-10  33.500  33.33   140800.0
2014-06-11  33.330  33.32   106500.0
2014-06-12  33.470  34.24   195900.0
2014-06-13  34.170  34.10   129400.0
2014-06-16  34.060  34.07   140300.0
2014-06-17  33.405  34.10   183500.0
2014-06-18  34.310  33.61   187700.0
2014-06-19  33.650  33.81   120500.0
2014-06-20  33.770  34.33   495400.0
2014-06-23  34.190  35.53   126600.0
2014-06-24  35.670  34.99   152200.0
2014-06-25  34.740  34.37   106900.0
2014-06-26  34.550  34.55   107800.0
2014-06-27  34.490  33.20   647400.0
2014-06-30  33.340  33.61   194000.0
2014-07-01  33.650  33.60    89600.0
2014-07-02  33.620  33.71   126200.0
2014-07-03  33.870  33.63    47200.0
2014-07-07  33.560  32.71    88600.0
2014-07-08  32.660  31.35   140500.0
2014-07-09  31.410  30.85    82700.0
2014-07-10  30.700  30.61   163900.0
2014-07-11  30.720  30.32   128000.0
2014-07-14  30.550  30.42    79200.0
2014-07-15  30.340  30.63   150700.0
2014-07-16  30.870  30.83   162900.0
2014-07-17  30.770  30.56   203500.0
2014-07-18  30.440  31.47   168300.0
2014-07-21  31.500  32.86   213100.0
2014-07-22  33.130  33.61   149200.0
2014-07-23  33.540  33.90    66600.0
2014-07-24  34.150  34.58    99700.0
2014-07-25  34.460  33.81    73700.0
2014-07-28  33.380  33.10   137600.0
2014-07-29  33.270  32.76   124700.0
2014-07-30  33.010  34.08    96700.0
2014-07-31  33.710  34.06   131900.0
2014-08-01  34.120  34.05   122800.0
2014-08-04  34.310  34.16    80800.0
2014-08-05  34.300  33.92   127400.0
2014-08-06  33.840  33.96    59300.0
2014-08-07  34.180  33.82    75500.0
2014-08-08  33.680  34.01    34100.0
2014-08-11  34.640  34.08    42300.0
2014-08-12  33.950  34.24    45200.0
2014-08-13  34.470  35.06   263900.0
2014-08-14  35.120  34.86   103700.0
2014-08-15  35.050  34.96    66800.0
2014-08-18  35.080  34.87   105900.0
2014-08-19  34.980  34.36    44800.0
2014-08-20  34.320  33.49    79700.0
2014-08-21  33.410  34.05    85000.0
2014-08-22  34.100  34.07    36800.0
2014-08-25  34.230  34.24    57200.0
2014-08-26  34.390  34.92    33200.0
2014-08-27  35.470  35.06    20000.0
2014-08-28  35.000  35.16    49200.0
2014-08-29  35.210  36.29    63600.0
2014-09-02  36.560  35.90    76500.0
2014-09-03  36.300  35.15    68600.0
2014-09-04  35.390  34.97    58500.0
2014-09-05  34.820  35.12   100300.0
2014-09-08  35.000  34.77    32800.0
2014-09-09  34.630  34.15    36400.0
2014-09-10  34.160  34.18    92200.0
2014-09-11  33.960  35.16    57900.0
2014-09-12  35.160  34.83    28000.0
2014-09-15  34.372  33.93    45300.0
2014-09-16  33.820  34.58    13000.0
2014-09-17  34.690  35.10    43600.0
2014-09-18  35.370  35.57    24100.0
2014-09-19  35.580  35.05    87300.0
2014-09-22  34.850  34.14    68988.0
2014-09-23  34.100  34.20    66629.0
2014-09-24  34.030  34.30    40543.0
2014-09-25  34.200  34.12    27473.0
2014-09-26  34.140  34.24    11333.0
2014-09-29  33.820  33.78    22909.0
2014-09-30  34.230  34.15    65416.0
2014-10-01  34.020  33.98    42427.0
2014-10-02  33.940  34.47    42215.0
2014-10-03  34.870  34.36    37665.0
2014-10-06  34.580  33.86    18205.0
2014-10-07  33.810  33.24    31070.0
2014-10-08  33.040  33.66    36944.0
2014-10-09  33.480  31.89    79501.0
2014-10-10  31.740  31.04    60093.0
2014-10-13  31.100  30.88    37525.0
2014-10-14  31.090  31.52    40133.0
2014-10-15  30.940  30.79    55530.0
2014-10-16  30.330  30.90    59404.0
2014-10-17  31.360  30.71    36441.0
2014-10-20  30.390  30.19    53008.0
2014-10-21  30.250  30.31   108459.0
2014-10-22  30.400  30.14    73468.0
2014-10-23  30.240  30.12   212917.0
2014-10-24  30.060  31.27    52084.0
2014-10-27  31.170  31.08    26257.0
2014-10-28  31.190  30.79    81422.0
2014-10-29  30.760  31.33    58115.0
2014-10-30  33.000  33.50   106298.0
2014-10-31  34.330  34.16    88917.0
2014-11-03  34.150  34.60    81714.0
2014-11-04  34.670  34.60    45740.0
2014-11-05  34.840  34.15   133907.0
2014-11-06  33.590  33.35    58450.0
2014-11-07  33.380  34.35    84436.0
2014-11-10  33.970  33.42    81769.0
2014-11-11  33.690  34.95    74251.0
2014-11-12  35.000  34.34    53798.0
2014-11-13  34.350  35.09    80409.0
2014-11-14  35.160  35.01   129290.0
2014-11-17  34.940  34.22    36537.0
2014-11-18  33.120  31.86   362751.0
2014-11-19  31.950  31.24  2667094.0
2014-11-20  31.030  31.25   903625.0
2014-11-21  31.630  31.84   362809.0
2014-11-24  31.930  32.13   207047.0
2014-11-25  32.010  32.37   165081.0
2014-11-26  32.500  32.47   136930.0
2014-11-28  32.630  32.23   162157.0
2014-12-01  32.250  31.77   146728.0
2014-12-02  31.850  32.50   287527.0
2014-12-03  32.680  33.55   235339.0
2014-12-04  33.410  33.52   259245.0
2014-12-05  33.540  34.04   440710.0
2014-12-08  34.060  34.82   255352.0
2014-12-09  34.550  34.58   243992.0
2014-12-10  34.350  34.20   239667.0
2014-12-11  34.520  33.95   117160.0
2014-12-12  33.680  33.02   105470.0
2014-12-15  33.280  32.87   128230.0
2014-12-16  32.860  32.77    78750.0
2014-12-17  32.940  33.42   121239.0
2014-12-18  33.710  34.35   122979.0
2014-12-19  34.390  34.36   233561.0
2014-12-22  34.300  34.49    64619.0
2014-12-23  34.720  35.17    56081.0
2014-12-24  35.190  35.26   111614.0
2014-12-26  35.430  35.04    40787.0
2014-12-29  35.150  34.12    93206.0
2014-12-30  34.150  34.42    40963.0
2014-12-31  34.460  34.93    68089.0
2015-01-02  35.000  35.28    60754.0
2015-01-05  35.130  34.31   110035.0
2015-01-06  34.350  33.47   140516.0
2015-01-07  33.560  33.56    78347.0
2015-01-08  33.680  33.21   217114.0
2015-01-09  33.350  33.49   197096.0
2015-01-12  33.350  33.64   170763.0
2015-01-13  33.640  33.15   182130.0
2015-01-14  32.720  32.61   119772.0
2015-01-15  32.570  31.96   133368.0
2015-01-16  31.730  31.50    86742.0
2015-01-20  31.440  31.55   123357.0
2015-01-21  31.490  31.00    68306.0
2015-01-22  31.160  32.02    91573.0
2015-01-23  32.060  33.13   149925.0
2015-01-26  32.990  33.22    62087.0
2015-01-27  32.930  33.19   112677.0
2015-01-28  33.220  32.91   119946.0
2015-01-29  32.790  32.61    76330.0
2015-01-30  32.220  31.00   102673.0
2015-02-02  30.420  30.38   179937.0
2015-02-03  30.330  30.89   242560.0
2015-02-04  30.640  31.05   114795.0
2015-02-05  31.050  31.99   131180.0
2015-02-06  31.020  29.74   455950.0
2015-02-09  29.700  29.94   222675.0
2015-02-10  30.010  30.54    61969.0
2015-02-11  30.750  30.27    78947.0
2015-02-12  30.330  30.27    56071.0
2015-02-13  30.240  30.79    70700.0
2015-02-17  30.760  30.48    84079.0
2015-02-18  30.450  30.80    79869.0
2015-02-19  30.900  31.38    53418.0
2015-02-20  31.200  31.67    66564.0
2015-02-23  31.470  31.25    70299.0
2015-02-24  31.310  32.20    81903.0
2015-02-25  32.050  31.95    81863.0
2015-02-26  31.960  32.28    91980.0
2015-02-27  32.140  32.18    87883.0
2015-03-02  32.130  32.28   137100.0
2015-03-03  32.090  32.25    97680.0
2015-03-04  32.190  31.27    65232.0
2015-03-05  31.400  30.85    59920.0
2015-03-06  30.700  30.84    91730.0
2015-03-09  31.180  30.47   113758.0
2015-03-10  30.210  29.83   107907.0
2015-03-11  29.980  31.35    98773.0
2015-03-12  31.670  31.49   107907.0
2015-03-13  31.320  30.81   112061.0
2015-03-16  31.090  31.28    93975.0
2015-03-17  31.120  31.09    98039.0
2015-03-18  30.950  30.89    94159.0
2015-03-19  30.920  30.69    95696.0
2015-03-20  30.820  30.55   157308.0
2015-03-23  30.400  30.57    87691.0
2015-03-24  30.460  30.61   103810.0
2015-03-25  30.590  30.55   127402.0
2015-03-26  30.610  30.17    81406.0
2015-03-27  30.280  29.98   239306.0
2015-03-30  30.000  30.31    93308.0
2015-03-31  29.990  30.12   206838.0
2015-04-01  30.180  29.77    83461.0
2015-04-02  29.720  29.84    78880.0
2015-04-06  29.820  29.60    94207.0
2015-04-07  29.510  29.55    80357.0
2015-04-08  29.730  29.53    94913.0
2015-04-09  29.560  29.69   155005.0
2015-04-10  29.780  29.78    83557.0
2015-04-13  29.300  29.70    87902.0
2015-04-14  29.760  29.37   120446.0
2015-04-15  29.480  29.66   158449.0
2015-04-16  29.560  29.79   143446.0
2015-04-17  29.500  29.46   156514.0
2015-04-20  29.430  29.62   121111.0
2015-04-21  29.800  30.05   192744.0
2015-04-22  30.200  29.16   478566.0
2015-04-23  29.200  29.53   135024.0
2015-04-24  29.460  29.54    52632.0
2015-04-27  29.400  29.06   101692.0
2015-04-28  29.140  29.84   133394.0
2015-04-29  29.780  29.46    50363.0
2015-04-30  26.850  27.05   840345.0
2015-05-01  27.080  27.15   230778.0
2015-05-04  27.410  27.93   263077.0
2015-05-05  28.000  27.45   188258.0
2015-05-06  27.600  27.65   354218.0
2015-05-07  27.620  27.86   148419.0
2015-05-08  28.050  28.38   126708.0
2015-05-11  28.280  28.35   213713.0
2015-05-12  28.170  28.24    67066.0
2015-05-13  28.210  28.37    81743.0
2015-05-14  28.440  28.74   120766.0
2015-05-15  28.740  28.71   141817.0
2015-05-18  28.750  28.76    59931.0
2015-05-19  28.710  28.63    61602.0
2015-05-20  28.640  28.79   227431.0
2015-05-21  28.620  28.59    78481.0
2015-05-22  28.650  28.64   135199.0
2015-05-26  28.520  28.48   135457.0
2015-05-27  28.640  29.31   195451.0
2015-05-28  29.190  29.13   241897.0
2015-05-29  29.200  28.86   129007.0
2015-06-01  28.900  28.84   125444.0
2015-06-02  28.800  29.01   248000.0
2015-06-03  29.000  29.68   143591.0
2015-06-04  29.540  29.71   155932.0
2015-06-05  29.700  30.06   326888.0
2015-06-08  29.910  29.80   234080.0
2015-06-09  29.740  29.92   159587.0
2015-06-10  29.900  30.37   341483.0
2015-06-11  30.310  30.53   277566.0
2015-06-12  30.350  30.22   159146.0
2015-06-15  29.000  30.11   207396.0
2015-06-16  30.140  30.21   186540.0
2015-06-17  30.250  30.04   142620.0
2015-06-18  30.190  30.22   116281.0
2015-06-19  30.300  30.42   247977.0
2015-06-22  30.500  30.28   208575.0
2015-06-23  30.360  29.99   186505.0
2015-06-24  29.990  29.45   111255.0
2015-06-25  28.950  29.13   167110.0
2015-06-26  29.080  28.81   956556.0
2015-06-29  28.910  28.44   201905.0
2015-06-30  28.730  28.71   157451.0
2015-07-01  29.090  29.02   124106.0
2015-07-02  29.130  28.87    67460.0
2015-07-06  28.520  28.83   111908.0
2015-07-07  28.740  28.67   101258.0
2015-07-08  28.360  28.10    87325.0
2015-07-09  28.450  28.22    69639.0
2015-07-10  28.450  28.96    90058.0
2015-07-13  29.080  28.68   111231.0
2015-07-14  28.820  29.11    99770.0
2015-07-15  29.090  29.13   129294.0
2015-07-16  29.160  28.74   103809.0
2015-07-17  28.750  28.79    89107.0
2015-07-20  28.890  28.71    43038.0
2015-07-21  29.050  28.76    48461.0
2015-07-22  28.680  29.03   154829.0
2015-07-23  29.040  28.61    65519.0
2015-07-24  28.600  28.15   109371.0
2015-07-27  28.140  27.97    79804.0
2015-07-28  28.070  27.95   142012.0
2015-07-29  27.880  27.89    71929.0
2015-07-30  29.150  29.39   532766.0
2015-07-31  29.580  29.92   185148.0
2015-08-03  29.960  30.54   136815.0
2015-08-04  30.550  30.44    86077.0
2015-08-05  30.630  30.22    66001.0
2015-08-06  30.160  29.97    79914.0
2015-08-07  29.850  30.02    90923.0
2015-08-10  30.110  30.12    91165.0
2015-08-11  30.660  30.18   205011.0
2015-08-12  30.090  29.81   131640.0
2015-08-13  29.950  29.87    73508.0
2015-08-14  29.800  30.01    65464.0
2015-08-17  29.830  30.16    41335.0
2015-08-18  30.050  29.98    81568.0
2015-08-19  29.800  29.87    83572.0
2015-08-20  29.430  29.65   109389.0
2015-08-21  29.240  28.70   120646.0
2015-08-24  27.180  27.00   239003.0
2015-08-25  27.760  26.76   106942.0
2015-08-26  27.150  27.15   101304.0
2015-08-27  27.170  27.21   106959.0
2015-08-28  26.900  27.20    83053.0
2015-08-31  27.090  27.28    66824.0
2015-09-01  26.670  26.54   149512.0
2015-09-02  26.910  26.32   119443.0
2015-09-03  26.480  26.34    75185.0
2015-09-04  26.040  26.26    76816.0
2015-09-08  27.220  27.21   117413.0
2015-09-09  27.250  26.90    88759.0
2015-09-10  26.870  26.94    92397.0
2015-09-11  26.820  26.88   141977.0
2015-09-14  26.960  26.68    59352.0
2015-09-15  26.770  26.61   117352.0
2015-09-16  26.670  27.21   127075.0
2015-09-17  27.190  27.33   101542.0
2015-09-18  27.030  27.17   292146.0
2015-09-21  27.420  28.00   106279.0
2015-09-22  27.660  27.53    58886.0
2015-09-23  27.590  27.60    55206.0
2015-09-24  27.380  27.69    85222.0
2015-09-25  27.960  27.39    72795.0
2015-09-28  27.330  26.54   145087.0
2015-09-29  26.530  25.98   154024.0
2015-09-30  26.280  26.26    97066.0
2015-10-01  26.350  26.15   177473.0
2015-10-02  25.830  25.60   197650.0
2015-10-05  25.870  26.65   156941.0
2015-10-06  26.580  27.12   133188.0
2015-10-07  26.830  27.36   149353.0
2015-10-08  27.260  27.57    71847.0
2015-10-09  27.560  27.47    78806.0
2015-10-12  27.380  27.26   104394.0
2015-10-13  27.160  27.16   109834.0
2015-10-14  27.030  26.96    60564.0
2015-10-15  27.080  27.93    44353.0
2015-10-16  28.020  28.22    48106.0
2015-10-19  28.060  27.96    28694.0
2015-10-20  28.020  28.46    60764.0
2015-10-21  28.510  27.78    44738.0
2015-10-22  28.040  28.43    38063.0
2015-10-23  28.760  28.89    64818.0
2015-10-26  28.760  28.90    98115.0
2015-10-27  28.810  28.52    97569.0
2015-10-28  28.500  29.49    96175.0
2015-10-29  29.570  30.17   267516.0
2015-10-30  30.000  29.48   113375.0
2015-11-02  29.460  29.96    91022.0
2015-11-03  29.760  29.94   109031.0
2015-11-04  29.940  29.95    81747.0
2015-11-05  29.970  30.05    69094.0
2015-11-06  30.120  30.69   155793.0
2015-11-09  30.690  29.91    73674.0
2015-11-10  29.860  29.60    66871.0
2015-11-11  29.600  29.43    76077.0
2015-11-12  29.310  28.43    83238.0
2015-11-13  28.230  28.01    49331.0
2015-11-16  28.070  28.29    56096.0
2015-11-17  28.320  27.77    96029.0
2015-11-18  27.870  28.04   127253.0
2015-11-19  27.710  27.51   133689.0
2015-11-20  27.700  28.05   186188.0
2015-11-23  28.090  28.42   145173.0
2015-11-24  28.190  28.97   106654.0
2015-11-25  29.080  29.39    85697.0
2015-11-27  29.290  29.42    60767.0
2015-11-30  30.160  29.51   148120.0
2015-12-01  29.720  29.82    94485.0
2015-12-02  29.890  29.66    78411.0
2015-12-03  29.660  29.02   101942.0
2015-12-04  28.990  29.63    55404.0
2015-12-07  29.640  29.63    65588.0
2015-12-08  29.340  29.40    70286.0
2015-12-09  29.610  29.39    64806.0
2015-12-10  29.470  29.46    87874.0
2015-12-11  29.010  27.97   107663.0
2015-12-14  27.950  28.23   219067.0
2015-12-15  28.090  29.23   157260.0
2015-12-16  29.280  29.94   145167.0
2015-12-17  30.110  29.31    75975.0
2015-12-18  29.100  28.23   365866.0
2015-12-21  28.170  27.65   166567.0
2015-12-22  27.750  27.76   129789.0
2015-12-23  27.950  27.92    94504.0
2015-12-24  28.030  28.50   271734.0
2015-12-28  27.390  28.86   189756.0
2015-12-29  29.100  29.31   145476.0
2015-12-30  29.320  29.34   153839.0
2015-12-31  29.160  29.18   143343.0
2016-01-04  28.470  28.47   148160.0
2016-01-05  28.530  28.55    60801.0
2016-01-06  28.250  27.68   104200.0
2016-01-07  27.300  25.86   242659.0
2016-01-08  25.960  25.74   175454.0
2016-01-11  25.680  25.04   214313.0
2016-01-12  25.200  26.06   322863.0
2016-01-13  26.600  25.30   256489.0
2016-01-14  25.420  25.33   171997.0
2016-01-15  24.680  24.22   201712.0
2016-01-19  24.590  24.40   125158.0
2016-01-20  23.940  23.64   381166.0
2016-01-21  23.650  24.00   195081.0
2016-01-22  24.450  24.55   118230.0
2016-01-25  24.520  24.10   153485.0
2016-01-26  24.160  24.49    84675.0
2016-01-27  24.320  24.35   126860.0
2016-01-28  24.690  24.38    67592.0
2016-01-29  24.550  25.44   139442.0
2016-02-01  25.260  25.26   137285.0
2016-02-02  25.010  24.73   160221.0
2016-02-03  24.910  24.85   126659.0
2016-02-04  24.750  25.25   103498.0
2016-02-05  25.170  24.84   119797.0
2016-02-08  24.630  24.82   107730.0
2016-02-09  24.430  24.83    59181.0
2016-02-10  25.250  24.97   217935.0
2016-02-11  24.210  23.70   199875.0
2016-02-12  23.990  24.33   158398.0
2016-02-16  24.830  24.91   329347.0
2016-02-17  23.930  24.66   231208.0
2016-02-18  24.640  24.49   140787.0
2016-02-19  24.390  24.38   129621.0
2016-02-22  24.730  24.50   176313.0
2016-02-23  24.450  24.25   103731.0
2016-02-24  23.940  24.01   132221.0
2016-02-25  24.030  24.10   114334.0
2016-02-26  24.360  24.52   234472.0
2016-02-29  24.570  24.72   121782.0
2016-03-01  24.930  25.18   154992.0
2016-03-02  25.160  25.02   120303.0
2016-03-03  24.940  26.17   212072.0
2016-03-04  26.220  26.21   193603.0
2016-03-07  26.040  26.41   101591.0
2016-03-08  26.230  25.93   103053.0
2016-03-09  25.980  26.16   103086.0
2016-03-10  26.270  26.10   103096.0
2016-03-11  26.420  27.00    83544.0
2016-03-14  26.910  26.78   249487.0
2016-03-15  26.730  26.10   109812.0
2016-03-16  25.960  26.30   107337.0
2016-03-17  26.200  26.95   113366.0
2016-03-18  27.060  27.61   173379.0
2016-03-21  27.560  27.62    89266.0
2016-03-22  27.410  27.32   151703.0
2016-03-23  27.290  27.00   149512.0
2016-03-24  26.870  27.33   180191.0
2016-03-28  27.540  27.41    95419.0
2016-03-29  27.290  28.08   163383.0
2016-03-30  28.190  28.34   148332.0
2016-03-31  28.320  28.23    59855.0
2016-04-01  28.060  28.53    89777.0
2016-04-04  28.580  28.09   119489.0
2016-04-05  27.910  26.79   227992.0
2016-04-06  26.840  27.37    77822.0
2016-04-07  27.170  26.79   202158.0
2016-04-08  27.030  26.90   134652.0
2016-04-11  27.030  26.73    89717.0
2016-04-12  26.740  27.05    82268.0
2016-04-13  27.320  27.99   127167.0
2016-04-14  27.910  27.83    77368.0
2016-04-15  27.850  27.50   170731.0
2016-04-18  27.390  28.17   248935.0
2016-04-19  28.320  28.06    59024.0
2016-04-20  28.200  28.47   122511.0
2016-04-21  28.660  28.46    57741.0
2016-04-22  28.420  28.48    51371.0
2016-04-25  28.390  28.25   131267.0
2016-04-26  28.400  28.41   137724.0
2016-04-27  28.380  28.58   128952.0
2016-04-28  27.700  28.29   268226.0
2016-04-29  28.120  28.11   124545.0
2016-05-02  28.270  28.87   144840.0
2016-05-03  28.460  27.46   108283.0
2016-05-04  27.200  27.14    93121.0
2016-05-05  27.190  27.09    73641.0
2016-05-06  26.990  27.12   183519.0
2016-05-09  27.100  27.07   134103.0
2016-05-10  27.190  27.34    80929.0
2016-05-11  27.320  27.00    67520.0
2016-05-12  27.060  26.91    90423.0
2016-05-13  26.770  26.72   102915.0
2016-05-16  26.760  26.71    39862.0
2016-05-17  26.670  26.51   162982.0
2016-05-18  26.090  26.76    83816.0
2016-05-19  26.610  26.37   141674.0
2016-05-20  26.510  26.66    60078.0
2016-05-23  26.610  26.48    65544.0
2016-05-24  26.760  27.06   237969.0
2016-05-25  27.140  27.09   131165.0
2016-05-26  27.040  27.00   107179.0
2016-05-27  27.000  26.94   131913.0
2016-05-31  27.080  26.66   201500.0
2016-06-01  26.750  26.90   143659.0
2016-06-02  26.760  26.68    88552.0
2016-06-03  26.420  26.65   146015.0
2016-06-06  26.660  26.90    80964.0
2016-06-07  27.070  26.51    85172.0
2016-06-08  26.540  26.42    57009.0
2016-06-09  26.340  26.08    80010.0
2016-06-10  25.730  25.58    86291.0
2016-06-13  25.410  25.53    72964.0
2016-06-14  25.360  24.85    94054.0
2016-06-15  24.950  25.13    95658.0
2016-06-16  24.870  25.59   108695.0
2016-06-17  25.650  25.55   154445.0
2016-06-20  26.060  26.16    88401.0
2016-06-21  26.220  25.93   118357.0
2016-06-22  25.980  26.31    78787.0
2016-06-23  26.720  26.99   101099.0
2016-06-24  25.710  24.35   477510.0
2016-06-27  24.080  22.47   259554.0
2016-06-28  22.860  22.02   243890.0
2016-06-29  22.300  22.33   212448.0
2016-06-30  22.350  22.50   111825.0
2016-07-01  22.390  22.71   263127.0
2016-07-05  22.600  22.25   155803.0
2016-07-06  22.130  22.51   190567.0
2016-07-07  22.470  22.85   149052.0
2016-07-08  23.200  23.39    83429.0
2016-07-11  23.430  23.68    96377.0
2016-07-12  23.960  24.07   104550.0
2016-07-13  24.150  24.10    69725.0
2016-07-14  24.520  25.10   190625.0
2016-07-15  25.320  25.24   101568.0
2016-07-18  25.280  25.22    63804.0
2016-07-19  25.100  25.00    80898.0
2016-07-20  25.200  25.11    56561.0
2016-07-21  25.200  24.88    84967.0
2016-07-22  24.880  25.11    58595.0
2016-07-25  25.080  25.07    86715.0
2016-07-26  24.990  25.13    60505.0
2016-07-27  25.100  25.39    69802.0
2016-07-28  25.260  25.05    81574.0
2016-07-29  24.940  24.89    57363.0
2016-08-01  24.960  24.86    82986.0
2016-08-02  24.760  24.42   114811.0
2016-08-03  24.460  24.69    62955.0
2016-08-04  26.000  26.45   138457.0
2016-08-05  26.730  27.07   122981.0
2016-08-08  27.200  27.04    84640.0
2016-08-09  26.990  26.83    90422.0
2016-08-10  26.870  26.41    88921.0
2016-08-11  26.470  26.21   103798.0
2016-08-12  26.150  26.29    89101.0
2016-08-15  26.400  26.59    74401.0
2016-08-16  26.560  26.47    65131.0
2016-08-17  26.550  26.36    80391.0
2016-08-18  26.180  26.04    95995.0
2016-08-19  26.020  26.19   158126.0
2016-08-22  26.110  26.47    71511.0
2016-08-23  26.610  26.86    67577.0
2016-08-24  26.950  26.89    63461.0
2016-08-25  26.820  27.10    63552.0
2016-08-26  27.140  26.88    67534.0
2016-08-29  26.930  26.80    59604.0
2016-08-30  26.810  26.97    76497.0
2016-08-31  26.940  26.95    98924.0
2016-09-01  26.950  26.49    65804.0
2016-09-02  26.550  26.61    74333.0
2016-09-06  26.590  25.97   149624.0
2016-09-07  25.950  26.23   158855.0
2016-09-08  26.270  26.34    71757.0
2016-09-09  26.350  25.72    76349.0
2016-09-12  25.780  26.42   323416.0
2016-09-13  26.130  25.52   132141.0
2016-09-14  25.520  25.69   108814.0
2016-09-15  25.770  26.09    65305.0
2016-09-16  26.100  26.15   148646.0
2016-09-19  26.250  26.09    58332.0
2016-09-20  26.270  25.95    72048.0
2016-09-21  26.140  26.53    51192.0
2016-09-22  26.660  26.77    46361.0
2016-09-23  26.700  26.41    34344.0
2016-09-26  26.400  25.99    58310.0
2016-09-27  25.860  26.28    86151.0
2016-09-28  26.320  26.40    52890.0
2016-09-29  26.340  26.18    43579.0
2016-09-30  26.460  26.89    97001.0
2016-10-03  26.720  26.32   101885.0
2016-10-04  26.450  26.06    75139.0
2016-10-05  26.300  26.41    57036.0
2016-10-06  26.370  26.24    42023.0
2016-10-07  26.230  25.99    87907.0
2016-10-10  26.150  25.80    70906.0
2016-10-11  25.650  25.30    93580.0
2016-10-12  25.250  24.85    80015.0
2016-10-13  24.200  24.05   117652.0
2016-10-14  24.250  24.60    60111.0
2016-10-17  24.550  24.25    36787.0
2016-10-18  24.750  24.40    48079.0
2016-10-19  24.500  24.80    50518.0
2016-10-20  24.700  24.75    53679.0
2016-10-21  24.400  25.10    45787.0
2016-10-24  25.300  25.05    42390.0
2016-10-25  25.200  25.10    86398.0
2016-10-26  24.850  24.90    60062.0
2016-10-27  27.400  26.30   157122.0
2016-10-28  26.400  26.15    76057.0
2016-10-31  26.150  25.40    83293.0
2016-11-01  25.550  25.40    89649.0
2016-11-02  25.150  24.65    48421.0
2016-11-03  24.750  24.45    50324.0
2016-11-04  24.300  24.85    93757.0
2016-11-07  25.500  25.25    93525.0
2016-11-08  25.250  25.70    81699.0
2016-11-09  25.900  26.20   275044.0
2016-11-10  26.750  27.40   208863.0
2016-11-11  27.600  27.90   173903.0
2016-11-14  28.300  28.40   360485.0
2016-11-15  28.250  28.50   175951.0
2016-11-16  28.350  28.80   135057.0
2016-11-17  29.000  28.65    99326.0
2016-11-18  28.300  28.95   133316.0
2016-11-21  28.950  29.00   113598.0
2016-11-22  29.100  29.10   139160.0
2016-11-23  29.100  29.10    68230.0
2016-11-25  29.300  29.75    35967.0
2016-11-28  29.500  28.20   149077.0
2016-11-29  28.300  28.55   126736.0
2016-11-30  28.750  29.20   118442.0
2016-12-01  29.350  28.85   103951.0
2016-12-02  28.700  28.75   329340.0
2016-12-05  29.050  28.80   201503.0
2016-12-06  29.050  29.05   247826.0
2016-12-07  29.100  29.90   212147.0
2016-12-08  30.150  30.00   305097.0
2016-12-09  30.050  29.85   147347.0
2016-12-12  29.900  29.55   140904.0
2016-12-13  29.800  30.15   346657.0
2016-12-14  30.850  30.90   551812.0
2016-12-15  31.100  32.40   336939.0
2016-12-16  32.650  32.80   475059.0
2016-12-19  32.800  34.00   401436.0
2016-12-20  34.350  35.35   482198.0
2016-12-21  34.000  34.30   246589.0
2016-12-22  34.200  33.90   157119.0
2016-12-23  33.950  34.30   202610.0
2016-12-27  34.200  34.20   246397.0
2016-12-28  34.350  33.65   139899.0
2016-12-29  33.700  34.10   176381.0
2016-12-30  34.250  33.90   214088.0
2017-01-03  34.400  34.00   199076.0
2017-01-04  34.200  34.90   181385.0
2017-01-05  32.650  33.60  1212727.0
2017-01-06  33.700  33.75  3607327.0
2017-01-09  33.850  33.95   613172.0
2017-01-10  34.000  34.20   414303.0
2017-01-11  34.400  34.15   441007.0
2017-01-12  34.000  33.65   328470.0
2017-01-13  33.950  34.30   264595.0
2017-01-17  34.350  33.65   321671.0
2017-01-18  33.650  34.20   301580.0
2017-01-19  34.250  34.10   365897.0
2017-01-20  34.200  33.85   330002.0
2017-01-23  33.850  33.70   312534.0
2017-01-24  33.900  34.40   299595.0
2017-01-25  34.800  34.45   238216.0
2017-01-26  34.550  34.45   194177.0
2017-01-27  34.600  34.35   251349.0
2017-01-30  34.000  34.10   259908.0
2017-01-31  34.000  34.10   704905.0
2017-02-01  34.450  34.25   285018.0
2017-02-02  33.500  34.20   291514.0
2017-02-03  34.750  35.00   436065.0
2017-02-06  34.900  34.90   375853.0
2017-02-07  34.950  35.00   396524.0
2017-02-08  37.550  36.90   855649.0
2017-02-09  37.150  37.55   737883.0
2017-02-10  37.850  37.60   326572.0
2017-02-13  37.700  37.85   512072.0
2017-02-14  37.900  38.40   314735.0
2017-02-15  38.300  37.90   433874.0
2017-02-16  37.750  37.75   281374.0
2017-02-17  37.700  37.55   455525.0
2017-02-21  37.900  37.50   185369.0
2017-02-22  37.600  37.55   502980.0
2017-02-23  37.400  37.00   446467.0
2017-02-24  36.400  37.10   276811.0
2017-02-27  37.000  37.20   319962.0
2017-02-28  37.000  36.80   307146.0
2017-03-01  36.800  37.60   346098.0
2017-03-02  37.950  37.70   431867.0
2017-03-03  37.750  37.95   315180.0
2017-03-06  37.500  37.80   231295.0
2017-03-07  37.700  37.85   246580.0
2017-03-08  38.050  38.10   193125.0
2017-03-09  38.200  37.55   203790.0
2017-03-10  37.950  37.75   280353.0
2017-03-13  37.750  37.95   259675.0
2017-03-14  37.650  37.55   129117.0
2017-03-15  37.650  38.40   179480.0
2017-03-16  38.500  38.70   194907.0
2017-03-17  38.850  38.00   404152.0
2017-03-20  38.000  37.80   341604.0
2017-03-21  38.240  36.95   252077.0
2017-03-22  36.800  36.50   186930.0
2017-03-23  36.450  37.15   206141.0
2017-03-24  37.250  37.60   277884.0
2017-03-27  36.750  36.55   234323.0
2017-03-28  36.300  37.00   117468.0
2017-03-29  37.050  37.10   148330.0
2017-03-30  37.150  37.95   263968.0
2017-03-31  37.950  38.50   252624.0
2017-04-03  38.550  37.05   255590.0
2017-04-04  36.850  37.15   212374.0
2017-04-05  37.300  36.35   249397.0
2017-04-06  36.400  36.95   165436.0
2017-04-07  36.800  36.40   150357.0
2017-04-10  36.500  35.70   227901.0
2017-04-11  35.600  36.35   251230.0
2017-04-12  36.300  35.45   193449.0
2017-04-13  35.350  34.85   173193.0
2017-04-17  34.850  35.65   193515.0
2017-04-18  35.450  37.70  1027428.0
2017-04-19  37.950  37.70   433359.0
2017-04-20  38.000  38.70   337161.0
2017-04-21  38.450  38.50   278066.0
2017-04-24  39.000  38.90   388645.0
2017-04-25  39.200  38.75   433019.0
2017-04-26  38.750  38.90   631872.0
2017-04-27  38.600  37.00   633800.0
2017-04-28  37.050  36.70   389027.0
2017-05-01  36.950  36.75   417429.0
2017-05-02  37.000  37.90   213705.0
2017-05-03  37.650  38.35   319622.0
2017-05-04  38.450  37.95   139785.0
2017-05-05  37.800  37.55   230605.0
2017-05-08  37.150  37.70   332055.0
2017-05-09  37.650  38.15   325516.0
2017-05-10  38.000  38.25   295345.0
2017-05-11  38.050  37.80   205163.0
2017-05-12  37.600  37.30   217021.0
2017-05-15  37.450  37.45   162603.0
2017-05-16  37.450  37.25   177429.0
2017-05-17  36.500  34.95   265609.0
2017-05-18  34.800  35.35   374602.0
2017-05-19  35.400  35.85   195023.0
2017-05-22  36.100  36.30   194075.0
2017-05-23  36.350  36.25   203682.0
2017-05-24  36.250  36.20   161427.0
2017-05-25  36.450  36.75   306678.0
2017-05-26  36.700  36.75   254503.0
2017-05-30  36.550  35.90   145439.0
2017-05-31  35.900  35.10   244421.0
2017-06-01  35.300  36.40   186646.0
2017-06-02  36.150  36.15   130179.0
2017-06-05  36.200  37.00   268101.0
2017-06-06  36.700  36.95   122787.0
2017-06-07  36.900  36.70   121277.0
2017-06-08  36.800  36.70   219498.0
2017-06-09  36.850  37.40   305235.0
2017-06-12  37.550  37.10   304531.0
2017-06-13  37.650  38.55   269633.0
2017-06-14  38.500  37.90   146030.0
2017-06-15  37.850  38.25   309050.0
2017-06-16  38.000  37.85   293641.0
2017-06-19  38.200  38.90   278385.0
2017-06-20  37.950  38.10   186424.0
2017-06-21  38.100  38.05   161983.0
2017-06-22  38.150  38.10   134793.0
2017-06-23  38.150  38.10   262723.0
2017-06-26  38.250  38.00   158289.0
2017-06-27  38.050  38.50   257205.0
2017-06-28  38.550  38.65   347442.0
2017-06-29  38.750  38.80   280722.0
2017-06-30  38.750  38.85   317767.0
2017-07-03  38.800  38.95    63656.0
2017-07-05  39.100  39.05   151945.0
2017-07-06  38.750  39.15   239070.0
2017-07-07  39.100  38.85   170369.0
2017-07-10  38.750  39.10   223070.0
2017-07-11  38.750  39.35   194581.0
2017-07-12  39.400  39.75   210538.0
2017-07-13  39.600  40.00   271014.0
2017-07-14  39.700  39.50   121498.0
2017-07-17  39.800  40.05   232551.0
2017-07-18  39.850  40.10   124328.0
2017-07-19  40.250  40.25   132081.0
2017-07-20  40.350  40.40   150800.0
2017-07-21  40.650  40.30   163207.0
2017-07-24  40.350  40.65   511826.0
2017-07-25  43.100  43.80   833488.0
2017-07-26  41.700  41.50  2565690.0
2017-07-27  41.600  40.30   690283.0
2017-07-28  40.350  39.75   586570.0
2017-07-31  39.850  40.90   679244.0
2017-08-01  40.650  40.75   349138.0
2017-08-02  40.800  40.30   219436.0
2017-08-03  40.350  39.85   255581.0
2017-08-04  40.100  40.05   542528.0
2017-08-07  40.250  39.95   200900.0
2017-08-08  39.950  39.60   222655.0
2017-08-09  39.450  39.65   305495.0
2017-08-10  39.500  39.05   275687.0
2017-08-11  38.750  38.55   465145.0
2017-08-14  39.000  39.25   276185.0
2017-08-15  39.500  39.20   218392.0
2017-08-16  39.650  38.95   172925.0
2017-08-17  38.900  38.45   237014.0
2017-08-18  38.100  38.30   237643.0
2017-08-21  38.350  38.80   323043.0
2017-08-22  38.850  38.75   229063.0
2017-08-23  38.550  38.70   244205.0
2017-08-24  38.850  38.90   356637.0
2017-08-25  39.050  39.25   276012.0
2017-08-28  39.250  39.45   371656.0
2017-08-29  39.000  38.80   196280.0
2017-08-30  38.950  39.15   169518.0
2017-08-31  39.300  39.40   151561.0
2017-09-01  39.500  39.65   200057.0
2017-09-05  39.600  38.75   262757.0
2017-09-06  38.900  38.70   213416.0
2017-09-07  38.800  38.50   294452.0
2017-09-08  38.400  38.80   169140.0
2017-09-11  39.000  39.60   243834.0
2017-09-12  39.750  39.80   244052.0
2017-09-13  39.700  39.85   202471.0
2017-09-14  39.800  40.20   333147.0
2017-09-15  40.200  40.40   873892.0
2017-09-18  40.500  40.75   234132.0
2017-09-19  40.800  41.35   451221.0
2017-09-20  41.300  41.55   317949.0
2017-09-21  41.550  41.90   377970.0
2017-09-22  41.900  42.05   181790.0
2017-09-25  41.950  41.90   308447.0
2017-09-26  42.000  42.40   335790.0
2017-09-27  42.550  43.25   528633.0
2017-09-28  43.250  43.30   411866.0
2017-09-29  43.350  43.05   337785.0
2017-10-02  43.000  43.10   253278.0
2017-10-03  43.150  43.10   457703.0
2017-10-04  43.050  43.10   332632.0
2017-10-05  43.200  43.10   315068.0
2017-10-06  42.950  42.25   205641.0
2017-10-09  42.300  42.05   300380.0
2017-10-10  42.350  42.20   176531.0
2017-10-11  42.100  42.15   430394.0
2017-10-12  42.150  41.85   166132.0
2017-10-13  41.950  41.90   232059.0
2017-10-16  41.850  42.30   159769.0
2017-10-17  42.250  42.40   323686.0
2017-10-18  42.550  43.05   295198.0
2017-10-19  43.000  43.20   384004.0
2017-10-20  43.700  43.45   437023.0
2017-10-23  43.500  43.05   261649.0
2017-10-24  43.300  43.70   453630.0
2017-10-25  43.800  44.00   561244.0
2017-10-26  45.000  41.60   804080.0
2017-10-27  41.750  42.75   444009.0
2017-10-30  42.350  42.75   322871.0
2017-10-31  42.950  42.75   364703.0
2017-11-01  42.750  42.65   385494.0
2017-11-02  42.700  43.00   276737.0
2017-11-03  42.650  42.15   321601.0
2017-11-06  41.900  42.65   390631.0
2017-11-07  42.500  41.85   241117.0
2017-11-09  42.800  43.90   434899.0
2017-11-10  43.900  43.50   290956.0
2017-11-13  43.150  44.35   323678.0
2017-11-14  44.050  44.55   317159.0
2017-11-15  44.100  44.15   343237.0
2017-11-16  44.300  44.45   218199.0
2017-11-17  44.200  44.65   207959.0
2017-11-20  44.800  45.95   258997.0
2017-11-21  46.200  46.90   288475.0
2017-11-22  46.950  46.90   331524.0
2017-11-24  46.950  46.85    90481.0
2017-11-27  46.850  46.95   607576.0
2017-11-28  47.050  47.00   251089.0
2017-11-29  47.100  47.45   304529.0
2017-11-30  47.700  47.90   277350.0
2017-12-01  47.850  47.90   357346.0
2017-12-04  48.550  47.95   209109.0
2017-12-05  47.950  47.95   231429.0
2017-12-06  47.800  46.85   302824.0
2017-12-07  46.650  47.45   210264.0
2017-12-08  47.850  48.15   189976.0
2017-12-11  48.050  47.75   204337.0
2017-12-12  47.800  48.45   215817.0
2017-12-13  48.350  48.15   208118.0
2017-12-14  48.000  47.55   281228.0
2017-12-15  47.675  48.00   373574.0
2017-12-18  48.700  48.25   202519.0
2017-12-19  47.975  47.70   243384.0
2017-12-20  48.000  47.95   200540.0
2017-12-21  48.100  49.20   244794.0
2017-12-22  49.450  49.50   298729.0
2017-12-26  49.350  49.80   156497.0
2017-12-27  49.700  48.95   275228.0
2017-12-28  48.900  49.00   191994.0
2017-12-29  49.050  48.50   129414.0
2018-01-02  48.700  49.05   203833.0
2018-01-03  49.100  48.05   324588.0
2018-01-04  48.250  48.45   194518.0
2018-01-05  48.600  48.55   236284.0
2018-01-08  48.700  48.60   345751.0
2018-01-09  48.600  49.30   319639.0
2018-01-10  49.200  48.90   184970.0
2018-01-11  49.200  49.60   171444.0
2018-01-12  49.700  50.25   184509.0
2018-01-16  50.700  49.90   270601.0
2018-01-17  50.100  50.95   162664.0
2018-01-18  50.800  50.55   186771.0
2018-01-19  50.450  51.60   158293.0
2018-01-22  51.700  51.55   141580.0
2018-01-23  51.550  51.70   167850.0
2018-01-24  51.850  51.25   154304.0
2018-01-25  51.600  52.05   169051.0
2018-01-26  52.150  51.85   122050.0
2018-01-29  51.850  51.95   261485.0
2018-01-30  51.550  50.95   216522.0
2018-01-31  51.150  51.70   297135.0
2018-02-01  51.550  51.75   190843.0
2018-02-02  51.350  50.85   222685.0
2018-02-05  50.150  49.45   515067.0
2018-02-06  48.450  49.55   441375.0
2018-02-07  49.250  49.75   245085.0
2018-02-08  51.500  52.00   693773.0
2018-02-09  52.600  52.05   788605.0
2018-02-12  52.150  52.20   303052.0
2018-02-13  52.000  52.85   283156.0
2018-02-14  52.500  53.70   261221.0
2018-02-15  53.950  54.30   381871.0
2018-02-16  52.150  52.75   386353.0
2018-02-20  52.500  52.95   352345.0
2018-02-21  52.950  52.45   422742.0
2018-02-22  52.400  51.35   705068.0
2018-02-23  50.510  51.20   955686.0
2018-02-26  51.350  51.40   490430.0
2018-02-27  51.400  51.10   499990.0
2018-02-28  51.200  50.75   384002.0
2018-03-01  50.850  51.05   435642.0
2018-03-02  50.400  51.15   536863.0
2018-03-05  50.950  51.60   497990.0
2018-03-06  51.700  51.95   437712.0
2018-03-07  51.500  52.05   240792.0
2018-03-08  52.100  51.95   448124.0
2018-03-09  52.150  53.25   285742.0
2018-03-12  53.300  52.95   283694.0
2018-03-13  50.800  52.50  3660721.0
2018-03-14  52.650  52.60   956102.0
2018-03-15  52.600  52.50   777420.0
2018-03-16  52.500  53.15   595248.0
2018-03-19  53.050  52.85   597501.0
2018-03-20  52.950  54.10   409090.0
2018-03-21  53.900  54.00   493744.0
2018-03-22  53.750  50.85   510661.0
2018-03-23  50.700  48.35   852237.0
2018-03-26  49.000  49.80   398537.0
2018-03-27  50.100  49.15   759190.0