date    open  close     volume
                                   
2013-01-02  15.005  14.66   763200.0
2013-01-03  14.760  14.77   396300.0
2013-01-04  14.750  14.82   296600.0
2013-01-07  14.690  14.59   520200.0
2013-01-08  14.530  14.46   321200.0
2013-01-09  14.550  14.76   298700.0
2013-01-10  14.810  14.72   185500.0
2013-01-11  14.690  14.61   342900.0
2013-01-14  14.620  14.55   320200.0
2013-01-15  14.440  14.62   199900.0
2013-01-16  14.590  14.48   263500.0
2013-01-17  14.530  14.80   424400.0
2013-01-18  14.830  14.90   288200.0
2013-01-22  14.950  15.00   408400.0
2013-01-23  15.010  14.98   229600.0
2013-01-24  15.030  15.06   226100.0
2013-01-25  15.080  14.97   259600.0
2013-01-28  15.050  15.19   267200.0
2013-01-29  15.210  15.20   207900.0
2013-01-30  15.200  15.16   194900.0
2013-01-31  15.090  15.20   325000.0
2013-02-01  15.290  15.12   286300.0
2013-02-04  15.130  15.14   223300.0
2013-02-05  15.280  15.19   403900.0
2013-02-06  15.160  15.14   288000.0
2013-02-07  15.190  15.00   414900.0
2013-02-08  15.090  15.43   383900.0
2013-02-11  15.460  15.39   281800.0
2013-02-12  15.440  15.49   234600.0
2013-02-13  15.540  15.75   505700.0
2013-02-14  15.760  15.61   395000.0
2013-02-15  15.690  15.29   460100.0
2013-02-19  15.350  15.60   627000.0
2013-02-20  15.620  15.38   478800.0
2013-02-21  15.360  14.99   697800.0
2013-02-22  15.120  15.44   453400.0
2013-02-25  15.140  14.71   533200.0
2013-02-26  14.760  14.73   493900.0
2013-02-27  14.730  14.99   257900.0
2013-02-28  14.990  14.98   205400.0
2013-03-01  14.910  15.14   322500.0
2013-03-04  15.180  15.13   234600.0
2013-03-05  15.220  15.31   271200.0
2013-03-06  15.320  15.35   230000.0
2013-03-07  15.400  15.19   227700.0
2013-03-08  15.290  15.49   413800.0
2013-03-11  15.490  15.64   286600.0
2013-03-12  15.660  15.80   291200.0
2013-03-13  15.810  15.96   274300.0
2013-03-14  16.020  16.15   266200.0
2013-03-15  16.220  16.15   342800.0
2013-03-18  16.010  16.05   290100.0
2013-03-19  16.110  15.93   453800.0
2013-03-20  16.020  15.90   283100.0
2013-03-21  15.900  15.85   261300.0
2013-03-22  15.850  16.00   216400.0
2013-03-25  16.040  15.97   312600.0
2013-03-26  15.780  15.55   495900.0
2013-03-27  15.500  15.61   900400.0
2013-03-28  15.640  15.85   427800.0
2013-04-01  15.870  15.36   662600.0
2013-04-02  15.360  15.47   365500.0
2013-04-03  15.500  14.96   495100.0
2013-04-04  14.960  14.91   286700.0
2013-04-05  14.760  14.96   509900.0
2013-04-08  14.960  15.08   245700.0
2013-04-09  14.630  14.70  6221800.0
2013-04-10  14.750  14.90   819500.0
2013-04-11  14.930  14.80   357800.0
2013-04-12  14.790  14.76   334500.0
2013-04-15  14.750  14.34   567000.0
2013-04-16  14.460  14.48   364800.0
2013-04-17  14.460  14.21   474400.0
2013-04-18  14.290  14.49   620200.0
2013-04-19  14.580  14.57   353400.0
2013-04-22  14.640  14.72   326600.0
2013-04-23  14.770  14.96   421100.0
2013-04-24  15.000  15.08   340100.0
2013-04-25  15.150  15.14   292500.0
2013-04-26  15.150  15.36   402300.0
2013-04-29  15.480  15.49   341100.0
2013-04-30  15.500  15.58   757700.0
2013-05-01  15.560  14.93   703900.0
2013-05-02  15.030  15.38   450300.0
2013-05-03  15.670  15.22   618800.0
2013-05-06  15.260  15.58   505500.0
2013-05-07  15.660  15.50   339900.0
2013-05-08  15.500  15.37   491300.0
2013-05-09  15.420  15.26   350300.0
2013-05-10  15.340  15.29   280900.0
2013-05-13  15.320  15.30   494200.0
2013-05-14  15.300  15.50   600500.0
2013-05-15  15.530  15.31   390200.0
2013-05-16  15.320  15.32   344300.0
2013-05-17  15.430  15.41   394400.0
2013-05-20  15.450  15.65   517200.0
2013-05-21  15.660  15.58   557200.0
2013-05-22  15.200  15.01   576600.0
2013-05-23  14.830  14.88   419200.0
2013-05-24  14.800  14.87   313900.0
2013-05-28  14.990  14.98   433600.0
2013-05-29  14.870  14.71   370600.0
2013-05-30  14.710  14.84   268100.0
2013-05-31  14.760  14.55   440000.0
2013-06-03  14.550  14.31   654100.0
2013-06-04  14.250  14.16   231300.0
2013-06-05  14.160  13.87   536500.0
2013-06-06  13.890  14.67   719000.0
2013-06-07  14.780  14.26   468500.0
2013-06-10  14.320  14.38   285000.0
2013-06-11  14.260  14.06   378000.0
2013-06-12  14.190  13.07   878100.0
2013-06-13  13.160  13.83   835400.0
2013-06-14  13.890  13.10  1574300.0
2013-06-17  13.200  13.25  1084700.0
2013-06-18  13.260  13.57   669800.0
2013-06-19  13.580  13.48   363300.0
2013-06-20  13.350  13.37   444200.0
2013-06-21  13.430  13.56  2324000.0
2013-06-24  13.380  13.06   604100.0
2013-06-25  13.110  13.15   344800.0
2013-06-26  13.260  13.44   454500.0
2013-06-27  13.510  13.40   457800.0
2013-06-28  13.390  13.58   877100.0
2013-07-01  13.690  13.74   518900.0
2013-07-02  13.800  13.69   390800.0
2013-07-03  13.690  13.67   134500.0
2013-07-05  13.780  13.39   367900.0
2013-07-08  13.450  13.66   373500.0
2013-07-09  13.750  13.80   309500.0
2013-07-10  13.830  13.88   165600.0
2013-07-11  14.010  14.00   264500.0
2013-07-12  14.030  14.06   261500.0
2013-07-15  14.080  14.01   390300.0
2013-07-16  14.050  14.09   327700.0
2013-07-17  14.180  14.30   314400.0
2013-07-18  14.340  14.49   388200.0
2013-07-19  14.470  14.47   145500.0
2013-07-22  14.480  14.52   232100.0
2013-07-23  14.550  14.59   182600.0
2013-07-24  14.610  14.38   344400.0
2013-07-25  14.330  14.63   250300.0
2013-07-26  14.560  14.65   171500.0
2013-07-29  14.650  14.45   219600.0
2013-07-30  14.500  14.58   183900.0
2013-07-31  14.660  14.60   170900.0
2013-08-01  14.710  14.50   262700.0
2013-08-02  14.620  14.59   392200.0
2013-08-05  14.590  14.45   338400.0
2013-08-06  14.450  14.36   241100.0
2013-08-07  14.360  14.06   513400.0
2013-08-08  14.210  14.22   250100.0
2013-08-09  14.200  14.10   245400.0
2013-08-12  14.060  14.23   202000.0
2013-08-13  14.250  14.21   182200.0
2013-08-14  14.150  14.30   176300.0
2013-08-15  14.210  14.13   212300.0
2013-08-16  14.100  14.06   162800.0
2013-08-19  14.060  13.89   278700.0
2013-08-20  13.890  14.13   357900.0
2013-08-21  13.700  13.59   233200.0
2013-08-22  13.700  13.78   214900.0
2013-08-23  13.780  13.70   209800.0
2013-08-26  13.640  13.62   252900.0
2013-08-27  13.430  13.26   285500.0
2013-08-28  13.210  13.43   287700.0
2013-08-29  13.450  13.47   264400.0
2013-08-30  13.500  13.15   603300.0
2013-09-03  13.260  13.27   277800.0
2013-09-04  12.860  13.04  9699400.0
2013-09-05  13.060  13.26  1245600.0
2013-09-06  13.360  13.31   611700.0
2013-09-09  13.320  13.52   634700.0
2013-09-10  13.640  13.59   723800.0
2013-09-11  13.640  13.68   428900.0
2013-09-12  13.720  13.63   317300.0
2013-09-13  13.750  13.59   375800.0
2013-09-16  13.810  13.52   453900.0
2013-09-17  13.580  13.50   409800.0
2013-09-18  13.550  13.68   551100.0
2013-09-19  13.740  13.65   327700.0
2013-09-20  13.660  13.49   647400.0
2013-09-23  13.430  13.53   392500.0
2013-09-24  13.560  13.65   382900.0
2013-09-25  13.750  13.75   464100.0
2013-09-26  13.800  13.82   344100.0
2013-09-27  13.800  13.89   324900.0
2013-09-30  13.770  13.79   835600.0
2013-10-01  13.800  13.86   292500.0
2013-10-02  13.790  13.69   309400.0
2013-10-03  13.640  13.57   421400.0
2013-10-04  13.530  13.51   213500.0
2013-10-07  13.430  13.42   224300.0
2013-10-08  13.440  13.40   291200.0
2013-10-09  13.430  13.38   299900.0
2013-10-10  13.520  13.54   291700.0
2013-10-11  13.520  13.72   236400.0
2013-10-14  13.600  13.60   253400.0
2013-10-15  13.610  13.53   158900.0
2013-10-16  13.580  13.68   157700.0
2013-10-17  13.690  13.90   265300.0
2013-10-18  13.900  13.92   325200.0
2013-10-21  13.930  13.89   328500.0
2013-10-22  13.930  14.02   313100.0
2013-10-23  14.020  14.10   279600.0
2013-10-24  14.160  14.26   272400.0
2013-10-25  14.320  14.20   293100.0
2013-10-28  14.250  14.37   297200.0
2013-10-29  14.410  14.31   273000.0
2013-10-30  14.310  14.15   232300.0
2013-10-31  14.110  13.94   401900.0
2013-11-01  13.910  13.72   587900.0
2013-11-04  13.820  13.90   418800.0
2013-11-05  13.880  14.06   310900.0
2013-11-06  14.180  14.09   234400.0
2013-11-07  14.170  13.75   421200.0
2013-11-08  13.800  13.88   219100.0
2013-11-11  13.930  13.95   226600.0
2013-11-12  13.960  14.03   179900.0
2013-11-13  13.950  14.13   219500.0
2013-11-14  14.170  14.40   393700.0
2013-11-15  14.380  14.43   304000.0
2013-11-18  14.470  14.64   674000.0
2013-11-19  14.680  14.39   485800.0
2013-11-20  14.100  14.12   314900.0
2013-11-21  14.180  14.13   202600.0
2013-11-22  14.120  13.99   280000.0
2013-11-25  13.990  14.09   275200.0
2013-11-26  14.100  14.07   275000.0
2013-11-27  14.120  14.21   220700.0
2013-11-29  14.300  14.33   163300.0
2013-12-02  14.300  14.04   258800.0
2013-12-03  14.000  13.93   260000.0
2013-12-04  13.910  13.91   256400.0
2013-12-05  13.840  13.74   299800.0
2013-12-06  13.880  13.95   200600.0
2013-12-09  13.960  13.95   225800.0
2013-12-10  14.280  13.97   423300.0
2013-12-11  13.950  14.04   511600.0
2013-12-12  14.040  13.96   307300.0
2013-12-13  14.030  14.01   292400.0
2013-12-16  14.010  14.03   252200.0
2013-12-17  14.110  14.15   342400.0
2013-12-18  14.200  14.27   329500.0
2013-12-19  14.300  14.05   261800.0
2013-12-20  14.100  14.20   859300.0
2013-12-23  14.270  14.23   333200.0
2013-12-24  14.220  14.21   167200.0
2013-12-26  14.270  14.00   402400.0
2013-12-27  14.000  13.96   338500.0
2013-12-30  13.960  13.85   340100.0
2013-12-31  13.860  13.85   365600.0
2014-01-02  13.840  13.87   317100.0
2014-01-03  13.950  13.80   370200.0
2014-01-06  13.840  13.87   316400.0
2014-01-07  13.950  13.92   319400.0
2014-01-08  13.950  13.95   242000.0
2014-01-09  14.010  14.06   316600.0
2014-01-10  14.100  14.15   205400.0
2014-01-13  14.150  14.09   263100.0
2014-01-14  14.110  14.17   187600.0
2014-01-15  14.220  14.36   275500.0
2014-01-16  14.340  14.37   252900.0
2014-01-17  14.390  14.34   157700.0
2014-01-21  14.460  14.61   443800.0
2014-01-22  14.620  14.69   278600.0
2014-01-23  14.720  14.72   332900.0
2014-01-24  14.710  14.36   282800.0
2014-01-27  14.410  14.19   364600.0
2014-01-28  14.230  14.28   295200.0
2014-01-29  14.210  14.05   340200.0
2014-01-30  14.160  14.34   283800.0
2014-01-31  13.790  13.79  6555800.0
2014-02-03  13.830  13.58  1246300.0
2014-02-04  13.650  13.58   731100.0
2014-02-05  13.580  13.45   628800.0
2014-02-06  13.480  13.66   763800.0
2014-02-07  13.790  13.96   765000.0
2014-02-10  14.000  14.10  1051100.0
2014-02-11  14.150  14.05   557400.0
2014-02-12  14.050  14.06   571600.0
2014-02-13  14.060  14.33   604800.0
2014-02-14  14.330  14.34   422600.0
2014-02-18  14.350  14.57   596600.0
2014-02-19  14.590  14.29   579800.0
2014-02-20  14.310  14.38   449900.0
2014-02-21  14.440  14.38   606400.0
2014-02-24  14.090  14.13   521600.0
2014-02-25  14.110  13.79   571600.0
2014-02-26  13.860  13.87   484700.0
2014-02-27  13.890  14.03   524200.0
2014-02-28  14.050  14.04   884800.0
2014-03-03  13.910  13.94   400200.0
2014-03-04  14.030  13.75   864700.0
2014-03-05  13.750  13.80   562000.0
2014-03-06  13.830  13.82   478100.0
2014-03-07  13.860  13.73   334500.0
2014-03-10  13.720  13.75   383100.0
2014-03-11  13.750  13.57   317500.0
2014-03-12  13.540  13.63   275100.0
2014-03-13  13.670  13.55   294100.0
2014-03-14  13.610  13.41   435900.0
2014-03-17  13.440  13.61   804900.0
2014-03-18  13.610  13.64   469000.0
2014-03-19  13.640  13.65   437600.0
2014-03-20  13.630  13.65   346200.0
2014-03-21  13.670  13.83  1411800.0
2014-03-24  13.870  13.72   365400.0
2014-03-25  13.750  13.74   306500.0
2014-03-26  13.790  13.56   370900.0
2014-03-27  13.630  13.66   289000.0
2014-03-28  13.660  13.62   241900.0
2014-03-31  13.790  13.61  1055100.0
2014-04-01  13.640  13.70   438300.0
2014-04-02  13.730  13.83   557600.0
2014-04-03  13.880  13.74   377200.0
2014-04-04  13.840  13.61   402400.0
2014-04-07  13.590  13.41   492700.0
2014-04-08  13.430  13.37   576300.0
2014-04-09  13.450  13.45   410900.0
2014-04-10  13.450  13.25   409100.0
2014-04-11  13.200  13.14   423800.0
2014-04-14  13.290  13.27   469200.0
2014-04-15  13.330  13.24   385500.0
2014-04-16  13.340  13.31   360100.0
2014-04-17  13.290  13.28   388500.0
2014-04-21  13.325  13.36   465900.0
2014-04-22  13.400  13.54   459700.0
2014-04-23  13.080  13.06  7306500.0
2014-04-24  13.120  13.16  1546200.0
2014-04-25  13.150  13.12   942800.0
2014-04-28  13.120  13.01  1040200.0
2014-04-29  13.030  13.02   652800.0
2014-04-30  13.040  13.04   620200.0
2014-05-01  13.070  12.99   644100.0
2014-05-02  13.000  13.04   568700.0
2014-05-05  13.000  12.72  1461300.0
2014-05-06  12.700  12.42  1321900.0
2014-05-07  12.460  12.31  1097200.0
2014-05-08  12.310  12.30   527000.0
2014-05-09  12.300  12.31   646500.0
2014-05-12  12.380  12.49   592200.0
2014-05-13  12.500  12.50   686800.0
2014-05-14  12.550  12.42   526000.0
2014-05-15  12.400  12.40   563200.0
2014-05-16  12.400  12.49   554200.0
2014-05-19  12.510  12.59   558100.0
2014-05-20  12.600  12.54   562600.0
2014-05-21  12.580  12.58   590000.0
2014-05-22  12.600  12.68   714800.0
2014-05-23  12.300  12.43   692700.0
2014-05-27  12.490  12.44   733700.0
2014-05-28  12.450  12.48   472000.0
2014-05-29  12.550  12.46   501700.0
2014-05-30  12.470  12.39   887100.0
2014-06-02  12.480  12.39   481000.0
2014-06-03  12.440  12.38   487800.0
2014-06-04  12.380  12.31   436300.0
2014-06-05  12.330  12.39   483700.0
2014-06-06  12.430  12.47   356800.0
2014-06-09  12.320  12.45   660800.0
2014-06-10  12.410  12.43   412600.0
2014-06-11  12.430  12.44   407500.0
2014-06-12  12.440  12.53   591500.0
2014-06-13  12.580  12.56   604000.0
2014-06-16  12.540  12.56   572900.0
2014-06-17  12.580  12.70   742800.0
2014-06-18  12.700  12.70   486200.0
2014-06-19  12.740  12.64   612500.0
2014-06-20  12.700  12.60   975800.0
2014-06-23  12.610  12.63   465300.0
2014-06-24  12.630  12.57   622300.0
2014-06-25  12.570  12.67   391800.0
2014-06-26  12.670  12.96  1131300.0
2014-06-27  12.910  13.03  4992100.0
2014-06-30  13.000  13.06   963900.0
2014-07-01  13.080  13.10   760500.0
2014-07-02  13.120  13.14   483600.0
2014-07-03  13.210  13.04   225800.0
2014-07-07  13.050  13.12   506200.0
2014-07-08  13.100  13.01   438500.0
2014-07-09  13.060  13.07   250700.0
2014-07-10  13.000  13.01   277600.0
2014-07-11  12.990  12.99   303300.0
2014-07-14  13.090  13.07   340300.0
2014-07-15  13.070  12.99   379700.0
2014-07-16  13.040  12.99   264600.0
2014-07-17  12.970  12.82   294100.0
2014-07-18  12.820  12.87   282800.0
2014-07-21  12.830  12.85   414200.0
2014-07-22  12.910  12.85   433900.0
2014-07-23  12.850  12.94   315100.0
2014-07-24  12.950  12.97   245300.0
2014-07-25  12.960  13.03   338800.0
2014-07-28  13.070  13.08   362300.0
2014-07-29  13.120  13.05   280700.0
2014-07-30  13.110  12.96   284500.0
2014-07-31  12.910  12.57   778600.0
2014-08-01  12.840  12.83   566600.0
2014-08-04  12.900  13.02   450800.0
2014-08-05  13.000  12.89   339600.0
2014-08-06  12.900  13.02   323400.0
2014-08-07  13.070  13.00   437900.0
2014-08-08  13.000  13.10   400900.0
2014-08-11  13.160  13.18   593200.0
2014-08-12  13.190  13.17   385000.0
2014-08-13  13.230  13.18   394800.0
2014-08-14  13.220  13.21   461100.0
2014-08-15  13.250  13.21   498100.0
2014-08-18  13.260  13.28   801100.0
2014-08-19  13.370  13.26   794800.0
2014-08-20  13.280  13.29   795500.0
2014-08-21  12.950  13.01  9102600.0
2014-08-22  13.090  13.06  1871000.0
2014-08-25  12.760  12.70  1604600.0
2014-08-26  12.740  12.66  1249600.0
2014-08-27  12.720  12.66  1145800.0
2014-08-28  12.670  12.72   731600.0
2014-08-29  12.710  12.82   504100.0
2014-09-02  12.830  12.78   524600.0
2014-09-03  12.800  12.74   542800.0
2014-09-04  12.840  12.74   518100.0
2014-09-05  12.750  12.76   443700.0
2014-09-08  12.760  12.76   295400.0
2014-09-09  12.760  12.79   553600.0
2014-09-10  12.800  12.70   478300.0
2014-09-11  12.690  12.70   257500.0
2014-09-12  12.750  12.72   368300.0
2014-09-15  12.770  12.52   907600.0
2014-09-16  12.430  12.35   822100.0
2014-09-17  12.380  12.35   537600.0
2014-09-18  12.400  12.42   471800.0
2014-09-19  12.470  12.39  1045000.0
2014-09-22  12.350  12.12  1311869.0
2014-09-23  12.110  12.08   531192.0
2014-09-24  12.100  12.00   533738.0
2014-09-25  12.020  11.92   491050.0
2014-09-26  11.950  11.89   366739.0
2014-09-29  11.840  11.78   397271.0
2014-09-30  11.810  11.81  1117204.0
2014-10-01  11.840  11.66   517673.0
2014-10-02  11.680  11.69   543636.0
2014-10-03  11.760  11.74   310675.0
2014-10-06  11.770  11.70   262520.0
2014-10-07  11.650  11.55   373855.0
2014-10-08  11.500  11.52   565223.0
2014-10-09  11.540  11.37   317725.0
2014-10-10  11.330  11.39  1085025.0
2014-10-13  11.370  11.17   530796.0
2014-10-14  11.220  11.17   636058.0
2014-10-15  11.110  10.90   790190.0
2014-10-16  10.820  11.28   503791.0
2014-10-17  11.420  11.45   375781.0
2014-10-20  11.450  11.49   282530.0
2014-10-21  11.520  11.61   336988.0
2014-10-22  11.630  11.61   332544.0
2014-10-23  11.710  11.58   338328.0
2014-10-24  11.600  11.58   477284.0
2014-10-27  11.580  11.57   245054.0
2014-10-28  11.580  11.57   292796.0
2014-10-29  11.590  11.66   273480.0
2014-10-30  11.660  11.53   396460.0
2014-10-31  11.640  11.62   459466.0
2014-11-03  11.630  11.48   356417.0
2014-11-04  11.480  11.50   322476.0
2014-11-05  11.610  11.42   332218.0
2014-11-06  11.440  11.43   214275.0
2014-11-07  11.480  11.58   391897.0
2014-11-10  11.630  11.62   262089.0
2014-11-11  11.650  11.60   326240.0
2014-11-12  11.630  11.70   290836.0
2014-11-13  11.720  11.64   426594.0
2014-11-14  11.710  11.61   383748.0
2014-11-17  11.640  11.62   291819.0
2014-11-18  11.630  11.68   286587.0
2014-11-19  11.710  11.64   353095.0
2014-11-20  11.670  11.78   306705.0
2014-11-21  11.910  11.79   610278.0
2014-11-24  11.450  11.41   462012.0
2014-11-25  11.480  11.31   617217.0
2014-11-26  11.340  11.28   346802.0
2014-11-28  11.280  11.16   301890.0
2014-12-01  11.120  10.82   737178.0
2014-12-02  10.810  10.79   573659.0
2014-12-03  10.820  10.69   700337.0
2014-12-04  10.700  10.56   519701.0
2014-12-05  10.560  10.61   845029.0
2014-12-08  10.580  10.29  1399841.0
2014-12-09   9.910  10.03  2015243.0
2014-12-10   9.830   9.24  2505040.0
2014-12-11   9.200   9.00  1961545.0
2014-12-12   9.000   8.84  1524728.0
2014-12-15   8.930   8.90  1396948.0
2014-12-16   8.890   8.84   924278.0
2014-12-17   8.850   9.04   888558.0
2014-12-18   9.210   9.27   949352.0
2014-12-19   9.290   9.55  1851041.0
2014-12-22   9.550   9.18   570269.0
2014-12-23   9.160   9.29   761584.0
2014-12-24   9.270   9.18   351724.0
2014-12-26   9.220   9.23   558285.0
2014-12-29   9.180   9.28   959017.0
2014-12-30   9.210   9.22  1093683.0
2014-12-31   9.220   9.24   862375.0
2015-01-02   9.250   9.20   546737.0
2015-01-05   9.170   9.18   356477.0
2015-01-06   9.190   9.11   427787.0
2015-01-07   9.170   9.17   509897.0
2015-01-08   9.270   9.38   541214.0
2015-01-09   9.400   9.49   688685.0
2015-01-12   9.500   9.39   706698.0
2015-01-13   9.470   9.30   671251.0
2015-01-14   9.230   9.12   873893.0
2015-01-15   9.130   8.93  1048261.0
2015-01-16   8.900   8.91   543124.0
2015-01-20   8.900   8.90   526734.0
2015-01-21   8.900   8.95   364171.0
2015-01-22   9.010   8.99   409113.0
2015-01-23   9.000   8.93   289577.0
2015-01-26   8.920   8.88   522790.0
2015-01-27   8.850   8.85   439347.0
2015-01-28   8.910   8.84   511269.0
2015-01-29   8.830   8.70   598350.0
2015-01-30   8.650   8.82   548408.0
2015-02-02   8.860   8.91   386162.0
2015-02-03   8.930   9.14   412316.0
2015-02-04   9.150   9.09   616034.0
2015-02-05   9.150   9.23   379882.0
2015-02-06   9.250   9.41   370242.0
2015-02-09   9.300   9.11  1187468.0
2015-02-10   9.210   9.43   984361.0
2015-02-11   9.390   9.20   819055.0
2015-02-12   9.230   9.29   461716.0
2015-02-13   9.330   9.44   417833.0
2015-02-17   9.450   9.55   626003.0
2015-02-18   9.590   9.65   629548.0
2015-02-19   9.670   9.59   504262.0
2015-02-20   9.680   9.72   797118.0
2015-02-23   9.400   9.51   702440.0
2015-02-24   9.540   9.41   397482.0
2015-02-25   9.420   9.53   396734.0
2015-02-26   9.510   9.54   694446.0
2015-02-27   9.580   9.46   620999.0
2015-03-02   9.430   9.47   553075.0
2015-03-03   9.460   9.57   375514.0
2015-03-04   9.570   9.61   294910.0
2015-03-05   9.590   9.60   272196.0
2015-03-06   9.590   9.60   455528.0
2015-03-09   9.660   9.53   330185.0
2015-03-10   9.530   9.48   353225.0
2015-03-11   9.500   9.51   295354.0
2015-03-12   9.550   9.56   281438.0
2015-03-13   9.610   9.49   327022.0
2015-03-16   9.510   9.46   274069.0
2015-03-17   9.460   9.53   331302.0
2015-03-18   9.520   9.57   328889.0
2015-03-19   9.530   9.46   242381.0
2015-03-20   9.490   9.44  1691624.0
2015-03-23   9.450   9.39   238164.0
2015-03-24   9.400   9.33   297890.0
2015-03-25   9.360   9.34   413678.0
2015-03-26   9.340   9.37   212876.0
2015-03-27   9.380   9.34   208755.0
2015-03-30   9.400   9.26   465772.0
2015-03-31   9.250   9.15   526382.0
2015-04-01   9.060   8.91   791313.0
2015-04-02   8.890   8.86   506921.0
2015-04-06   8.820   8.85   366866.0
2015-04-07   8.850   8.96   297335.0
2015-04-08   8.950   8.86   368005.0
2015-04-09   8.840   8.92   378845.0
2015-04-10   8.940   8.90   370796.0
2015-04-13   8.900   8.98   275497.0
2015-04-14   8.950   8.99   265768.0
2015-04-15   9.020   9.01   405139.0
2015-04-16   9.030   9.02   663927.0
2015-04-17   9.000   8.96   296384.0
2015-04-20   9.000   9.00   313921.0
2015-04-21   9.040   8.99   216993.0
2015-04-22   9.090   9.10   482065.0
2015-04-23   9.120   9.33   621079.0
2015-04-24   9.340   9.41   604265.0
2015-04-27   9.480   9.40   363462.0
2015-04-28   9.350   9.38   244094.0
2015-04-29   9.390   9.44   242913.0
2015-04-30   9.430   9.43   462393.0
2015-05-01   9.480   9.38   250360.0
2015-05-04   9.380   9.27   497623.0
2015-05-05   9.280   9.21   337250.0
2015-05-06   9.290   9.07   413165.0
2015-05-07   9.100   8.96   318693.0
2015-05-08   9.100   9.00   305017.0
2015-05-11   9.040   9.02   335995.0
2015-05-12   9.100   9.23   302346.0
2015-05-13   9.300   9.34   480348.0
2015-05-14   9.410   9.31   325964.0
2015-05-15   9.380   9.38   494692.0
2015-05-18   9.080   9.12   305016.0
2015-05-19   9.160   9.23   312557.0
2015-05-20   9.240   9.20   230663.0
2015-05-21   9.200   9.24   246369.0
2015-05-22   9.260   9.27   179373.0
2015-05-26   9.270   9.29   234260.0
2015-05-27   9.310   9.32   237861.0
2015-05-28   9.340   9.36   222721.0
2015-05-29   9.360   9.37   313232.0
2015-06-01   9.400   9.31   273732.0
2015-06-02   9.310   9.38   251252.0
2015-06-03   9.390   9.53   306499.0
2015-06-04   9.520   9.41   250548.0
2015-06-05   9.390   9.50   285063.0
2015-06-08   9.480   9.30   228651.0
2015-06-09   9.380   9.28   361860.0
2015-06-10   9.290   9.28   298437.0
2015-06-11   9.230   9.16   417853.0
2015-06-12   9.200   9.14   325984.0
2015-06-15   9.050   9.16   354434.0
2015-06-16   9.180   9.22   220414.0
2015-06-17   9.220   9.27   197709.0
2015-06-18   9.310   9.30   350864.0
2015-06-19   9.290   9.25   338300.0
2015-06-22   9.330   9.21   250481.0
2015-06-23   9.250   9.38   269101.0
2015-06-24   9.340   9.34   238274.0
2015-06-25   9.340   9.29   184799.0
2015-06-26   9.270   9.16   290868.0
2015-06-29   9.100   9.00   351375.0
2015-06-30   9.030   8.91   497117.0
2015-07-01   9.100   9.01   366868.0
2015-07-02   9.060   9.03   222869.0
2015-07-06   8.990   9.04   153373.0
2015-07-07   9.040   9.05   190907.0
2015-07-08   8.970   8.98   199237.0
2015-07-09   9.070   9.09   129930.0
2015-07-10   9.150   9.03   220580.0
2015-07-13   9.040   9.00   268295.0
2015-07-14   8.980   9.06   222562.0
2015-07-15   9.060   9.19   298395.0
2015-07-16   9.200   9.16   213033.0
2015-07-17   9.160   9.19   128892.0
2015-07-20   9.200   9.11   190718.0
2015-07-21   9.060   9.09   193933.0
2015-07-22   9.050   9.02   191252.0
2015-07-23   9.000   8.76   479722.0
2015-07-24   8.780   8.66   292369.0
2015-07-27   8.630   8.55   296273.0
2015-07-28   8.530   8.64   271566.0
2015-07-29   8.680   8.80   189647.0
2015-07-30   8.760   8.76   149178.0
2015-07-31   8.730   8.70   255251.0
2015-08-03   8.710   8.61   243994.0
2015-08-04   8.550   8.59   175329.0
2015-08-05   8.610   8.56   249469.0
2015-08-06   8.550   8.50   279595.0
2015-08-07   8.490   8.55   219704.0
2015-08-10   8.520   8.52   320843.0
2015-08-11   8.460   8.43   690997.0
2015-08-12   8.370   8.51   351515.0
2015-08-13   8.500   8.49   264712.0
2015-08-14   8.470   8.68   323087.0
2015-08-17   8.340   8.37   333496.0
2015-08-18   8.370   8.35   165700.0
2015-08-19   8.320   8.32   253972.0
2015-08-20   8.300   8.26   258480.0
2015-08-21   8.220   8.17   272181.0
2015-08-24   7.920   7.85   679695.0
2015-08-25   7.610   7.85   490331.0
2015-08-26   7.960   7.88   340357.0
2015-08-27   7.970   8.08   346001.0
2015-08-28   8.060   8.26   329449.0
2015-08-31   8.240   8.28   396966.0
2015-09-01   8.180   8.10   315312.0
2015-09-02   8.140   8.15   204350.0
2015-09-03   8.160   8.17   375283.0
2015-09-04   8.110   8.40   426355.0
2015-09-08   8.510   8.49   388899.0
2015-09-09   8.560   8.40   248466.0
2015-09-10   8.390   8.47   177303.0
2015-09-11   8.500   8.45   431507.0
2015-09-14   8.460   8.47   361868.0
2015-09-15   8.460   8.46   237817.0
2015-09-16   8.500   8.69   476855.0
2015-09-17   8.710   8.67   340992.0
2015-09-18   8.620   8.16  1824512.0
2015-09-21   8.290   8.38   260707.0
2015-09-22   8.270   8.32   289586.0
2015-09-23   8.360   8.24   210890.0
2015-09-24   8.180   8.18   243912.0
2015-09-25   8.310   8.09   402629.0
2015-09-28   8.070   7.75   601817.0
2015-09-29   7.740   7.41   858810.0
2015-09-30   7.400   7.44   505938.0
2015-10-01   7.420   7.74   581339.0
2015-10-02   7.680   7.62   568872.0
2015-10-05   7.630   7.77   446007.0
2015-10-06   7.770   7.82   264146.0
2015-10-07   7.850   8.05   373323.0
2015-10-08   8.050   8.15   245926.0
2015-10-09   8.130   8.16   159804.0
2015-10-12   8.150   7.96   355715.0
2015-10-13   7.970   7.85   175630.0
2015-10-14   7.850   7.64   327008.0
2015-10-15   7.620   7.65   260473.0
2015-10-16   7.650   7.70   242016.0
2015-10-19   7.640   7.60   225245.0
2015-10-20   7.620   7.70   222683.0
2015-10-21   7.720   7.56   212984.0
2015-10-22   7.630   7.59   194382.0
2015-10-23   7.600   7.61   263513.0
2015-10-26   7.600   7.57   182632.0
2015-10-27   7.570   7.55   320835.0
2015-10-28   7.540   7.48   285277.0
2015-10-29   7.440   7.42   456772.0
2015-10-30   7.450   7.45   379492.0
2015-11-02   7.500   7.59   325005.0
2015-11-03   7.570   7.70   240454.0
2015-11-04   7.700   7.75   260048.0
2015-11-05   7.810   7.70   197444.0
2015-11-06   7.670   7.83   304346.0
2015-11-09   7.800   7.79   301292.0
2015-11-10   7.770   7.67   326955.0
2015-11-11   7.650   7.57   298492.0
2015-11-12   7.500   7.51   336413.0
2015-11-13   7.480   7.57   227883.0
2015-11-16   7.520   7.61   170684.0
2015-11-17   7.530   7.58   171759.0
2015-11-18   7.550   7.46   310544.0
2015-11-19   7.500   7.61   222455.0
2015-11-20   7.580   7.59   465076.0
2015-11-23   7.220   7.24   318927.0
2015-11-24   7.160   7.32   399533.0
2015-11-25   7.270   7.37   201963.0
2015-11-27   7.320   7.42    83523.0
2015-11-30   7.440   7.52   443657.0
2015-12-01   7.510   7.47   266851.0
2015-12-02   7.490   7.43   302434.0
2015-12-03   7.440   7.34   305716.0
2015-12-04   7.460   7.57  1046053.0
2015-12-07   7.800   7.68   817825.0
2015-12-08   7.600   7.63   533999.0
2015-12-09   7.590   7.58   407403.0
2015-12-10   7.600   7.57   255371.0
2015-12-11   7.500   7.22   772157.0
2015-12-14   7.230   7.01  1108124.0
2015-12-15   7.020   7.52   621994.0
2015-12-16   7.490   7.85   671713.0
2015-12-17   7.780   7.66   482952.0
2015-12-18   7.660   7.97  1976233.0
2015-12-21   7.960   7.66   651279.0
2015-12-22   7.650   7.59   358306.0
2015-12-23   7.600   7.84   356480.0
2015-12-24   7.890   7.99   282457.0
2015-12-28   7.890   7.61   443108.0
2015-12-29   7.610   7.65   348367.0
2015-12-30   7.590   7.53   330142.0
2015-12-31   7.500   7.52   464001.0
2016-01-04   7.390   7.74   272916.0
2016-01-05   7.710   7.57   321658.0
2016-01-06   7.480   7.52   616629.0
2016-01-07   7.400   7.23   809088.0
2016-01-08   7.260   7.18   198613.0
2016-01-11   7.180   6.94   445484.0
2016-01-12   6.950   6.84   764600.0
2016-01-13   6.810   6.52   646073.0
2016-01-14   6.520   6.45   580031.0
2016-01-15   6.260   6.46   843598.0
2016-01-19   6.500   6.27   393007.0
2016-01-20   6.140   6.24   809332.0
2016-01-21   6.270   6.43   309099.0
2016-01-22   6.500   6.65   284204.0
2016-01-25   6.530   6.39   381889.0
2016-01-26   6.390   6.56   257916.0
2016-01-27   6.520   6.54   243414.0
2016-01-28   6.580   6.59   278073.0
2016-01-29   6.670   6.69   351008.0
2016-02-01   6.640   6.73   252350.0
2016-02-02   6.610   6.51   234300.0
2016-02-03   6.540   6.51   321447.0
2016-02-04   6.510   6.67   281289.0
2016-02-05   6.640   6.63   204679.0
2016-02-08   6.560   6.37   602114.0
2016-02-09   6.170   5.96  1111498.0
2016-02-10   5.670   5.50  1598809.0
2016-02-11   5.310   5.37   728939.0
2016-02-12   5.450   5.54   581226.0
2016-02-16   5.600   5.76   562393.0
2016-02-17   5.790   5.98   355545.0
2016-02-18   6.010   5.95   463531.0
2016-02-19   5.900   5.90   506604.0
2016-02-22   5.500   5.54   390801.0
2016-02-23   5.550   5.52   297085.0
2016-02-24   5.450   5.47   298895.0
2016-02-25   5.500   5.41   265405.0
2016-02-26   5.460   5.51   174938.0
2016-02-29   5.520   5.78   368948.0
2016-03-01   5.780   5.86   249168.0
2016-03-02   5.830   5.96   294915.0
2016-03-03   5.910   6.03   261850.0
2016-03-04   6.070   6.28   315282.0
2016-03-07   6.230   6.39   265597.0
2016-03-08   6.300   6.23   328769.0
2016-03-09   6.210   6.36   500774.0
2016-03-10   6.310   6.40   558518.0
2016-03-11   6.370   6.44   632445.0
2016-03-14   6.410   6.52   405273.0
2016-03-15   6.480   6.51   284245.0
2016-03-16   6.450   6.56   316777.0
2016-03-17   6.500   6.67   349900.0
2016-03-18   6.800   6.89  1729328.0
2016-03-21   6.900   6.81   393873.0
2016-03-22   6.820   6.86   412311.0
2016-03-23   6.840   6.65   422640.0
2016-03-24   6.580   6.70   204254.0
2016-03-28   6.700   6.58   148530.0
2016-03-29   6.530   6.61   243634.0
2016-03-30   6.640   6.55   256257.0
2016-03-31   6.520   6.60   275466.0
2016-04-01   6.590   6.65   139329.0
2016-04-04   6.660   6.52   195088.0
2016-04-05   6.510   6.56   167921.0
2016-04-06   6.560   6.60   123104.0
2016-04-07   6.560   6.53    84919.0
2016-04-08   6.550   6.60   222181.0
2016-04-11   6.610   6.63   123197.0
2016-04-12   6.630   6.73   206927.0
2016-04-13   6.730   6.79   182740.0
2016-04-14   6.750   6.80   140315.0
2016-04-15   6.770   6.75   198740.0
2016-04-18   6.740   6.83   132601.0
2016-04-19   6.870   6.84   146075.0
2016-04-20   6.830   6.88   268757.0
2016-04-21   6.860   6.80   297233.0
2016-04-22   6.780   6.86   135561.0
2016-04-25   6.820   6.88   151719.0
2016-04-26   6.850   6.92   161736.0
2016-04-27   6.980   6.95   190380.0
2016-04-28   6.890   6.82   288260.0
2016-04-29   6.850   6.80   258437.0
2016-05-02   6.770   6.76   130003.0
2016-05-03   6.750   6.69   278837.0
2016-05-04   6.650   6.73   189295.0
2016-05-05   6.670   6.66   350743.0
2016-05-06   6.670   6.61   138249.0
2016-05-09   6.650   6.55   385590.0
2016-05-10   6.600   6.57   341811.0
2016-05-11   6.580   6.69   312349.0
2016-05-12   6.700   6.66   292213.0
2016-05-13   6.630   6.64   202103.0
2016-05-16   6.670   6.70   298677.0
2016-05-17   6.700   6.81   371336.0
2016-05-18   6.800   6.81   381695.0
2016-05-19   6.780   6.60   632665.0
2016-05-20   6.620   6.69   617479.0
2016-05-23   6.470   6.46   278176.0
2016-05-24   6.450   6.37   251718.0
2016-05-25   6.380   6.44   241208.0
2016-05-26   6.450   6.46   172132.0
2016-05-27   6.440   6.53   216757.0
2016-05-31   6.520   6.50   203213.0
2016-06-01   6.540   6.50   502052.0
2016-06-02   6.500   6.49   381896.0
2016-06-03   6.440   6.50   368247.0
2016-06-06   6.500   6.61   460695.0
2016-06-07   6.650   6.58   314301.0
2016-06-08   6.610   6.52   404812.0
2016-06-09   6.520   6.51   430586.0
2016-06-10   6.540   6.49   299142.0
2016-06-13   6.470   6.41   303662.0
2016-06-14   6.350   6.26   317000.0
2016-06-15   6.310   6.29   267548.0
2016-06-16   6.270   6.31   239975.0
2016-06-17   6.270   6.50   329970.0
2016-06-20   6.650   6.58   311467.0
2016-06-21   6.580   6.61   250172.0
2016-06-22   6.660   6.58   199355.0
2016-06-23   6.670   6.67   198914.0
2016-06-24   6.500   6.64   509627.0
2016-06-27   6.580   6.39   680811.0
2016-06-28   6.490   6.55   267064.0
2016-06-29   6.590   6.63   309416.0
2016-06-30   6.640   6.70   260998.0
2016-07-01   6.750   7.19   987400.0
2016-07-05   7.320   7.11   743285.0
2016-07-06   7.160   7.13   352225.0
2016-07-07   7.140   7.13   295619.0
2016-07-08   7.130   7.22   560291.0
2016-07-11   7.270   7.24   283914.0
2016-07-12   7.240   7.35   456319.0
2016-07-13   7.330   7.27   280102.0
2016-07-14   7.290   7.27   186397.0
2016-07-15   7.340   7.32   279096.0
2016-07-18   7.340   7.40   320326.0
2016-07-19   7.350   7.37   330920.0
2016-07-20   7.350   7.37   228967.0
2016-07-21   7.400   7.34   279969.0
2016-07-22   7.330   7.38   414237.0
2016-07-25   7.360   7.42   443919.0
2016-07-26   7.380   7.33   335549.0
2016-07-27   7.380   7.34   278783.0
2016-07-28   7.350   7.25   297884.0
2016-07-29   7.280   7.29   262486.0
2016-08-01   7.280   7.25   340363.0
2016-08-02   7.230   7.16   363547.0
2016-08-03   7.220   7.31   538716.0
2016-08-04   7.300   7.35   494301.0
2016-08-05   7.320   7.29   256444.0
2016-08-08   7.340   7.23   383947.0
2016-08-09   7.000   7.35  1161833.0
2016-08-10   7.320   7.40   817769.0
2016-08-11   7.370   7.37   504583.0
2016-08-12   7.390   7.47   469210.0
2016-08-15   7.450   7.47   674690.0
2016-08-16   7.450   7.50   521856.0
2016-08-17   7.500   7.57   497638.0
2016-08-18   7.590   7.67   648818.0
2016-08-19   7.690   7.75  1061150.0
2016-08-22   7.590   7.54   882666.0
2016-08-23   7.590   7.51   602469.0
2016-08-24   7.550   7.57   637407.0
2016-08-25   7.500   7.51   503982.0
2016-08-26   7.500   7.60   345111.0
2016-08-29   7.630   7.65   343541.0
2016-08-30   7.650   7.61   269914.0
2016-08-31   7.610   7.56   290932.0
2016-09-01   7.540   7.56   273220.0
2016-09-02   7.580   7.61   164684.0
2016-09-06   7.660   7.55   272708.0
2016-09-07   7.620   7.65   271470.0
2016-09-08   7.620   7.58   364837.0
2016-09-09   7.570   7.40   655656.0
2016-09-12   7.350   7.26   748367.0
2016-09-13   7.120   7.05   801802.0
2016-09-14   7.050   7.19   589225.0
2016-09-15   7.160   7.18   354452.0
2016-09-16   7.140   7.23  1613748.0
2016-09-19   7.330   7.33   418249.0
2016-09-20   7.370   7.43   490939.0
2016-09-21   7.420   7.45   383412.0
2016-09-22   7.530   7.64   513569.0
2016-09-23   7.700   7.77  1044921.0
2016-09-26   7.760   7.67   659715.0
2016-09-27   7.710   7.66   354540.0
2016-09-28   7.660   7.70   302433.0
2016-09-29   7.670   7.68   314487.0
2016-09-30   7.730   7.63   482035.0
2016-10-03   7.620   7.67   250907.0
2016-10-04   7.670   7.61   268217.0
2016-10-05   7.640   7.69   261103.0
2016-10-06   7.680   7.58   328520.0
2016-10-07   7.710   7.67   280745.0
2016-10-10   7.690   7.63   297663.0
2016-10-11   7.690   7.65   202990.0
2016-10-12   7.670   7.65   181874.0
2016-10-13   7.610   7.65   306760.0
2016-10-14   7.690   7.66   233162.0
2016-10-17   7.610   7.72   444935.0
2016-10-18   7.710   7.68   229911.0
2016-10-19   7.700   7.68   245182.0
2016-10-20   7.650   7.67   232168.0
2016-10-21   7.690   7.74   247556.0
2016-10-24   7.800   7.81   305435.0
2016-10-25   7.770   7.84   288981.0
2016-10-26   7.870   7.78   260152.0
2016-10-27   7.750   7.64   238236.0
2016-10-28   7.620   7.63   301160.0
2016-10-31   7.610   7.54   444566.0
2016-11-01   7.540   7.55   533158.0
2016-11-02   7.560   7.42   505036.0
2016-11-03   7.420   7.44   391742.0
2016-11-04   7.390   7.43   262246.0
2016-11-07   7.580   7.58   348197.0
2016-11-08   7.570   7.65   257291.0
2016-11-09   7.590   7.77   423164.0
2016-11-10   7.810   7.84   306284.0
2016-11-11   7.840   7.92   246921.0
2016-11-14   7.920   7.85   387733.0
2016-11-15   7.910   7.89   719543.0
2016-11-16   7.890   7.85   312701.0
2016-11-17   7.880   8.06   691788.0
2016-11-18   8.020   8.02   781234.0
2016-11-21   7.780   7.87   321507.0
2016-11-22   7.920   7.83   336736.0
2016-11-23   7.830   7.79   176321.0
2016-11-25   7.810   7.85   192762.0
2016-11-28   7.840   7.82   239954.0
2016-11-29   7.810   7.83   263911.0
2016-11-30   7.800   7.83   262533.0
2016-12-01   7.820   7.70   357618.0
2016-12-02   7.700   7.63   153494.0
2016-12-05   7.680   7.67   252944.0
2016-12-06   7.650   7.63   261908.0
2016-12-07   7.640   7.65   341046.0
2016-12-08   7.670   7.65   326035.0
2016-12-09   7.690   7.41  1154502.0
2016-12-12   7.270   6.96  1803377.0
2016-12-13   7.050   7.11   810508.0
2016-12-14   7.130   7.13   685809.0
2016-12-15   7.150   7.25   779402.0
2016-12-16   7.250   7.26  1113010.0
2016-12-19   7.290   7.43   466584.0
2016-12-20   7.470   7.51   399668.0
2016-12-21   7.490   7.61   308255.0
2016-12-22   7.620   7.61   435625.0
2016-12-23   7.630   7.56   221705.0
2016-12-27   7.510   7.56   261214.0
2016-12-28   7.540   7.46   248864.0
2016-12-29   7.480   7.40   348445.0
2016-12-30   7.430   7.51   314002.0
2017-01-03   7.650   7.69   425729.0
2017-01-04   7.670   8.00   823831.0
2017-01-05   7.960   7.85   413744.0
2017-01-06   7.860   7.79   371048.0
2017-01-09   7.840   7.75   240815.0
2017-01-10   7.800   7.68   235931.0
2017-01-11   7.710   7.72   230387.0
2017-01-12   7.750   7.68   258045.0
2017-01-13   7.710   7.58   290230.0
2017-01-17   7.650   7.60   322505.0
2017-01-18   7.600   7.54   236049.0
2017-01-19   7.530   7.49   236963.0
2017-01-20   7.540   7.49   137302.0
2017-01-23   7.530   7.51   261367.0
2017-01-24   7.530   7.65   224398.0
2017-01-25   7.690   7.59   238012.0
2017-01-26   7.610   7.62   310763.0
2017-01-27   7.620   7.56   164571.0
2017-01-30   7.550   7.50   542138.0
2017-01-31   7.480   7.46   265762.0
2017-02-01   7.450   7.52   216921.0
2017-02-02   7.550   7.53   444667.0
2017-02-03   7.540   7.63   425061.0
2017-02-06   7.610   7.76   338011.0
2017-02-07   7.760   7.77   263613.0
2017-02-08   7.730   7.79   224277.0
2017-02-09   7.800   7.82   442782.0
2017-02-10   7.860   8.00   652527.0
2017-02-13   8.000   7.88   943710.0
2017-02-14   7.860   7.86   354247.0
2017-02-15   7.930   7.91   492143.0
2017-02-16   7.930   7.88   789319.0
2017-02-17   7.640   7.66   606363.0
2017-02-21   7.620   7.78   526057.0
2017-02-22   7.720   7.65   338344.0
2017-02-23   7.630   7.68   377589.0
2017-02-24   7.680   7.67   290140.0
2017-02-27   7.690   7.66   295563.0
2017-02-28   7.680   7.58   276621.0
2017-03-01   7.660   7.62   246510.0
2017-03-02   7.650   7.56   260483.0
2017-03-03   7.580   7.61   187923.0
2017-03-06   7.560   7.53   233014.0
2017-03-07   7.520   7.51   182584.0
2017-03-08   7.540   7.50   174355.0
2017-03-09   7.490   7.40   430420.0
2017-03-10   7.450   7.46   287666.0
2017-03-13   7.480   7.52   277147.0
2017-03-14   7.510   7.50   210171.0
2017-03-15   7.520   7.55   380203.0
2017-03-16   7.600   7.48   389171.0
2017-03-17   7.530   7.64   978740.0
2017-03-20   7.650   7.61   206154.0
2017-03-21   7.640   7.55   318497.0
2017-03-22   7.540   7.43   354043.0
2017-03-23   7.430   7.48   242378.0
2017-03-24   7.550   7.57   267174.0
2017-03-27   7.540   7.55   266097.0
2017-03-28   7.560   7.55   208244.0
2017-03-29   7.560   7.64   226806.0
2017-03-30   7.640   7.73   316408.0
2017-03-31   7.720   7.69   232370.0
2017-04-03   7.690   7.66   121054.0
2017-04-04   7.650   7.64   169060.0
2017-04-05   7.680   7.55   200640.0
2017-04-06   7.590   7.63   138864.0
2017-04-07   7.620   7.66   170809.0
2017-04-10   7.660   7.72   197426.0
2017-04-11   7.720   7.82   364260.0
2017-04-12   7.780   7.74   354960.0
2017-04-13   7.730   7.72   189181.0
2017-04-17   7.720   7.75   147425.0
2017-04-18   7.750   7.78   213827.0
2017-04-19   7.790   7.76   145828.0
2017-04-20   7.760   7.75   179746.0
2017-04-21   7.730   7.73   130584.0
2017-04-24   7.780   7.73   178623.0
2017-04-25   7.760   7.84   262420.0
2017-04-26   7.840   7.80   237342.0
2017-04-27   7.810   7.75   146000.0
2017-04-28   7.750   7.72   176555.0
2017-05-01   7.740   7.70   117861.0
2017-05-02   7.700   7.76   157201.0
2017-05-03   7.750   7.66   223500.0
2017-05-04   7.700   7.52   212816.0
2017-05-05   7.570   7.62   140358.0
2017-05-08   7.600   7.55   237397.0
2017-05-09   7.150   6.33  2081162.0
2017-05-10   6.350   6.13  1806780.0
2017-05-11   6.150   6.17   629253.0
2017-05-12   6.200   6.19   661843.0
2017-05-15   6.200   6.15   662087.0
2017-05-16   6.160   6.15   680847.0
2017-05-17   6.150   6.16   706662.0
2017-05-18   6.150   6.26   525077.0
2017-05-19   6.250   6.18   718707.0
2017-05-22   6.060   6.13   696642.0
2017-05-23   6.150   6.18   568407.0
2017-05-24   6.200   5.96  1030061.0
2017-05-25   6.020   5.99   967225.0
2017-05-26   5.990   6.00   587037.0
2017-05-30   6.000   6.10   626967.0
2017-05-31   6.100   6.09   672029.0
2017-06-01   6.100   6.13   349697.0
2017-06-02   6.080   6.10   498203.0
2017-06-05   6.080   6.09   653043.0
2017-06-06   6.060   6.06   689606.0
2017-06-07   6.050   6.08   561071.0
2017-06-08   6.100   6.13   526810.0
2017-06-09   6.110   6.15   505962.0
2017-06-12   6.130   6.20   477882.0
2017-06-13   6.250   6.30   620984.0
2017-06-14   6.270   6.28   498146.0
2017-06-15   6.180   6.26   437756.0
2017-06-16   6.290   6.38   710397.0
2017-06-19   6.400   6.37   423056.0
2017-06-20   6.340   6.24   574567.0
2017-06-21   6.250   6.24   623155.0
2017-06-22   6.210   6.26   407463.0
2017-06-23   6.260   6.37   485192.0
2017-06-26   6.400   6.38   423213.0
2017-06-27   6.360   6.30   486524.0
2017-06-28   6.330   6.34   405890.0
2017-06-29   6.390   6.45   393617.0
2017-06-30   6.450   6.39   362913.0
2017-07-03   6.400   6.46   157018.0
2017-07-05   6.440   6.41   286078.0
2017-07-06   6.360   6.40   369392.0
2017-07-07   6.390   6.39   408690.0
2017-07-10   6.390   6.35   308297.0
2017-07-11   6.350   6.42   451674.0
2017-07-12   6.420   6.48   320565.0
2017-07-13   6.470   6.49   358147.0
2017-07-14   6.490   6.48   350678.0
2017-07-17   6.480   6.46   404425.0
2017-07-18   6.450   6.46   164172.0
2017-07-19   6.420   6.44   195481.0
2017-07-20   6.440   6.44   126812.0
2017-07-21   6.450   6.44   149750.0
2017-07-24   6.400   6.45   273455.0
2017-07-25   6.430   6.38   356763.0
2017-07-26   6.380   6.40   234726.0
2017-07-27   6.390   6.39   209018.0
2017-07-28   6.370   6.38   237611.0
2017-07-31   6.390   6.43   207637.0
2017-08-01   6.430   6.49   212702.0
2017-08-02   6.440   6.36   204267.0
2017-08-03   6.420   6.31   264372.0
2017-08-04   6.300   6.27   314236.0
2017-08-07   6.260   6.26   150147.0
2017-08-08   6.260   6.23   346895.0
2017-08-09   6.220   6.57   634102.0
2017-08-10   6.490   6.53   310845.0
2017-08-11   6.450   6.44   369871.0
2017-08-14   6.470   6.45   226747.0
2017-08-15   6.450   6.33   316024.0
2017-08-16   6.340   6.31   260981.0
2017-08-17   6.300   6.28   244928.0
2017-08-18   6.270   6.24   376191.0
2017-08-21   6.020   6.10   282853.0
2017-08-22   6.090   6.10   208245.0
2017-08-23   6.060   6.14   189332.0
2017-08-24   6.160   6.09   219435.0
2017-08-25   6.100   6.11   145470.0
2017-08-28   6.130   6.12   163748.0
2017-08-29   6.070   6.15   243219.0
2017-08-30   6.120   6.11   152269.0
2017-08-31   6.110   6.01   372765.0
2017-09-01   6.030   6.12   292518.0
2017-09-05   6.100   6.01   214912.0
2017-09-06   6.010   6.01   234434.0
2017-09-07   5.980   6.02   137895.0
2017-09-08   5.990   5.99   114995.0
2017-09-11   5.990   5.96   270179.0
2017-09-12   5.950   5.95   305739.0
2017-09-13   5.920   5.88   449829.0
2017-09-14   5.830   5.81   383638.0
2017-09-15   5.770   5.86   516375.0
2017-09-18   5.850   5.81   239308.0
2017-09-19   5.840   5.81   169079.0
2017-09-20   5.830   5.84   261678.0
2017-09-21   5.840   5.79   181263.0
2017-09-22   5.830   5.85   235872.0
2017-09-25   5.870   5.83   183164.0
2017-09-26   5.870   5.82   308211.0
2017-09-27   5.790   5.79   239878.0
2017-09-28   5.780   5.87   641581.0
2017-09-29   5.870   5.97   214538.0
2017-10-02   5.970   5.97   147855.0
2017-10-03   5.970   6.07   208619.0
2017-10-04   6.050   6.10   195412.0
2017-10-05   6.130   6.06   141466.0
2017-10-06   6.040   6.04   154929.0
2017-10-09   6.020   6.05   144147.0
2017-10-10   6.030   6.07   204895.0
2017-10-11   6.070   5.99   150953.0
2017-10-12   6.000   5.91   144097.0
2017-10-13   5.930   5.81   410858.0
2017-10-16   5.830   5.83   272835.0
2017-10-17   5.800   5.71   530841.0
2017-10-18   5.720   5.73   170380.0
2017-10-19   5.700   5.77   196299.0
2017-10-20   5.780   5.78   153808.0
2017-10-23   5.750   5.81   229902.0
2017-10-24   5.790   5.84   202683.0
2017-10-25   5.860   5.83   347639.0
2017-10-26   5.810   5.75   207357.0
2017-10-27   5.760   5.85   297931.0
2017-10-30   5.820   5.82   191834.0
2017-10-31   5.820   5.75   233896.0
2017-11-01   5.780   5.76   142091.0
2017-11-02   5.760   5.61   443038.0
2017-11-03   5.610   5.77   260404.0
2017-11-06   5.750   5.69   186682.0
2017-11-07   5.670   5.78   242595.0
2017-11-09   5.780   5.74   167663.0
2017-11-10   5.700   5.74   219311.0
2017-11-13   5.650   5.68   243929.0
2017-11-14   5.700   5.79   152272.0
2017-11-15   5.720   5.71   330869.0
2017-11-16   5.690   5.75   232115.0
2017-11-17   5.750   5.77   227663.0
2017-11-20   5.770   5.74   444775.0
2017-11-21   5.660   5.73   506297.0
2017-11-22   5.700   5.79   518640.0
2017-11-24   5.760   5.78   119688.0
2017-11-27   5.760   5.77   319085.0
2017-11-28   5.790   5.81   240928.0
2017-11-29   5.790   5.84   236019.0
2017-11-30   5.820   5.82   347240.0
2017-12-01   5.790   5.76   314979.0
2017-12-04   5.790   5.79   249561.0
2017-12-05   5.780   5.77   226490.0
2017-12-06   5.760   5.75   237040.0
2017-12-07   5.600   5.63   703544.0
2017-12-08   5.620   5.66   519048.0
2017-12-11   5.610   5.43   579072.0
2017-12-12   5.430   5.40   364698.0
2017-12-13   5.370   5.42   243642.0
2017-12-14   5.405   5.38   296157.0
2017-12-15   5.370   5.44   492092.0
2017-12-18   5.490   5.28   495050.0
2017-12-19   5.290   5.30   527480.0
2017-12-20   5.349   5.29   374031.0
2017-12-21   5.370   5.46   673211.0
2017-12-22   5.440   5.39  1284082.0
2017-12-26   5.390   5.29   393978.0
2017-12-27   5.280   5.24   399023.0
2017-12-28   5.200   5.09  1086262.0
2017-12-29   5.090   5.22   718178.0
2018-01-02   5.250   5.32   153846.0
2018-01-03   5.320   5.22   255537.0
2018-01-04   5.220   5.24   213481.0
2018-01-05   5.230   5.24   177293.0
2018-01-08   5.230   5.22   253589.0
2018-01-09   5.200   5.17   288934.0
2018-01-10   5.200   5.15   195802.0
2018-01-11   5.150   5.23   142907.0
2018-01-12   5.240   5.27   115248.0
2018-01-16   5.260   5.34   398845.0
2018-01-17   5.350   5.30   215568.0
2018-01-18   5.310   5.30   133250.0
2018-01-19   5.310   5.29    95396.0
2018-01-22   5.280   5.32   169011.0
2018-01-23   5.320   5.26   157777.0
2018-01-24   5.270   5.25   242851.0
2018-01-25   5.250   5.20   223916.0
2018-01-26   5.200   5.18   270142.0
2018-01-29   5.180   5.15   334857.0
2018-01-30   5.150   5.09   199990.0
2018-01-31   5.100   5.09   276888.0
2018-02-01   5.070   5.14   191498.0
2018-02-02   5.110   5.04   261998.0
2018-02-05   5.020   4.86   579495.0
2018-02-06   4.510   4.54   832534.0
2018-02-07   4.500   4.36   976051.0
2018-02-08   4.320   4.24   594453.0
2018-02-09   4.280   4.18   925433.0
2018-02-12   4.210   4.28   381726.0
2018-02-13   4.280   4.45   343374.0
2018-02-14   4.390   4.34   408311.0
2018-02-15   4.350   4.33   172256.0
2018-02-16   4.330   4.31   302191.0
2018-02-20   4.160   4.09   346825.0
2018-02-21   4.070   4.14   130254.0
2018-02-22   4.110   4.05   278156.0
2018-02-23   4.050   4.12   268868.0
2018-02-26   4.110   4.18   270193.0
2018-02-27   4.170   4.30   313892.0
2018-02-28   4.300   4.14   600448.0
2018-03-01   4.120   4.06   386377.0
2018-03-02   4.040   4.11   364030.0
2018-03-05   4.110   4.19   287184.0
2018-03-06   4.190   4.28   254158.0
2018-03-07   4.260   4.26   256134.0
2018-03-08   4.270   4.39   323621.0
2018-03-09   4.400   4.23   428320.0
2018-03-12   4.220   4.14   304100.0
2018-03-13   4.140   4.22   236757.0
2018-03-14   4.200   4.19   190270.0
2018-03-15   4.190   4.06   420097.0
2018-03-16   4.070   3.99  1135939.0
2018-03-19   4.010   4.05   283817.0
2018-03-20   4.080   4.07   204946.0
2018-03-21   4.080   4.08   123956.0
2018-03-22   4.050   4.07   119992.0
2018-03-23   4.100   4.10   421305.0
2018-03-26   4.160   4.03   273097.0
2018-03-27   4.040   4.01   177602.0