date      open     close      volume
                                         
2013-01-02   33.1700   33.7500   2494400.0
2013-01-03   33.7400   33.4000   1483300.0
2013-01-04   33.5000   33.2100   2403300.0
2013-01-07   33.0900   33.1700   1722100.0
2013-01-08   33.0500   32.5805   2104600.0
2013-01-09   32.7500   32.9400   2428400.0
2013-01-10   33.1100   33.5500   2322500.0
2013-01-11   33.4600   33.5900   2249600.0
2013-01-14   33.3800   33.1100   2799700.0
2013-01-15   33.0600   33.0200   2747100.0
2013-01-16   33.0300   33.3600   2022400.0
2013-01-17   33.5000   33.6100   2502200.0
2013-01-18   33.4600   33.5300   1948400.0
2013-01-22   33.5900   33.2300   2124700.0
2013-01-23   33.3200   33.1500   1567800.0
2013-01-24   33.2100   33.2500   1363700.0
2013-01-25   33.2800   33.3000   1824400.0
2013-01-28   33.5400   33.7200   1374500.0
2013-01-29   33.6000   33.5800    768600.0
2013-01-30   33.8300   33.7700   1321600.0
2013-01-31   33.7400   33.4500   1752400.0
2013-02-01   33.9200   34.5200   2429300.0
2013-02-04   34.8700   34.0000   1769900.0
2013-02-05   34.1500   34.2200   1280600.0
2013-02-06   33.9700   34.4500   1758000.0
2013-02-07   34.7700   33.9400   2037900.0
2013-02-08   37.0000   36.3900   6041200.0
2013-02-11   36.1900   36.4400   3549400.0
2013-02-12   36.2700   36.6200   2939700.0
2013-02-13   36.4800   36.7700   2231300.0
2013-02-14   36.5400   37.3200   2990800.0
2013-02-15   37.2400   37.0750   2120600.0
2013-02-19   36.7500   37.1500   2622800.0
2013-02-20   37.0800   36.4500   1808300.0
2013-02-21   36.5300   36.1400   2425300.0
2013-02-22   36.5517   36.8700   1999900.0
2013-02-25   37.0000   36.1100   2039300.0
2013-02-26   36.2800   36.4400   3438600.0
2013-02-27   36.3900   36.7300   2192100.0
2013-02-28   36.7800   36.4700   1620500.0
2013-03-01   36.3900   36.4600   2312200.0
2013-03-04   36.6100   36.3400   1572300.0
2013-03-05   36.5300   36.9200   1815600.0
2013-03-06   36.9500   36.7800   1398300.0
2013-03-07   36.9000   36.7600   1638000.0
2013-03-08   36.9700   36.8500   1812800.0
2013-03-11   36.6300   36.9500   1361600.0
2013-03-12   36.8000   36.8300   2087500.0
2013-03-13   36.8000   36.6300   1903100.0
2013-03-14   36.8200   36.7400   1643800.0
2013-03-15   36.5400   36.2800   2662200.0
2013-03-18   35.8000   36.0200   1396400.0
2013-03-19   36.1800   36.0300   1759000.0
2013-03-20   36.3200   36.3600   1369800.0
2013-03-21   35.9900   35.7300   1199700.0
2013-03-22   35.9700   36.2000   1004300.0
2013-03-25   36.3800   36.2200   1780400.0
2013-03-26   36.3700   36.7100    975300.0
2013-03-27   36.3700   36.5000   1810600.0
2013-03-28   36.4900   36.7700   1575100.0
2013-04-01   36.8300   36.2700   1440600.0
2013-04-02   36.3000   36.0900   1936200.0
2013-04-03   36.1200   35.3700   2599700.0
2013-04-04   35.3200   35.6600   2316500.0
2013-04-05   35.1000   35.5400   1685900.0
2013-04-08   35.4700   35.7000   1397700.0
2013-04-09   35.7400   35.9200   1847000.0
2013-04-10   36.0800   36.7400   2049100.0
2013-04-11   36.5700   36.7000   1529600.0
2013-04-12   36.6500   36.3050   1310700.0
2013-04-15   36.0700   35.8700   1368900.0
2013-04-16   36.0000   36.3000   1343500.0
2013-04-17   35.9000   34.9300   3372900.0
2013-04-18   35.3000   34.2300   2729800.0
2013-04-19   34.0900   34.3400   2148900.0
2013-04-22   34.3900   34.7100   1767000.0
2013-04-23   34.9200   35.4000   1386300.0
2013-04-24   35.5000   35.7500   1097600.0
2013-04-25   35.9300   36.2900   1707000.0
2013-04-26   36.2700   35.6000   1997800.0
2013-04-29   35.6500   35.9600   1082200.0
2013-04-30   35.9200   36.4200   1385300.0
2013-05-01   36.3100   36.1000   1051500.0
2013-05-02   36.0900   36.6100   2325300.0
2013-05-03   37.7100   37.5500   4158000.0
2013-05-06   37.3100   37.4100   2936400.0
2013-05-07   37.3800   37.1600   1949400.0
2013-05-08   37.1700   37.4600   1504600.0
2013-05-09   37.3500   37.1000   4974300.0
2013-05-10   37.1300   37.2100   4623800.0
2013-05-13   37.0000   37.1600   4332800.0
2013-05-14   37.2900   37.4000   1669000.0
2013-05-15   37.3000   37.6300   2249300.0
2013-05-16   37.5600   37.5800   1438000.0
2013-05-17   37.4700   37.0800   2997600.0
2013-05-20   37.0100   36.6800   2020400.0
2013-05-21   36.6600   36.6700   1988200.0
2013-05-22   36.6900   36.3200   2309100.0
2013-05-23   36.1400   36.3400   1974000.0
2013-05-24   36.1700   36.3200   1446500.0
2013-05-28   36.6200   36.4400   1069600.0
2013-05-29   36.7200   36.5900   2028600.0
2013-05-30   36.7100   37.2400   1627600.0
2013-05-31   37.0100   36.4800   1780200.0
2013-06-03   36.5000   36.8400   1685100.0
2013-06-04   38.2100   37.0900   4826100.0
2013-06-05   36.9000   36.4400   1789900.0
2013-06-06   36.5600   36.2100   2106800.0
2013-06-07   36.4100   36.7000   1288800.0
2013-06-10   36.7000   36.8200   1975100.0
2013-06-11   36.4800   36.7700   2660500.0
2013-06-12   37.1100   36.3400   1992200.0
2013-06-13   36.3700   37.2500   1539100.0
2013-06-14   37.2200   37.0400   1276300.0
2013-06-17   37.3200   37.5500   1621200.0
2013-06-18   37.4900   38.0400   1371900.0
2013-06-19   38.0100   37.4100   1339200.0
2013-06-20   36.8900   36.4400   1906800.0
2013-06-21   36.5400   36.7500   2559200.0
2013-06-24   36.5200   36.3000   1516200.0
2013-06-25   36.7000   36.8100   1432200.0
2013-06-26   37.1700   36.9500   1111700.0
2013-06-27   37.1500   37.0900   3069600.0
2013-06-28   36.9000   37.2500   2824400.0
2013-07-01   37.5700   37.3700   1322100.0
2013-07-02   37.2400   37.4500   1418600.0
2013-07-03   37.3300   37.8000    721600.0
2013-07-05   38.0700   38.2300    897300.0
2013-07-08   38.4200   37.4400   1805500.0
2013-07-09   37.7300   37.8000   1148900.0
2013-07-10   37.6600   38.0300   1651000.0
2013-07-11   38.5500   38.9200   1890900.0
2013-07-12   38.9400   39.4400   1843100.0
2013-07-15   39.4100   39.3700   1057600.0
2013-07-16   39.4500   39.6100   1832900.0
2013-07-17   39.7700   39.9900   2642400.0
2013-07-18   40.1400   40.0300   1717200.0
2013-07-19   39.9200   39.8700   1679800.0
2013-07-22   40.0800   39.7800   1225000.0
2013-07-23   40.0400   40.0100   1514500.0
2013-07-24   40.2700   39.4800   1761800.0
2013-07-25   39.5700   39.6800   1507700.0
2013-07-26   39.3000   39.2900   2425200.0
2013-07-29   39.0900   39.2100   1666000.0
2013-07-30   39.3200   39.2500   2181400.0
2013-07-31   39.3500   39.7400   3102800.0
2013-08-01   41.0000   41.6900   3801100.0
2013-08-02   41.2100   41.4800   3033200.0
2013-08-05   41.2800   41.6800   1589300.0
2013-08-06   41.5000   41.3100   1364900.0
2013-08-07   41.2800   41.0100   1357400.0
2013-08-08   41.3300   40.8500   1565400.0
2013-08-09   40.8400   40.6100   1022700.0
2013-08-12   40.5000   40.7600   1290800.0
2013-08-13   40.8900   40.8800   1346800.0
2013-08-14   40.8000   40.3500   1153600.0
2013-08-15   40.0100   39.4100   2034000.0
2013-08-16   39.2500   39.5100   1557400.0
2013-08-19   38.9800   38.9200   1152800.0
2013-08-20   39.0000   39.1100    892500.0
2013-08-21   38.9700   38.8400   1256200.0
2013-08-22   38.8600   39.0600    629800.0
2013-08-23   39.0600   39.0800   1934800.0
2013-08-26   39.1400   39.1700   1025700.0
2013-08-27   38.7900   38.5400   1528500.0
2013-08-28   38.5900   38.9750   1082700.0
2013-08-29   38.9000   39.0300   1186900.0
2013-08-30   38.4400   38.8100   1518200.0
2013-09-03   39.1900   39.1900   2114100.0
2013-09-04   38.6000   39.5700   2328300.0
2013-09-05   39.4500   39.1100   2744700.0
2013-09-06   39.4000   38.9000   2043600.0
2013-09-09   39.0800   38.9400   1222200.0
2013-09-10   39.2700   39.4300   1101100.0
2013-09-11   39.3000   39.4300    993900.0
2013-09-12   39.4500   39.4700    955700.0
2013-09-13   39.5100   39.6000    495500.0
2013-09-16   40.0800   40.0700   1396700.0
2013-09-17   40.2500   40.2800    885700.0
2013-09-18   40.2700   40.4300    843700.0
2013-09-19   40.5000   40.4500   1009800.0
2013-09-20   40.4500   40.2400   2180600.0
2013-09-23   40.3400   40.3300   1278300.0
2013-09-24   40.9700   40.9400   1678000.0
2013-09-25   40.9500   40.3500   1473300.0
2013-09-26   40.7100   40.5900   1292000.0
2013-09-27   40.3600   40.3000    919800.0
2013-09-30   39.9900   40.2900   1896200.0
2013-10-01   40.3100   40.3000   1365600.0
2013-10-02   39.9600   39.8900    997200.0
2013-10-03   39.7500   39.5000   1379500.0
2013-10-04   39.4300   39.3900   1844700.0
2013-10-07   39.1200   39.4800   1478600.0
2013-10-08   39.4500   38.8900   1851200.0
2013-10-09   39.0400   38.8200   1382800.0
2013-10-10   39.0700   39.6850   1341300.0
2013-10-11   39.5800   40.1000    835600.0
2013-10-14   39.9700   40.3900    852300.0
2013-10-15   40.0900   39.5600   1632800.0
2013-10-16   39.7300   39.9100   1902700.0
2013-10-17   39.6100   40.1900   1032100.0
2013-10-18   40.2600   40.3000   1208600.0
2013-10-21   40.4300   40.5000    744600.0
2013-10-22   40.5800   40.5200   1485300.0
2013-10-23   40.2400   38.9400   2667400.0
2013-10-24   39.1200   38.9900   2711800.0
2013-10-25   39.1600   38.8700   2096600.0
2013-10-28   38.8800   39.4100   1904700.0
2013-10-29   39.5300   40.2950   3093400.0
2013-10-30   40.4000   39.9500   2709800.0
2013-10-31   42.5000   42.9600  10558300.0
2013-11-01   43.1200   42.5400   4145100.0
2013-11-04   42.5700   42.6200   2018400.0
2013-11-05   42.4300   42.6600   1691800.0
2013-11-06   42.6900   42.9700   1149400.0
2013-11-07   43.0600   42.1600   1463300.0
2013-11-08   42.2200   42.8900   1541400.0
2013-11-11   42.7300   42.9600   1073900.0
2013-11-12   42.7400   43.5000   2102400.0
2013-11-13   43.1800   43.4350   2443500.0
2013-11-14   43.3400   43.4200   2336200.0
2013-11-15   43.4500   43.6100   1535600.0
2013-11-18   42.6400   43.3500   2696300.0
2013-11-19   42.9800   42.5300   1462600.0
2013-11-20   42.2200   42.7800   1860400.0
2013-11-21   42.9400   43.8250   1661600.0
2013-11-22   43.1700   43.8100   1813700.0
2013-11-25   43.9500   43.8400   1755200.0
2013-11-26   43.7600   43.4900   2160000.0
2013-11-27   43.3400   43.4000   1237200.0
2013-11-29   43.2900   43.2900    797500.0
2013-12-02   43.4600   42.7500   1686900.0
2013-12-03   42.8000   42.6400   2923800.0
2013-12-04   42.6200   42.4200   1851000.0
2013-12-05   42.6500   42.3300   1881200.0
2013-12-06   42.9400   43.5600   1881400.0
2013-12-09   43.4200   43.3100   2076300.0
2013-12-10   43.2500   43.0100    849600.0
2013-12-11   43.0000   42.1500   2405200.0
2013-12-12   42.6400   41.9700   1623700.0
2013-12-13   41.9900   41.5300   2362600.0
2013-12-16   41.6100   41.7550   1837800.0
2013-12-17   41.7000   41.9400   2137200.0
2013-12-18   41.9100   42.5500   3317000.0
2013-12-19   42.6900   42.6900   2170900.0
2013-12-20   42.6300   43.4200  11114600.0
2013-12-23   43.7000   44.0800   2078700.0
2013-12-24   44.0600   44.4250   1057800.0
2013-12-26   44.7200   44.3500   1144900.0
2013-12-27   44.4000   44.2800    783900.0
2013-12-30   44.2200   44.4600    701100.0
2013-12-31   44.6500   44.7500    815500.0
2014-01-02   44.5600   44.1700   1150300.0
2014-01-03   44.3300   44.5400   1133100.0
2014-01-06   44.5100   44.4500   1362700.0
2014-01-07   44.7000   44.7000   1518100.0
2014-01-08   44.7500   45.2900   1950900.0
2014-01-09   45.2800   45.2200   1431700.0
2014-01-10   45.3800   45.0700   1569900.0
2014-01-13   44.9700   45.1500   2230500.0
2014-01-14   45.4100   46.1100   1888900.0
2014-01-15   46.1000   46.3400   1222800.0
2014-01-16   46.3100   46.2700   5882300.0
2014-01-17   46.0000   46.2000   2411300.0
2014-01-21   46.6000   46.2500   1415200.0
2014-01-22   46.3000   46.0600   2314400.0
2014-01-23   45.9800   44.9900   3572300.0
2014-01-24   44.7700   44.0800   2037800.0
2014-01-27   44.1800   44.0600   1340200.0
2014-01-28   44.1600   45.0500   2297600.0
2014-01-29   44.6700   44.6100   2010100.0
2014-01-30   45.0300   45.3600   2927000.0
2014-01-31   44.8700   44.8600   2880000.0
2014-02-03   44.9500   43.6200   6134500.0
2014-02-04   43.7200   43.6100   6545100.0
2014-02-05   43.4800   43.7000   1405700.0
2014-02-06   43.7600   43.7100   6459900.0
2014-02-07   44.0400   44.4400   7034300.0
2014-02-10   44.6100   44.7600   1269300.0
2014-02-11   44.4600   44.8500   1878800.0
2014-02-12   46.9900   45.5500   1850500.0
2014-02-13   45.3300   45.8100   1434100.0
2014-02-14   45.7600   45.7600   1370300.0
2014-02-18   45.3500   45.5000   1663400.0
2014-02-19   44.7400   44.9000   1728700.0
2014-02-20   44.9300   45.2000   2356500.0
2014-02-21   45.2500   45.2600   1404400.0
2014-02-24   45.4100   45.2700   2224400.0
2014-02-25   45.4100   45.3400   3280300.0
2014-02-26   45.3800   45.5300   2307000.0
2014-02-27   45.4600   45.6100   1878800.0
2014-02-28   45.6900   45.5500   1062100.0
2014-03-03   45.1599   44.9500   1142600.0
2014-03-04   44.9500   46.3100   3103900.0
2014-03-05   46.1500   46.5500   2174300.0
2014-03-06   46.5300   46.6500   1228300.0
2014-03-07   46.8400   46.5800   1500800.0
2014-03-10   46.5600   46.5100    844200.0
2014-03-11   46.6000   46.2000    661800.0
2014-03-12   46.0500   46.4200   1067000.0
2014-03-13   46.6600   46.1600   3160300.0
2014-03-14   46.1700   46.0700   1879700.0
2014-03-17   46.1700   46.6900   1074700.0
2014-03-18   46.7900   47.3900   1041400.0
2014-03-19   47.2500   47.2700   1173300.0
2014-03-20   47.1700   48.0850   1211500.0
2014-03-21   48.4700   47.4500   2083500.0
2014-03-24   47.6500   47.5400   1232600.0
2014-03-25   47.6800   47.6600   1222600.0
2014-03-26   47.8400   47.1500   1344800.0
2014-03-27   47.0800   46.4500   1716000.0
2014-03-28   46.6000   46.9200    785500.0
2014-03-31   47.2700   47.7600   1520800.0
2014-04-01   47.9800   47.8500   1453400.0
2014-04-02   47.8500   48.2700   1732300.0
2014-04-03   48.5000   48.5700   1678700.0
2014-04-04   49.0100   47.1800   1691500.0
2014-04-07   47.1700   46.9100   1554600.0
2014-04-08   46.9100   47.5900   1113300.0
2014-04-09   47.8900   48.3100   1287300.0
2014-04-10   48.3200   46.9600   1415100.0
2014-04-11   46.5700   46.4600   1612100.0
2014-04-14   46.9700   46.6000   1335400.0
2014-04-15   46.6700   47.1700   1206900.0
2014-04-16   47.2300   46.4500   1872500.0
2014-04-17   46.5500   47.3300   1344200.0
2014-04-21   47.2600   47.6000    989600.0
2014-04-22   47.8900   47.9000   1063600.0
2014-04-23   47.9300   48.0400   1053700.0
2014-04-24   48.3100   48.3900   2439300.0
2014-04-25   48.1900   47.1600   2565700.0
2014-04-28   47.3800   46.9400   1743100.0
2014-04-29   47.2000   47.2950   1503400.0
2014-04-30   47.2300   47.5400   1474600.0
2014-05-01   47.5700   46.6600   2081100.0
2014-05-02   46.5200   46.7700   1441800.0
2014-05-05   46.4600   46.7600   1671900.0
2014-05-06   46.8300   46.3500   1938100.0
2014-05-07   46.4900   46.8900   2110100.0
2014-05-08   46.7100   47.0800   1283000.0
2014-05-09   47.1400   46.8800   1598400.0
2014-05-12   47.0700   47.6700   1355300.0
2014-05-13   47.7200   46.8900   1505700.0
2014-05-14   47.0000   46.4500   1308800.0
2014-05-15   46.3700   45.8500   1517400.0
2014-05-16   45.8400   46.4000   1791900.0
2014-05-19   46.3200   46.4000   1618400.0
2014-05-20   46.4000   46.0000   1115100.0
2014-05-21   46.1400   46.3400    991500.0
2014-05-22   46.4500   46.4400   1739700.0
2014-05-23   46.3900   46.6600    995500.0
2014-05-27   46.8700   47.2200   1139300.0
2014-05-28   47.2500   47.2600   1077400.0
2014-05-29   47.4400   47.3100   3603200.0
2014-05-30   47.4000   47.6000    956700.0
2014-06-02   47.0500   47.2500   1197500.0
2014-06-03   47.0400   47.4300   1344800.0
2014-06-04   47.1500   47.7600    906200.0
2014-06-05   47.9000   48.2700   1331300.0
2014-06-06   48.5000   48.6500   2415300.0
2014-06-09   48.5700   49.3000   1626300.0
2014-06-10   49.1400   49.4200   3735300.0
2014-06-11   49.3500   49.4600   1431900.0
2014-06-12   49.2200   49.1600   1163900.0
2014-06-13   49.3100   49.1400   1003500.0
2014-06-16   48.9100   48.8700   1562800.0
2014-06-17   48.7600   49.3400    963800.0
2014-06-18   49.3900   49.2100   1305900.0
2014-06-19   49.3200   49.1900   2761500.0
2014-06-20   49.3100   49.3600   2221300.0
2014-06-23   49.3600   49.4800   1005300.0
2014-06-24   49.4700   48.7600   1761000.0
2014-06-25   48.6800   48.8400    839400.0
2014-06-26   48.8300   48.4400    959100.0
2014-06-27   48.2700   48.6600    834500.0
2014-06-30   48.6500   48.8100    914200.0
2014-07-01   49.1200   49.7700   1758900.0
2014-07-02   49.6400   49.6000    800200.0
2014-07-03   49.6900   49.8300    497500.0
2014-07-07   49.8700   49.4600   1638000.0
2014-07-08   49.4600   49.3000   1088100.0
2014-07-09   49.3700   49.6400   1006700.0
2014-07-10   48.9400   49.2700   1126200.0
2014-07-11   49.2000   49.0800   1238900.0
2014-07-14   49.3900   49.0800   1036800.0
2014-07-15   49.1600   48.6000   1459100.0
2014-07-16   48.8300   48.7500   1200000.0
2014-07-17   48.5700   48.1500    907400.0
2014-07-18   48.4000   48.5400   1196200.0
2014-07-21   48.3200   48.5500    730300.0
2014-07-22   48.8400   48.8800   1022400.0
2014-07-23   48.6000   47.1100   1682700.0
2014-07-24   47.2000   47.1900   1397200.0
2014-07-25   46.8100   45.9000   3239900.0
2014-07-28   45.9800   46.1300   1857700.0
2014-07-29   46.2100   46.2500   1610600.0
2014-07-30   46.4700   46.2500   1191700.0
2014-07-31   47.0000   45.0200   3712000.0
2014-08-01   47.1500   46.0400   2974900.0
2014-08-04   45.9700   46.2400   1653200.0
2014-08-05   46.1000   46.2100   1400300.0
2014-08-06   46.0200   46.6500   1959500.0
2014-08-07   46.5300   45.5700   2015300.0
2014-08-08   45.7700   45.9700   1393300.0
2014-08-11   46.2100   46.2700    932500.0
2014-08-12   46.2500   46.5800   1147000.0
2014-08-13   46.6300   47.0200   1031100.0
2014-08-14   47.1900   47.0800   1004500.0
2014-08-15   47.3200   47.3700    812900.0
2014-08-18   47.3600   47.0300   2122100.0
2014-08-19   46.7400   47.0500   1270100.0
2014-08-20   46.9900   47.5900   1471800.0
2014-08-21   47.7000   47.7900   1169200.0
2014-08-22   47.6000   47.7650   1033200.0
2014-08-25   48.0000   47.7100   1082600.0
2014-08-26   47.8700   47.8200    635700.0
2014-08-27   47.8600   47.6600    719600.0
2014-08-28   47.4500   48.0200    895800.0
2014-08-29   48.2900   48.8300   2134400.0
2014-09-02   48.8800   48.7750   2024500.0
2014-09-03   48.6900   48.5700   1114200.0
2014-09-04   48.6500   48.6200    929000.0
2014-09-05   48.7200   48.8500    684600.0
2014-09-08   48.7300   48.9700   1169100.0
2014-09-09   48.9900   48.6100    737600.0
2014-09-10   48.4700   48.2900   1278600.0
2014-09-11   48.1500   48.3800    699100.0
2014-09-12   48.3600   47.6700    972000.0
2014-09-15   47.8200   47.3100    898200.0
2014-09-16   47.0600   48.0600   1054000.0
2014-09-17   48.1400   48.4100   1307400.0
2014-09-18   48.5700   49.1850   1084100.0
2014-09-19   49.4000   48.4300   1395000.0
2014-09-22   48.4600   48.0000   1191500.0
2014-09-23   47.9000   47.5000   2047200.0
2014-09-24   47.6300   47.7800    808769.0
2014-09-25   47.7700   47.3500   1223378.0
2014-09-26   47.5400   47.6000    790358.0
2014-09-29   47.1800   47.5200   1503179.0
2014-09-30   47.4700   47.2300   2583026.0
2014-10-01   47.1500   46.0700   3016535.0
2014-10-02   46.1000   46.2800   2681275.0
2014-10-03   46.4500   46.1300   2124864.0
2014-10-06   46.5100   45.9800   1683733.0
2014-10-07   45.5800   44.9250   2105650.0
2014-10-08   44.8400   46.2000   2378128.0
2014-10-09   46.1600   45.5400   2615714.0
2014-10-10   40.3000   39.9550  13746441.0
2014-10-13   39.7700   38.6900   6262387.0
2014-10-14   39.0700   38.2100   6772257.0
2014-10-15   37.4600   37.7300   4776914.0
2014-10-16   36.9700   39.1900   6206848.0
2014-10-17   39.6400   38.3900   3646807.0
2014-10-20   38.2300   39.1200   3656794.0
2014-10-21   39.5900   40.5900   3960801.0
2014-10-22   40.7500   39.9700   2139417.0
2014-10-23   40.2100   40.3400   1940960.0
2014-10-24   40.2900   41.0400   1754967.0
2014-10-27   40.9500   41.1700   3169433.0
2014-10-28   41.2700   41.8800   1874319.0
2014-10-29   41.7000   42.2200   4387902.0
2014-10-30   41.8800   41.0900   3577606.0
2014-10-31   45.1400   43.1100   7432492.0
2014-11-03   43.1000   43.2100   2206015.0
2014-11-04   43.1800   42.8800   1556604.0
2014-11-05   43.0400   43.5850   1279713.0
2014-11-06   43.7000   43.5100   1867963.0
2014-11-07   43.5400   43.1400   2089887.0
2014-11-10   43.2200   43.4900   1322620.0
2014-11-11   43.6100   43.3800   1159715.0
2014-11-12   43.2600   43.3800   3757110.0
2014-11-13   43.5500   42.8900   1637805.0
2014-11-14   42.8000   43.3600   1432598.0
2014-11-17   43.3300   43.6550   1636340.0
2014-11-18   43.5900   44.0250   3816615.0
2014-11-19   43.6000   43.1500   1480341.0
2014-11-20   43.0300   43.2400   1304504.0
2014-11-21   43.9100   43.7800   1485562.0
2014-11-24   44.0000   44.0600   1711401.0
2014-11-25   44.2900   44.1200   1663232.0
2014-11-26   44.0600   45.0500   1436310.0
2014-11-28   45.2000   45.1500    750901.0
2014-12-01   45.0500   44.7300   1909169.0
2014-12-02   44.6800   44.6500   2632456.0
2014-12-03   44.9400   46.5900   3194850.0
2014-12-04   46.6200   46.0200   1597183.0
2014-12-05   46.0700   46.2900   1214209.0
2014-12-08   46.1900   45.2850   1599988.0
2014-12-09   44.9800   45.4100   4879128.0
2014-12-10   45.3900   44.4800   2228616.0
2014-12-11   46.0300   44.6900   1357823.0
2014-12-12   44.2800   43.7000   1348955.0
2014-12-15   44.0700   43.1300   2175529.0
2014-12-16   43.1000   43.1000   1837359.0
2014-12-17   43.1000   43.7100   2439948.0
2014-12-18   44.6700   45.1600   2233781.0
2014-12-19   45.2100   45.2800   2908966.0
2014-12-22   45.4500   45.6400   1225271.0
2014-12-23   46.0700   45.7900   1735568.0
2014-12-24   45.9700   45.8400    552068.0
2014-12-26   45.8600   45.7100    482539.0
2014-12-29   45.5300   45.5200    899262.0
2014-12-30   45.2900   45.2200   1211207.0
2014-12-31   45.5000   45.1100   1124521.0
2015-01-02   45.3600   44.8700    990913.0
2015-01-05   44.6600   43.8700   1002025.0
2015-01-06   43.7600   43.0200   1412579.0
2015-01-07   43.4400   43.2600   1043647.0
2015-01-08   43.5200   44.6400   1519134.0
2015-01-09   44.8600   44.5200   1017207.0
2015-01-12   44.2400   44.0300   1062992.0
2015-01-13   44.8900   43.9700   2361182.0
2015-01-14   43.7200   45.0100   3081594.0
2015-01-15   45.6500   44.4600   1708120.0
2015-01-16   44.3000   44.8400   1693354.0
2015-01-20   45.2200   45.2600   1332442.0
2015-01-21   45.1900   46.1700   1506374.0
2015-01-22   46.6200   46.5400   1791024.0
2015-01-23   46.6500   46.5200   1137636.0
2015-01-26   46.3000   46.7900    990318.0
2015-01-27   46.2600   45.7900   1716600.0
2015-01-28   46.1500   45.7100   2114908.0
2015-01-29   45.5300   45.8500   1937703.0
2015-01-30   46.7900   45.1000   3387052.0
2015-02-02   45.1800   44.7650   2637027.0
2015-02-03   45.0300   45.5850   2717164.0
2015-02-04   45.3400   46.3300   3614726.0
2015-02-05   47.4900   49.0400  18170445.0
2015-02-06   49.1000   48.6400  27890957.0
2015-02-09   48.2500   47.8800   3428242.0
2015-02-10   48.2500   48.8800   3673982.0
2015-02-11   48.8800   48.8650   2509440.0
2015-02-12   49.5000   49.9800   4468996.0
2015-02-13   51.5100   50.7100   3851705.0
2015-02-17   50.4900   50.9100   3345994.0
2015-02-18   50.6700   50.7100   2182607.0
2015-02-19   50.3800   50.5300   2524187.0
2015-02-20   50.3100   50.9250   3135355.0
2015-02-23   50.6200   50.6200   1905629.0
2015-02-24   50.7300   51.5300   2797081.0
2015-02-25   51.3700   51.3500   2199480.0
2015-02-26   51.4800   51.4650   2024646.0
2015-02-27   51.3900   51.2700   1639087.0
2015-03-02   51.6100   52.4100   1933175.0
2015-03-03   52.0000   51.4300   2631280.0
2015-03-04   51.2800   51.4800   2346585.0
2015-03-05   51.6700   50.8800   4446042.0
2015-03-06   50.5300   50.7500   2551075.0
2015-03-09   50.9800   51.3300   1828921.0
2015-03-10   50.7000   49.5300   2890889.0
2015-03-11   49.3100   49.0150   5666819.0
2015-03-12   48.5900   49.6900   4041217.0
2015-03-13   49.7500   49.5200   3120485.0
2015-03-16   49.9500   50.4300   2141398.0
2015-03-17   50.2800   49.7300   2003040.0
2015-03-18   49.5700   50.2100   2390307.0
2015-03-19   50.1400   50.3000   2110458.0
2015-03-20   50.6500   50.8700   4178789.0
2015-03-23   51.0000   50.3750   1830973.0
2015-03-24   50.4400   49.6200   4273918.0
2015-03-25   49.6300   48.0900   2947406.0
2015-03-26   47.6600   48.2100   2561820.0
2015-03-27   48.1000   49.2050   1710250.0
2015-03-30   49.3100   49.8900   2053730.0
2015-03-31   49.6500   48.9000   2942217.0
2015-04-01   48.8000   48.3100   2170940.0
2015-04-02   48.3800   48.1800   1321700.0
2015-04-06   47.8700   48.3200   1568763.0
2015-04-07   48.4200   48.9250   1677748.0
2015-04-08   48.7100   48.9150   2052295.0
2015-04-09   48.7100   49.4000   1407734.0
2015-04-10   49.6000   50.0000   1860571.0
2015-04-13   50.0400   49.5300   2012460.0
2015-04-14   49.3100   48.8000   1996527.0
2015-04-15   48.8900   50.1100   1837758.0
2015-04-16   49.7300   50.2600   1746585.0
2015-04-17   49.7500   49.2000   1702590.0
2015-04-20   49.5500   49.6100    956148.0
2015-04-21   49.8700   49.2250   2373826.0
2015-04-22   49.4600   49.3000   1658131.0
2015-04-23   48.0900   48.5700   2279099.0
2015-04-24   48.3200   47.3300   2538980.0
2015-04-27   47.4400   47.3500   1441953.0
2015-04-28   47.3400   47.9400   1844959.0
2015-04-29   47.4900   47.6200   1397206.0
2015-04-30   47.4400   47.6550   2657490.0
2015-05-01   48.0900   48.5900   1447320.0
2015-05-04   48.8700   48.8400   1614404.0
2015-05-05   48.5900   47.5400   1749339.0
2015-05-06   47.7500   47.1050   2137396.0
2015-05-07   47.2300   47.4100   1585427.0
2015-05-08   48.0000   48.9700   4117610.0
2015-05-11   48.9700   49.3850   2338268.0
2015-05-12   49.1700   49.0900   2078939.0
2015-05-13   49.3900   49.6550   1510887.0
2015-05-14   49.7900   49.8500   1667394.0
2015-05-15   49.9700   49.2550   2079197.0
2015-05-18   49.2100   48.9800   2057136.0
2015-05-19   48.7500   48.3200   1885083.0
2015-05-20   48.4900   48.6800   1687154.0
2015-05-21   48.7000   48.3900   3424417.0
2015-05-22   48.1800   48.4000    934116.0
2015-05-26   48.1600   47.7600   1341523.0
2015-05-27   47.8100   48.5000   2470311.0
2015-05-28   48.4500   48.8800   1371701.0
2015-05-29   48.9400   49.1300   1933082.0
2015-06-01   49.2500   49.0900   1441347.0
2015-06-02   48.6700   48.2850   1518492.0
2015-06-03   48.5300   48.0200    839975.0
2015-06-04   47.6700   47.3050   1867828.0
2015-06-05   47.1400   47.4600   1099175.0
2015-06-08   47.3700   46.6600   1351368.0
2015-06-09   45.9000   46.8350   1509211.0
2015-06-10   47.0000   47.5100   1028951.0
2015-06-11   47.5600   47.6400   1236121.0
2015-06-12   47.4400   47.3600   1324518.0
2015-06-15   46.9000   47.6000   1648756.0
2015-06-16   47.3800   47.7400   1290176.0
2015-06-17   47.9000   47.8950   2187134.0
2015-06-18   48.1100   49.0100   2586401.0
2015-06-19   49.1600   49.6650   4853224.0
2015-06-22   49.9200   50.4100   2382596.0
2015-06-23   50.5700   50.2000   2158843.0
2015-06-24   50.2100   49.4750   1773460.0
2015-06-25   49.6500   49.3400   2249727.0
2015-06-26   49.1800   48.4200   2112855.0
2015-06-29   47.7900   47.2000   1897789.0
2015-06-30   47.6700   47.4250   1830095.0
2015-07-01   47.9000   46.6400   2464214.0
2015-07-02   46.8500   46.5250   1989768.0
2015-07-06   46.0300   45.7700   2805221.0
2015-07-07   46.1200   45.6700   2486531.0
2015-07-08   45.1900   44.6900   2968373.0
2015-07-09   45.3400   44.1800   1762396.0
2015-07-10   44.6300   44.8500   1716501.0
2015-07-13   45.0600   44.9500   1477570.0
2015-07-14   45.1200   45.2200   1607369.0
2015-07-15   45.1000   44.9700   1476112.0
2015-07-16   45.0400   44.5100   2816568.0
2015-07-17   44.3100   44.3400   2256182.0
2015-07-20   44.5300   43.9900   2062344.0
2015-07-21   43.9900   43.8000   2582489.0
2015-07-22   42.5300   42.0900   5568596.0
2015-07-23   42.3700   42.6700   3319941.0
2015-07-24   42.7200   41.8700   3731349.0
2015-07-27   41.6400   41.7800   2683041.0
2015-07-28   41.2600   42.6600   2574914.0
2015-07-29   42.6000   42.7700   2500519.0
2015-07-30   42.7200   42.9100   3685058.0
2015-07-31   42.9500   42.8400   1755963.0
2015-08-03   42.1900   42.7850   2977101.0
2015-08-04   42.0900   42.7900   7133950.0
2015-08-05   43.1300   43.8300   4898469.0
2015-08-06   43.8700   43.2300   2585754.0
2015-08-07   43.1200   43.5600   2128147.0
2015-08-10   44.0000   44.4200   1849693.0
2015-08-11   43.9900   43.7200   2710516.0
2015-08-12   43.2400   43.8500   2379974.0
2015-08-13   43.7700   43.3900   1657629.0
2015-08-14   43.2300   43.2900   1807086.0
2015-08-17   43.1100   43.5200   1728249.0
2015-08-18   43.3400   42.9300   2117953.0
2015-08-19   42.9300   42.6800   2456003.0
2015-08-20   42.1400   41.5300   2360295.0
2015-08-21   41.3700   40.8400   3202892.0
2015-08-24   38.0000   40.1400   5173790.0
2015-08-25   41.3500   39.5700   3947285.0
2015-08-26   40.5800   41.0900   4666551.0
2015-08-27   41.8300   42.7300   2872662.0
2015-08-28   42.5000   43.2400   2367571.0
2015-08-31   43.0200   42.5000   2075843.0
2015-09-01   41.4500   40.3400   3446986.0
2015-09-02   40.8400   41.0900   3783221.0
2015-09-03   41.2900   41.7400   2513124.0
2015-09-04   41.1000   41.0000   1895809.0
2015-09-08   43.5200   44.8600   5631270.0
2015-09-09   45.0300   44.3700   5766247.0
2015-09-10   44.2300   44.2000   3348189.0
2015-09-11   43.8500   43.8900   2968047.0
2015-09-14   44.0500   43.9200   2685119.0
2015-09-15   44.1700   44.0100   3024437.0
2015-09-16   43.9700   43.9100   2986666.0
2015-09-17   43.8900   43.3300   3183271.0
2015-09-18   42.8100   42.8000   2524170.0
2015-09-21   43.2000   42.7300   1241052.0
2015-09-22   42.0400   41.9900   1339848.0
2015-09-23   41.9200   41.3500   1951390.0
2015-09-24   40.9800   41.2800   1530871.0
2015-09-25   41.6000   41.3800    947540.0
2015-09-28   41.4800   40.8600   2635406.0
2015-09-29   41.0000   41.6700   1944621.0
2015-09-30   42.1900   43.0900   1933768.0
2015-10-01   43.0900   42.1900   2546156.0
2015-10-02   41.6100   43.3800   2696209.0
2015-10-05   43.7000   45.0800   2957181.0
2015-10-06   44.8900   45.3600   2226167.0
2015-10-07   45.5000   45.9800   1886680.0
2015-10-08   45.8900   46.6500   2122984.0
2015-10-09   46.5000   46.2700   1205048.0
2015-10-12   46.0900   46.2800   1405420.0
2015-10-13   46.0200   46.0600   1670670.0
2015-10-14   45.9700   47.3100   3620403.0
2015-10-15   47.7300   47.3300   2689198.0
2015-10-16   47.3500   46.9400   1816173.0
2015-10-19   46.8800   47.2300   1450607.0
2015-10-20   47.0000   47.4000   1173072.0
2015-10-21   47.6800   47.1600   2058751.0
2015-10-22   47.9300   48.8600   3525610.0
2015-10-23   49.3900   49.1100   2292214.0
2015-10-26   49.0100   48.5100   1601071.0
2015-10-27   48.1300   47.9300   2169044.0
2015-10-28   47.9600   48.5600   1893742.0
2015-10-29   48.0300   47.3900   1927445.0
2015-10-30   47.4100   48.2900   2555077.0
2015-11-02   48.2000   48.8900   1679398.0
2015-11-03   48.9200   48.8200   1404620.0
2015-11-04   48.7500   48.9900   2184010.0
2015-11-05   49.7500   47.9100   2690630.0
2015-11-06   47.5800   47.8500   2955540.0
2015-11-09   47.5400   47.8150   2910407.0
2015-11-10   47.5100   47.1600   1611211.0
2015-11-11   47.2200   47.1000   1072871.0
2015-11-12   46.7900   46.3700   1877707.0
2015-11-13   46.3500   45.6400   1535011.0
2015-11-16   44.0100   45.9500   1761767.0
2015-11-17   45.8500   46.0800   1432955.0
2015-11-18   45.6800   46.9800   1671116.0
2015-11-19   47.0700   47.1800   1143031.0
2015-11-20   47.3500   47.3800   1085965.0
2015-11-23   47.4900   46.6000   1197567.0
2015-11-24   46.4800   47.2300   1579879.0
2015-11-25   47.1900   47.1500   1092236.0
2015-11-27   47.1600   47.6900    720944.0
2015-11-30   47.7100   48.2800   2167001.0
2015-12-01   48.5500   48.4900   1684609.0
2015-12-02   48.0900   46.6600   3008300.0
2015-12-03   47.0500   46.4300   1826048.0
2015-12-04   46.4900   47.3700   2850144.0
2015-12-07   47.2400   46.6800   1439176.0
2015-12-08   46.1700   46.2100   1677921.0
2015-12-09   46.0100   45.5100   1768067.0
2015-12-10   45.4800   45.3500   1520104.0
2015-12-11   44.8800   44.6400   2164059.0
2015-12-14   44.8200   44.6100   1683122.0
2015-12-15   44.9000   46.0700   3330635.0
2015-12-16   46.3900   47.1100   3240435.0
2015-12-17   47.5500   46.4400   2358055.0
2015-12-18   46.0400   46.0900   6160230.0
2015-12-21   46.2000   46.8500   1906641.0
2015-12-22   47.0700   47.1700   1145366.0
2015-12-23   47.3400   47.3100    914723.0
2015-12-24   47.1500   47.2600    371132.0
2015-12-28   47.1200   47.5300   1792957.0
2015-12-29   47.7400   48.1200   1042785.0
2015-12-30   48.0100   47.7400    996893.0
2015-12-31   47.6500   46.5400   1158091.0
2016-01-04   45.6600   45.9800   2470150.0
2016-01-05   45.9800   45.6400   1801511.0
2016-01-06   44.7600   44.9300   1827914.0
2016-01-07   43.9900   42.6600   3370462.0
2016-01-08   43.0000   41.5300   2815296.0
2016-01-11   41.9000   41.5000   2618821.0
2016-01-12   41.9900   41.8500   2091448.0
2016-01-13   42.1200   41.3100   5039118.0
2016-01-14   41.4600   42.0400   4195293.0
2016-01-15   40.9700   40.5200   4213360.0
2016-01-19   42.1800   41.7000   5098494.0
2016-01-20   42.8300   42.8500   8805316.0
2016-01-21   43.3200   43.6100   4515959.0
2016-01-22   44.2900   43.1400   4085276.0
2016-01-25   43.0200   43.2000   2710732.0
2016-01-26   43.1100   44.2500   3686995.0
2016-01-27   44.0700   43.3300   2908483.0
2016-01-28   43.6800   43.1600   2366803.0
2016-01-29   43.3100   44.8100   4028112.0
2016-02-01   44.4600   44.4300   2548764.0
2016-02-02   43.6700   43.1800   2399370.0
2016-02-03   42.0600   42.3200   5907993.0
2016-02-04   42.4400   42.7400   6018905.0
2016-02-05   42.6400   42.2200   3388405.0
2016-02-08   41.7700   41.2200   3525679.0
2016-02-09   40.9400   41.2600   2683282.0
2016-02-10   41.3300   40.2700   3097123.0
2016-02-11   39.6800   39.6500   2958132.0
2016-02-12   40.0000   40.4100   1746965.0
2016-02-16   41.0300   41.6300   3858558.0
2016-02-17   41.7700   42.6600   2267315.0
2016-02-18   42.4200   41.9750   2013054.0
2016-02-19   41.9500   42.3700   2032785.0
2016-02-22   42.6800   43.0700   2231248.0
2016-02-23   42.7900   42.2600   1584154.0
2016-02-24   41.5500   43.6800   3910086.0
2016-02-25   43.8700   43.8100   1775580.0
2016-02-26   44.0400   44.8800   2578618.0
2016-02-29   44.6800   44.4900   2891355.0
2016-03-01   44.6000   45.2200   2949151.0
2016-03-02   44.9000   45.7400   2500947.0
2016-03-03   45.7900   46.1200   1657973.0
2016-03-04   46.1900   46.8300   2921544.0
2016-03-07   46.8600   47.7200   3634055.0
2016-03-08   47.2800   46.6700   2264628.0
2016-03-09   47.0300   47.5100   2413374.0
2016-03-10   47.5600   47.1000   2040352.0
2016-03-11   47.6000   48.6100   2198984.0
2016-03-14   48.6000   48.1000   1646732.0
2016-03-15   47.7200   48.0900   1967756.0
2016-03-16   47.9800   48.0300   2252085.0
2016-03-17   48.0000   48.4300   2699275.0
2016-03-18   48.4600   49.1100   4880372.0
2016-03-21   48.8900   48.7500   2160788.0
2016-03-22   48.4500   48.3100   1829825.0
2016-03-23   48.3700   47.9600   1371594.0
2016-03-24   47.5700   48.1200   1183684.0
2016-03-28   48.3500   48.0100   1663848.0
2016-03-29   47.8100   48.8100   1741095.0
2016-03-30   49.0400   48.8400   1723221.0
2016-03-31   48.8400   48.2000   2788261.0
2016-04-01   47.9100   48.2800   2130109.0
2016-04-04   48.1800   48.3800   2298305.0
2016-04-05   48.0000   48.6500   3769114.0
2016-04-06   48.5500   48.6400   5008439.0
2016-04-07   48.4900   47.8800   2344699.0
2016-04-08   48.2000   48.4500   1887310.0
2016-04-11   48.7800   48.4000   2009480.0
2016-04-12   48.5800   48.3000   1467666.0
2016-04-13   48.3800   49.2200   1164935.0
2016-04-14   49.1100   49.2700   1699563.0
2016-04-15   49.1800   48.7600   2612089.0
2016-04-18   48.6700   48.9000   2243344.0
2016-04-19   49.0800   48.5200   2068134.0
2016-04-20   48.4600   49.5900   2265098.0
2016-04-21   49.4700   49.4300   1930942.0
2016-04-22   49.3800   49.7100   2096325.0
2016-04-25   49.6900   49.5700   1561265.0
2016-04-26   49.7600   50.0800   2693955.0
2016-04-27   49.6500   50.3400   2331735.0
2016-04-28   50.0000   49.5100   3001522.0
2016-04-29   49.3400   48.5900   2316565.0
2016-05-02   48.8600   49.3500   1713699.0
2016-05-03   49.0700   48.8000   2119248.0
2016-05-04   48.5200   48.4200   1965152.0
2016-05-05   48.8300   47.8200   2799327.0
2016-05-06   47.4600   47.9500   2492316.0
2016-05-09   47.8800   47.5700   1479037.0
2016-05-10   47.8100   48.3400   1546212.0
2016-05-11   48.0600   48.3200   1176885.0
2016-05-12   48.3900   47.3300   2311835.0
2016-05-13   47.3500   47.1600   2534132.0
2016-05-16   47.1500   47.9500   1670078.0
2016-05-17   48.0200   47.7800   1518103.0
2016-05-18   47.5500   48.3300   1735455.0
2016-05-19   47.5200   47.6400   1158893.0
2016-05-20   47.9200   48.8200   1749144.0
2016-05-23   48.7100   48.8600   1370579.0
2016-05-24   49.0500   49.9600   2022085.0
2016-05-25   50.1300   50.1700   2038915.0
2016-05-26   50.0700   50.6600   1764888.0
2016-05-27   50.7600   50.9900   1494703.0
2016-05-31   51.1300   51.6800   2599806.0
2016-06-01   51.3800   51.7100   1415817.0
2016-06-02   51.5400   51.7200   1658168.0
2016-06-03   51.7000   51.8100   1768235.0
2016-06-06   51.8000   51.7600   1847803.0
2016-06-07   51.9100   52.8100   2105277.0
2016-06-08   52.9000   52.9900   1661625.0
2016-06-09   52.7800   52.7700   1568133.0
2016-06-10   52.3400   52.2500   2869130.0
2016-06-13   52.0100   51.9100   1432827.0
2016-06-14   51.6500   52.2000   1670745.0
2016-06-15   52.3400   52.1000   1570281.0
2016-06-16   51.8400   52.0500   1882839.0
2016-06-17   51.9600   51.2100   3674384.0
2016-06-20   51.8500   51.8700   1763812.0
2016-06-21   52.0300   51.9100   1397043.0
2016-06-22   51.8600   51.5900   1499621.0
2016-06-23   51.8900   52.8400   1511493.0
2016-06-24   50.7000   50.4700   3156952.0
2016-06-27   49.8900   48.1300   3241635.0
2016-06-28   48.7900   49.3600   1976639.0
2016-06-29   49.6600   49.7000   2736520.0
2016-06-30   49.7800   50.7600   3357183.0
2016-07-01   50.5900   50.4200   1450892.0
2016-07-05   50.1600   49.8400   2147482.0
2016-07-06   49.6000   49.4900   2513594.0
2016-07-07   49.6700   50.4000   1957845.0
2016-07-08   50.8700   51.8700   1561015.0
2016-07-11   52.6000   52.3500   2199521.0
2016-07-12   52.6800   53.1000   1826929.0
2016-07-13   53.3400   53.2500   1778898.0
2016-07-14   53.8000   53.6100   1514110.0
2016-07-15   53.7100   53.7700   5844890.0
2016-07-18   54.6000   54.0400   1554737.0
2016-07-19   53.7900   53.7100   1341105.0
2016-07-20   53.9500   54.3400   1490646.0
2016-07-21   54.1500   53.8000   1718544.0
2016-07-22   53.9100   54.1700   1615869.0
2016-07-25   53.6800   54.2700   1734129.0
2016-07-26   54.7500   57.3400   6199087.0
2016-07-27   57.5400   57.0800   3222590.0
2016-07-28   57.0000   56.6900   1668771.0
2016-07-29   56.8400   55.6400   3721959.0
2016-08-01   56.0400   55.8100   2159141.0
2016-08-02   55.5800   54.9800   1813015.0
2016-08-03   54.9100   55.3300   1585595.0
2016-08-04   55.4000   55.7500   1787636.0
2016-08-05   55.9700   56.5600   2003162.0
2016-08-08   56.6000   56.6300   1953194.0
2016-08-09   59.6300   60.6300   8230753.0
2016-08-10   60.6100   60.3500   3542228.0
2016-08-11   60.3700   60.7700   2574730.0
2016-08-12   61.5200   60.5100   1470643.0
2016-08-15   60.7800   61.2100   2375692.0
2016-08-16   60.8900   60.8300   1397667.0
2016-08-17   60.7600   60.9500   1117348.0
2016-08-18   60.7900   61.2300   1736806.0
2016-08-19   61.2900   61.3000   1705650.0
2016-08-22   60.9500   61.2700   1234836.0
2016-08-23   61.5700   61.4000   1740939.0
2016-08-24   61.1500   61.0200   1457406.0
2016-08-25   61.0400   61.1300   1770413.0
2016-08-26   61.2200   61.5800   1537357.0
2016-08-29   61.6700   61.6000   1116409.0
2016-08-30   61.7700   61.4300   1516308.0
2016-08-31   61.5700   61.9100   2265537.0
2016-09-01   62.1000   62.8000   3413443.0
2016-09-02   62.7400   62.6900   1865950.0
2016-09-06   62.8100   62.2700   2755192.0
2016-09-07   61.4800   60.7800   5061084.0
2016-09-08   60.7600   60.6600   1752398.0
2016-09-09   60.1600   58.5200   2946793.0
2016-09-12   58.3800   59.8600   1953587.0
2016-09-13   59.5800   59.1300   2435742.0
2016-09-14   59.0800   59.4100   1411543.0
2016-09-15   59.4800   60.4400   2934701.0
2016-09-16   60.4100   60.3100   3382650.0
2016-09-19   60.7300   60.5900   1232358.0
2016-09-20   60.7900   60.2000   1487450.0
2016-09-21   60.5200   61.1200   1424394.0
2016-09-22   61.5500   61.1800   1690761.0
2016-09-23   61.2400   60.6400    985163.0
2016-09-26   60.5000   60.4700    956099.0
2016-09-27   60.3100   61.3200   1529797.0
2016-09-28   61.4100   61.6500   1335023.0
2016-09-29   61.6500   61.9700   1971794.0
2016-09-30   62.1100   62.1400   2632626.0
2016-10-03   62.0600   61.8200   1216755.0
2016-10-04   61.7800   61.3200   1282258.0
2016-10-05   61.6600   62.1200   1401918.0
2016-10-06   62.1200   62.5800   1516891.0
2016-10-07   62.6000   62.0600   1184762.0
2016-10-10   62.3000   61.3100   1362412.0
2016-10-11   61.1000   59.6900   2434295.0
2016-10-12   59.5100   59.0000   2898443.0
2016-10-13   58.5300   58.4100   2022806.0
2016-10-14   58.7800   59.0000   2029392.0
2016-10-17   58.9000   58.7000   1347405.0
2016-10-18   59.4100   58.8600   1740502.0
2016-10-19   58.7200   60.0100   3082560.0
2016-10-20   59.8100   59.7100   1301240.0
2016-10-21   59.4100   59.5000   1004103.0
2016-10-24   59.9300   60.6400   1159332.0
2016-10-25   60.6600   60.9100   1654527.0
2016-10-26   60.5300   60.5500   1552009.0
2016-10-27   60.7500   60.3600   1613099.0
2016-10-28   60.4600   60.3000   1062994.0
2016-10-31   60.6900   60.5500   2411189.0
2016-11-01   60.8000   60.1800   1993644.0
2016-11-02   60.2200   59.8600   2063125.0
2016-11-03   59.9800   59.6300   1211736.0
2016-11-04   59.5200   60.2200   2109182.0
2016-11-07   61.1200   62.2300   3442573.0
2016-11-08   65.2300   63.9600   5088329.0
2016-11-09   62.2100   64.3100   3321176.0
2016-11-10   64.5400   62.4400   5048491.0
2016-11-11   62.4400   63.1500   2409663.0
2016-11-14   63.6800   63.5300   2413787.0
2016-11-15   63.6300   65.1900   2296322.0
2016-11-16   64.7700   65.6500   1831741.0
2016-11-17   65.3100   65.4500   1579099.0
2016-11-18   65.1600   64.5700   3068394.0
2016-11-21   64.9000   65.2000   2913165.0
2016-11-22   65.1800   65.5700   2328931.0
2016-11-23   65.5000   66.1100   1712266.0
2016-11-25   65.9600   66.0800    625856.0
2016-11-28   65.9800   65.9000   2033614.0
2016-11-29   65.7600   66.0300   1942515.0
2016-11-30   66.0100   66.1800   3249798.0
2016-12-01   66.3300   61.2300   8812416.0
2016-12-02   61.1900   62.0500   2732365.0
2016-12-05   62.7300   63.2300   2936764.0
2016-12-06   63.2200   63.4900   2150219.0
2016-12-07   63.5200   64.5000   1628599.0
2016-12-08   64.5600   65.1900   1822343.0
2016-12-09   65.3200   64.5300   1455713.0
2016-12-12   64.3700   63.6100   1670508.0
2016-12-13   64.1800   65.1000   1325631.0
2016-12-14   64.9600   65.0500   1600794.0
2016-12-15   65.3200   65.8300   3159124.0
2016-12-16   66.1900   64.5300   2881311.0
2016-12-19   64.5700   65.0100   1006691.0
2016-12-20   65.3600   65.3000   1108509.0
2016-12-21   65.4600   65.1700   1043011.0
2016-12-22   65.5300   65.3800   1190829.0
2016-12-23   65.1100   65.4000    520347.0
2016-12-27   65.3600   65.4000    898131.0
2016-12-28   65.5100   64.6700    843672.0
2016-12-29   64.6500   64.7600   1241958.0
2016-12-30   65.0500   64.1500   1006715.0
2017-01-03   64.5100   63.8500   2553895.0
2017-01-04   64.0700   63.8200   2230320.0
2017-01-05   63.5400   62.5900   2712415.0
2017-01-06   62.7500   63.6800   1368553.0
2017-01-09   63.6100   64.4200   1953684.0
2017-01-10   64.4200   64.8500   1158323.0
2017-01-11   64.6900   66.4800   3248988.0
2017-01-12   66.3600   66.4800   2440938.0
2017-01-13   66.6200   66.3400   1382101.0
2017-01-17   66.0200   64.9500   1485877.0
2017-01-18   65.2100   66.5000   3159702.0
2017-01-19   66.3000   65.6900   1595269.0
2017-01-20   65.9600   66.9300   1952148.0
2017-01-23   66.7200   67.0300   1758848.0
2017-01-24   67.3400   67.9000   1752435.0
2017-01-25   68.4000   68.8200   2127920.0
2017-01-26   68.9400   67.6300   2653948.0
2017-01-27   67.9500   68.7600   1420391.0
2017-01-30   68.6500   69.0600   1652640.0
2017-01-31   68.8300   67.3500   2398735.0
2017-02-01   67.7100   68.4100   1937986.0
2017-02-02   67.8300   68.7800   1760664.0
2017-02-03   69.2200   69.4300   1849592.0
2017-02-06   69.1500   69.1700   2244125.0
2017-02-07   69.2800   69.6200   2322197.0
2017-02-08   76.5000   73.8000  11809394.0
2017-02-09   72.0500   70.9300  30441149.0
2017-02-10   70.5400   70.9000  17639819.0
2017-02-13   71.0400   70.6600   7496230.0
2017-02-14   70.6300   70.7800   5396933.0
2017-02-15   70.9600   71.9000   5638432.0
2017-02-16   71.5500   71.7100   3261731.0
2017-02-17   71.5400   71.6800   2295182.0
2017-02-21   71.8900   72.4800   3901027.0
2017-02-22   72.5100   73.0400   4322987.0
2017-02-23   73.0400   72.7100   4276506.0
2017-02-24   72.2400   72.8300   2793551.0
2017-02-27   72.7100   73.1300   3338946.0
2017-02-28   72.9400   72.5200   5667408.0
2017-03-01   73.2400   73.6400   5526434.0
2017-03-02   73.3100   73.0100   3085181.0
2017-03-03   73.1200   73.3000   2373561.0
2017-03-06   72.8700   73.9200   3590023.0
2017-03-07   73.8500   73.8400   4417168.0
2017-03-08   74.1200   73.5300   3535920.0
2017-03-09   73.4300   73.4800   1715395.0
2017-03-10   74.1100   73.9500   1530945.0
2017-03-13   74.0800   74.5000   1616403.0
2017-03-14   74.3100   73.9900   1786644.0
2017-03-15   74.1700   74.5200   2247355.0
2017-03-16   74.7500   74.1200   1696804.0
2017-03-17   74.4800   74.2800   3404495.0
2017-03-20   74.4000   74.3500   1430613.0
2017-03-21   74.6300   72.3400   2579338.0
2017-03-22   72.5100   73.5000   2236946.0
2017-03-23   73.3800   72.7500   1786447.0
2017-03-24   73.5900   73.1500   2015657.0
2017-03-27   72.6000   72.8200   1899805.0
2017-03-28   72.8100   73.5000   2031243.0
2017-03-29   73.1400   73.6800   2546298.0
2017-03-30   73.6300   73.8800   1326106.0
2017-03-31   73.7100   73.7800   2373069.0
2017-04-03   73.9400   73.2100   2101700.0
2017-04-04   73.7600   73.4500   2198898.0
2017-04-05   73.5300   73.0200   1945676.0
2017-04-06   72.9000   73.5200   2064997.0
2017-04-07   73.5600   74.0600   2489022.0
2017-04-10   74.0600   73.4100   1908303.0
2017-04-11   73.0400   72.6600   3510998.0
2017-04-12   72.6300   72.1500   3231723.0
2017-04-13   72.0200   72.2400   2721986.0
2017-04-17   72.5500   73.0200   1431066.0
2017-04-18   72.6000   74.1300   2330433.0
2017-04-19   74.5400   74.8600   3279068.0
2017-04-20   75.5100   75.6300   3209247.0
2017-04-21   74.7600   74.4300   2963886.0
2017-04-24   75.4800   75.9500   1608806.0
2017-04-25   76.0000   76.7300   2600427.0
2017-04-26   76.7300   76.1500   2310513.0
2017-04-27   76.5500   76.7500   1748351.0
2017-04-28   76.7200   75.5800   1929470.0
2017-05-01   75.9200   76.1600   1234713.0
2017-05-02   76.1000   75.6900   2003775.0
2017-05-03   75.5300   75.2300   2220741.0
2017-05-04   75.3400   75.0100   2143373.0
2017-05-05   75.3700   75.1700   2144913.0
2017-05-08   75.3300   75.4600   2202527.0
2017-05-09   75.4600   76.4500   3509199.0
2017-05-10   79.8900   78.5100   6492856.0
2017-05-11   78.3900   79.0400   3609763.0
2017-05-12   79.0000   79.0000   1914510.0
2017-05-15   79.0600   80.1300   2247030.0
2017-05-16   79.9200   81.6300   2573107.0
2017-05-17   80.9000   78.3400   2881273.0
2017-05-18   78.3900   79.3400   2611976.0
2017-05-19   79.4800   80.1800   1764079.0
2017-05-22   80.2900   81.1100   1608891.0
2017-05-23   81.2700   81.3500   1900981.0
2017-05-24   81.5300   81.6600   1863353.0
2017-05-25   82.0000   81.7700   2374056.0
2017-05-26   81.4900   81.7000   1587338.0
2017-05-30   81.8200   82.5100   2470392.0
2017-05-31   83.0900   83.3000   2506390.0
2017-06-01   83.6200   83.4300   2006373.0
2017-06-02   83.7400   84.3400   2278809.0
2017-06-05   84.5500   84.5100   2502722.0
2017-06-06   84.3200   85.1900   3215081.0
2017-06-07   85.5600   86.2900   2734424.0
2017-06-08   86.5800   86.8600   1711052.0
2017-06-09   87.2500   83.4800   4278877.0
2017-06-12   81.8300   83.0800   4115048.0
2017-06-13   83.6300   83.5300   3247771.0
2017-06-14   83.9000   82.3000   2240452.0
2017-06-15   81.0600   81.5700   2148340.0
2017-06-16   81.8100   81.2300   3773281.0
2017-06-19   81.9600   82.6100   2414615.0
2017-06-20   82.7100   80.3500   2320244.0
2017-06-21   80.6700   80.8300   4789422.0
2017-06-22   80.7800   80.0700   2715887.0
2017-06-23   80.2200   81.5800   2594524.0
2017-06-26   81.6000   80.3000   1654926.0
2017-06-27   80.0500   78.7100   2459176.0
2017-06-28   79.0500   79.8300   3119358.0
2017-06-29   79.2500   77.3800   3194265.0
2017-06-30   77.8300   77.1800   2390771.0
2017-07-03   77.7300   75.8100   1132364.0
2017-07-05   76.0200   77.9400   3075072.0
2017-07-06   77.1000   77.1200   1641823.0
2017-07-07   77.4800   78.3600   1821636.0
2017-07-10   78.3900   78.7600   1763714.0
2017-07-11   78.7600   79.1100   1371326.0
2017-07-12   79.9300   80.1600   2924423.0
2017-07-13   80.3800   79.4900   2232094.0
2017-07-14   79.8800   80.8400   1335488.0
2017-07-17   80.9000   81.0300   1432774.0
2017-07-18   80.8100   81.5700   1159534.0
2017-07-19   82.0700   82.3100   1998297.0
2017-07-20   82.5100   83.0400   1688847.0
2017-07-21   82.0000   80.8800   2617011.0
2017-07-24   81.0000   80.5500   1700457.0
2017-07-25   80.5000   80.9400   1493540.0
2017-07-26   81.5500   82.6900   2212961.0
2017-07-27   82.9800   80.9300   2046398.0
2017-07-28   80.6700   80.7000   1222684.0
2017-07-31   81.0000   80.0400   1849114.0
2017-08-01   80.6100   80.3300   1182661.0
2017-08-02   80.6800   79.8200   1793627.0
2017-08-03   79.8700   80.6800   2893939.0
2017-08-04   81.4300   83.4900   5012458.0
2017-08-07   83.5800   84.9800   2329387.0
2017-08-08   84.9300   84.6200   2500419.0
2017-08-09   83.9200   83.6000   1368378.0
2017-08-10   82.9500   81.2400   2231165.0
2017-08-11   81.4000   82.2100   1395722.0
2017-08-14   83.3800   84.0200   2035416.0
2017-08-15   84.0600   84.2900   1650397.0
2017-08-16   84.3900   84.1600   1294173.0
2017-08-17   83.3900   81.6500   1667716.0
2017-08-18   81.9200   81.5800   1344789.0
2017-08-21   81.8500   81.5300    911783.0
2017-08-22   81.8900   82.7100   1327750.0
2017-08-23   82.0100   82.9000   1172476.0
2017-08-24   82.9500   82.6900   1285541.0
2017-08-25   82.8200   82.6300    769343.0
2017-08-28   83.0600   83.7600   1145296.0
2017-08-29   82.8900   83.8300   1492615.0
2017-08-30   84.0000   85.6800   2837738.0
2017-08-31   85.8400   86.8000   2078131.0
2017-09-01   86.9600   87.8700   1680411.0
2017-09-05   86.9900   86.4900   2115607.0
2017-09-06   86.1500   86.1200   2132682.0
2017-09-07   86.1850   87.3900   1495469.0
2017-09-08   87.3000   86.5700   1604964.0
2017-09-11   87.8000   88.3800   1912825.0
2017-09-12   88.6200   88.4500   1521607.0
2017-09-13   88.0300   88.3400   1373995.0
2017-09-14   88.2100   89.2400   3178561.0
2017-09-15   89.7800   89.6200   3991416.0
2017-09-18   90.0000   91.0100   2318444.0
2017-09-19   91.1100   90.9800   2092700.0
2017-09-20   90.8200   88.3200   3276962.0
2017-09-21   88.4700   88.3800   1475668.0
2017-09-22   88.0900   89.6900   1193710.0
2017-09-25   89.0500   88.0700   1598334.0
2017-09-26   88.8000   87.7600   1714166.0
2017-09-27   88.4900   88.9200   1751070.0
2017-09-28   88.6300   89.1400   1897610.0
2017-09-29   89.1100   89.7800   2162378.0
2017-10-02   90.3700   90.5500   1938163.0
2017-10-03   90.5500   90.7200   1690298.0
2017-10-04   90.6700   91.6000   2503479.0
2017-10-05   91.8100   91.3000   1819635.0
2017-10-06   90.9100   91.5500   1344721.0
2017-10-09   91.8500   91.4900   1098435.0
2017-10-10   92.0000   91.9200   1096481.0
2017-10-11   91.7300   91.9300   1117544.0
2017-10-12   91.4700   91.7800   1116677.0
2017-10-13   92.2400   91.7600   1051560.0
2017-10-16   92.2300   91.8900    833489.0
2017-10-17   91.7900   91.7000    956953.0
2017-10-18   91.5900   92.1200   1612982.0
2017-10-19   91.6000   93.0500   1474538.0
2017-10-20   93.8900   92.7300   1703417.0
2017-10-23   93.1100   92.6100   1668782.0
2017-10-24   92.6300   93.3100    822605.0
2017-10-25   92.8700   92.3200   1620337.0
2017-10-26   92.8400   93.1200   1233149.0
2017-10-27   93.8100   94.7200   1963660.0
2017-10-30   94.2100   95.2100   1982711.0
2017-10-31   95.2300   94.8000   1226747.0
2017-11-01   94.3000   92.9900   2926616.0
2017-11-02   92.3800   93.4600   1396354.0
2017-11-03   93.7200   93.6600   1387652.0
2017-11-06   94.3100   95.3600   2970001.0
2017-11-07   95.0000   91.4400   4462512.0
2017-11-09   92.3300   90.8100   2478508.0
2017-11-10   90.8800   91.5600   1823941.0
2017-11-13   91.0100   91.0200   1384550.0
2017-11-14   90.6700   91.0100   1498810.0
2017-11-15   90.4600   89.5900   1495546.0
2017-11-16   89.7600   90.7800   1779756.0
2017-11-17   91.0200   91.3000   2029301.0
2017-11-20   91.4800   91.3900   1347199.0
2017-11-21   91.9400   91.8700   1303303.0
2017-11-22   91.6600   90.4000   1589760.0
2017-11-24   90.2900   90.9700    727935.0
2017-11-27   90.4700   88.9300   2534724.0
2017-11-28   89.1500   90.5800   2162518.0
2017-11-29   90.2100   86.5800   4387482.0
2017-11-30   87.1900   86.9900   3598690.0
2017-12-01   86.4000   86.9900   3077547.0
2017-12-04   87.4300   86.3000   2494821.0
2017-12-05   85.9700   86.2100   2327199.0
2017-12-06   85.8000   86.3100   1489507.0
2017-12-07   86.4100   87.3900   1745857.0
2017-12-08   88.1000   87.4100   1843757.0
2017-12-11   87.4600   87.3900   1572504.0
2017-12-12   86.7900   85.8400   1893765.0
2017-12-13   86.4100   86.4000   1445753.0
2017-12-14   86.4500   85.4700   1927504.0
2017-12-15   86.2300   86.7500   3027840.0
2017-12-18   87.2900   88.9700   2098239.0
2017-12-19   89.2200   89.5900   1679850.0
2017-12-20   90.0600   90.2200   1766060.0
2017-12-21   90.3200   89.4600   1375753.0
2017-12-22   89.3300   88.9200    827212.0
2017-12-26   88.1900   88.6300    584398.0
2017-12-27   88.9500   88.4000    788571.0
2017-12-28   88.9000   88.6100   1108903.0
2017-12-29   88.7000   87.8800    886021.0
2018-01-02   88.5800   90.4100   1615222.0
2018-01-03   90.5100   91.7700   2524008.0
2018-01-04   92.2300   91.9900   1631960.0
2018-01-05   92.5800   92.2600   1434891.0
2018-01-08   91.9400   92.6200   1083786.0
2018-01-09   92.7300   92.5100   2103643.0
2018-01-10   91.9500   90.9500   1830060.0
2018-01-11   91.1800   92.1100   1068818.0
2018-01-12   92.3300   93.4400   1268895.0
2018-01-16   94.0300   93.3300   1555498.0
2018-01-17   94.3800   96.0200   2749816.0
2018-01-18   96.0200   97.2900   2298745.0
2018-01-19   97.8500   97.4500   1691737.0
2018-01-22   97.6100   98.6900   1732976.0
2018-01-23   98.6900   98.5200   1542988.0
2018-01-24   96.8600   95.3600   3229024.0
2018-01-25   96.3100   92.4800   2701683.0
2018-01-26   93.9200   96.9100   3071080.0
2018-01-29   96.1400   96.8800   1926068.0
2018-01-30   96.3500   94.9900   1909128.0
2018-01-31   95.7900   95.2200   1893215.0
2018-02-01   94.9100   94.5400   1912159.0
2018-02-02   94.0000   93.3100   1922263.0
2018-02-05   93.1000   90.1700   2961803.0
2018-02-06   88.1400   91.9200   5098625.0
2018-02-07   87.5500   82.9100  13461654.0
2018-02-08   83.0000   79.9000   7520589.0
2018-02-09   80.7700   81.0000   5423879.0
2018-02-12   81.5100   83.0200   4989235.0
2018-02-13   82.1100   80.8100   4246164.0
2018-02-14   80.0400   82.2100   3643694.0
2018-02-15   83.1100   82.4900   3559161.0
2018-02-16   82.2300   83.4100   3488132.0
2018-02-20   82.6400   84.8700   3902152.0
2018-02-21   85.2300   84.1500   3143827.0
2018-02-22   84.1800   83.9200   2189985.0
2018-02-23   84.8100   85.1600   1961478.0
2018-02-26   85.4500   86.3800   2113138.0
2018-02-27   87.7600   88.5500   6091670.0
2018-02-28   89.4200   88.9300   4026028.0
2018-03-01   89.0200   89.0200   3838358.0
2018-03-02   92.3900   91.2900   8528589.0
2018-03-05   91.7300   94.4700   3937415.0
2018-03-06   94.9900   96.5700   4781505.0
2018-03-07   95.0800   95.5700   3004108.0
2018-03-08   97.0000   95.3400   3851447.0
2018-03-09   96.9100   98.9700   4250562.0
2018-03-12   99.5300  100.2400   2915349.0
2018-03-13  100.9900   98.0300   3639788.0
2018-03-14   98.5300   97.2500   2327347.0
2018-03-15   97.4400   97.5300   1690708.0
2018-03-16   97.6000   98.1800   2556310.0
2018-03-19   97.2400   96.9700   2580576.0
2018-03-20   97.3300   98.5400   2213972.0
2018-03-21   98.0600   99.2100   2484556.0
2018-03-22   97.6500   96.5500   2187486.0
2018-03-23   96.7000   94.0100   3519479.0
2018-03-26   95.9900   97.9900   1693770.0
2018-03-27   98.6700   94.4000   2693716.0