date     open    close     volume
                                      
2013-01-02   7.0200   7.1800   445000.0
2013-01-03   7.1500   7.1900   205500.0
2013-01-04   7.2600   7.5900   485400.0
2013-01-07   7.5900   7.4200   304600.0
2013-01-08   7.3700   7.5800   342300.0
2013-01-09   7.6000   7.4300   174600.0
2013-01-10   7.4400   7.4000   224600.0
2013-01-11   7.4300   7.2000   122600.0
2013-01-14   7.2000   7.3500   386300.0
2013-01-15   7.2800   7.2500   191500.0
2013-01-16   7.2100   7.1600   150200.0
2013-01-17   7.1900   7.0800   219500.0
2013-01-18   7.0600   6.9800   150000.0
2013-01-22   7.0100   7.1400   263600.0
2013-01-23   7.1400   7.0200   210200.0
2013-01-24   7.0700   6.8800   585400.0
2013-01-25   6.9500   6.9000   462400.0
2013-01-28   6.9500   6.8800   332700.0
2013-01-29   6.9100   6.8300   457300.0
2013-01-30   6.8500   7.0800   487200.0
2013-01-31   7.0500   7.1000   185600.0
2013-02-01   7.1700   7.3400   272200.0
2013-02-04   7.2400   7.4900   205000.0
2013-02-05   7.6500   8.0600   325600.0
2013-02-06   8.0400   7.9800   453500.0
2013-02-07   7.9500   7.9000   213000.0
2013-02-08   7.9400   8.3200   609500.0
2013-02-11   8.3800   8.1300   211700.0
2013-02-12   8.1200   7.9300   187700.0
2013-02-13   7.9300   7.9000   233500.0
2013-02-14   7.8700   7.8700    82600.0
2013-02-15   7.9400   7.8000   208300.0
2013-02-19   7.7500   8.1400   212800.0
2013-02-20   8.1500   7.5000   253900.0
2013-02-21   7.4800   7.5500   143000.0
2013-02-22   7.6100   7.6800    93600.0
2013-02-25   7.7200   7.2200   143600.0
2013-02-26   7.2700   7.2100   141700.0
2013-02-27   7.1800   7.3500   109200.0
2013-02-28   7.3700   7.4600   141200.0
2013-03-01   7.3500   7.3400    97000.0
2013-03-04   7.2700   7.0600   179500.0
2013-03-05   7.1500   7.3100   118200.0
2013-03-06   7.4000   7.8200   530300.0
2013-03-07   7.8600   8.4900   405700.0
2013-03-08   8.6500   8.4000   840800.0
2013-03-11   8.3900   8.3200   255700.0
2013-03-12   8.3500   7.7000   445900.0
2013-03-13   7.7400   8.2000   313600.0
2013-03-14   8.2400   8.0700   597500.0
2013-03-15   8.1300   8.2200   656000.0
2013-03-18   8.2000   8.4700   342400.0
2013-03-19   8.5700   8.3200   221800.0
2013-03-20   8.6000   8.5000   849600.0
2013-03-21   8.5200   8.7900   743800.0
2013-03-22   8.7500   8.7500   259800.0
2013-03-25   8.7600   8.6800   187000.0
2013-03-26   8.7200   8.8300   339700.0
2013-03-27   8.7100   8.6000   246200.0
2013-03-28   8.6400   8.5500   219500.0
2013-04-01   8.5000   8.1100   319800.0
2013-04-02   8.2500   7.9700   224600.0
2013-04-03   7.9800   7.3800   391100.0
2013-04-04   7.5000   6.6700  1070600.0
2013-04-05   6.9100   7.1100   939200.0
2013-04-08   7.1600   7.0500   342500.0
2013-04-09   7.0200   7.0400   452700.0
2013-04-10   7.0500   7.2900   408500.0
2013-04-11   7.2600   7.2300   168000.0
2013-04-12   7.1300   6.8000   286700.0
2013-04-15   6.6500   6.2900   546000.0
2013-04-16   6.4800   6.5100   570000.0
2013-04-17   6.4100   6.0100   329200.0
2013-04-18   6.0600   5.7500   410700.0
2013-04-19   5.7700   5.6700   428600.0
2013-04-22   5.6500   5.5000   500600.0
2013-04-23   5.5800   5.6300   340000.0
2013-04-24   5.6300   5.7400   345800.0
2013-04-25   5.9300   6.1100   585400.0
2013-04-26   6.0500   5.8600   249100.0
2013-04-29   5.9600   5.8800   231400.0
2013-04-30   5.8700   5.7700   221600.0
2013-05-01   5.6700   5.6000   443400.0
2013-05-02   5.6700   5.5700   269200.0
2013-05-03   5.7700   5.7400   472100.0
2013-05-06   5.7500   5.8300   327200.0
2013-05-07   5.8600   5.7500  1110700.0
2013-05-08   5.7300   5.8000   354900.0
2013-05-09   5.7600   5.7000   414900.0
2013-05-10   5.6700   5.7500   862000.0
2013-05-13   5.7000   5.7000   244800.0
2013-05-14   5.6800   5.7800   332400.0
2013-05-15   5.7400   5.6800   274700.0
2013-05-16   5.7300   5.6700   167500.0
2013-05-17   5.7200   5.7800   712900.0
2013-05-20   5.7600   5.9600   539800.0
2013-05-21   5.9500   6.1500   430000.0
2013-05-22   6.1800   5.9900   487100.0
2013-05-23   5.8100   6.0300   419600.0
2013-05-24   6.0100   6.0900   506400.0
2013-05-28   6.2500   6.7400   951600.0
2013-05-29   6.8000   6.8200   750400.0
2013-05-30   6.9100   6.9200   491900.0
2013-05-31   6.9100   6.8300   448700.0
2013-06-03   6.7300   6.7800   417200.0
2013-06-04   6.7300   6.7500   279200.0
2013-06-05   6.7200   6.6000   354900.0
2013-06-06   6.6000   6.5100   383100.0
2013-06-07   6.6800   6.3700   414900.0
2013-06-10   6.3600   6.2500   315100.0
2013-06-11   6.1700   6.1800   323100.0
2013-06-12   6.2600   6.0600   303500.0
2013-06-13   6.0500   6.3200   216900.0
2013-06-14   6.3200   6.1500   291000.0
2013-06-17   6.2700   6.4100   402300.0
2013-06-18   6.4900   6.4600   443000.0
2013-06-19   6.4800   6.2300   499200.0
2013-06-20   6.0800   6.0400   652600.0
2013-06-21   6.0600   5.8100   810700.0
2013-06-24   5.7600   5.9900   614200.0
2013-06-25   6.0600   5.8400   467300.0
2013-06-26   5.9200   5.7100   256500.0
2013-06-27   5.7900   5.4900   523400.0
2013-06-28   5.4800   5.4100  1476400.0
2013-07-01   5.3900   5.4100   378700.0
2013-07-02   5.4300   5.4900   339800.0
2013-07-03   5.5000   5.6600   311800.0
2013-07-05   5.7500   5.7000   347300.0
2013-07-08   5.7200   5.6500   356100.0
2013-07-09   5.6900   5.8100   340000.0
2013-07-10   5.7800   6.0000   607800.0
2013-07-11   6.0700   5.9500   409000.0
2013-07-12   6.0000   5.9700   282200.0
2013-07-15   6.0500   5.9900   394900.0
2013-07-16   6.0000   6.1700   575400.0
2013-07-17   6.2500   6.4000   621400.0
2013-07-18   6.4200   6.3600   364300.0
2013-07-19   6.3200   6.1900   261500.0
2013-07-22   6.2300   6.3700   314300.0
2013-07-23   6.4000   6.2200   230600.0
2013-07-24   6.2800   6.1500   354300.0
2013-07-25   6.1200   6.0500   251900.0
2013-07-26   6.0000   6.0000   251000.0
2013-07-29   5.9800   5.9900    45800.0
2013-07-30   6.0000   5.9400   354100.0
2013-07-31   5.9800   6.0000   369600.0
2013-08-01   6.0900   5.8100   432700.0
2013-08-02   5.8100   5.6500   477600.0
2013-08-05   5.7000   5.5700   501600.0
2013-08-06   5.4500   5.0300  1993800.0
2013-08-07   4.8600   4.9200   734400.0
2013-08-08   4.9000   4.8400   892800.0
2013-08-09   4.8600   4.7000   550700.0
2013-08-12   4.7000   4.4800   887000.0
2013-08-13   4.5200   4.6000  1809700.0
2013-08-14   4.6600   4.5400   964300.0
2013-08-15   4.5000   4.4800  1022400.0
2013-08-16   4.4600   4.5700   663200.0
2013-08-19   4.5900   4.4300   920300.0
2013-08-20   4.4600   4.3900   540300.0
2013-08-21   4.3900   4.3200   488300.0
2013-08-22   4.3600   4.4300   327900.0
2013-08-23   4.4400   4.3800   480200.0
2013-08-26   4.4000   4.3800   512700.0
2013-08-27   4.5500   4.4900   864300.0
2013-08-28   4.5200   4.7800   767100.0
2013-08-29   4.8100   4.6000   794900.0
2013-08-30   4.6200   4.5200   604300.0
2013-09-03   4.5300   4.6100   476200.0
2013-09-04   4.6100   4.5500   415400.0
2013-09-05   4.5700   4.6000   471000.0
2013-09-06   4.6300   4.8300  1192900.0
2013-09-09   4.8700   5.0300  1029700.0
2013-09-10   5.0500   5.0000   852200.0
2013-09-11   5.1500   5.7200  2129300.0
2013-09-12   5.8000   5.8700  2490000.0
2013-09-13   5.8500   5.4800  1595900.0
2013-09-16   5.5200   5.2800   881500.0
2013-09-17   5.2500   5.2800   884900.0
2013-09-18   5.3400   5.3800  1032600.0
2013-09-19   5.4200   5.6300  1238300.0
2013-09-20   5.6500   5.6700  1329700.0
2013-09-23   5.6500   5.6100   636400.0
2013-09-24   5.6200   5.4800   642700.0
2013-09-25   5.4700   5.3800   737900.0
2013-09-26   5.3800   5.4600   662000.0
2013-09-27   5.4600   5.3200   540700.0
2013-09-30   5.2500   5.1300   770900.0
2013-10-01   5.1400   5.0000  1300700.0
2013-10-02   4.9500   5.1700   936900.0
2013-10-03   5.1800   5.0000   773000.0
2013-10-04   5.0300   5.3600   753100.0
2013-10-07   5.2600   5.1500  1033600.0
2013-10-08   5.1700   5.1100   912500.0
2013-10-09   5.1000   5.0000   840600.0
2013-10-10   5.0500   5.1100   875600.0
2013-10-11   5.1000   5.2000   794100.0
2013-10-14   5.1600   5.1600   639200.0
2013-10-15   5.1800   5.6300  1823100.0
2013-10-16   5.7200   6.2200  2396800.0
2013-10-17   6.2000   6.4400  1759400.0
2013-10-18   6.5500   6.4500  1524600.0
2013-10-21   6.4700   6.0900   987200.0
2013-10-22   6.1000   6.0700   902600.0
2013-10-23   5.9500   5.9100   918200.0
2013-10-24   5.9600   5.8100   700300.0
2013-10-25   5.8400   5.7800   686100.0
2013-10-28   5.7600   5.6700   487800.0
2013-10-29   5.6600   5.7300   401300.0
2013-10-30   5.7600   5.6100  1091600.0
2013-10-31   5.6400   5.6400   636000.0
2013-11-01   5.6400   5.7300   615300.0
2013-11-04   5.7300   6.0600   884700.0
2013-11-05   6.0600   6.0000   841000.0
2013-11-06   6.0300   5.8600  1212500.0
2013-11-07   5.8900   5.5200   670300.0
2013-11-08   5.5100   5.7300   429400.0
2013-11-11   5.7500   5.8200   452300.0
2013-11-12   5.7800   5.7300   879800.0
2013-11-13   5.5300   6.0000  1745800.0
2013-11-14   6.0000   6.0300   889400.0
2013-11-15   6.0100   6.0400   573400.0
2013-11-18   6.0800   5.7300  1526800.0
2013-11-19   5.7200   5.5600   970500.0
2013-11-20   5.6000   5.3200  1083300.0
2013-11-21   5.4400   5.6500   667500.0
2013-11-22   5.8700   5.6900   733400.0
2013-11-25   5.6500   5.9100   778000.0
2013-11-26   5.8700   5.8900   505600.0
2013-11-27   5.8700   5.8200   372900.0
2013-11-29   5.8500   6.0100   450800.0
2013-12-02   6.0000   5.8500   426700.0
2013-12-03   5.8700   5.9900   689100.0
2013-12-04   5.9600   5.9600   565300.0
2013-12-05   5.9600   6.1000   585000.0
2013-12-06   6.1800   5.8800   655500.0
2013-12-09   5.8600   5.7400   539500.0
2013-12-10   5.7500   5.8000   573900.0
2013-12-11   5.8000   5.6400   663400.0
2013-12-12   5.6400   5.5500   410200.0
2013-12-13   5.5400   5.7000   415300.0
2013-12-16   5.7100   5.9000   601500.0
2013-12-17   5.8900   6.0100  1111900.0
2013-12-18   6.0300   5.8900   232900.0
2013-12-19   5.8700   5.8600   411200.0
2013-12-20   5.8900   5.9400   641700.0
2013-12-23   6.0200   6.3500  1083200.0
2013-12-24   6.3000   6.5700   644500.0
2013-12-26   6.5400   6.4300   836300.0
2013-12-27   6.4700   6.5900   549900.0
2013-12-30   6.6500   6.5000   598600.0
2013-12-31   6.4900   6.6200   388200.0
2014-01-02   6.5500   6.5200   479700.0
2014-01-03   6.5000   6.6800   497300.0
2014-01-06   6.7100   6.5700   460700.0
2014-01-07   6.5600   6.4700   711800.0
2014-01-08   6.4400   6.3700   388300.0
2014-01-09   6.3500   6.4900   576100.0
2014-01-10   6.4600   6.3400   430800.0
2014-01-13   6.3700   5.9200   568600.0
2014-01-14   5.9000   5.9600   466400.0
2014-01-15   5.9500   6.1200   306500.0
2014-01-16   6.0800   6.0300   384800.0
2014-01-17   6.0500   6.0200   311000.0
2014-01-21   6.0600   6.3500   409400.0
2014-01-22   6.3600   6.2900   277200.0
2014-01-23   6.2900   6.1200   456800.0
2014-01-24   6.0300   5.9800   711000.0
2014-01-27   5.9900   5.8900   659000.0
2014-01-28   5.8900   5.9300   314400.0
2014-01-29   5.9200   5.9300   377100.0
2014-01-30   5.7600   5.3000  1732400.0
2014-01-31   5.0400   4.6700  3448700.0
2014-02-03   4.6800   4.4000   996700.0
2014-02-04   4.4900   4.4200  1056700.0
2014-02-05   4.4400   4.3500  1086600.0
2014-02-06   4.3400   4.2600   583300.0
2014-02-07   4.2600   4.2500   768400.0
2014-02-10   4.2600   4.3300   396600.0
2014-02-11   4.3400   4.4300   483200.0
2014-02-12   4.4300   4.4300   461300.0
2014-02-13   4.3800   4.6900   833300.0
2014-02-14   4.7200   4.6300   580800.0
2014-02-18   4.7000   4.8900   617700.0
2014-02-19   4.8500   4.8000   383400.0
2014-02-20   4.8500   4.6000   716600.0
2014-02-21   4.6300   4.6000   563300.0
2014-02-24   4.6200   4.6500   706200.0
2014-02-25   4.6600   4.5000   452300.0
2014-02-26   4.4900   4.3300   545600.0
2014-02-27   4.3200   4.3500   522100.0
2014-02-28   4.3600   4.4100   465000.0
2014-03-03   4.4200   4.4900   374300.0
2014-03-04   4.5500   4.5500   852700.0
2014-03-05   4.7400   5.2000  3400700.0
2014-03-06   5.2000   5.2600   977500.0
2014-03-07   5.2200   5.1300   795000.0
2014-03-10   5.1700   5.1000  1408900.0
2014-03-11   5.1100   5.2000  1055700.0
2014-03-12   5.2500   5.0600  2702200.0
2014-03-13   4.6000   5.0400  1372600.0
2014-03-14   5.0000   4.9600   882300.0
2014-03-17   4.9800   5.0100   310100.0
2014-03-18   5.0000   5.2000   574600.0
2014-03-19   5.1900   5.0500   301500.0
2014-03-20   5.0000   4.9600  1031400.0
2014-03-21   5.0000   5.0800   751900.0
2014-03-24   5.0700   5.0500   469700.0
2014-03-25   5.0700   5.1400   542100.0
2014-03-26   5.2200   5.0200   644800.0
2014-03-27   5.0200   5.0500   820800.0
2014-03-28   5.0800   5.3000  1191900.0
2014-03-31   5.3500   5.3600   779100.0
2014-04-01   5.3700   5.1100   728100.0
2014-04-02   5.0200   5.1200   442000.0
2014-04-03   5.1200   5.2200   572700.0
2014-04-04   5.2800   5.1500   341600.0
2014-04-07   5.1200   5.0500   847800.0
2014-04-08   5.1100   5.0500   438400.0
2014-04-09   5.0900   5.0600   479300.0
2014-04-10   5.0000   5.0500   418900.0
2014-04-11   4.7700   4.8000   543400.0
2014-04-14   4.6400   5.0500   479100.0
2014-04-15   5.0300   5.3800   834200.0
2014-04-16   5.4700   5.5000   476900.0
2014-04-17   5.4900   5.9100   877200.0
2014-04-21   5.8900   5.8000   683600.0
2014-04-22   5.7900   5.7900   589300.0
2014-04-23   5.7800   5.5900   509900.0
2014-04-24   5.6000   5.6700   367300.0
2014-04-25   5.6600   5.5500   330100.0
2014-04-28   5.5600   5.3900   255000.0
2014-04-29   5.4500   5.6900   489600.0
2014-04-30   5.6700   5.9000   630200.0
2014-05-01   5.9000   5.5300   511900.0
2014-05-02   5.5100   5.5100   413200.0
2014-05-05   5.4500   5.4400   463700.0
2014-05-06   5.4300   5.2000   712700.0
2014-05-07   5.7500   5.1000  1506100.0
2014-05-08   5.0600   5.0600   544000.0
2014-05-09   5.0000   5.4200   581200.0
2014-05-12   5.4700   5.5300   547900.0
2014-05-13   5.5200   5.6000   651600.0
2014-05-14   5.5500   5.5100   346200.0
2014-05-15   5.4600   5.3700   232900.0
2014-05-16   5.4000   5.9200  4508900.0
2014-05-19   5.8900   5.8600   891600.0
2014-05-20   5.8600   5.7200   655300.0
2014-05-21   5.7700   5.7800   449900.0
2014-05-22   5.7500   5.7200   368300.0
2014-05-23   5.7300   5.5500   399700.0
2014-05-27   5.5600   5.6900   435300.0
2014-05-28   5.7000   5.7900   337300.0
2014-05-29   5.7500   5.8900   406200.0
2014-05-30   5.8500   5.5600   397900.0
2014-06-02   5.5900   5.4900   409400.0
2014-06-03   5.4600   5.6400   232700.0
2014-06-04   5.5900   5.7700   583400.0
2014-06-05   5.8000   6.0800   718300.0
2014-06-06   5.8600   6.2000   781500.0
2014-06-09   6.1900   6.3900   544000.0
2014-06-10   6.3600   6.6400   482000.0
2014-06-11   6.5900   6.5500   371800.0
2014-06-12   6.5100   6.7000   384700.0
2014-06-13   6.7400   6.7700   239100.0
2014-06-16   6.7100   6.9400   486800.0
2014-06-17   6.9200   6.7300   609900.0
2014-06-18   6.7400   6.7400   313400.0
2014-06-19   6.7800   6.9300   807800.0
2014-06-20   6.9300   7.0600   537400.0
2014-06-23   7.1200   7.3400  1028100.0
2014-06-24   7.4000   6.9400   571800.0
2014-06-25   6.9100   7.1200   564200.0
2014-06-26   7.1400   7.2000   361800.0
2014-06-27   7.1600   7.4000   985000.0
2014-06-30   7.4000   7.2300   597200.0
2014-07-01   7.0000   6.7300  1160600.0
2014-07-02   6.7200   6.7500   508300.0
2014-07-03   6.7800   6.8800   191600.0
2014-07-07   6.8900   6.6900   474500.0
2014-07-08   6.6600   6.4700   437100.0
2014-07-09   6.4200   6.3000   366400.0
2014-07-10   6.2100   6.3600   411600.0
2014-07-11   6.3500   6.2800   294500.0
2014-07-14   6.3700   6.4000   556700.0
2014-07-15   6.4100   6.0800   355700.0
2014-07-16   6.0600   6.2500   810900.0
2014-07-17   6.2400   6.0700   232000.0
2014-07-18   6.0500   6.1000   392800.0
2014-07-21   6.0600   6.3100   189100.0
2014-07-22   6.3100   6.5200   277400.0
2014-07-23   6.5200   6.4800   282900.0
2014-07-24   6.4700   6.5700   276600.0
2014-07-25   6.4900   6.3100   269900.0
2014-07-28   6.3000   6.0900   242100.0
2014-07-29   6.0700   6.3200   383600.0
2014-07-30   6.3900   6.4900   350200.0
2014-07-31   6.4000   6.3800   414500.0
2014-08-01   6.3700   5.7800   451800.0
2014-08-04   5.8000   6.0200   262900.0
2014-08-05   5.9900   5.7300   311200.0
2014-08-06   5.9500   5.9900   636600.0
2014-08-07   6.0500   6.4600   557000.0
2014-08-08   6.4800   6.9000   541800.0
2014-08-11   6.9500   6.7400   360200.0
2014-08-12   6.6800   6.4000   568300.0
2014-08-13   6.4500   6.4800   458600.0
2014-08-14   6.4600   6.3700   324800.0
2014-08-15   6.4300   6.5300   357600.0
2014-08-18   6.5600   6.9100   490100.0
2014-08-19   6.9100   6.8600   355000.0
2014-08-20   6.8200   6.8300   315800.0
2014-08-21   6.7900   6.8800   239600.0
2014-08-22   6.8500   6.7500   477900.0
2014-08-25   6.7700   6.6800   322100.0
2014-08-26   6.6700   6.8400   229100.0
2014-08-27   6.7600   6.7700   349300.0
2014-08-28   6.7100   6.9800   634000.0
2014-08-29   7.0000   7.0600   227300.0
2014-09-02   7.0400   6.7800   470500.0
2014-09-03   6.8000   6.6400   272900.0
2014-09-04   6.6500   6.4100   353500.0
2014-09-05   6.4000   6.4500   262200.0
2014-09-08   6.4100   6.2600   400700.0
2014-09-09   6.2700   6.1400   445300.0
2014-09-10   6.1100   6.3000   221300.0
2014-09-11   6.1800   6.1400   498100.0
2014-09-12   6.1200   6.0600   567100.0
2014-09-15   6.0700   6.1700   316300.0
2014-09-16   6.2000   6.4300   376800.0
2014-09-17   6.4500   6.6200   339800.0
2014-09-18   6.6300   6.4800   439800.0
2014-09-19   6.5300   6.3200   543500.0
2014-09-22   6.2800   6.1800   480612.0
2014-09-23   6.1300   6.0900   191423.0
2014-09-24   6.0800   6.2800   382105.0
2014-09-25   6.2400   5.9500   488618.0
2014-09-26   5.9500   5.9800   349004.0
2014-09-29   5.9000   5.6000   715746.0
2014-09-30   5.6000   5.0500   695372.0
2014-10-01   5.1400   4.8500   741644.0
2014-10-02   4.8500   4.9500   614209.0
2014-10-03   4.9900   4.7100   651725.0
2014-10-06   4.6900   4.6000   400590.0
2014-10-07   4.5000   4.2500   836676.0
2014-10-08   4.1900   3.9200  1393488.0
2014-10-09   3.8700   3.5500   728494.0
2014-10-10   3.6200   3.4600   812061.0
2014-10-13   3.4800   3.2200   567639.0
2014-10-14   3.1700   2.3500  3223438.0
2014-10-15   2.3300   2.3900  1729001.0
2014-10-16   2.3500   2.8300  2217666.0
2014-10-17   3.0200   2.8600  1250955.0
2014-10-20   2.9200   2.7100   592522.0
2014-10-21   2.7700   3.1700  1155033.0
2014-10-22   3.2400   3.1100  1161315.0
2014-10-23   3.1800   3.2100   600638.0
2014-10-24   3.2100   2.9300   705114.0
2014-10-27   2.8200   2.7100   500642.0
2014-10-28   2.7400   3.0100   580993.0
2014-10-29   3.0500   3.1000   475174.0
2014-10-30   3.1000   2.9800   588377.0
2014-10-31   3.0300   2.9700   427945.0
2014-11-03   2.9700   3.1200   542738.0
2014-11-04   3.0600   2.8500   615753.0
2014-11-05   3.4300   3.0700  1525249.0
2014-11-06   3.0700   3.0400   835995.0
2014-11-07   3.0400   3.1100   897592.0
2014-11-10   3.1500   3.2100  1350715.0
2014-11-11   3.5000   3.1400  1336531.0
2014-11-12   3.1300   3.1900   739554.0
2014-11-13   3.1200   2.9400   825803.0
2014-11-14   2.9800   3.0800   757430.0
2014-11-17   3.0000   2.8100   813315.0
2014-11-18   2.8000   2.6700   585553.0
2014-11-19   2.6800   2.6500   571793.0
2014-11-20   2.6500   2.9700   566723.0
2014-11-21   3.0700   3.1200   858908.0
2014-11-24   3.1200   2.8600   826204.0
2014-11-25   2.9000   2.8900   843159.0
2014-11-26   2.8700   2.6800   810071.0
2014-11-28   2.4000   2.2900   891042.0
2014-12-01   2.2900   2.0400  1641492.0
2014-12-02   2.0400   1.8700   980169.0
2014-12-03   1.8700   1.9300   965728.0
2014-12-04   1.8800   1.9000   599267.0
2014-12-05   1.8600   1.8500   929585.0
2014-12-08   1.8300   1.4500  1387490.0
2014-12-09   1.4600   1.5800  1014618.0
2014-12-10   1.4900   1.4700   811898.0
2014-12-11   1.4500   1.3000   919934.0
2014-12-12   1.2300   1.0700  1493697.0
2014-12-15   1.1300   1.1600  1532170.0
2014-12-16   1.1500   1.4200  1667892.0
2014-12-17   1.4100   1.6000  1856878.0
2014-12-18   1.8800   1.4100  1516193.0
2014-12-19   1.4000   1.7700  1788042.0
2014-12-22   1.7900   1.6500  1041548.0
2014-12-23   1.6700   1.6800   585006.0
2014-12-24   1.6800   1.6300   334211.0
2014-12-26   1.6900   1.5700   559191.0
2014-12-29   1.6000   1.5300   517796.0
2014-12-30   1.5200   1.4300   608200.0
2014-12-31   1.4200   1.5100   911093.0
2015-01-02   1.5100   1.5500   361969.0
2015-01-05   1.5500   1.4200   379823.0
2015-01-06   1.4000   1.3700   484299.0
2015-01-07   1.4000   1.2900   326267.0
2015-01-08   1.3200   1.2300   411117.0
2015-01-09   1.2400   1.2600   484456.0
2015-01-12   1.2400   1.2500   426233.0
2015-01-13   1.2800   1.2900   589388.0
2015-01-14   1.2900   1.3300   558071.0
2015-01-15   1.4000   1.2500   387222.0
2015-01-16   1.2500   1.3000   321174.0
2015-01-20   1.2500   1.2000   424687.0
2015-01-21   1.2400   1.3000   508013.0
2015-01-22   1.3100   1.2300   935485.0
2015-01-23   1.2500   1.2200  1503780.0
2015-01-26   1.2200   1.3800   538074.0
2015-01-27   1.3800   1.4800   569035.0
2015-01-28   1.4900   1.3500   415030.0
2015-01-29   1.3400   1.2300   414218.0
2015-01-30   1.2200   1.2900   521331.0
2015-02-02   1.3700   1.4200   765697.0
2015-02-03   1.5500   1.4800  1704675.0
2015-02-04   1.4800   1.3200   970306.0
2015-02-05   1.3700   1.3200  1147579.0
2015-02-06   1.4000   1.2900  1625581.0
2015-02-09   1.2900   1.3000  1686999.0
2015-02-10   1.3200   1.1000  2529639.0
2015-02-11   1.1300   1.0100  5181845.0
2015-02-12   1.1000   1.0200  2376678.0
2015-02-13   1.0900   1.0000  2623898.0
2015-02-17   1.0500   1.0000  2645333.0
2015-02-18   0.9901   1.0800  3294962.0
2015-02-19   1.0500   1.1600  2553113.0
2015-02-20   1.2000   1.1600  2581485.0
2015-02-23   1.1300   1.1200  1547579.0
2015-02-24   1.1100   1.1400   682680.0
2015-02-25   1.1500   1.1400   896060.0
2015-02-26   1.1400   1.1000  1096960.0
2015-02-27   1.1000   1.0700   819320.0
2015-03-02   1.1000   1.0600   992637.0
2015-03-03   1.0700   1.0400   795470.0
2015-03-04   1.0400   1.0500   892900.0
2015-03-05   1.0500   1.1000  1256828.0
2015-03-06   1.1000   1.1400  2207034.0
2015-03-09   1.1500   0.9777  2249748.0
2015-03-10   1.0400   0.8524  3007844.0
2015-03-11   0.8500   0.8300   954902.0
2015-03-12   0.8300   0.8234   509563.0
2015-03-13   0.8100   0.7651  1446687.0
2015-03-16   1.0500   0.8001  2537759.0
2015-03-17   0.8000   0.8900  1861689.0
2015-03-18   0.9300   0.9300  1100316.0
2015-03-19   0.9100   0.9046   644087.0
2015-03-20   0.9200   0.8500  1641336.0
2015-03-23   0.8400   0.8930   577173.0
2015-03-24   0.8950   0.8899   472849.0
2015-03-25   0.8980   0.9279  1295823.0
2015-03-26   0.9500   0.9877  2588444.0
2015-03-27   0.9900   0.9300   557407.0
2015-03-30   0.9500   0.8991   757146.0
2015-03-31   0.8990   0.8500  1105705.0
2015-04-01   0.8500   0.9300   695731.0
2015-04-02   0.9000   0.9150   549993.0
2015-04-06   0.9200   0.9484  1142487.0
2015-04-07   0.9503   1.0200  1287011.0
2015-04-08   1.0700   1.0000  1725055.0
2015-04-09   1.0400   1.0300   685788.0
2015-04-10   1.0300   1.0200   445411.0
2015-04-13   1.0400   1.0700  1428178.0
2015-04-14   1.0900   1.2400  2724420.0
2015-04-15   1.2700   1.2500  3034730.0
2015-04-16   1.2400   1.2700  1319792.0
2015-04-17   1.2600   1.2100  1134083.0
2015-04-20   1.2000   1.2100   857745.0
2015-04-21   1.2100   1.1200  1795025.0
2015-04-22   1.1300   1.1600  1031771.0
2015-04-23   1.1700   1.1600   777036.0
2015-04-24   1.1600   1.0900  1363984.0
2015-04-27   1.0900   1.1000   953588.0
2015-04-28   1.0800   1.1100   373025.0
2015-04-29   1.1100   1.1500   861796.0
2015-04-30   1.1500   1.1500   664171.0
2015-05-01   1.1500   1.1600   417799.0
2015-05-04   1.1700   1.1800   454301.0
2015-05-05   1.2000   1.1700  1082701.0
2015-05-06   1.1900   1.1500   887711.0
2015-05-07   1.1800   1.0600  1253275.0
2015-05-08   1.0800   1.1100   946770.0
2015-05-11   1.0600   1.0800   487320.0
2015-05-12   1.0900   1.1100   665557.0
2015-05-13   1.1300   1.1200   484166.0
2015-05-14   1.1100   1.1500   878855.0
2015-05-15   1.1500   1.1500   411899.0
2015-05-18   1.1500   1.1500   507794.0
2015-05-19   1.1200   1.1000   957719.0
2015-05-20   1.1000   1.1100   662652.0
2015-05-21   1.0900   1.1400   567546.0
2015-05-22   1.1100   1.1800  1375704.0
2015-05-26   1.1500   1.2000  1209816.0
2015-05-27   1.1800   1.2100   718753.0
2015-05-28   1.2000   1.2300  1697873.0
2015-05-29   1.2100   1.2200  1136169.0
2015-06-01   1.2100   1.1700   676473.0
2015-06-02   1.1600   1.1800   528330.0
2015-06-03   1.2100   1.2000   456795.0
2015-06-04   1.2000   1.1800   159037.0
2015-06-05   1.2000   1.2000   262855.0
2015-06-08   1.1900   1.1600   257567.0
2015-06-09   1.1700   1.1700   188865.0
2015-06-10   1.2000   1.1900   313775.0
2015-06-11   1.2000   1.1600   250013.0
2015-06-12   1.1700   1.1400   474810.0
2015-06-15   1.1200   1.1100   502435.0
2015-06-16   1.1000   1.0800   508850.0
2015-06-17   1.0900   1.0300   880474.0
2015-06-18   1.0200   1.0200  1208516.0
2015-06-19   1.0600   1.0000   816969.0
2015-06-22   1.0100   1.0500   327258.0
2015-06-23   1.0600   1.1300   791094.0
2015-06-24   1.1300   1.0500   803689.0
2015-06-25   1.0300   0.9905   969333.0
2015-06-26   1.0100   0.9882  3620651.0
2015-06-29   1.0000   1.0400   604335.0
2015-06-30   1.0300   0.9300  1004764.0
2015-07-01   0.9395   0.7980  1010359.0
2015-07-02   0.8300   0.8100   422468.0
2015-07-06   0.8100   0.7511   736068.0
2015-07-07   0.7500   0.7601   532850.0
2015-07-08   0.8000   0.7400   428284.0
2015-07-09   0.7900   0.8000   498618.0
2015-07-10   0.8400   0.8000   540209.0
2015-07-13   0.7500   0.7699   619272.0
2015-07-14   0.7900   0.8000   199196.0
2015-07-15   0.8360   0.7500   404335.0
2015-07-16   0.7006   0.6300  2113776.0
2015-07-17   0.6300   0.5600   914207.0
2015-07-20   0.5400   0.5100   548707.0
2015-07-21   0.5400   0.5100   428122.0
2015-07-22   0.5000   0.4400  1012181.0
2015-07-23   0.4410   0.4628   375069.0
2015-07-24   0.4650   0.5209   395240.0
2015-07-27   0.4900   0.5200   507502.0
2015-07-28   0.5600   0.5164   332631.0
2015-07-29   0.5200   0.5500   419514.0
2015-07-30   0.5500   0.5570   321386.0
2015-07-31   0.5800   0.5694   381011.0
2015-08-03   0.5700   0.4600   541747.0
2015-08-04   4.2500   2.6700   860507.0
2015-08-05   2.7100   2.9300   196680.0
2015-08-06   2.7500   2.5900   199165.0
2015-08-07   2.5900   2.3294   103129.0
2015-08-10   2.4300   3.7200   842832.0
2015-08-11   3.6500   3.3500   212570.0
2015-08-12   3.7000   3.3900    76085.0
2015-08-13   3.2600   3.2400    51828.0
2015-08-14   3.1900   3.3600    49099.0
2015-08-17   3.2900   3.2700    14598.0
2015-08-18   3.4500   3.0200    79901.0
2015-08-19   2.9900   2.8700    55496.0
2015-08-20   2.5600   2.0300   239139.0
2015-08-21   1.9300   1.9200   128926.0
2015-08-24   1.8000   1.8900   115056.0
2015-08-25   2.2500   1.8100    93070.0
2015-08-26   1.8100   1.8000    92667.0
2015-08-27   1.9900   2.0800   189329.0
2015-08-28   2.2300   4.1900  5588894.0
2015-08-31   4.5000   5.0700  3408708.0
2015-09-01   4.7000   4.2900   493186.0
2015-09-02   4.3900   4.6000   337235.0
2015-09-03   4.6000   4.8100   672669.0
2015-09-04   4.8100   5.0800   285322.0
2015-09-08   5.5700   7.1500  1851730.0
2015-09-09   7.3800   5.4200   926622.0
2015-09-10   5.6500   6.3500   716088.0
2015-09-11   6.2500   5.8300   295462.0
2015-09-14   5.8300   5.6900   132153.0
2015-09-15   5.6400   5.8000   489866.0
2015-09-16   6.0000   6.1800   475035.0
2015-09-17   6.5000   6.0100   320103.0
2015-09-18   6.1400   6.2800   378260.0
2015-09-21   6.2700   6.1900   263122.0
2015-09-22   6.1000   6.1300   163484.0
2015-09-23   6.2700   6.0500   247371.0
2015-09-24   6.2000   6.9500   536149.0
2015-09-25   7.0000   6.4900   246407.0
2015-09-28   6.3700   6.1000   156034.0
2015-09-29   6.3600   6.0500   201026.0
2015-09-30   6.0700   6.1500   188012.0
2015-10-01   6.2400   5.8100   206045.0
2015-10-02   5.6800   5.7800   179231.0
2015-10-05   5.7400   5.8600   156798.0
2015-10-06   5.9000   5.9300   595277.0
2015-10-07   6.0700   5.7800   284084.0
2015-10-08   5.7000   5.9300   257861.0
2015-10-09   5.9300   5.7800   190263.0
2015-10-12   5.6800   5.5300   250176.0
2015-10-13   5.5000   5.4600    91247.0
2015-10-14   5.4200   5.2800    48899.0
2015-10-15   5.1900   5.3300    69132.0
2015-10-16   5.4000   5.2300    49848.0
2015-10-19   5.1500   4.8600   109899.0
2015-10-20   4.9200   4.8600    81891.0
2015-10-21   4.7900   4.2700   291071.0
2015-10-22   4.2700   4.1000    98171.0
2015-10-23   4.0300   3.8300   138044.0
2015-10-26   3.7600   3.3700   131647.0
2015-10-27   3.2400   3.1100    78962.0
2015-10-28   3.1100   3.8100   415946.0
2015-10-29   3.7100   3.8900   242606.0
2015-10-30   3.8900   3.8500    88997.0
2015-11-02   3.8600   3.8300   100291.0
2015-11-03   3.8500   4.1700   251718.0
2015-11-04   4.1500   4.3100   332652.0
2015-11-05   4.2200   4.2300   118138.0
2015-11-06   4.0900   4.1700   120000.0
2015-11-09   4.1500   3.9700   167027.0
2015-11-10   4.2800   3.8000   119188.0
2015-11-11   3.8800   3.5900   102858.0
2015-11-12   3.5500   3.6400   105434.0
2015-11-13   3.7800   3.7400   120842.0
2015-11-16   3.7400   3.9100   135681.0
2015-11-17   3.8100   3.5900    96476.0
2015-11-18   3.6000   3.5400   133580.0
2015-11-19   3.4400   3.3600   156362.0
2015-11-20   3.3500   3.2600   106792.0
2015-11-23   3.2600   3.2400   137565.0
2015-11-24   3.3000   3.3300   140340.0
2015-11-25   3.3300   3.3100    63271.0
2015-11-27   3.3100   3.1500    26774.0
2015-11-30   3.1500   3.3200    51105.0
2015-12-01   3.3200   3.2900    42476.0
2015-12-02   3.2800   3.1500    82244.0
2015-12-03   3.1500   3.1800    97230.0
2015-12-04   3.1900   2.7200   194150.0
2015-12-07   2.6700   2.4000   102392.0
2015-12-08   2.2900   2.2900   118788.0
2015-12-09   2.2900   2.5700   185128.0
2015-12-10   2.5600   2.6600    60023.0
2015-12-11   2.5800   2.4400    78109.0
2015-12-14   2.4500   2.3400    79863.0
2015-12-15   2.3600   2.4800    72231.0
2015-12-16   2.4300   2.2700   117500.0
2015-12-17   2.2500   2.2200    88527.0
2015-12-18   2.2500   2.1300    73683.0
2015-12-21   2.1400   2.1200    58016.0
2015-12-22   2.1100   2.1100   117156.0
2015-12-23   2.3000   2.4300   238182.0
2015-12-24   2.4000   2.2700   123800.0
2015-12-28   2.2300   2.0500   161988.0
2015-12-29   2.2200   2.0800   127890.0
2015-12-30   2.0600   2.0000   144857.0
2015-12-31   1.9800   2.0200   431002.0
2016-01-04   2.0900   1.9800    89316.0
2016-01-05   1.9200   1.9100    57106.0
2016-01-06   1.8400   1.7400   125311.0
2016-01-07   1.7000   1.6100    98778.0
2016-01-08   1.6300   1.5000   156897.0
2016-01-11   1.4900   1.3100   125208.0
2016-01-12   1.3200   0.9855   274465.0
2016-01-13   1.0100   0.9504   167747.0
2016-01-14   0.9800   0.9600   214693.0
2016-01-15   0.9200   0.7800   150641.0
2016-01-19   0.8200   0.7900   132645.0
2016-01-20   0.7700   0.7746   144901.0
2016-01-21   0.7700   0.7400   371426.0
2016-01-22   0.8000   0.7900   327156.0
2016-01-25   0.7900   0.6901   120239.0
2016-01-26   0.7000   0.6788   150002.0
2016-01-27   0.6700   0.7100   312559.0
2016-01-28   0.7500   0.8676   346179.0
2016-01-29   0.8699   1.0200  1107829.0
2016-02-01   0.9999   0.8826   236637.0
2016-02-02   0.8800   0.7110   565623.0
2016-02-03   0.8100   0.7121   606055.0
2016-09-13   0.7121   0.7121        0.0
2016-09-14   0.7121   0.7121        0.0
2016-09-15   0.7121   0.7121        0.0
2016-09-16   0.7121   0.7121        0.0
2016-09-19   0.7121   0.7121        0.0
2016-09-20   0.7121   0.7121        0.0
2016-09-21   0.7121   0.7121        0.0
2016-09-22   0.7121   0.7121        0.0
2016-09-23   0.7121   0.7121        0.0
2016-09-26   0.7121   0.7121        0.0
2016-09-27   0.7121   0.7121        0.0
2016-09-28   0.7121   0.7121        0.0
2016-09-29   0.7121   0.7121        0.0
2016-09-30   0.7121   0.7121        0.0
2016-10-03   0.7121   0.7121        0.0
2016-10-04   0.7121   0.7121        0.0
2016-10-05   0.7121   0.7121        0.0
2016-10-06   0.7121   0.7121        0.0
2016-10-07   0.7121   0.7121        0.0
2016-10-10   0.7121   0.7121        0.0
2016-10-11   0.7121   0.7121        0.0
2016-10-12   0.7121   0.7121        0.0
2016-10-13   0.7121   0.7121        0.0
2016-10-14   0.7121   0.7121        0.0
2016-10-17   0.7121   0.7121        0.0
2016-10-18   0.7121   0.7121        0.0
2016-10-19   0.7121   0.7121        0.0
2016-10-20   0.7121   0.7121        0.0
2016-10-21   0.7121   0.7121        0.0
2016-10-24  19.0000  22.6500     6579.0
2016-10-25  23.0000  20.5000   182496.0
2016-10-26  20.7500  20.2900    76763.0
2016-10-27  20.7700  19.5000   192173.0
2016-10-28  19.9200  19.3500    14590.0
2016-10-31  19.5000  18.7500    43311.0
2016-11-01  19.1178  19.0500     3036.0
2016-11-02  19.1000  19.0000    19804.0
2016-11-03  19.3073  19.1000     5601.0
2016-11-04  19.1588  19.1500    25175.0
2016-11-07  19.6247  19.2500    31760.0
2016-11-08  19.2500  18.9100    10799.0
2016-11-09  19.0000  19.5500    20171.0
2016-11-10  19.0000  19.2925     5283.0
2016-11-11  19.0000  19.0000      100.0
2016-11-14  18.6200  18.3000    10737.0
2016-11-15  18.6197  18.1900    68573.0
2016-11-16  17.5200  17.9867    27669.0
2016-11-17  17.9420  17.6100    37651.0
2016-11-18  18.0000  18.1500    49675.0
2016-11-21  18.2000  18.7999     2301.0
2016-11-22  18.0270  19.2500    65402.0
2016-11-23  19.5626  20.1500    24340.0
2016-11-25  20.3600  20.3600      200.0
2016-11-28  20.5400  20.2400    13245.0
2016-11-29  20.1000  19.9800     1365.0
2016-11-30  20.4800  20.1500   208559.0
2016-12-01  20.3100  20.2500    81477.0
2016-12-02  20.2600  20.9400    49000.0
2016-12-05  21.0000  20.9900    47330.0
2016-12-06  21.1000  20.9700   111517.0
2016-12-07  21.0000  20.9500    33357.0
2016-12-08  20.5300  20.5000    62352.0
2016-12-09  20.5900  21.0000    32549.0
2016-12-12  21.5200  20.7000   119621.0
2016-12-13  20.9900  20.2900    52417.0
2016-12-14  19.8600  20.3500    22078.0
2016-12-15  20.2500  19.7500   496847.0
2016-12-16  19.7500  18.9300   256503.0
2016-12-19  19.0700  19.4000    28587.0
2016-12-20  19.7400  19.8700     7839.0
2016-12-21  19.7100  19.8700     5041.0
2016-12-22  20.0000  20.0000     6781.0
2016-12-23  20.3400  20.4000     1219.0
2016-12-27  20.2900  20.2900      309.0
2016-12-28  20.2000  20.4500     3388.0
2016-12-29  20.2500  21.0200    13781.0
2016-12-30  20.9100  20.7400    32721.0
2017-01-03  20.4200  21.0000     7775.0
2017-01-04  20.8500  20.9900     5458.0
2017-01-05  21.0000  21.2500     5784.0
2017-01-06  21.4300  21.1900    14076.0
2017-01-09  21.1300  21.1400    25019.0
2017-01-10  21.0500  21.0000   117702.0
2017-01-11  20.6100  21.3400    12461.0
2017-01-12  21.4400  21.3000     4152.0
2017-01-13  21.0000  21.3000    15290.0
2017-01-17  21.1700  21.3900     6285.0
2017-01-18  20.9600  21.2500    18213.0
2017-01-19  21.1500  21.1800    21705.0
2017-01-20  21.0500  21.3400     2458.0
2017-01-23  21.2300  21.0500     6299.0
2017-01-24  20.9800  21.1900    10577.0
2017-01-25  21.0000  21.2400     9983.0
2017-01-26  21.0000  20.7500    11412.0
2017-01-27  20.8400  20.9000    14658.0
2017-01-30  20.6400  20.5500     2804.0
2017-01-31  20.5500  20.1700    25273.0
2017-02-01  20.3500  20.4900    22353.0
2017-02-02  20.3750  20.5000    11531.0
2017-02-03  20.5100  20.5000     1137.0
2017-02-06  20.3000  20.1000     7184.0
2017-02-07  20.5000  20.2500    25981.0
2017-02-08  20.1000  19.8900    52861.0
2017-02-09  19.8400  20.0000    28035.0
2017-02-10  20.2800  20.0000    56062.0
2017-02-13  20.0900  19.9800    22010.0
2017-02-14  19.9500  20.4200    80915.0
2017-02-15  21.1500  21.2000   352687.0
2017-02-16  21.1000  21.1300    59978.0
2017-02-17  20.9100  21.2100    26642.0
2017-02-21  21.1900  21.2400    22043.0
2017-02-22  21.0300  20.7300    31626.0
2017-02-23  20.8600  20.4000    12764.0
2017-02-24  20.8300  20.3500    25413.0
2017-02-27  20.5700  19.9700    51548.0
2017-02-28  19.9900  19.9300    17130.0
2017-03-01  20.1100  20.0000    23172.0
2017-03-02  20.1300  19.9200     1968.0
2017-03-03  19.6300  19.9500     6568.0
2017-03-06  20.0000  19.9000    26815.0
2017-03-07  20.0000  19.9200     7527.0
2017-03-08  20.0600  19.8700     9293.0
2017-03-09  19.9500  19.2500    21963.0
2017-03-10  19.2500  19.2400    20271.0
2017-03-13  19.1500  19.0700    13435.0
2017-03-14  19.3400  18.3900    16927.0
2017-03-15  18.6500  18.2700    13859.0
2017-03-16  18.4300  18.6800    17674.0
2017-03-17  18.5400  18.2000    37141.0
2017-03-20  18.5800  19.0800    14383.0
2017-03-21  18.9800  19.0400    37454.0
2017-03-22  19.0700  18.5500    11035.0
2017-03-23  18.6500  18.4300    24936.0
2017-03-24  18.4900  18.3600     9277.0
2017-03-27  18.2700  18.5000    32558.0
2017-03-28  18.3200  18.4100    17426.0
2017-03-29  18.3800  18.3800   121633.0
2017-03-30  18.7500  18.3100   183595.0
2017-03-31  18.5200  18.4500    74669.0
2017-04-03  18.5500  18.3900    70494.0
2017-04-04  18.5000  18.3400   113114.0
2017-04-05  18.1900  18.0700    76018.0
2017-04-06  18.0500  18.6300    93526.0
2017-04-07  18.5400  18.4800   100148.0
2017-04-10  18.5800  19.0700   237451.0
2017-04-11  19.3000  19.2900    96873.0
2017-04-12  19.3000  19.1400    32085.0
2017-04-13  19.2800  19.1800    37768.0
2017-04-17  19.3300  19.3500    70343.0
2017-04-18  19.2400  19.1000    37172.0
2017-04-19  19.1700  18.8800   188207.0
2017-04-20  18.9700  18.7500    58936.0
2017-04-21  18.8000  18.7500    18804.0
2017-04-24  18.6300  18.9000    84270.0
2017-04-25  19.0900  19.0500    45880.0
2017-04-26  19.0400  18.6100    71189.0
2017-04-27  18.7200  18.7400    18152.0
2017-04-28  18.5000  18.5600    51190.0
2017-05-01  18.7100  19.0000    56831.0
2017-05-02  18.8700  18.5600    46413.0
2017-05-03  18.5200  18.7200    31510.0
2017-05-04  18.6100  17.6000    40055.0
2017-05-05  17.6300  17.5900    45596.0
2017-05-08  17.6300  17.8400    50928.0
2017-05-09  17.9900  17.9400    55373.0
2017-05-10  17.8300  18.1100    67650.0
2017-05-11  18.0200  18.1500   128407.0
2017-05-12  18.1500  18.1600    46458.0
2017-05-15  18.2400  17.7000   118287.0
2017-05-16  17.8500  17.6500    96558.0
2017-05-17  17.6000  17.6100    66732.0
2017-05-18  17.5800  17.2800    39491.0
2017-05-19  17.3400  17.6600    39282.0
2017-05-22  17.4900  17.6000   104001.0
2017-05-23  17.6700  17.5500    64285.0
2017-05-24  17.5000  17.4600    68654.0
2017-05-25  17.4900  17.3600    53655.0
2017-05-26  17.4800  17.2900    42096.0
2017-05-30  17.2400  17.4900    47331.0
2017-05-31  17.2200  17.1600   110612.0
2017-06-01  17.1000  16.9000   236298.0
2017-06-02  16.9000  16.5300   126357.0
2017-06-05  16.4000  16.2600    53557.0
2017-06-06  16.0300  16.3100    64439.0
2017-06-07  16.2000  15.9700    67864.0
2017-06-08  15.8600  15.8100    58089.0
2017-06-09  15.9000  15.9000   210633.0
2017-06-12  15.9700  15.4500   135372.0
2017-06-13  15.4800  15.8600    83321.0
2017-06-14  15.7500  14.8400   199391.0
2017-06-15  14.7700  14.5000   537852.0
2017-06-16  14.6600  14.5300    56309.0
2017-06-19  14.5100  14.1700    57427.0
2017-06-20  14.0900  13.3400   263181.0
2017-06-21  13.2700  11.7700   285034.0
2017-06-22  11.7700  11.6800   380069.0
2017-06-23  11.6800  11.0800  2089028.0
2017-06-26  11.1500  11.8100   386524.0
2017-06-27  11.8800  11.9200    94505.0
2017-06-28  11.9600  12.2000    51740.0
2017-06-29  12.2200  12.9700   131037.0
2017-06-30  12.9600  12.6700   170808.0
2017-07-03  12.7000  13.3300    43116.0
2017-07-05  13.3800  12.6100   118530.0
2017-07-06  12.6000  12.7500   139116.0
2017-07-07  12.6800  12.7700    62292.0
2017-07-10  12.6800  12.9500   119538.0
2017-07-11  12.9400  13.2000   156295.0
2017-07-12  13.3700  13.0600    68277.0
2017-07-13  13.0300  13.1900    37810.0
2017-07-14  13.1800  13.2500    32341.0
2017-07-17  13.2600  13.5300    77240.0
2017-07-18  13.5200  13.1300    62143.0
2017-07-19  13.0600  13.3300    33705.0
2017-07-20  13.3200  13.2900    38113.0
2017-07-21  13.4900  13.3600    51201.0
2017-07-24  13.3500  12.9100    26276.0
2017-07-25  12.9400  13.3700    45399.0
2017-07-26  13.4400  13.3000    97800.0
2017-07-27  13.6000  13.4000   271460.0
2017-07-28  13.5800  13.6700   367471.0
2017-07-31  13.5800  14.1800    69173.0
2017-08-01  14.1200  13.9800    41439.0
2017-08-02  13.9700  13.6700    48809.0
2017-08-03  13.5600  13.4200    64023.0
2017-08-04  13.4100  13.6500   264175.0
2017-08-07  13.6100  13.7500    73698.0
2017-08-08  13.7500  13.8100    61408.0
2017-08-09  14.1400  14.5500   114028.0
2017-08-10  14.5400  14.3900    59589.0
2017-08-11  14.2100  13.9500    78125.0
2017-08-14  14.0800  13.9900    50716.0
2017-08-15  13.9400  13.6500    45681.0
2017-08-16  13.8000  13.5800    30912.0
2017-08-17  13.4200  13.8000    70483.0
2017-08-18  13.6100  14.5100   141639.0
2017-08-21  14.5600  13.9900    44872.0
2017-08-22  14.5500  14.1000    88334.0
2017-08-23  14.1200  14.0000   137087.0
2017-08-24  13.9700  14.0000    60119.0
2017-08-25  14.0200  14.9000    60258.0
2017-08-28  14.9300  14.2700    42616.0
2017-08-29  14.2200  14.3900    53387.0
2017-08-30  14.3600  14.4900    73275.0
2017-08-31  14.4800  14.4900    75567.0
2017-09-01  14.4800  14.5800    33299.0
2017-09-05  14.5800  14.9800   231599.0
2017-09-06  15.0300  15.1300   136679.0
2017-09-07  15.1600  15.2200   149392.0
2017-09-08  15.0600  15.9600   147721.0
2017-09-11  16.0900  16.3000   145291.0
2017-09-12  16.3000  16.0800   252901.0
2017-09-13  16.1200  16.2800   260962.0
2017-09-14  16.3200  16.3900   366542.0
2017-09-15  16.3700  16.0500   779928.0
2017-09-18  16.0200  16.0000   131358.0
2017-09-19  16.0000  15.8400    92005.0
2017-09-20  15.9500  15.8800   156814.0
2017-09-21  15.8700  15.9800   365052.0
2017-09-22  15.9700  15.8500   138153.0
2017-09-25  15.9100  15.9400   450739.0
2017-09-26  15.9500  15.8800   573219.0
2017-09-27  15.8800  15.5200   199799.0
2017-09-28  15.5100  15.5200   152264.0
2017-09-29  15.4400  15.5400   282146.0
2017-10-02  15.4800  15.8800   135755.0
2017-10-03  15.8100  15.9000   129423.0
2017-10-04  15.6000  15.4300   129783.0
2017-10-05  15.5900  15.4400   326278.0
2017-10-06  15.3700  14.8600    83313.0
2017-10-09  14.9300  14.3200   151101.0
2017-10-10  14.4600  14.2100    76842.0
2017-10-11  14.2000  14.4400    49309.0
2017-10-12  14.2700  14.3200    81454.0
2017-10-13  14.4600  14.5500    71255.0
2017-10-16  14.5800  14.5900    68558.0
2017-10-17  14.5500  14.7700    76297.0
2017-10-18  14.7300  14.9700    74958.0
2017-10-19  14.8600  15.0300    93867.0
2017-10-20  15.0900  14.7500    58804.0
2017-10-23  14.7500  14.7600    64576.0
2017-10-24  14.7600  15.2800    95190.0
2017-10-25  15.3000  14.7200    83973.0
2017-10-26  14.8300  14.3300    75827.0
2017-10-27  14.2100  14.4900   108880.0
2017-10-30  14.4200  14.6800    97415.0
2017-10-31  14.7100  15.2500   104454.0
2017-11-01  15.3700  15.9500   825718.0
2017-11-02  15.8200  16.3700    95935.0
2017-11-03  16.2600  16.7100   448314.0
2017-11-06  16.6600  16.9800   257023.0
2017-11-07  17.0000  16.9900    68604.0
2017-11-09  17.0200  17.4100   139416.0
2017-11-10  17.4100  17.4100    44837.0
2017-11-13  17.4200  17.3800   204104.0
2017-11-14  17.3800  16.5000   164897.0
2017-11-15  16.3300  16.6100   211754.0
2017-11-16  16.6400  16.9300   124139.0
2017-11-17  16.9300  17.4700    89415.0
2017-11-20  17.4200  17.2800    59413.0
2017-11-21  17.2600  17.0400    65048.0
2017-11-22  17.1600  17.2300    88010.0
2017-11-24  17.3300  17.0000    21460.0
2017-11-27  17.0000  16.7700    60364.0
2017-11-28  16.8500  16.7600    85892.0
2017-11-29  16.7300  16.7200    92764.0
2017-11-30  16.8000  16.6100   253217.0
2017-12-01  16.7600  17.0000   144490.0
2017-12-04  16.9300  16.8400   177990.0
2017-12-05  16.7600  16.7400   143223.0
2017-12-06  16.6400  16.1400   222853.0
2017-12-07  16.1600  16.0000    88461.0
2017-12-08  16.1400  16.2500    72131.0
2017-12-11  16.1200  16.5400   120603.0
2017-12-12  16.5600  16.5200    81842.0
2017-12-13  16.4400  16.5000   103115.0
2017-12-14  16.4600  16.5700    62791.0
2017-12-15  16.2900  16.1100   190136.0
2017-12-18  16.6500  16.3000    61457.0
2017-12-19  16.2300  16.2200    82476.0
2017-12-20  16.2400  16.1800   227391.0
2017-12-21  16.2350  16.2600   179302.0
2017-12-22  16.3000  16.2600   103565.0
2017-12-26  16.3300  16.6100   162765.0
2017-12-27  16.6500  16.5600    81068.0
2017-12-28  16.6000  16.6200    66128.0
2017-12-29  16.5100  16.5800    86862.0
2018-01-02  16.6100  16.5900   196676.0
2018-01-03  16.5900  16.4900   173703.0
2018-01-04  16.5300  16.9900   558998.0
2018-01-05  17.0000  16.8500   102695.0
2018-01-08  16.8000  17.0800   161620.0
2018-01-09  17.0900  17.3800   146486.0
2018-01-10  17.3600  17.7600   101153.0
2018-01-11  17.7600  18.7000   200624.0
2018-01-12  18.6200  18.4300   100478.0
2018-01-16  18.5200  18.1500    81407.0
2018-01-17  18.1400  18.1700    66194.0
2018-01-18  18.0700  18.1600    66991.0
2018-01-19  17.9900  18.1900    41260.0
2018-01-22  18.2000  18.3100    49163.0
2018-01-23  18.2300  18.2700    36198.0
2018-01-24  18.2000  18.1700    53683.0
2018-01-25  17.9400  18.0400    51037.0
2018-01-26  18.1200  17.9700    72264.0
2018-01-29  17.8300  17.6800    76242.0
2018-01-30  17.6300  16.8800    69399.0
2018-01-31  16.8400  16.4100    79261.0
2018-02-01  16.4300  16.3400    94034.0
2018-02-02  16.1700  15.8100   159361.0
2018-02-05  15.7500  15.4500   171258.0
2018-02-06  15.0100  15.3000   258347.0
2018-02-07  15.4500  14.7400   195260.0
2018-02-08  14.8400  14.4800   110329.0
2018-02-09  14.5600  14.3700   133541.0
2018-02-12  14.5000  14.4600   145706.0
2018-02-13  14.4300  14.2400    94330.0
2018-02-14  14.0200  14.4200   192420.0
2018-02-15  14.4000  14.3700   162611.0
2018-02-16  14.2800  14.3700   164958.0
2018-02-20  14.2800  14.3900   130276.0
2018-02-21  14.3900  14.2600   211400.0
2018-02-22  14.3500  14.2300   317317.0
2018-02-23  14.2300  14.8700   173857.0
2018-02-26  14.9300  14.9500   138747.0
2018-02-27  14.8900  14.3700   115527.0
2018-02-28  14.4000  13.4800   223553.0
2018-03-01  13.4700  13.5000   156456.0
2018-03-02  13.4600  13.9700   144378.0
2018-03-05  13.9300  14.2900    75023.0
2018-03-06  14.3100  13.9400    73024.0
2018-03-07  13.8000  13.6900    68104.0
2018-03-08  13.7300  13.5600    38406.0
2018-03-09  13.7000  13.8200    60863.0
2018-03-12  13.8500  13.9500    49222.0
2018-03-13  13.9900  13.6000   116500.0
2018-03-14  13.6300  13.4600   170060.0
2018-03-15  13.4700  12.4600   256975.0
2018-03-16  12.5000  12.9200   293685.0
2018-03-19  12.9000  13.2100   218990.0
2018-03-20  13.2600  13.0600   155157.0
2018-03-21  13.1600  13.2300   115493.0
2018-03-22  13.2000  13.0300    96325.0
2018-03-23  13.1100  13.0000   102860.0
2018-03-26  13.1400  13.2700   135068.0
2018-03-27  13.3200  12.8300   145449.0