date    open   close      volume
                                     
2014-10-06  60.170  59.580   7116841.0
2014-10-07  59.320  58.460   9526252.0
2014-10-08  58.660  60.180  12318192.0
2014-10-09  60.000  59.210   8595848.0
2014-10-10  59.310  58.660  11285175.0
2014-10-13  58.550  56.140  14815635.0
2014-10-14  56.570  56.330  10935820.0
2014-10-15  55.370  54.730  18785917.0
2014-10-16  54.010  53.430  21856226.0
2014-10-17  53.850  54.020  19718313.0
2014-10-20  54.220  54.050  12064131.0
2014-10-21  54.570  55.130  17299552.0
2014-10-22  55.230  55.510  12903038.0
2014-10-23  56.260  56.630  11851063.0
2014-10-24  56.800  57.610   8557528.0
2014-10-27  56.910  56.450  14418934.0
2014-10-28  56.600  55.850  23961244.0
2014-10-29  56.020  56.200  12497196.0
2014-10-30  55.710  57.310  12866624.0
2014-10-31  57.950  57.940  14066053.0
2014-11-03  57.950  58.920  10160132.0
2014-11-04  58.870  59.370  11338352.0
2014-11-05  59.990  59.570  12678814.0
2014-11-06  59.600  59.260  13361775.0
2014-11-07  59.390  59.340  10612995.0
2014-11-10  58.240  58.810  14598204.0
2014-11-11  59.720  59.370  13303665.0
2014-11-12  59.280  59.310   6668822.0
2014-11-13  59.500  59.540   6646925.0
2014-11-14  59.230  59.070   7130581.0
2014-11-17  59.710  59.460   8570380.0
2014-11-18  59.490  59.890   7668095.0
2014-11-19  59.630  59.640   7304294.0
2014-11-20  59.210  59.380   6741072.0
2014-11-21  59.940  59.660  11260375.0
2014-11-24  59.810  59.250   8487686.0
2014-11-25  59.320  59.340  10328583.0
2014-11-26  59.700  59.750   6280816.0
2014-11-28  59.700  60.400   6207390.0
2014-12-01  60.400  60.520   8274056.0
2014-12-02  60.630  60.780   6445999.0
2014-12-03  60.760  60.580   9730490.0
2014-12-04  60.510  60.920   7148208.0
2014-12-05  61.030  61.490  11171819.0
2014-12-08  61.170  61.880  11391389.0
2014-12-09  59.400  60.010  18761032.0
2014-12-10  60.120  59.980  13253207.0
2014-12-11  59.780  59.340  11313581.0
2014-12-12  59.130  57.720  12120150.0
2014-12-15  57.820  56.950  12175188.0
2014-12-16  56.970  56.800  11210543.0
2014-12-17  57.050  57.630  12669862.0
2014-12-18  58.590  58.980  13359389.0
2014-12-19  59.250  59.580  17374218.0
2014-12-22  59.120  58.960  10010451.0
2014-12-23  58.690  57.210  14165247.0
2014-12-24  57.290  57.460   5055251.0
2014-12-26  57.680  57.780   4672797.0
2014-12-29  57.450  57.730   6003835.0
2014-12-30  57.530  57.650   5234845.0
2014-12-31  57.270  56.790   7483648.0
2015-01-02  57.220  57.190   7085957.0
2015-01-05  58.210  58.040  15961191.0
2015-01-06  58.280  60.320  24287584.0
2015-01-07  60.440  61.610  18634387.0
2015-01-08  62.000  62.850  19120536.0
2015-01-09  62.810  62.560  12604585.0
2015-01-12  63.100  62.300  11568909.0
2015-01-13  62.910  62.190  10039285.0
2015-01-14  61.720  62.640   9858016.0
2015-01-15  62.790  61.880   9563904.0
2015-01-16  61.860  63.030  11371154.0
2015-01-20  62.710  62.610  13108794.0
2015-01-21  62.420  62.160   9082145.0
2015-01-22  62.260  62.590   8494438.0
2015-01-23  62.460  62.490   6229120.0
2015-01-26  62.580  62.820   6714545.0
2015-01-27  62.880  62.560   7965061.0
2015-01-28  62.820  61.450   8868066.0
2015-01-29  61.540  62.090   9091286.0
2015-01-30  61.530  60.280  12086725.0
2015-02-02  60.500  60.880   9266650.0
2015-02-03  60.890  61.020  11477537.0
2015-02-04  59.970  59.050  19446362.0
2015-02-05  59.270  59.170  12660363.0
2015-02-06  59.100  58.790   9864527.0
2015-02-09  58.650  58.330  10014119.0
2015-02-10  59.000  58.850   9539369.0
2015-02-11  58.760  58.740  10484321.0
2015-02-12  59.000  58.880   7207699.0
2015-02-13  58.900  58.810   7899278.0
2015-02-17  58.740  58.790  10187258.0
2015-02-18  58.670  58.800  10534154.0
2015-02-19  58.850  58.300   9835648.0
2015-02-20  58.150  58.350  11604783.0
2015-02-23  58.390  58.300   8589913.0
2015-02-24  58.490  58.360   7714066.0
2015-02-25  58.460  58.490   8455230.0
2015-02-26  58.660  58.960  11488572.0
2015-02-27  58.890  58.540  13059817.0
2015-03-02  58.290  58.580   9666895.0
2015-03-03  58.640  58.340   8251196.0
2015-03-04  58.410  57.880  13334541.0
2015-03-05  58.090  57.980  11534075.0
2015-03-06  57.850  56.840  11064674.0
2015-03-09  56.840  57.260   8342037.0
2015-03-10  56.950  56.580  13125044.0
2015-03-11  57.490  56.060  15657552.0
2015-03-12  55.820  56.170  12954263.0
2015-03-13  56.030  56.200  13072758.0
2015-03-16  56.580  57.120  11520310.0
2015-03-17  56.890  56.470   9999041.0
2015-03-18  56.390  57.650  14927873.0
2015-03-19  57.430  58.210  14455885.0
2015-03-20  58.240  58.580  26113962.0
2015-03-23  58.400  58.730  10658466.0
2015-03-24  59.410  58.630  13049057.0
2015-03-25  59.500  58.260  14038029.0
2015-03-26  58.040  57.600  10582836.0
2015-03-27  57.830  57.750   8522294.0
2015-03-30  58.250  58.340   8188953.0
2015-03-31  58.190  57.480  10458436.0
2015-04-01  57.260  56.860  12712204.0
2015-04-02  57.000  57.100   7583525.0
2015-04-06  56.930  57.180  12649211.0
2015-04-07  57.660  57.430   9278294.0
2015-04-08  57.910  57.150  13559688.0
2015-04-09  57.220  57.430  12003465.0
2015-04-10  57.050  57.250  15507494.0
2015-04-13  57.080  56.730  10480941.0
2015-04-14  56.940  57.760  14656168.0
2015-04-15  58.070  58.450  12108838.0
2015-04-16  58.210  57.840   6409437.0
2015-04-17  57.350  56.880  11663102.0
2015-04-20  57.500  57.610   9961359.0
2015-04-21  58.010  57.660   9255533.0
2015-04-22  57.560  57.690   7914568.0
2015-04-23  57.520  57.510   8342300.0
2015-04-24  57.850  57.600   7866496.0
2015-04-27  57.830  57.100  10480766.0
2015-04-28  60.220  59.980  34730213.0
2015-04-29  59.330  59.680  17187694.0
2015-04-30  59.790  59.560  13012342.0
2015-05-01  59.760  59.860   9357474.0
2015-05-04  60.140  60.640   9049765.0
2015-05-05  60.320  60.490  12082488.0
2015-05-06  60.450  60.260  11570856.0
2015-05-07  60.050  60.300   9000828.0
2015-05-08  61.000  60.740  10143412.0
2015-05-11  60.660  60.000   9718746.0
2015-05-12  59.550  59.440  13191909.0
2015-05-13  59.620  59.180   7320884.0
2015-05-14  59.470  59.780   7127324.0
2015-05-15  59.940  60.230   7665651.0
2015-05-18  60.170  60.010   7190826.0
2015-05-19  59.960  60.520   8128726.0
2015-05-20  60.670  60.460   6034665.0
2015-05-21  60.550  60.100   8038381.0
2015-05-22  60.070  59.380   8990387.0
2015-05-26  59.280  58.970  10850249.0
2015-05-27  59.090  59.460   9726711.0
2015-05-28  59.450  59.700   9530115.0
2015-05-29  59.880  60.890  20015397.0
2015-06-01  60.850  60.750  11807188.0
2015-06-02  60.450  60.240   8993032.0
2015-06-03  60.660  60.390   8662358.0
2015-06-04  59.960  59.470  10830276.0
2015-06-05  59.360  58.990  10881834.0
2015-06-08  58.890  58.870   8047763.0
2015-06-09  58.960  58.840   6445186.0
2015-06-10  58.980  59.610  10223248.0
2015-06-11  59.200  58.910  11640259.0
2015-06-12  58.790  57.870  15812329.0
2015-06-15  57.600  57.120  10106506.0
2015-06-16  57.240  57.710   6968907.0
2015-06-17  57.710  57.910   7917344.0
2015-06-18  57.910  58.590   7440442.0
2015-06-19  58.410  58.040  12599520.0
2015-06-22  58.790  58.830   8362432.0
2015-06-23  58.880  59.030   8370963.0
2015-06-24  58.920  58.240   7908312.0
2015-06-25  58.250  57.900   9936816.0
2015-06-26  58.220  58.490  13083743.0
2015-06-29  57.930  57.290   9601103.0
2015-06-30  57.710  56.930  11847325.0
2015-07-01  56.930  57.600   9380054.0
2015-07-02  57.940  57.670   8518380.0
2015-07-06  57.240  57.550   8054046.0
2015-07-07  57.750  57.990   9034251.0
2015-07-08  57.730  57.350   9111598.0
2015-07-09  58.040  57.380   8677777.0
2015-07-10  58.070  57.950   8047291.0
2015-07-13  58.250  57.870   9133756.0
2015-07-14  57.900  58.190   7235149.0
2015-07-15  58.160  58.220   5748728.0
2015-07-16  58.510  58.820   5324664.0
2015-07-17  58.700  58.820   6988852.0
2015-07-20  58.960  59.000   5697221.0
2015-07-21  58.990  58.670   6932315.0
2015-07-22  58.510  58.130   8615983.0
2015-07-23  58.530  58.070   6441613.0
2015-07-24  57.710  57.410   7847073.0
2015-07-27  57.430  56.990  14887028.0
2015-07-28  56.520  57.520  16387120.0
2015-07-29  57.690  58.540  12875988.0
2015-07-30  58.620  58.520   6989255.0
2015-07-31  59.000  58.960   8752452.0
2015-08-03  59.300  59.050   6806391.0
2015-08-04  59.440  58.700   6935771.0
2015-08-05  59.080  59.100   5677165.0
2015-08-06  59.160  58.430   7007773.0
2015-08-07  58.350  57.970   9712396.0
2015-08-10  58.260  58.410   5052372.0
2015-08-11  57.930  57.760   7078348.0
2015-08-12  57.280  58.260   7804999.0
2015-08-13  58.550  58.980  10932472.0
2015-08-14  59.010  59.180   9466411.0
2015-08-17  58.800  59.710   6113739.0
2015-08-18  59.670  59.660   6797381.0
2015-08-19  59.320  59.660   7986349.0
2015-08-20  58.290  56.950  23694443.0
2015-08-21  56.590  55.770  17632278.0
2015-08-24  53.070  53.990  24838402.0
2015-08-25  55.390  51.170  22848904.0
2015-08-26  53.400  54.420  22847793.0
2015-08-27  55.330  54.950  16135441.0
2015-08-28  54.810  55.370  12796949.0
2015-08-31  55.050  53.850  12914805.0
2015-09-01  52.470  52.530  15707287.0
2015-09-02  53.170  52.980  13130770.0
2015-09-03  53.270  52.650  12149118.0
2015-09-04  52.100  51.590  14491288.0
2015-09-08  53.010  52.690  14960554.0
2015-09-09  53.210  51.930  11116693.0
2015-09-10  52.020  52.720  14065238.0
2015-09-11  52.210  52.090  12087916.0
2015-09-14  52.120  52.340   8791357.0
2015-09-15  52.780  53.550  11792183.0
2015-09-16  53.510  53.870   8681194.0
2015-09-17  53.850  53.960  22799862.0
2015-09-18  53.680  52.130  28997947.0
2015-09-21  52.440  50.980  17242883.0
2015-09-22  50.550  50.740  12795475.0
2015-09-23  50.740  51.030  10055545.0
2015-09-24  50.530  50.590  10506643.0
2015-09-25  50.920  49.600  15322622.0
2015-09-28  49.300  48.420  20011321.0
2015-09-29  48.580  48.650  12802842.0
2015-09-30  49.400  49.390  12587026.0
2015-10-01  49.350  49.370  14408111.0
2015-10-02  48.790  50.140  24287854.0
2015-10-05  51.070  51.230  15881158.0
2015-10-06  51.390  49.800  16493492.0
2015-10-07  50.460  50.950  14544638.0
2015-10-08  50.660  51.020  12542031.0
2015-10-09  50.990  50.950  10921425.0
2015-10-12  49.710  50.710  11653308.0
2015-10-13  50.780  49.470  14905931.0
2015-10-14  49.590  49.540  13730161.0
2015-10-15  49.670  50.720  14037482.0
2015-10-16  51.300  51.480  11092492.0
2015-10-19  51.330  51.400   8441884.0
2015-10-20  51.390  50.390   9944920.0
2015-10-21  50.750  50.590  11327134.0
2015-10-22  50.820  52.010  18449265.0
2015-10-23  52.350  52.880  15703516.0
2015-10-26  52.650  52.910  10975198.0
2015-10-27  53.760  53.470  13956855.0
2015-10-28  53.990  55.100  14709971.0
2015-10-29  54.960  54.870   8907257.0
2015-10-30  54.790  54.660  11017447.0
2015-11-02  54.690  55.110  10559147.0
2015-11-03  55.080  55.110   9216178.0
2015-11-04  55.470  55.530   7749112.0
2015-11-05  55.460  55.050   9046541.0
2015-11-06  54.790  54.610  10722892.0
2015-11-09  54.030  54.240   9140220.0
2015-11-10  54.380  54.430   7462188.0
2015-11-11  54.810  53.720   8544587.0
2015-11-12  53.590  53.030   8577457.0
2015-11-13  53.460  53.030  11394539.0
2015-11-16  52.190  53.700   6907842.0
2015-11-17  53.710  53.710   7126622.0
2015-11-18  53.860  54.230  10811362.0
2015-11-19  54.440  54.280   6839235.0
2015-11-20  54.610  54.100   8933303.0
2015-11-23  54.075  54.010   8687456.0
2015-11-24  53.560  53.480  10507171.0
2015-11-25  53.620  53.720   6078917.0
2015-11-27  53.360  53.960   2981642.0
2015-11-30  54.040  53.010  13355002.0
2015-12-01  53.770  54.570  12996846.0
2015-12-02  54.660  53.820  10099265.0
2015-12-03  54.070  52.590  13595087.0
2015-12-04  52.870  53.640  13686940.0
2015-12-07  54.020  53.680   8691515.0
2015-12-08  53.570  53.470   7573196.0
2015-12-09  53.280  52.820  10357171.0
2015-12-10  53.020  53.690  11451843.0
2015-12-11  53.000  52.150  10397896.0
2015-12-14  52.150  52.200  11998481.0
2015-12-15  52.480  52.900  11585926.0
2015-12-16  53.420  54.020  10014027.0
2015-12-17  54.110  52.660  13517113.0
2015-12-18  52.150  51.640  21079743.0
2015-12-21  52.150  51.870  11636117.0
2015-12-22  52.010  52.100  13196939.0
2015-12-23  52.380  52.980   7127380.0
2015-12-24  52.790  52.850   2980053.0
2015-12-28  52.790  52.840   4836250.0
2015-12-29  52.970  53.340   6608530.0
2015-12-30  53.340  53.250   5560329.0
2015-12-31  52.800  52.820   8292947.0
2016-01-04  52.010  52.480  17173451.0
2016-01-05  52.790  53.150  11075455.0
2016-01-06  52.510  52.420  12465927.0
2016-01-07  51.520  51.960  12719359.0
2016-01-08  52.510  51.080  14155994.0
2016-01-11  51.250  51.250  14367379.0
2016-01-12  51.510  51.760  11321002.0
2016-01-13  51.910  50.660  16546599.0
2016-01-14  50.670  51.800  13568431.0
2016-01-15  50.500  51.140  15490392.0
2016-01-19  51.600  51.340  10928909.0
2016-01-20  50.290  50.550  15920438.0
2016-01-21  50.780  50.920  11927519.0
2016-01-22  51.440  51.350  10812785.0
2016-01-25  51.350  50.920   9280537.0
2016-01-26  51.050  51.450   9017538.0
2016-01-27  50.660  50.370  13118503.0
2016-01-28  50.330  49.200  18122451.0
2016-01-29  49.800  50.670  16922745.0
2016-02-01  50.390  50.750  11430923.0
2016-02-02  50.270  50.410  14899215.0
2016-02-03  49.620  50.050  19568529.0
2016-02-04  49.700  48.590  20609004.0
2016-02-05  48.600  49.380  16883010.0
2016-02-08  48.930  48.830  13345110.0
2016-02-09  48.690  49.160  10649064.0
2016-02-10  49.510  49.530  11028535.0
2016-02-11  48.810  48.850  11086713.0
2016-02-12  48.980  49.030  13597565.0
2016-02-16  49.400  49.780  11414112.0
2016-02-17  50.000  50.600   9323313.0
2016-02-18  50.600  50.320   9612824.0
2016-02-19  50.250  50.120   8964183.0
2016-02-22  50.280  50.770   7770296.0
2016-02-23  50.560  50.540   7899519.0
2016-02-24  50.160  50.560   7572672.0
2016-02-25  50.560  51.000   8693269.0
2016-02-26  51.050  50.640   9251098.0
2016-02-29  50.520  50.210  12878934.0
2016-03-01  50.390  51.750  12105215.0
2016-03-02  51.630  52.270  11974023.0
2016-03-03  52.180  52.100   9808832.0
2016-03-04  51.850  52.080   9085837.0
2016-03-07  51.840  52.640   7466274.0
2016-03-08  52.360  52.450   8177647.0
2016-03-09  52.580  52.360   9150631.0
2016-03-10  52.690  53.040  12267212.0
2016-03-11  53.020  53.200  15532138.0
2016-03-14  53.150  53.080   6532913.0
2016-03-15  52.480  52.420   9060746.0
2016-03-16  52.310  51.940   9981325.0
2016-03-17  51.930  51.530   9578385.0
2016-03-18  51.740  52.250  14424250.0
2016-03-21  52.330  52.800   7647120.0
2016-03-22  52.580  53.030   9297224.0
2016-03-23  53.600  53.080   9947490.0
2016-03-24  52.790  53.070   7565884.0
2016-03-28  53.120  52.830   6046678.0
2016-03-29  52.910  53.320   7376654.0
2016-03-30  53.480  53.220   6403872.0
2016-03-31  53.080  52.910   8334945.0
2016-04-01  52.500  53.700   8683068.0
2016-04-04  53.910  54.400  10249512.0
2016-04-05  54.090  54.240   9000741.0
2016-04-06  54.350  55.630  12480127.0
2016-04-07  55.340  55.420  10536803.0
2016-04-08  55.750  55.360   6987403.0
2016-04-11  55.370  55.050   7065488.0
2016-04-12  54.970  55.340   5936828.0
2016-04-13  55.460  55.960   8444469.0
2016-04-14  56.020  56.450   8335289.0
2016-04-15  56.530  56.140   8434430.0
2016-04-18  56.110  56.510   7794197.0
2016-04-19  56.730  56.860   7644156.0
2016-04-20  57.150  56.580   8520662.0
2016-04-21  56.340  56.600  10535154.0
2016-04-22  56.690  56.740   7093479.0
2016-04-25  56.480  56.220   8280183.0
2016-04-26  56.410  56.040   7226491.0
2016-04-27  56.060  56.310   6941426.0
2016-04-28  55.890  55.740   9094747.0
2016-04-29  55.640  54.840  13228031.0
2016-05-02  54.850  55.300   9678915.0
2016-05-03  55.140  55.080   7601210.0
2016-05-04  54.710  54.810   7705850.0
2016-05-05  54.280  54.090  11224324.0
2016-05-06  53.820  53.600  10526330.0
2016-05-09  53.570  54.100   7975439.0
2016-05-10  54.470  54.680   6486143.0
2016-05-11  54.700  54.310   6572904.0
2016-05-12  54.590  54.120   8244255.0
2016-05-13  54.100  53.880   7125137.0
2016-05-16  53.770  54.650   6649085.0
2016-05-17  54.410  54.320  11794027.0
2016-05-18  54.390  54.670   7391205.0
2016-05-19  54.160  54.580   8733895.0
2016-05-20  54.830  55.110   8632960.0
2016-05-23  55.000  54.920   5570345.0
2016-05-24  55.230  55.600   6312043.0
2016-05-25  55.810  56.570   9601393.0
2016-05-26  56.470  56.390   5720512.0
2016-05-27  56.500  56.480   7508702.0
2016-05-31  56.490  56.260   9468175.0
2016-06-01  56.200  56.330   6691013.0
2016-06-02  56.440  56.820   7295472.0
2016-06-03  56.840  56.640   5436913.0
2016-06-06  56.660  57.170   6903483.0
2016-06-07  57.200  57.000   6252365.0
2016-06-08  56.970  57.620   7790111.0
2016-06-09  57.510  57.180   9227682.0
2016-06-10  56.820  56.810   9531715.0
2016-06-13  56.180  56.110   6204824.0
2016-06-14  55.770  56.250   8594133.0
2016-06-15  56.410  56.090   7648763.0
2016-06-16  56.990  57.500  22051756.0
2016-06-17  57.430  55.890  17484401.0
2016-06-20  56.340  56.140   8698721.0
2016-06-21  56.540  56.250   6402993.0
2016-06-22  56.140  57.040  12477497.0
2016-06-23  57.480  57.680   6967390.0
2016-06-24  56.040  55.880  17258427.0
2016-06-27  55.490  55.310  13284551.0
2016-06-28  55.440  55.580  12744985.0
2016-06-29  56.140  57.050   9813760.0
2016-06-30  57.150  57.610   9277691.0
2016-07-01  57.540  57.940   7868316.0
2016-07-05  57.780  58.000   7394103.0
2016-07-06  58.270  59.160  14327606.0
2016-07-07  58.890  58.780   9351899.0
2016-07-08  58.980  59.350   9479430.0
2016-07-11  59.260  59.340   7336641.0
2016-07-12  59.270  59.600   8401273.0
2016-07-13  59.780  59.550   6793085.0
2016-07-14  59.870  59.650   7345381.0
2016-07-15  59.800  59.630   8148190.0
2016-07-18  59.000  59.020   8754197.0
2016-07-19  59.080  58.660   8881337.0
2016-07-20  59.000  58.790   6475748.0
2016-07-21  59.000  58.790   6119844.0
2016-07-22  58.990  58.820   6269481.0
2016-07-25  58.630  58.560   8037217.0
2016-07-26  58.700  58.360   7150768.0
2016-07-27  58.390  58.600   7882987.0
2016-07-28  58.520  58.430   7289712.0
2016-07-29  59.010  58.660   8490917.0
2016-08-01  58.830  58.660   8871180.0
2016-08-02  58.680  58.330   6826271.0
2016-08-03  58.170  57.650   9637335.0
2016-08-04  57.740  57.840   5541344.0
2016-08-05  62.510  63.860  72875999.0
2016-08-08  62.660  62.860  25045257.0
2016-08-09  62.860  62.490  12234367.0
2016-08-10  62.090  62.640   8835354.0
2016-08-11  62.610  63.630  10365025.0
2016-08-12  63.140  63.350   6244281.0
2016-08-15  63.350  63.320   6650069.0
2016-08-16  63.000  63.040   5680058.0
2016-08-17  63.030  63.290   8271531.0
2016-08-18  63.080  63.630   6926572.0
2016-08-19  63.180  63.360   8480039.0
2016-08-22  63.250  63.550   6447228.0
2016-08-23  63.710  63.580   5798353.0
2016-08-24  63.600  62.730   7477273.0
2016-08-25  62.860  62.320   7947489.0
2016-08-26  62.480  62.850   7793815.0
2016-08-29  62.920  63.010   5575752.0
2016-08-30  62.960  62.710   6178036.0
2016-08-31  63.080  62.790   8860461.0
2016-09-01  62.700  62.900   6544694.0
2016-09-02  62.590  62.980   7613244.0
2016-09-06  62.990  63.240   7930326.0
2016-09-07  63.310  62.870   8668038.0
2016-09-08  62.450  63.240   9186287.0
2016-09-09  62.690  62.490  12587535.0
2016-09-12  62.000  63.190  10629499.0
2016-09-13  62.370  61.810  10223437.0
2016-09-14  61.920  61.350  10421771.0
2016-09-15  61.240  62.380   9026862.0
2016-09-16  62.450  62.280  12431993.0
2016-09-19  62.540  61.330  11287630.0
2016-09-20  61.900  61.940   9211610.0
2016-09-21  62.260  62.700   7219032.0
2016-09-22  62.920  63.020   8447562.0
2016-09-23  62.870  62.960   7679801.0
2016-09-26  62.530  62.150   6983821.0
2016-09-27  62.310  62.570   7340756.0
2016-09-28  63.000  63.300  11782741.0
2016-09-29  63.020  61.910  10930029.0
2016-09-30  61.890  62.410  13600560.0
2016-10-03  62.220  62.520   7520012.0
2016-10-04  62.480  62.460   7897397.0
2016-10-05  62.700  62.800   7871322.0
2016-10-06  62.490  62.660  11430486.0
2016-10-07  62.770  62.770  10770473.0
2016-10-10  64.210  63.900  20345855.0
2016-10-11  63.530  61.930  13955380.0
2016-10-12  62.400  61.660  10121895.0
2016-10-13  62.250  62.510  14541462.0
2016-10-14  62.720  62.140  12204208.0
2016-10-17  62.050  61.520  13054599.0
2016-10-18  61.900  62.090   9987994.0
2016-10-19  62.130  61.870   5582664.0
2016-10-20  61.950  61.920   6323380.0
2016-10-21  61.550  61.200   7397586.0
2016-10-24  61.400  60.750   9940882.0
2016-10-25  60.270  61.950  15188534.0
2016-10-26  61.740  60.870   9947711.0
2016-10-27  61.150  61.290  10350697.0
2016-10-28  61.020  58.840  20357108.0
2016-10-31  59.090  58.720  14254834.0
2016-11-01  59.000  59.300  14347359.0
2016-11-02  59.060  58.840  10722865.0
2016-11-03  59.180  58.430  11323033.0
2016-11-04  58.690  58.820  11318375.0
2016-11-07  59.520  60.050  10478263.0
2016-11-08  59.820  60.510   7942104.0
2016-11-09  63.960  64.180  27851126.0
2016-11-10  64.540  64.960  17862251.0
2016-11-11  64.080  63.950  14059705.0
2016-11-14  64.000  63.530  10124450.0
2016-11-15  63.680  63.650   7290447.0
2016-11-16  63.700  62.630  10761213.0
2016-11-17  62.510  62.700   8360674.0
2016-11-18  62.570  61.870   7696863.0
2016-11-21  61.940  62.300   6836678.0
2016-11-22  62.500  61.700   9592213.0
2016-11-23  60.330  61.640  10242975.0
2016-11-25  61.820  62.210   3501268.0
2016-11-28  61.780  61.800   7449431.0
2016-11-29  61.950  62.190  10034927.0
2016-11-30  62.310  61.190  12530631.0
2016-12-01  61.300  60.760   8398535.0
2016-12-02  61.050  61.130   7993092.0
2016-12-05  61.520  60.250  12985234.0
2016-12-06  60.180  60.280  10659613.0
2016-12-07  59.700  60.060  14049574.0
2016-12-08  59.730  60.120   8586550.0
2016-12-09  60.490  61.230  10516352.0
2016-12-12  61.440  61.720   8246003.0
2016-12-13  61.800  61.790   7842165.0
2016-12-14  61.850  61.800  11080414.0
2016-12-15  62.000  62.370   8509404.0
2016-12-16  62.660  62.440  17563691.0
2016-12-19  61.800  61.140  11938924.0
2016-12-20  61.190  60.500  10377123.0
2016-12-21  60.590  59.430  12052119.0
2016-12-22  59.620  59.580  10100023.0
2016-12-23  59.770  59.560   7591338.0
2016-12-27  59.870  59.790   5815612.0
2016-12-28  59.720  59.270   6174639.0
2016-12-29  59.290  59.040   6520112.0
2016-12-30  58.780  58.870  10772542.0
2017-01-03  59.150  60.150  11988657.0
2017-01-04  60.500  60.130   9411941.0
2017-01-05  60.220  60.110  10096429.0
2017-01-06  60.090  60.270  10238738.0
2017-01-09  60.300  61.100   9734337.0
2017-01-10  61.200  59.920  15302218.0
2017-01-11  62.340  61.630  32711722.0
2017-01-12  62.530  62.210  24885363.0
2017-01-13  62.330  62.340   9968905.0
2017-01-17  61.920  61.480  10592686.0
2017-01-18  61.380  61.170   8131512.0
2017-01-19  61.050  60.330  11397928.0
2017-01-20  62.400  62.530  25239797.0
2017-01-23  61.810  61.810  10200796.0
2017-01-24  61.590  61.210  10487452.0
2017-01-25  61.320  61.080  14556969.0
2017-01-26  61.020  61.200  12707418.0
2017-01-27  61.380  61.750   6652609.0
2017-01-30  61.520  61.430   7853564.0
2017-01-31  61.060  61.990   9819784.0
2017-02-01  62.060  62.100  11017245.0
2017-02-02  62.640  64.180  18990180.0
2017-02-03  63.860  64.290  11650328.0
2017-02-06  63.920  64.940   9158765.0
2017-02-07  64.760  64.200   8435219.0
2017-02-08  63.900  64.320   5906828.0
2017-02-09  64.340  64.390   7052880.0
2017-02-10  64.320  64.150   8531370.0
2017-02-13  64.250  64.770   7151139.0
2017-02-14  64.640  65.660  10135864.0
2017-02-15  64.900  65.160  17807287.0
2017-02-16  65.140  65.260  12346265.0
2017-02-17  65.200  65.390   9048256.0
2017-02-21  64.900  65.480   7386072.0
2017-02-22  65.500  65.290   8679633.0
2017-02-23  65.520  65.850   6855571.0
2017-02-24  65.650  66.160   8444253.0
2017-02-27  65.780  65.850   7134363.0
2017-02-28  65.810  65.870   7740372.0
2017-03-01  66.070  66.210  10680729.0
2017-03-02  66.380  66.080   8647430.0
2017-03-03  65.860  66.580   8322960.0
2017-03-06  66.080  66.470   8687456.0
2017-03-07  65.430  65.960   8328169.0
2017-03-08  65.960  65.800   8418318.0
2017-03-09  65.970  65.890   7735152.0
2017-03-10  66.070  65.600   8822705.0
2017-03-13  65.240  64.150  14198551.0
2017-03-14  64.130  64.200   7893626.0
2017-03-15  64.400  64.700   9024954.0
2017-03-16  64.570  64.180   9613228.0
2017-03-17  64.250  63.900  14449174.0
2017-03-20  64.140  64.110  12971169.0
2017-03-21  64.280  63.910  10550684.0
2017-03-22  63.980  63.500   9549029.0
2017-03-23  63.360  63.280   9461008.0
2017-03-24  63.160  63.180   9136520.0
2017-03-27  62.920  63.190   8015894.0
2017-03-28  63.200  63.340  10184989.0
2017-03-29  63.670  63.640   8135333.0
2017-03-30  63.500  63.450   5321972.0
2017-03-31  63.260  63.540   7614025.0
2017-04-03  63.430  63.470   6643587.0
2017-04-04  63.590  63.670   6345621.0
2017-04-05  63.690  63.570   7713310.0
2017-04-06  63.480  63.240   7552664.0
2017-04-07  63.280  63.130   7721053.0
2017-04-10  63.270  62.550   7247668.0
2017-04-11  62.490  62.580   6544754.0
2017-04-12  62.370  63.050   9509164.0
2017-04-13  62.790  62.610   5932538.0
2017-04-17  62.710  62.800   5334438.0
2017-04-18  62.460  62.270   7394709.0
2017-04-19  62.260  62.640  10349052.0
2017-04-20  62.659  62.550   8962257.0
2017-04-21  62.360  61.890  10498395.0
2017-04-24  62.500  62.140   8846263.0
2017-04-25  62.490  62.300   7673073.0
2017-04-26  62.630  62.700   8611372.0
2017-04-27  62.780  62.580   6595429.0
2017-04-28  62.580  62.330   9419204.0
2017-05-01  62.250  62.380  10208322.0
2017-05-02  62.510  62.700  12744579.0
2017-05-03  62.500  63.630  11361884.0
2017-05-04  63.670  63.380   8521748.0
2017-05-05  63.500  63.970   9240705.0
2017-05-08  63.910  64.010  11030228.0
2017-05-09  64.180  63.290  10149042.0
2017-05-10  63.130  63.940   9518258.0
2017-05-11  64.750  64.430  18375115.0
2017-05-12  64.390  63.570  10181441.0
2017-05-15  63.420  63.510   7516065.0
2017-05-16  63.440  63.790   7806575.0
2017-05-17  63.380  63.000   7748586.0
2017-05-18  62.910  63.890  11734566.0
2017-05-19  64.040  63.780   9218938.0
2017-05-22  63.700  64.040   6036999.0
2017-05-23  64.000  64.550   5704358.0
2017-05-24  64.770  64.930   6955392.0
2017-05-25  64.960  65.040   7075616.0
2017-05-26  65.000  64.920   3663295.0
2017-05-30  64.720  64.880   4618382.0
2017-05-31  65.080  65.110   7591286.0
2017-06-01  65.090  65.260   7504149.0
2017-06-02  65.460  65.470   6251913.0
2017-06-05  65.350  65.070   5958403.0
2017-06-06  65.000  64.670   6615280.0
2017-06-07  64.600  64.060   7599580.0
2017-06-08  64.240  63.200  18435158.0
2017-06-09  63.200  64.390  10698271.0
2017-06-12  64.560  64.390   9275936.0
2017-06-13  63.730  63.270  11856015.0
2017-06-14  63.020  63.370  10310113.0
2017-06-15  63.300  63.190   7845061.0
2017-06-16  63.260  62.970  14866681.0
2017-06-19  63.090  63.680   8169910.0
2017-06-20  63.680  64.530  10098317.0
2017-06-21  64.560  65.460  10861249.0
2017-06-22  65.510  66.020  12766941.0
2017-06-23  66.040  66.160  12172458.0
2017-06-26  66.150  65.920   7554932.0
2017-06-27  66.270  65.540   8098420.0
2017-06-28  65.760  65.160   6708289.0
2017-06-29  65.010  64.340   8193280.0
2017-06-30  64.490  64.090   8169972.0
2017-07-03  63.850  64.270   4671419.0
2017-07-05  64.470  64.160   6455279.0
2017-07-06  63.770  63.100  10728353.0
2017-07-07  63.210  63.160   6896291.0
2017-07-10  63.390  62.830   6522710.0
2017-07-11  62.820  62.340   6823827.0
2017-07-12  62.660  62.780   8192012.0
2017-07-13  62.790  62.890   6789967.0
2017-07-14  62.930  63.060   5814602.0
2017-07-17  63.150  62.610   7384842.0
2017-07-18  62.500  62.410   6097512.0
2017-07-19  62.500  62.620   5512398.0
2017-07-20  62.910  62.940   6527164.0
2017-07-21  62.790  62.630   6831155.0
2017-07-24  62.540  62.570   7624590.0
2017-07-25  62.850  62.360   5885647.0
2017-07-26  62.310  61.800   9148402.0
2017-07-27  63.670  63.690  21643696.0
2017-07-28  63.810  64.110  13263891.0
2017-07-31  64.250  63.880  11676502.0
2017-08-01  64.040  63.920   6456627.0
2017-08-02  63.950  63.440   6943684.0
2017-08-03  63.210  63.520   6846117.0
2017-08-04  63.630  63.100   5321136.0
2017-08-07  62.950  62.840   6555351.0
2017-08-08  62.540  62.320   6789932.0
2017-08-09  62.450  62.490   6272146.0
2017-08-10  62.370  62.180   7532025.0
2017-08-11  62.420  62.380   6001685.0
2017-08-14  62.910  62.670   5467094.0
2017-08-15  62.730  62.500   6151681.0
2017-08-16  62.430  62.700   5969186.0
2017-08-17  62.750  61.840   8909783.0
2017-08-18  61.770  61.490   8380760.0
2017-08-21  61.480  61.970   6675850.0
2017-08-22  61.970  62.420   5435216.0
2017-08-23  62.250  62.150   5969566.0
2017-08-24  62.250  62.710   7693136.0
2017-08-25  62.870  62.940   5262101.0
2017-08-28  63.110  63.320   7419544.0
2017-08-29  63.130  63.120   6559183.0
2017-08-30  63.140  63.120   4905023.0
2017-08-31  63.350  63.860  12685900.0
2017-09-01  63.790  63.830   6181735.0
2017-09-05  63.750  63.620   7236202.0
2017-09-06  63.890  64.000   6867537.0
2017-09-07  64.090  64.320   6772953.0
2017-09-08  63.990  64.270   7343761.0
2017-09-11  64.940  65.130  10115828.0
2017-09-12  65.120  65.460   7350330.0
2017-09-13  65.360  65.450   5554873.0
2017-09-14  64.990  66.120   9889131.0
2017-09-15  66.170  66.160  14271851.0
2017-09-18  66.020  65.990  10538309.0
2017-09-19  66.020  65.950   6954343.0
2017-09-20  66.070  65.790   9263753.0
2017-09-21  65.850  65.600   5876566.0
2017-09-22  65.630  65.130   7378603.0
2017-09-25  65.160  65.180   5471183.0
2017-09-26  65.100  64.760   5793974.0
2017-09-27  64.680  64.570   6586716.0
2017-09-28  64.270  64.290   6992210.0
2017-09-29  64.290  64.030  11412426.0
2017-10-02  64.210  64.550   6105156.0
2017-10-03  64.550  64.370   6493480.0
2017-10-04  64.420  64.600   6337610.0
2017-10-05  64.420  64.600   8842820.0
2017-10-06  64.700  64.550   6785589.0
2017-10-09  64.670  64.330   5442261.0
2017-10-10  64.310  64.460   4914017.0
2017-10-11  64.340  63.780   9893452.0
2017-10-12  63.790  63.830   5977650.0
2017-10-13  63.950  63.390   7245416.0
2017-10-16  63.490  63.340   7442626.0
2017-10-17  63.210  63.220   6920903.0
2017-10-18  64.090  63.510   7836003.0
2017-10-19  63.640  63.750   9148340.0
2017-10-20  63.850  63.880  10237421.0
2017-10-23  64.030  63.400  11551528.0
2017-10-24  63.310  63.110  10037074.0
2017-10-25  63.100  62.455   8955320.0
2017-10-26  62.290  61.990  10501228.0
2017-10-27  60.550  58.240  28974238.0
2017-10-30  55.750  54.710  38479047.0
2017-10-31  55.170  55.090  18058377.0
2017-11-01  55.540  55.340  16077251.0
2017-11-02  55.480  55.370  12291530.0
2017-11-03  55.300  56.060   9799072.0
2017-11-06  56.040  55.880   8605235.0
2017-11-07  55.880  55.590  14183210.0
2017-11-09  56.550  56.210  14055011.0
2017-11-10  56.290  55.480  16135755.0
2017-11-13  55.310  55.100  13348712.0
2017-11-14  54.970  54.990  12563891.0
2017-11-15  54.760  54.800  11636283.0
2017-11-16  54.860  55.170  11982590.0
2017-11-17  55.000  55.200   9869660.0
2017-11-20  54.040  54.100  16886642.0
2017-11-21  54.360  54.270  13699103.0
2017-11-22  54.230  54.370   7374403.0
2017-11-24  54.500  54.350   4341296.0
2017-11-27  54.410  54.550  10051128.0
2017-11-28  54.930  54.930  12449992.0
2017-11-29  55.040  55.360  10074221.0
2017-11-30  55.420  55.270  14992345.0
2017-12-01  55.400  55.870  12083047.0
2017-12-04  55.930  56.220  12846770.0
2017-12-05  56.150  55.770  11828923.0
2017-12-06  55.550  54.350  20052785.0
2017-12-07  55.380  54.770  16451132.0
2017-12-08  55.120  55.570  10355778.0
2017-12-11  55.570  56.340   9742654.0
2017-12-12  56.870  57.070  13768582.0
2017-12-13  56.940  56.910  13171793.0
2017-12-14  56.600  56.010  10048156.0
2017-12-15  56.210  56.240  21240948.0
2017-12-18  56.320  56.220  11577605.0
2017-12-19  56.110  56.230   9450195.0
2017-12-20  56.380  56.110  13093292.0
2017-12-21  56.160  56.600   9891111.0
2017-12-22  56.540  56.360   7934596.0
2017-12-26  56.490  56.340   4404019.0
2017-12-27  56.390  56.340   5541590.0
2017-12-28  56.340  56.600   4848123.0
2017-12-29  56.830  56.270   8403394.0
2018-01-02  56.590  56.220  10048319.0
2018-01-03  56.230  56.140  10573680.0
2018-01-04  56.440  57.050  14991734.0
2018-01-05  57.390  56.990   9482639.0
2018-01-08  57.210  56.660  10504085.0
2018-01-09  56.810  56.800  10626048.0
2018-01-10  56.550  57.300   9028423.0
2018-01-11  57.300  57.600   7052718.0
2018-01-12  57.950  58.660  11760867.0
2018-01-16  61.750  62.070  48036986.0
2018-01-17  62.290  62.030  21118168.0
2018-01-18  62.000  61.130  19517416.0
2018-01-19  61.480  61.280  12007996.0
2018-01-22  60.950  61.250  11268247.0
2018-01-23  61.030  61.700  10327832.0
2018-01-24  62.010  61.180  10031637.0
2018-01-25  61.300  61.300   9397807.0
2018-01-26  61.490  62.040   9989533.0
2018-01-29  61.950  61.630   8514094.0
2018-01-30  60.790  60.650  12891028.0
2018-01-31  60.770  59.250  14768101.0
2018-02-01  59.170  59.860  13342323.0
2018-02-02  59.410  58.560  12180289.0