date     open  close      volume
                                     
2013-01-02  20.1601  19.62  29812900.0
2013-01-03  19.4600  19.58  29859500.0
2013-01-04  19.6800  20.19  31983900.0
2013-01-07  20.0200  19.80  21445100.0
2013-01-08  19.7400  19.65  22206200.0
2013-01-09  19.7000  19.62  26993800.0
2013-01-10  19.8600  20.34  39869800.0
2013-01-11  20.1600  20.17  20880000.0
2013-01-14  20.2400  20.07  14590200.0
2013-01-15  19.9300  20.43  25277000.0
2013-01-16  20.7300  20.54  30630600.0
2013-01-17  20.5500  20.75  26063600.0
2013-01-18  21.9800  22.38  65729400.0
2013-01-22  22.1300  22.98  38089200.0
2013-01-23  22.8600  22.67  24266100.0
2013-01-24  22.5700  22.60  20294700.0
2013-01-25  22.7499  22.70  14059600.0
2013-01-28  22.7900  22.31  13892000.0
2013-01-29  22.2800  22.59  14548300.0
2013-01-30  22.3600  22.98  23160400.0
2013-01-31  22.8001  22.85  19819100.0
2013-02-01  23.0400  23.51  31744400.0
2013-02-04  22.8400  22.88  26405700.0
2013-02-05  23.1700  23.40  23873200.0
2013-02-06  23.2400  23.39  15851000.0
2013-02-07  23.3600  23.10  20157900.0
2013-02-08  23.0800  23.32  16025800.0
2013-02-11  23.2100  23.28  10258200.0
2013-02-12  23.3000  23.63  15347000.0
2013-02-13  23.6700  23.63  15783400.0
2013-02-14  23.5300  23.83  16316300.0
2013-02-15  23.8800  23.87  17504700.0
2013-02-19  23.9900  24.32  17457300.0
2013-02-20  24.3800  23.42  17432700.0
2013-02-21  23.2200  22.83  22324700.0
2013-02-22  23.2100  23.58  17827100.0
2013-02-25  23.8300  22.03  30074300.0
2013-02-26  22.3500  22.44  30923000.0
2013-02-27  22.4400  22.90  18051600.0
2013-02-28  22.9100  22.55  14890300.0
2013-03-01  22.3900  22.43  22333000.0
2013-03-04  22.3600  22.60  17138300.0
2013-03-05  22.8000  22.74  15014100.0
2013-03-06  22.9900  22.91  18583200.0
2013-03-07  23.0100  23.22  17820000.0
2013-03-08  23.2900  23.03  19394000.0
2013-03-11  23.0300  23.10  14219200.0
2013-03-12  23.0500  22.67  13077000.0
2013-03-13  22.7100  22.78  12025800.0
2013-03-14  22.9500  22.80  21068400.0
2013-03-15  22.8300  23.59  24186700.0
2013-03-18  23.0300  22.99  23417000.0
2013-03-19  23.0700  22.39  32781600.0
2013-03-20  22.5900  22.74  17813500.0
2013-03-21  22.5700  22.06  17557200.0
2013-03-22  22.2000  22.18  16558900.0
2013-03-25  22.3700  21.97  23992000.0
2013-03-26  22.1600  22.22  14889200.0
2013-03-27  22.0200  22.29  13926000.0
2013-03-28  22.3500  21.98  18376400.0
2013-04-01  21.9900  21.66  14219100.0
2013-04-02  21.4300  21.70  21701700.0
2013-04-03  21.6800  21.11  25406800.0
2013-04-04  21.1200  21.33  17321000.0
2013-04-05  20.9100  21.56  18163200.0
2013-04-08  21.4800  21.74  14263500.0
2013-04-09  21.7700  21.74  13196200.0
2013-04-10  21.8900  22.22  17467300.0
2013-04-11  22.2800  22.27  14692800.0
2013-04-12  22.0900  21.82  25150400.0
2013-04-15  21.7500  21.48  22458100.0
2013-04-16  21.8100  21.85  21839800.0
2013-04-17  21.5400  21.47  45475800.0
2013-04-18  21.3500  20.31  47193400.0
2013-04-19  20.3700  20.58  24644100.0
2013-04-22  20.6100  20.71  16156600.0
2013-04-23  20.9700  21.61  23437700.0
2013-04-24  21.6600  21.45  17955700.0
2013-04-25  21.5600  21.43  18496600.0
2013-04-26  21.3900  21.40  17348300.0
2013-04-29  21.5600  22.21  19028600.0
2013-04-30  22.2200  22.15  14015800.0
2013-05-01  22.1100  21.85  13070800.0
2013-05-02  21.9100  22.29  16779000.0
2013-05-03  22.8800  22.76  20261100.0
2013-05-06  22.8000  23.28  17400300.0
2013-05-07  23.3500  23.27  12100700.0
2013-05-08  23.1900  23.67  15207900.0
2013-05-09  23.6600  23.41  12965300.0
2013-05-10  23.4000  23.94  15032800.0
2013-05-13  23.8000  23.68  14510500.0
2013-05-14  23.5300  24.27  19210900.0
2013-05-15  24.2400  24.86  19670500.0
2013-05-16  24.6600  24.58  18863800.0
2013-05-17  24.7800  25.19  14505800.0
2013-05-20  25.1100  25.07  11410100.0
2013-05-21  25.0600  25.12  10442900.0
2013-05-22  25.3400  24.70  18372500.0
2013-05-23  24.1900  24.25  22658200.0
2013-05-24  24.1700  24.35  11617400.0
2013-05-28  24.8100  24.73  15357400.0
2013-05-29  24.6200  24.98  17451200.0
2013-05-30  25.0000  25.82  21200700.0
2013-05-31  26.0000  25.90  28330600.0
2013-06-03  26.0600  25.65  26208200.0
2013-06-04  25.8000  25.47  18632300.0
2013-06-05  25.4200  25.03  21478400.0
2013-06-06  25.1000  25.41  18339600.0
2013-06-07  25.7800  27.00  32830300.0
2013-06-10  26.9700  27.15  34956600.0
2013-06-11  26.7700  26.09  25321300.0
2013-06-12  26.5800  25.57  26046400.0
2013-06-13  25.5500  26.37  19571900.0
2013-06-14  26.2900  25.83  15473900.0
2013-06-17  26.0800  26.21  15087100.0
2013-06-18  26.2300  26.32  14805700.0
2013-06-19  26.3800  26.11  18210200.0
2013-06-20  25.7200  25.15  25968000.0
2013-06-21  25.5000  24.91  35690500.0
2013-06-24  24.2900  24.40  22715500.0
2013-06-25  24.7100  25.03  19049600.0
2013-06-26  25.3500  24.88  15125600.0
2013-06-27  25.1600  25.04  12139800.0
2013-06-28  24.7700  24.43  18545200.0
2013-07-01  24.6400  24.59  13776500.0
2013-07-02  24.5100  24.44  18627700.0
2013-07-03  24.1500  24.04  15395700.0
2013-07-05  24.2500  24.57  15322700.0
2013-07-08  24.8100  24.88  22795300.0
2013-07-09  25.1000  25.44  20640600.0
2013-07-10  25.3300  25.34  10066000.0
2013-07-11  25.8300  25.55  14064000.0
2013-07-12  25.7600  26.13  15134200.0
2013-07-15  26.4700  26.69  18378800.0
2013-07-16  26.8500  26.38  19035300.0
2013-07-17  26.5000  26.54  15826000.0
2013-07-18  27.6800  27.70  36282000.0
2013-07-19  27.6700  27.60  17528300.0
2013-07-22  27.7500  27.61  11820700.0
2013-07-23  27.8500  27.81  13093200.0
2013-07-24  27.9200  27.73  17560700.0
2013-07-25  27.6800  27.76  12866600.0
2013-07-26  27.6700  27.70  14850700.0
2013-07-29  27.5800  27.31  12764100.0
2013-07-30  27.4200  27.07  13304700.0
2013-07-31  27.0600  27.21  16452900.0
2013-08-01  27.5700  27.92  13316200.0
2013-08-02  27.8300  27.85   8442000.0
2013-08-05  27.7500  27.85   6868400.0
2013-08-06  27.8000  27.31   9181400.0
2013-08-07  27.1500  27.07   9172200.0
2013-08-08  27.4800  26.92  12365400.0
2013-08-09  26.8900  26.76   8314800.0
2013-08-12  26.6400  26.62   9603200.0
2013-08-13  26.6800  26.96  10159000.0
2013-08-14  26.9100  26.79   7221000.0
2013-08-15  26.4500  26.36  11316800.0
2013-08-16  26.2600  26.47  10512900.0
2013-08-19  26.3300  25.81   9602300.0
2013-08-20  25.8100  26.31  13977600.0
2013-08-21  26.1700  26.01  16496700.0
2013-08-22  26.1700  26.22   9938700.0
2013-08-23  26.2600  26.32   7089400.0
2013-08-26  26.3300  26.38   8665100.0
2013-08-27  25.9500  25.45  13209000.0
2013-08-28  25.3900  25.58  10091400.0
2013-08-29  25.4500  25.91   9225700.0
2013-08-30  26.0400  25.76  10285900.0
2013-09-03  26.2200  26.27  12810100.0
2013-09-04  26.2700  26.51   9621600.0
2013-09-05  26.6700  26.65   9483700.0
2013-09-06  26.8300  26.81  12356100.0
2013-09-09  26.9600  27.44  12704300.0
2013-09-10  27.6700  28.04  18153100.0
2013-09-11  28.2900  28.25  14901500.0
2013-09-12  28.2000  28.02   8353700.0
2013-09-13  28.1200  28.13   6883600.0
2013-09-16  28.4800  28.73  19752900.0
2013-09-17  28.7900  29.01  12886500.0
2013-09-18  28.9100  29.02  15229500.0
2013-09-19  29.2900  28.60  15502700.0
2013-09-20  28.8300  28.19  23730200.0
2013-09-23  27.9800  27.22  23544400.0
2013-09-24  27.2399  27.27  17115700.0
2013-09-25  27.3200  27.22  16379800.0
2013-09-26  27.2700  27.15  12894500.0
2013-09-27  26.9000  27.08  12110000.0
2013-09-30  26.6900  26.95  13654200.0
2013-10-01  26.9500  27.14   9559900.0
2013-10-02  26.9000  27.12  11894500.0
2013-10-03  27.1000  26.85  13279700.0
2013-10-04  26.9700  26.99  11738500.0
2013-10-07  26.7100  26.84  13353400.0
2013-10-08  26.8600  26.55  16446500.0
2013-10-09  26.7300  26.77  14190700.0
2013-10-10  27.1200  27.64  14463000.0
2013-10-11  27.8000  27.95  11202500.0
2013-10-14  27.7300  28.18  11927000.0
2013-10-15  28.1500  27.99  12513600.0
2013-10-16  28.1800  28.63  15465200.0
2013-10-17  28.3600  28.93  19157100.0
2013-10-18  29.9200  29.69  32411500.0
2013-10-21  29.5400  29.43  14547200.0
2013-10-22  29.5900  29.46  13076100.0
2013-10-23  29.2200  29.08  13240400.0
2013-10-24  29.1600  29.39   8932200.0
2013-10-25  29.3300  29.23  13311400.0
2013-10-28  29.2300  28.97  10599400.0
2013-10-29  29.0400  29.36  12035000.0
2013-10-30  29.4200  29.11   9718200.0
2013-10-31  29.0800  28.73  10357500.0
2013-11-01  28.8900  29.20  14964200.0
2013-11-04  29.2300  29.34  12224300.0
2013-11-05  29.0600  28.99  11053100.0
2013-11-06  29.1400  29.13   8972300.0
2013-11-07  29.2100  28.72  14274200.0
2013-11-08  28.7900  29.44  16730400.0
2013-11-11  29.4000  30.09  13978000.0
2013-11-12  29.9700  29.76  14450800.0
2013-11-13  29.4400  30.05   9418300.0
2013-11-14  29.9901  30.34  10196200.0
2013-11-15  30.2600  30.30  10581700.0
2013-11-18  30.4400  30.33  11378200.0
2013-11-19  30.3600  30.34  10027100.0
2013-11-20  30.4800  30.27  11529700.0
2013-11-21  30.5000  30.89  10493200.0
2013-11-22  30.9200  31.34  10565400.0
2013-11-25  31.3800  31.54  13062400.0
2013-11-26  31.5400  31.39   9192700.0
2013-11-27  31.4000  31.41   5116400.0
2013-11-29  31.5100  31.30   5445900.0
2013-12-02  31.5200  31.43   9975700.0
2013-12-03  31.2700  30.97  11249500.0
2013-12-04  30.7500  31.13   7967000.0
2013-12-05  30.7400  30.21  14406800.0
2013-12-06  30.7600  30.46  12761400.0
2013-12-09  30.6900  30.39   8486800.0
2013-12-10  30.5000  30.77  13249000.0
2013-12-11  30.7900  30.12  10097200.0
2013-12-12  30.1800  30.48  10114700.0
2013-12-13  30.5700  31.09  12345400.0
2013-12-16  31.2700  30.92   8646700.0
2013-12-17  30.9600  30.52  10009200.0
2013-12-18  30.6800  31.62  18392200.0
2013-12-19  31.5000  30.86  20841100.0
2013-12-20  30.9800  30.93  14922700.0
2013-12-23  31.1500  31.11   7199500.0
2013-12-24  31.0900  31.01   4545700.0
2013-12-26  31.0300  31.10   5408700.0
2013-12-27  31.1200  31.06   4116200.0
2013-12-30  31.0700  30.85   6201200.0
2013-12-31  30.8900  31.36   8457100.0
2014-01-02  31.3300  31.03   9674500.0
2014-01-03  31.1700  31.51   7809100.0
2014-01-06  31.7500  31.62   8971400.0
2014-01-07  31.8000  31.52   9135600.0
2014-01-08  31.5600  31.56   8891300.0
2014-01-09  31.6600  31.55   7274700.0
2014-01-10  31.5800  31.30  10426500.0
2014-01-13  31.3000  30.87   9520100.0
2014-01-14  30.7600  31.10  13621400.0
2014-01-15  31.7600  32.22  17311400.0
2014-01-16  32.0300  32.00  21828600.0
2014-01-17  32.8400  33.40  32022900.0
2014-01-21  33.2100  32.63  18508300.0
2014-01-22  32.7100  32.29  12181200.0
2014-01-23  32.2500  31.48  16317000.0
2014-01-24  31.3300  30.45  23386100.0
2014-01-27  30.4200  29.97  16709400.0
2014-01-28  29.8000  30.13  15793800.0
2014-01-29  29.3300  29.94  18872800.0
2014-01-30  30.1200  29.98  13067900.0
2014-01-31  29.5100  29.51  13113100.0
2014-02-03  29.5100  28.95  17496800.0
2014-02-04  28.9700  29.02  18774900.0
2014-02-05  28.9800  29.18  17309700.0
2014-02-06  29.2600  29.69  14769800.0
2014-02-07  29.8500  29.69  14752000.0
2014-02-10  29.6599  29.70   7822400.0
2014-02-11  29.7200  30.27  15797600.0
2014-02-12  30.3100  30.16   9347600.0
2014-02-13  29.6200  29.91  15577200.0
2014-02-14  29.8800  29.69  10138600.0
2014-02-18  29.6200  29.56  10902500.0
2014-02-19  29.5500  28.96  17136200.0
2014-02-20  29.0100  29.33  13930200.0
2014-02-21  29.3200  29.62  10451300.0
2014-02-24  29.6600  30.31  13108900.0
2014-02-25  30.2600  29.71  11605000.0
2014-02-26  29.9200  29.94  15026300.0
2014-02-27  29.8700  30.36  10792200.0
2014-02-28  30.3600  30.80  14170400.0
2014-03-03  30.2400  30.26  11543200.0
2014-03-04  30.7400  31.10  11061800.0
2014-03-05  31.1100  31.97  14776500.0
2014-03-06  32.0500  31.84  12583800.0
2014-03-07  32.7000  32.21  14439200.0
2014-03-10  32.2200  32.13  10746400.0
2014-03-11  32.2200  31.70   9133200.0
2014-03-12  31.4800  31.44   8212500.0
2014-03-13  31.5400  31.44  22439700.0
2014-03-14  31.3100  31.10  10855900.0
2014-03-17  31.3700  31.37   6891100.0
2014-03-18  31.4000  31.65   6614900.0
2014-03-19  31.6500  31.81   9470300.0
2014-03-20  31.9400  32.79  20199800.0
2014-03-21  33.2300  32.60  23437200.0
2014-03-24  32.7300  32.44  10400100.0
2014-03-25  32.5700  31.59  12610300.0
2014-03-26  31.8500  31.22  11233800.0
2014-03-27  31.1400  30.90  13638400.0
2014-03-28  30.9400  30.91   8081100.0
2014-03-31  31.1800  31.17   9421600.0
2014-04-01  31.3700  31.21  11583500.0
2014-04-02  31.2200  31.41  14700900.0
2014-04-03  31.4700  30.95  10064700.0
2014-04-04  31.1500  30.37  12751000.0
2014-04-07  30.3500  29.52  20367300.0
2014-04-08  29.5900  29.53  13228600.0
2014-04-09  29.7300  30.22  10692700.0
2014-04-10  30.2700  29.25  13452400.0
2014-04-11  28.8300  28.47  21448100.0
2014-04-14  28.7800  29.06  12514500.0
2014-04-15  29.6200  29.55  16657800.0
2014-04-16  29.8800  29.89  14198000.0
2014-04-17  30.7200  30.76  22966000.0
2014-04-21  30.9700  30.98  10699000.0
2014-04-22  30.9500  31.20  10803600.0
2014-04-23  31.2400  31.04   9376700.0
2014-04-24  31.0600  30.94   8438900.0
2014-04-25  30.7700  30.58   8372900.0
2014-04-28  30.5500  29.99  15303300.0
2014-04-29  30.1500  30.52  10419700.0
2014-04-30  30.5300  30.93  11016500.0
2014-05-01  30.9100  31.22  10110200.0
2014-05-02  31.3000  30.69  11464400.0
2014-05-05  30.2500  30.07  12035100.0
2014-05-06  29.9300  29.46  16285600.0
2014-05-07  29.6000  29.70  12460700.0
2014-05-08  29.7300  29.69  13039200.0
2014-05-09  29.5000  29.68  10064700.0
2014-05-12  29.8500  30.33  10196200.0
2014-05-13  30.2900  30.33   7962700.0
2014-05-14  30.3800  30.25  10046200.0
2014-05-15  30.0200  29.77  20240100.0
2014-05-16  29.7000  30.14  18004200.0
2014-05-19  29.9200  30.16   7022400.0
2014-05-20  30.1000  29.71   9958100.0
2014-05-21  29.8600  30.01   6654800.0
2014-05-22  30.0000  30.39   8235500.0
2014-05-23  30.4000  30.49   5140000.0
2014-05-27  30.6400  31.12  10960000.0
2014-05-28  31.1900  30.93   6124400.0
2014-05-29  31.0200  31.13   8615300.0
2014-05-30  30.9400  30.86   7646400.0
2014-06-02  30.8600  30.90   7509400.0
2014-06-03  30.7100  30.85  10079500.0
2014-06-04  30.7900  31.20   8074700.0
2014-06-05  31.2700  31.63   8769400.0
2014-06-06  31.6900  31.95   6544200.0
2014-06-09  31.9500  31.98   9027800.0
2014-06-10  31.9100  32.08   7113200.0
2014-06-11  31.9000  31.69   5854200.0
2014-06-12  31.5600  31.73   7086700.0
2014-06-13  31.7900  31.59   8022300.0
2014-06-16  31.4800  31.71   8527500.0
2014-06-17  31.6400  32.50  13256300.0
2014-06-18  32.4100  32.66  10725200.0
2014-06-19  32.7800  32.54   6933700.0
2014-06-20  32.6300  32.29  12071900.0
2014-06-23  32.4300  32.52   6929900.0
2014-06-24  32.4000  32.03   7776600.0
2014-06-25  31.9100  32.23   7671800.0
2014-06-26  31.9100  31.89  10559100.0
2014-06-27  31.7500  31.55   9933900.0
2014-06-30  31.5900  32.33  11757500.0
2014-07-01  32.4100  32.32   7787600.0
2014-07-02  32.3200  32.49   6190600.0
2014-07-03  32.7300  32.62   5994200.0
2014-07-07  32.5100  32.39   5635300.0
2014-07-08  32.1900  31.75   9205600.0
2014-07-09  31.9300  32.01   6292100.0
2014-07-10  31.2500  31.68   7784900.0
2014-07-11  31.5900  31.41  10112200.0
2014-07-14  32.1100  31.81  11323100.0
2014-07-15  32.1900  32.00  13796400.0
2014-07-16  32.2700  32.50  16389300.0
2014-07-17  32.4500  32.64  18525600.0
2014-07-18  32.4500  32.64   9239500.0
2014-07-21  32.5500  32.55   7125400.0
2014-07-22  32.6100  32.91   8845100.0
2014-07-23  32.9500  33.35   9363200.0
2014-07-24  33.4300  33.40   6575500.0
2014-07-25  33.3400  33.24   6292600.0
2014-07-28  33.2000  33.07   7114900.0
2014-07-29  33.0800  32.65   5716600.0
2014-07-30  32.7700  33.34   9992400.0
2014-07-31  33.0300  32.34   9131500.0
2014-08-01  32.1800  31.60  11539300.0
2014-08-04  31.7700  31.83   6846800.0
2014-08-05  31.7000  31.41   9478400.0
2014-08-06  31.2300  31.56   9049600.0
2014-08-07  31.7400  31.36   6553100.0
2014-08-08  31.3600  31.95   8512700.0
2014-08-11  31.9900  32.08   6540300.0
2014-08-12  32.0200  32.01   4522600.0
2014-08-13  32.1500  32.02   4802300.0
2014-08-14  32.0700  32.17   3974100.0
2014-08-15  32.2800  32.22   9329600.0
2014-08-18  32.4700  32.61   4801200.0
2014-08-19  32.6900  32.53   4188000.0
2014-08-20  32.4000  32.54   4210500.0
2014-08-21  32.6600  33.03   7277900.0
2014-08-22  32.9900  33.47   8979300.0
2014-08-25  33.6800  34.20  13899500.0
2014-08-26  34.1700  34.40   8441400.0
2014-08-27  34.4900  34.13   5668100.0
2014-08-28  34.0000  34.06   4443800.0
2014-08-29  34.1500  34.31   4926800.0
2014-09-02  34.4200  34.55   5029100.0
2014-09-03  34.7400  34.56   7101700.0
2014-09-04  34.5200  34.70   7150000.0
2014-09-05  34.4200  34.63   9940500.0
2014-09-08  34.5900  34.86   8055200.0
2014-09-09  34.4400  33.91  11394500.0
2014-09-10  34.0400  34.33   6384100.0
2014-09-11  34.1200  34.73   6794200.0
2014-09-12  34.7300  35.01  10199400.0
2014-09-15  34.9700  35.21   9563400.0
2014-09-16  35.1400  35.11   8363200.0
2014-09-17  35.1900  35.56  10839600.0
2014-09-18  35.7000  36.13  15119200.0
2014-09-19  36.4100  35.76  29808700.0
2014-09-22  35.7000  35.18   9830083.0
2014-09-23  35.2100  35.02  10811144.0
2014-09-24  34.7400  34.98  13283094.0
2014-09-25  35.1000  34.22  12049336.0
2014-09-26  34.3900  34.65   8237058.0
2014-09-29  34.1900  34.50   8217977.0
2014-09-30  34.5500  34.57   9795288.0
2014-10-01  34.3700  33.96  14873158.0
2014-10-02  34.0500  34.28   8471956.0
2014-10-03  34.6200  35.05   8810372.0
2014-10-06  35.3300  34.99   7040594.0
2014-10-07  34.7900  34.02  10127801.0
2014-10-08  34.0400  34.50  12407054.0
2014-10-09  34.5500  33.30  13511558.0
2014-10-10  33.1300  32.94  11182812.0
2014-10-13  33.0800  32.85  14668796.0
2014-10-14  33.0000  33.01  12915635.0
2014-10-15  32.3900  32.61  21646732.0
2014-10-16  31.6600  32.53  16435383.0
2014-10-17  33.7200  33.22  16422873.0
2014-10-20  33.1300  33.32  11047493.0
2014-10-21  33.6000  34.06  11217449.0
2014-10-22  34.0900  33.43   8777555.0
2014-10-23  33.9000  33.96   9031753.0
2014-10-24  34.0500  34.32   7685931.0
2014-10-27  34.3000  33.96   9919083.0
2014-10-28  34.1600  34.36  10582265.0
2014-10-29  34.2000  34.39  10519965.0
2014-10-30  34.2700  34.52   9028823.0
2014-10-31  35.0000  34.95  11434427.0
2014-11-03  35.0500  34.71   8011030.0
2014-11-04  34.7200  34.66   8512486.0
2014-11-05  34.8900  34.90   9460501.0
2014-11-06  35.0500  35.31   8891757.0
2014-11-07  35.6400  35.66  10831600.0
2014-11-10  35.7900  35.88   9351819.0
2014-11-11  35.8800  35.79   7019240.0
2014-11-12  35.6000  35.97   9247690.0
2014-11-13  36.0500  35.84   7376594.0
2014-11-14  35.8800  35.69   7219090.0
2014-11-17  35.4900  35.60   6207709.0
2014-11-18  35.6600  35.47   5319593.0
2014-11-19  35.3700  35.48   5748663.0
2014-11-20  35.2000  35.39   6090632.0
2014-11-21  35.8600  35.53   7476988.0
2014-11-24  35.6800  35.62   6738998.0
2014-11-25  35.7700  35.30   7646739.0
2014-11-26  35.4200  35.12   6138841.0
2014-11-28  35.0400  35.18   3534715.0
2014-12-01  35.0200  35.10   8802439.0
2014-12-02  35.2100  35.77   9335226.0
2014-12-03  35.7000  36.52   9147370.0
2014-12-04  36.5000  36.79   9375107.0
2014-12-05  36.9900  37.24  11489685.0
2014-12-08  37.3200  38.00  14067307.0
2014-12-09  37.5200  38.10  12259776.0
2014-12-10  37.9100  37.39  13787619.0
2014-12-11  37.7400  37.40   8942206.0
2014-12-12  36.7500  36.25  10963977.0
2014-12-15  36.6000  35.93  10471997.0
2014-12-16  35.7000  35.52  11456676.0
2014-12-17  35.8100  36.73  11918979.0
2014-12-18  37.3900  38.10  12768535.0
2014-12-19  37.9600  38.51  12526822.0
2014-12-22  38.4900  38.57   8650595.0
2014-12-23  38.8500  38.95   5871649.0
2014-12-24  39.1600  38.81   2495105.0
2014-12-26  38.9000  38.72   3091726.0
2014-12-29  38.6700  38.96   3466892.0
2014-12-30  38.6700  39.00   4010569.0
2014-12-31  39.1200  38.80   6492860.0
2015-01-02  39.0500  38.71   7333540.0
2015-01-05  38.4600  37.50  12507930.0
2015-01-06  37.4700  36.42  16507162.0
2015-01-07  36.9300  36.94   9957377.0
2015-01-08  37.2900  37.49   8066732.0
2015-01-09  37.5800  36.88   7601790.0
2015-01-12  36.9300  36.37   9385947.0
2015-01-13  36.7000  36.03  12485260.0
2015-01-14  35.3400  35.21  15898005.0
2015-01-15  35.0000  34.58  17567715.0
2015-01-16  34.3600  34.89  27056107.0
2015-01-20  34.0000  34.75  19263896.0
2015-01-21  34.6900  34.73  15830446.0
2015-01-22  34.5800  35.53  18789809.0
2015-01-23  35.3400  35.15  10967121.0
2015-01-26  34.8800  35.11   9899339.0
2015-01-27  34.6500  34.66   9021515.0
2015-01-28  34.7800  33.77  14730246.0
2015-01-29  33.9800  34.37  11378269.0
2015-01-30  33.9600  33.81  11693002.0
2015-02-02  33.9600  34.42  12373394.0
2015-02-03  34.5500  35.04  14545306.0
2015-02-04  34.9400  34.77  10244463.0
2015-02-05  34.9000  34.93  10519871.0
2015-02-06  35.4300  35.79  17087313.0
2015-02-09  35.5000  35.63   8453394.0
2015-02-10  35.9500  36.16  12491696.0
2015-02-11  36.0900  36.37   7797653.0
2015-02-12  36.5100  36.90   8167077.0
2015-02-13  36.9300  36.78   8019230.0
2015-02-17  36.6300  36.92   6800175.0
2015-02-18  36.8700  36.37   7745314.0
2015-02-19  36.3000  36.33   5856329.0
2015-02-20  36.2400  36.74  11019400.0
2015-02-23  36.5600  36.27   7347850.0
2015-02-24  36.2500  36.74   8910425.0
2015-02-25  36.6900  36.59   7358513.0
2015-02-26  36.4400  36.06  10363159.0
2015-02-27  35.9600  35.79   8263543.0
2015-03-02  35.6400  36.24   7117979.0
2015-03-03  36.0000  35.82   8338540.0
2015-03-04  35.6500  35.09  11375523.0
2015-03-05  35.2400  35.52   8976441.0
2015-03-06  35.4100  35.53  14177274.0
2015-03-09  35.5300  35.67   8573813.0
2015-03-10  35.1500  34.88  10996747.0
2015-03-11  34.8800  34.95  10588630.0
2015-03-12  36.3700  37.09  18321012.0
2015-03-13  36.9400  36.35  11236649.0
2015-03-16  36.5500  36.73   8077065.0
2015-03-17  36.3700  36.55   8358551.0
2015-03-18  36.4500  36.73   9869293.0
2015-03-19  36.5900  36.11  10873626.0
2015-03-20  36.1500  36.50  14008990.0
2015-03-23  36.4400  36.31   7341444.0
2015-03-24  36.2400  36.24   7908166.0
2015-03-25  36.2300  35.45   9066512.0
2015-03-26  35.2900  35.62  10180547.0
2015-03-27  35.5500  35.83   9107557.0
2015-03-30  36.0000  36.31   8954220.0
2015-03-31  36.2100  35.69  10256661.0
2015-04-01  35.7200  35.97   7975761.0
2015-04-02  35.8100  36.06   6271322.0
2015-04-06  35.6100  35.91   6623556.0
2015-04-07  36.2000  35.94   8044949.0
2015-04-08  36.0800  36.26   6602799.0
2015-04-09  36.1500  36.64   7902164.0
2015-04-10  36.7500  36.24  10047765.0
2015-04-13  36.2400  36.30   6207369.0
2015-04-14  36.4600  36.84  12319968.0
2015-04-15  36.8900  37.39  13022641.0
2015-04-16  37.5500  37.36   8876147.0
2015-04-17  37.0500  36.75   9916750.0
2015-04-20  37.3200  36.96  13301904.0
2015-04-21  36.9600  36.75  11380863.0
2015-04-22  36.8400  37.20  10161330.0
2015-04-23  37.1700  37.38   8460940.0
2015-04-24  37.4500  37.36   8643244.0
2015-04-27  37.4400  37.05   8870947.0
2015-04-28  36.8300  37.04   7525367.0
2015-04-29  36.7200  37.49   9482150.0
2015-04-30  37.3200  37.31  10413938.0
2015-05-01  37.5000  37.51   6469645.0
2015-05-04  37.5800  37.91   7375706.0
2015-05-05  37.7200  37.45  10339374.0
2015-05-06  37.5300  37.05   9532526.0
2015-05-07  36.9800  37.54  12403205.0
2015-05-08  37.6300  37.89  10037925.0
2015-05-11  37.8500  38.25  12345515.0
2015-05-12  38.0000  37.72   9689296.0
2015-05-13  37.7900  37.78   7016099.0
2015-05-14  37.9700  38.14   7287259.0
2015-05-15  38.1100  37.85   7093750.0
2015-05-18  37.8900  38.33   6061374.0
2015-05-19  38.3300  38.69   7380908.0
2015-05-20  38.6000  38.33   6339295.0
2015-05-21  38.1800  38.04   7140907.0
2015-05-22  38.0400  38.17   5513859.0
2015-05-26  38.0200  37.79   8366356.0
2015-05-27  38.0100  38.62   8252292.0
2015-05-28  38.5700  38.73   9717641.0
2015-05-29  38.6400  38.20   7858057.0
2015-06-01  38.4200  38.58   8829492.0
2015-06-02  38.4300  38.52   6178722.0
2015-06-03  38.7900  39.01   7812604.0
2015-06-04  38.6300  38.70   7713369.0
2015-06-05  39.2300  39.29   9808134.0
2015-06-08  39.6400  39.09   7327041.0
2015-06-09  39.0800  39.13   7807946.0
2015-06-10  39.3000  39.89   9546931.0
2015-06-11  40.0000  39.87   6981010.0
2015-06-12  39.6500  39.61   5896338.0
2015-06-15  39.2200  39.53   5635268.0
2015-06-16  39.3900  39.74   4580328.0
2015-06-17  39.8900  39.58   7029524.0
2015-06-18  39.6800  39.79   7593570.0
2015-06-19  39.6300  39.37  10305121.0
2015-06-22  39.8600  39.85   8676259.0
2015-06-23  40.0600  40.21   9380280.0
2015-06-24  39.9700  39.64   8065615.0
2015-06-25  39.8200  39.22   8911161.0
2015-06-26  39.4700  39.50   8325633.0
2015-06-29  38.8200  38.31  10816882.0
2015-06-30  38.8200  38.79  11102264.0
2015-07-01  39.4600  39.36  10549881.0
2015-07-02  39.2600  39.00   6801242.0
2015-07-06  38.4100  38.85   8044211.0
2015-07-07  38.7400  38.62  12759100.0
2015-07-08  38.1700  37.79   9113312.0
2015-07-09  38.4900  38.10   7285958.0
2015-07-10  38.7500  38.64   6780354.0
2015-07-13  39.0800  39.32   7183852.0
2015-07-14  39.3300  39.71   8052998.0
2015-07-15  39.9500  39.70   7649411.0
2015-07-16  40.0100  39.91   7969827.0
2015-07-17  39.7600  40.20   8145385.0
2015-07-20  40.9000  40.04  15136979.0
2015-07-21  39.7100  40.08  11772389.0
2015-07-22  40.1700  40.54   9435317.0
2015-07-23  40.4800  39.94  10281597.0
2015-07-24  40.1100  39.60   8369058.0
2015-07-27  39.2600  39.25  11949051.0
2015-07-28  39.6000  39.25   9200695.0
2015-07-29  39.0200  39.29   9677759.0
2015-07-30  39.1500  39.30   5512592.0
2015-07-31  39.2800  38.84   7347564.0
2015-08-03  38.9600  38.76   7078209.0
2015-08-04  38.8500  38.92   6365789.0
2015-08-05  39.2900  39.00   4981037.0
2015-08-06  39.0400  38.93   7573053.0
2015-08-07  38.9500  38.58   8329465.0
2015-08-10  38.8000  39.08   5585040.0
2015-08-11  38.4800  37.92  11188895.0
2015-08-12  37.5700  37.57  14087575.0
2015-08-13  37.7100  37.75   6554150.0
2015-08-14  37.6900  38.05   5029754.0
2015-08-17  37.7300  38.14   5109176.0
2015-08-18  38.0700  37.82   8794378.0
2015-08-19  37.6100  37.44   8549678.0
2015-08-20  36.9400  36.17  14129359.0
2015-08-21  35.5700  34.21  30183786.0
2015-08-24  31.6200  32.26  24623627.0
2015-08-25  33.8000  31.76  19887962.0
2015-08-26  32.7500  33.30  25310335.0
2015-08-27  34.0000  34.30  21257394.0
2015-08-28  34.1000  34.05  13192017.0
2015-08-31  34.0200  34.45  13392597.0
2015-09-01  33.4000  33.12  14568315.0
2015-09-02  33.7100  33.79  12150855.0
2015-09-03  33.8500  33.80  11670783.0
2015-09-04  33.3200  33.19  12774080.0
2015-09-08  33.9000  34.27  13448471.0
2015-09-09  34.8500  33.75  10657174.0
2015-09-10  33.6300  33.87   9692524.0
2015-09-11  33.7700  33.99   7800417.0
2015-09-14  33.9200  33.81   9102211.0
2015-09-15  33.9400  34.58   8776696.0
2015-09-16  34.6100  34.62  10538042.0
2015-09-17  34.5900  34.05  13617157.0
2015-09-18  33.5600  33.03  19591325.0
2015-09-21  33.3500  33.34   8950862.0
2015-09-22  32.7700  32.44  13383546.0
2015-09-23  32.3900  32.32  12264653.0
2015-09-24  31.9500  31.97  16766096.0
2015-09-25  32.5500  32.19  13797727.0
2015-09-28  31.8800  31.09  15142635.0
2015-09-29  31.0900  31.01  13715774.0
2015-09-30  31.5400  31.50  14887125.0
2015-10-01  31.4200  31.50  13357532.0
2015-10-02  30.4000  31.43  22821501.0
2015-10-05  31.7400  32.29  11635718.0
2015-10-06  32.0700  32.36   8875105.0
2015-10-07  33.1400  32.93  13599501.0
2015-10-08  33.0800  32.99  11407643.0
2015-10-09  32.9500  32.72  11710992.0
2015-10-12  32.7500  32.80   7034510.0
2015-10-13  32.5200  32.61  10943718.0
2015-10-14  32.5800  32.54   9877200.0
2015-10-15  32.7100  33.61  12920484.0
2015-10-16  33.8400  33.95  13803747.0
2015-10-19  31.9200  32.32  39255633.0
2015-10-20  32.2100  32.25  23590412.0
2015-10-21  32.4000  31.48  22317016.0
2015-10-22  31.7000  32.35  18753228.0
2015-10-23  32.5800  32.62  14730705.0
2015-10-26  32.6300  32.55  10952312.0
2015-10-27  32.3500  32.23  13301257.0
2015-10-28  32.1500  33.44  17259922.0
2015-10-29  33.4400  33.54  12758405.0
2015-10-30  33.4400  32.97  13581073.0
2015-11-02  33.1000  33.48   9887911.0
2015-11-03  33.2700  33.29  11389795.0
2015-11-04  33.4000  33.40   9125368.0
2015-11-05  33.5300  33.88  12192011.0
2015-11-06  34.9400  35.41  19353157.0
2015-11-09  35.5200  35.11  10976791.0
2015-11-10  35.0000  35.24   7335612.0
2015-11-11  35.3800  35.02   7511346.0
2015-11-12  34.7400  34.23  10403434.0
2015-11-13  34.0400  33.93   8725104.0
2015-11-16  33.7400  34.05  11227415.0
2015-11-17  34.4400  33.59  10853281.0
2015-11-18  33.6900  34.25  10396151.0
2015-11-19  34.2800  34.17   8947465.0
2015-11-20  34.3300  33.91   8624129.0
2015-11-23  33.9200  33.64   7962822.0
2015-11-24  33.2700  33.59   7950798.0
2015-11-25  33.6200  33.61   6209990.0
2015-11-27  33.6300  33.78   3014557.0
2015-11-30  33.8100  34.30  17414337.0
2015-12-01  34.6000  35.27  18593443.0
2015-12-02  35.3600  34.89  10996526.0
2015-12-03  35.0500  34.45  15021202.0
2015-12-04  34.6600  35.32  13205304.0
2015-12-07  35.2800  34.68   8389228.0
2015-12-08  34.2300  34.06  10610971.0
2015-12-09  33.8000  33.37  13211217.0
2015-12-10  33.5000  33.42  10674482.0
2015-12-11  32.8100  32.08  16132919.0
2015-12-14  32.1300  31.88  14985746.0
2015-12-15  32.6400  32.84  13708783.0
2015-12-16  33.1700  33.61  13682181.0
2015-12-17  33.8300  32.38  15959804.0
2015-12-18  32.1300  31.29  19297638.0
2015-12-21  31.6200  31.68  10920073.0
2015-12-22  31.9600  32.22  11468401.0
2015-12-23  32.4700  32.60   6807062.0
2015-12-24  32.5700  32.48   2798163.0
2015-12-28  32.3600  32.17   5420280.0
2015-12-29  32.4400  32.55   6388244.0
2015-12-30  32.5000  32.23   5057162.0
2015-12-31  31.9100  31.81   8149307.0
2016-01-04  30.7000  31.48  15749202.0
2016-01-05  31.4800  31.28   9850456.0
2016-01-06  30.6300  30.50  13056709.0
2016-01-07  29.8800  28.98  18126438.0
2016-01-08  29.4100  28.38  15292193.0
2016-01-11  28.4500  28.46  19414757.0
2016-01-12  28.7400  28.46  16040784.0
2016-01-13  28.7300  26.89  29721896.0
2016-01-14  26.9900  27.15  23812074.0
2016-01-15  26.0300  25.97  29459430.0
2016-01-19  26.8300  26.26  28787923.0
2016-01-20  25.7000  25.24  25939490.0
2016-01-21  25.2900  24.78  22130058.0
2016-01-22  25.2600  25.61  22495841.0
2016-01-25  25.4600  24.98  20144627.0
2016-01-26  25.0400  25.49  13362434.0
2016-01-27  25.2500  25.37  19795297.0
2016-01-28  25.6700  25.17  16015570.0
2016-01-29  25.3500  25.88  18764062.0
2016-02-01  25.7800  25.71  11177862.0
2016-02-02  25.3600  24.50  18320892.0
2016-02-03  24.4300  24.32  25132938.0
2016-02-04  24.1500  25.01  17496536.0
2016-02-05  25.0900  24.35  16106052.0
2016-02-08  23.7600  22.67  24257816.0
2016-02-09  21.8900  22.93  25640574.0
2016-02-10  23.3800  22.70  21562413.0
2016-02-11  21.6700  21.69  29159093.0
2016-02-12  21.9100  23.09  22802122.0
2016-02-16  24.0700  23.72  20564376.0
2016-02-17  24.2200  24.23  19226548.0
2016-02-18  24.3600  23.96  17521215.0
2016-02-19  23.7800  24.00  12986180.0
2016-02-22  24.4000  24.54  12182034.0
2016-02-23  24.4500  23.71  14726816.0
2016-02-24  23.1600  23.71  20269822.0
2016-02-25  23.8000  24.63  17568580.0
2016-02-26  25.0000  25.16  19257994.0
2016-02-29  25.0100  24.70  13300803.0
2016-03-01  25.0900  26.09  17196797.0
2016-03-02  26.0000  26.11  16119336.0
2016-03-03  26.1000  26.14  11515381.0
2016-03-04  26.2600  26.13  13628359.0
2016-03-07  25.8400  26.09   9835327.0
2016-03-08  25.7000  25.01  21568182.0
2016-03-09  25.2000  24.61  23541331.0
2016-03-10  24.9100  24.65  20117252.0
2016-03-11  25.1500  26.00  24456129.0
2016-03-14  25.8300  25.91  17600309.0
2016-03-15  25.6300  25.43  15900486.0
2016-03-16  25.3000  25.16  17841118.0
2016-03-17  25.0100  25.85  20718863.0
2016-03-18  26.0500  26.28  24031501.0
2016-03-21  26.1700  25.94  10053766.0
2016-03-22  25.6100  25.84  13622895.0
2016-03-23  25.8300  25.27  10430500.0
2016-03-24  24.9400  24.93  15777694.0
2016-03-28  24.9800  24.72   9540020.0
2016-03-29  24.5600  24.78  13927214.0
2016-03-30  24.9600  25.07  11502429.0
2016-03-31  24.9100  25.01  15491958.0
2016-04-01  24.8900  25.53  15484813.0
2016-04-04  25.4900  25.04  11408549.0
2016-04-05  24.6300  24.38  12859048.0
2016-04-06  24.3400  24.42  14981348.0
2016-04-07  24.2300  23.72  17144204.0
2016-04-08  24.0100  23.75  10000499.0
2016-04-11  23.9000  24.11  12107610.0
2016-04-12  24.2200  24.58  14947293.0
2016-04-13  25.0300  25.88  18250750.0
2016-04-14  25.7400  26.17  18677950.0
2016-04-15  26.3100  25.76  14898507.0
2016-04-18  26.1800  25.73  29604765.0
2016-04-19  25.8600  26.46  23006276.0
2016-04-20  26.4800  27.41  24833614.0
2016-04-21  27.3460  27.26  16578605.0
2016-04-22  27.3200  27.70  19081548.0
2016-04-25  27.5300  27.53  11748841.0
2016-04-26  27.5100  27.55  13779310.0
2016-04-27  27.3300  27.53  12480705.0
2016-04-28  27.2300  27.23  11096600.0
2016-04-29  27.0100  27.06  15477364.0
2016-05-02  27.1000  27.26  14987458.0
2016-05-03  26.8800  26.89  16716284.0
2016-05-04  26.5000  26.28  15144469.0
2016-05-05  26.2600  26.17  11909090.0
2016-05-06  25.9900  26.25  12002160.0
2016-05-09  26.2400  26.10  10734419.0
2016-05-10  26.4100  26.63  11200019.0
2016-05-11  26.5900  26.36   9589938.0
2016-05-12  26.5600  26.23   9838260.0
2016-05-13  26.1900  25.89  13378807.0
2016-05-16  25.8600  26.21   9883850.0
2016-05-17  26.0800  26.16  14473652.0
2016-05-18  26.1900  27.24  20335547.0
2016-05-19  27.0700  26.61  11487084.0
2016-05-20  26.8500  26.77  14312953.0
2016-05-23  26.7200  26.83   8909517.0
2016-05-24  27.0400  27.41  18025812.0
2016-05-25  27.6100  27.78  15858145.0
2016-05-26  27.9100  27.42  10073156.0
2016-05-27  27.4500  27.53  10156095.0
2016-05-31  27.6400  27.37  12722872.0
2016-06-01  27.1100  27.49  11175080.0
2016-06-02  27.4600  27.28   8077673.0
2016-06-03  26.6000  26.54  14562067.0
2016-06-06  26.6200  26.85  10174192.0
2016-06-07  26.9100  26.52   9949074.0
2016-06-08  26.4600  26.54  10311474.0
2016-06-09  26.2700  26.08   9892474.0
2016-06-10  25.6400  25.54  13449838.0
2016-06-13  25.3100  25.26  12824231.0
2016-06-14  25.0900  24.60  15812914.0
2016-06-15  24.8400  24.72  17386654.0
2016-06-16  24.4500  25.07  16309381.0
2016-06-17  25.1000  25.31  19295853.0
2016-06-20  25.8800  25.90  17426373.0
2016-06-21  26.0600  26.20  12355182.0
2016-06-22  26.2300  26.39  14539936.0
2016-06-23  26.9300  27.29  18021029.0
2016-06-24  25.0700  24.52  49307589.0
2016-06-27  24.0500  23.61  25786301.0
2016-06-28  24.2600  24.61  19791311.0
2016-06-29  24.9400  25.23  13760846.0
2016-06-30  25.3400  25.98  19736330.0
2016-07-01  25.7700  25.92   8863243.0
2016-07-05  25.5000  25.00  13316622.0
2016-07-06  24.7300  25.15  14164987.0
2016-07-07  25.2700  25.69  13428720.0
2016-07-08  26.1700  26.37  14141631.0
2016-07-11  26.6900  26.46  13212971.0
2016-07-12  26.8200  27.37  15516670.0
2016-07-13  27.4500  27.16  12898436.0
2016-07-14  27.8000  28.00  15435085.0
2016-07-15  28.2500  28.01  18356095.0
2016-07-18  28.0600  28.21  13947734.0
2016-07-19  27.9500  28.19  21492381.0
2016-07-20  29.1400  28.78  28591392.0
2016-07-21  28.7200  28.87  20352298.0
2016-07-22  28.7700  28.92  12996662.0
2016-07-25  28.8200  29.13  10602756.0
2016-07-26  29.0200  29.23  15017390.0
2016-07-27  29.0300  29.02  13638930.0
2016-07-28  28.9000  28.86  11528356.0
2016-07-29  28.7700  28.73  10498503.0
2016-08-01  28.8400  28.50  10395672.0
2016-08-02  28.3900  28.00  16915456.0
2016-08-03  27.9700  28.42  10561990.0
2016-08-04  28.2700  28.28  12162934.0
2016-08-05  28.6000  29.01  11881867.0
2016-08-08  29.0200  29.12   9018550.0
2016-08-09  29.1500  29.34  11012614.0
2016-08-10  29.3900  29.11   8186668.0
2016-08-11  29.1900  29.38   8741090.0
2016-08-12  29.1500  29.17   9749038.0
2016-08-15  29.3700  29.66   9410977.0
2016-08-16  29.9900  30.25  22161925.0
2016-08-17  30.2700  30.37  12326266.0
2016-08-18  30.2700  30.55  13369434.0
2016-08-19  30.4000  30.55   8832109.0
2016-08-22  30.4400  30.60   6613882.0
2016-08-23  30.8000  30.72   7907179.0
2016-08-24  30.8200  30.91  12453478.0
2016-08-25  30.9100  30.97   7838420.0
2016-08-26  31.1200  31.16  10693437.0
2016-08-29  31.2100  31.41   9167771.0
2016-08-30  31.4500  32.19  13744702.0
2016-08-31  32.1300  32.06  15561210.0
2016-09-01  32.1400  31.91  11986456.0
2016-09-02  31.9600  31.89  12288199.0
2016-09-06  31.9600  31.75  14191289.0
2016-09-07  31.6800  31.69  10845008.0
2016-09-08  31.7000  32.04  12696066.0
2016-09-09  31.9800  31.59  16493884.0
2016-09-12  31.3200  32.24  13888148.0
2016-09-13  31.6900  31.46  13954085.0
2016-09-14  31.4900  31.56  11687598.0
2016-09-15  31.5500  31.95  10056469.0
2016-09-16  31.6700  31.59  14740564.0
2016-09-19  31.7200  31.60   7806455.0
2016-09-20  31.8400  31.70   8848978.0
2016-09-21  31.8400  31.92  10073632.0
2016-09-22  32.1300  32.24   8184305.0
2016-09-23  32.1200  31.91   9400557.0
2016-09-26  31.5300  31.03  10217474.0
2016-09-27  30.8200  31.35   9753462.0
2016-09-28  31.4400  31.77   7386401.0
2016-09-29  31.7700  31.04  12529741.0
2016-09-30  31.2700  32.06  16187124.0
2016-10-03  32.0200  31.95  10324254.0
2016-10-04  32.0700  32.04   9525387.0
2016-10-05  32.1700  32.56  11157666.0
2016-10-06  32.4800  32.39  11347166.0
2016-10-07  32.3400  32.31  11406104.0
2016-10-10  32.6200  32.56   6609180.0
2016-10-11  32.4900  32.18   6827502.0
2016-10-12  32.1800  31.91   6743261.0
2016-10-13  31.4900  31.73  13893520.0
2016-10-14  32.2400  32.07  13733816.0
2016-10-17  32.0500  31.79  10114266.0
2016-10-18  32.2500  32.32  13091636.0
2016-10-19  32.8400  32.93  18522741.0
2016-10-20  32.8400  32.90  10650671.0
2016-10-21  32.6000  33.44  13910338.0
2016-10-24  33.5700  33.38   9220301.0
2016-10-25  33.3900  33.35   7912666.0
2016-10-26  33.1500  33.59   9112952.0
2016-10-27  33.8200  33.82  12608435.0
2016-10-28  33.6900  33.52  10183535.0
2016-10-31  33.7100  33.57   8687190.0
2016-11-01  33.6800  33.36   8988743.0
2016-11-02  33.1200  32.92   8899198.0
2016-11-03  33.0700  32.81   8172454.0
2016-11-04  32.8200  32.78   7897846.0
2016-11-07  33.5700  34.00  11328047.0
2016-11-08  33.8100  34.10   7369044.0
2016-11-09  34.7000  36.52  28311033.0
2016-11-10  36.7200  38.02  38586824.0
2016-11-11  37.3700  38.49  22845455.0
2016-11-14  38.8800  39.35  25618994.0
2016-11-15  38.8100  40.00  18608046.0
2016-11-16  39.0100  39.19  18231173.0
2016-11-17  39.0200  39.97  12675300.0
2016-11-18  40.0000  40.43  16413329.0
2016-11-21  40.4400  40.56  10122257.0
2016-11-22  40.5600  40.54  12341104.0
2016-11-23  40.5000  41.04   9853631.0
2016-11-25  41.1000  41.10   4027471.0
2016-11-28  40.6300  40.44  10123600.0
2016-11-29  40.4400  40.60   8602834.0
2016-11-30  41.0200  41.36  14725766.0
2016-12-01  41.7600  42.16  14052337.0
2016-12-02  42.0910  41.83  11288363.0
2016-12-05  42.3000  42.09  12264184.0
2016-12-06  42.4900  42.51  11769504.0
2016-12-07  42.5000  42.64  16213352.0
2016-12-08  42.9000  43.58  14958014.0
2016-12-09  43.4900  43.73  12115063.0
2016-12-12  43.5000  42.98  12048574.0
2016-12-13  43.1200  42.56  16674850.0
2016-12-14  42.2700  42.86  15136469.0
2016-12-15  43.3700  43.01  15725728.0
2016-12-16  43.1200  42.71  19076896.0
2016-12-19  42.6600  42.83  12663474.0
2016-12-20  43.1300  43.50   8647434.0
2016-12-21  43.6400  43.37   6859264.0
2016-12-22  43.3000  42.79   8200299.0
2016-12-23  42.8600  43.06   6732960.0
2016-12-27  43.2700  43.12   5926856.0
2016-12-28  43.2500  42.62   4854540.0
2016-12-29  42.6500  42.15   7180187.0
2016-12-30  42.1700  42.25   6943349.0
2017-01-03  43.0900  43.05   8316914.0
2017-01-04  43.3000  43.62   7747375.0
2017-01-05  43.5300  43.22   9883202.0
2017-01-06  43.5600  43.85   9152750.0
2017-01-09  43.4900  42.71  11102402.0
2017-01-10  42.9800  43.06   9074252.0
2017-01-11  43.1300  43.67   8777107.0
2017-01-12  43.6000  43.63   8590657.0
2017-01-13  44.0200  43.81  12902820.0
2017-01-17  43.7800  42.15  21840380.0
2017-01-18  42.2900  42.86  15905638.0
2017-01-19  42.5700  42.45  15040127.0
2017-01-20  42.4800  42.59  10779071.0
2017-01-23  42.2000  41.96  12344651.0
2017-01-24  42.0800  42.73  12164231.0
2017-01-25  43.2000  43.86  13961040.0
2017-01-26  43.9400  44.02  10613950.0
2017-01-27  43.7500  43.65   7635587.0
2017-01-30  43.2400  43.12   7216178.0
2017-01-31  43.0800  42.49  10799285.0
2017-02-01  43.3000  42.70   9731087.0
2017-02-02  42.1900  42.13  11480959.0
2017-02-03  43.1000  44.43  16690131.0
2017-02-06  44.2600  44.63  12577130.0
2017-02-07  44.8800  44.87  10055282.0
2017-02-08  44.5800  43.91  10585018.0
2017-02-09  44.3500  44.85  13166699.0
2017-02-10  45.1300  44.70   8909448.0
2017-02-13  45.0000  45.26  13256300.0
2017-02-14  45.1900  46.04  12957006.0
2017-02-15  46.3800  46.49  10115099.0
2017-02-16  46.4200  46.11  10752458.0
2017-02-17  45.5500  46.15   8310108.0
2017-02-21  46.2700  46.56   7628247.0
2017-02-22  46.2100  46.52   7612788.0
2017-02-23  46.5800  46.58  11877616.0
2017-02-24  45.8900  45.53  11837043.0
2017-02-27  45.5200  45.84   7886739.0
2017-02-28  45.6000  45.67  13789386.0
2017-03-01  46.9500  46.81  14373722.0
2017-03-02  47.0800  46.28   8476119.0
2017-03-03  46.2700  46.83  11405159.0
2017-03-06  46.5300  46.57   9332616.0
2017-03-07  46.6500  46.33   9411016.0
2017-03-08  46.9700  46.39  11464727.0
2017-03-09  46.6000  46.68  11135441.0
2017-03-10  47.0400  46.49   8578366.0
2017-03-13  46.6800  46.26   7160442.0
2017-03-14  46.2600  46.19   6916173.0
2017-03-15  46.2600  45.85  10796050.0
2017-03-16  46.1700  46.33   9284106.0
2017-03-17  46.2600  45.02  13474517.0
2017-03-20  44.7400  44.59   9734236.0
2017-03-21  44.7700  42.66  20018395.0
2017-03-22  42.1600  42.21  19046586.0
2017-03-23  41.9800  42.59  14888825.0
2017-03-24  42.7800  42.46  10815346.0
2017-03-27  40.6600  41.58  21631062.0
2017-03-28  41.5800  42.49  12924653.0
2017-03-29  43.0900  42.80  14543860.0
2017-03-30  42.8500  43.43  11264835.0
2017-03-31  43.2500  42.84  11203334.0
2017-04-03  42.8100  42.71  12531806.0
2017-04-04  42.5400  42.51   7836906.0
2017-04-05  43.0100  41.74  12455149.0
2017-04-06  41.6300  42.09   9520900.0
2017-04-07  41.6200  41.95   9319543.0
2017-04-10  41.9000  41.91   8677226.0
2017-04-11  41.5600  41.58  10318445.0
2017-04-12  41.5000  41.07  10440641.0
2017-04-13  40.8300  40.69  10516537.0
2017-04-17  40.7800  41.49   7959724.0
2017-04-18  40.9900  41.21  13872360.0
2017-04-19  42.3100  42.04  19850262.0
2017-04-20  42.6100  42.50  13813420.0
2017-04-21  42.2100  41.80  12951314.0
2017-04-24  43.3900  43.56  16188120.0
2017-04-25  43.9800  44.27  13737510.0
2017-04-26  44.1700  44.37  12820533.0
2017-04-27  44.1600  43.54   9001793.0
2017-04-28  43.6000  43.37   9043458.0
2017-05-01  43.7600  43.74   7533585.0
2017-05-02  43.6700  43.35   7680349.0
2017-05-03  43.1500  43.48   5553821.0
2017-05-04  43.8500  43.28   7358221.0
2017-05-05  43.3600  43.08   6840076.0
2017-05-08  43.1500  43.02   7171742.0
2017-05-09  43.0500  42.83   6002175.0
2017-05-10  42.8000  43.10   7367796.0
2017-05-11  42.9800  42.87   6321525.0
2017-05-12  42.6100  42.73   5828168.0
2017-05-15  42.8200  43.43   9912783.0
2017-05-16  43.5400  43.38   6877831.0
2017-05-17  42.4000  40.97  22693242.0
2017-05-18  41.0000  41.31  14472947.0
2017-05-19  41.5900  41.80  10450679.0
2017-05-22  42.0500  41.66   6428275.0
2017-05-23  41.5100  42.42  10685820.0
2017-05-24  42.3600  42.63   6583365.0
2017-05-25  42.8300  42.63   5033519.0
2017-05-26  42.4500  42.84   5229284.0
2017-05-30  42.5800  42.28   6356661.0
2017-05-31  42.1900  41.74  13465318.0
2017-06-01  41.9800  42.61   9643991.0
2017-06-02  42.1500  42.52   9905497.0
2017-06-05  42.5500  42.89   6877899.0
2017-06-06  42.4500  42.94   7849584.0
2017-06-07  43.1400  43.28   6376269.0
2017-06-08  43.2600  44.10  10939899.0
2017-06-09  44.3600  44.91  13383013.0
2017-06-12  45.0400  44.85  10167223.0
2017-06-13  45.0700  45.15   9804279.0
2017-06-14  44.5700  44.91  11742163.0
2017-06-15  44.4800  44.69   6904860.0
2017-06-16  44.7690  44.48   9347706.0
2017-06-19  44.8800  45.72   9088709.0
2017-06-20  45.4800  45.50   5671308.0
2017-06-21  45.4500  44.91   7249049.0
2017-06-22  44.7000  44.61   7474973.0
2017-06-23  44.7000  43.69  15356964.0
2017-06-26  43.9600  44.00   5774344.0
2017-06-27  44.3400  44.22   8270464.0
2017-06-28  44.4600  44.32  14545986.0
2017-06-29  45.4400  44.75  15547781.0
2017-06-30  45.3300  44.56   8300829.0
2017-07-03  45.0000  45.61   7486408.0
2017-07-05  45.8900  46.16   9619085.0
2017-07-06  46.1000  46.13  10361708.0
2017-07-07  46.3200  46.05   6368156.0
2017-07-10  45.9500  45.99   5320443.0
2017-07-11  45.8300  45.48   8172791.0
2017-07-12  45.3300  44.96  10202545.0
2017-07-13  45.1700  45.52   5998243.0
2017-07-14  44.8800  45.20   8204904.0
2017-07-17  45.1500  45.33   4967324.0
2017-07-18  44.9300  45.14   9554772.0
2017-07-19  46.9500  46.62  17496747.0
2017-07-20  46.3500  46.51  10592858.0
2017-07-21  46.1200  46.59   8653971.0
2017-07-24  46.5000  46.71   7427727.0
2017-07-25  47.2300  47.61  11543664.0
2017-07-26  47.7200  47.21   8932061.0
2017-07-27  47.1400  47.09   9421860.0
2017-07-28  46.9800  46.66   7809529.0
2017-07-31  46.9400  46.90   6750375.0
2017-08-01  47.2500  47.21   6321633.0
2017-08-02  47.1400  47.33   6010356.0
2017-08-03  47.2400  47.26   6460260.0
2017-08-04  47.7900  48.08   8893555.0
2017-08-07  48.2000  48.31   7254303.0
2017-08-08  48.2400  47.93   7684591.0
2017-08-09  47.2200  47.65   7871615.0
2017-08-10  47.2900  46.30   9489444.0
2017-08-11  46.3800  45.65  13480705.0
2017-08-14  46.2100  46.51   7032917.0
2017-08-15  47.0100  46.43   7590916.0
2017-08-16  46.6100  46.01   8327601.0
2017-08-17  45.8300  45.09   9408377.0
2017-08-18  44.9400  45.39   7262794.0
2017-08-21  45.4000  44.68   8487371.0
2017-08-22  45.0000  45.57   7078481.0
2017-08-23  45.2000  45.80   5428564.0
2017-08-24  45.9700  46.00   6623177.0
2017-08-25  46.1700  45.94   5656427.0
2017-08-28  46.1600  45.48   6359566.0
2017-08-29  44.7200  45.35   8669203.0
2017-08-30  45.4400  45.66   5281758.0
2017-08-31  46.0000  45.50   7761313.0
2017-09-01  45.5900  46.19   6859022.0
2017-09-05  45.6600  44.91   9746186.0
2017-09-06  45.0400  45.07   6158214.0
2017-09-07  45.1300  44.07  11270648.0
2017-09-08  44.1900  44.01   8525482.0
2017-09-11  44.7100  45.16   7983727.0
2017-09-12  45.3600  45.75   8010211.0
2017-09-13  45.7300  46.22   6593064.0
2017-09-14  46.4000  46.42   7371800.0
2017-09-15  46.2600  46.60   9041859.0
2017-09-18  46.8200  47.32   7926541.0
2017-09-19  47.3200  47.67   7910948.0
2017-09-20  47.7100  47.89   8398138.0
2017-09-21  47.8000  48.26   8286804.0
2017-09-22  48.0300  48.22   6025627.0
2017-09-25  48.1000  47.74   7082287.0
2017-09-26  47.7000  47.46   7114161.0
2017-09-27  48.2700  48.07  10135138.0
2017-09-28  48.3700  48.15   5928762.0
2017-09-29  48.1000  48.17   5132864.0
2017-10-02  48.1100  48.92   5921521.0
2017-10-03  48.9400  49.28   6328503.0
2017-10-04  49.2300  49.01   5344682.0
2017-10-05  49.1100  49.63  10552060.0
2017-10-06  49.9600  49.76   5107537.0
2017-10-09  49.9200  49.38   6270998.0
2017-10-10  49.3800  49.49   5900839.0
2017-10-11  49.4300  49.18   5038544.0
2017-10-12  49.3000  48.59   6642701.0
2017-10-13  48.1500  48.30   6934444.0
2017-10-16  48.2400  48.94   8089794.0
2017-10-17  49.6900  49.12  15411829.0
2017-10-18  49.4200  50.15  11963582.0
2017-10-19  49.7900  49.79   9658782.0
2017-10-20  50.4500  50.68   7753744.0
2017-10-23  50.8800  50.61   6261959.0
2017-10-24  50.8100  51.07   7849657.0
2017-10-25  51.5100  50.52   8902757.0
2017-10-26  50.7500  50.77   9719770.0
2017-10-27  50.6500  51.16   8841525.0
2017-10-30  50.5700  50.46   9018748.0
2017-10-31  50.4700  50.00   9217915.0
2017-11-01  50.2200  49.63   7829002.0
2017-11-02  49.5300  50.42   7838815.0
2017-11-03  50.1500  50.02   5903620.0
2017-11-06  49.8800  50.14   4840853.0
2017-11-07  50.2600  49.39   8790891.0
2017-11-09  48.7800  48.82   6170430.0
2017-11-10  49.0100  48.76   4875629.0
2017-11-13  48.2500  48.63   5694215.0
2017-11-14  48.3700  48.38   5966982.0
2017-11-15  47.8400  48.10   9712362.0
2017-11-16  48.3900  48.60   7672268.0
2017-11-17  48.2900  48.70   4983427.0
2017-11-20  48.9100  49.11   4569836.0
2017-11-21  49.6100  49.38   6024318.0
2017-11-22  49.3400  49.09   3784971.0
2017-11-24  49.3000  49.06   2692946.0
2017-11-27  48.9800  49.00   4861840.0
2017-11-28  49.1500  50.40   8799457.0
2017-11-29  50.9100  51.32   9263681.0
2017-11-30  51.8200  51.61  11980464.0
2017-12-01  51.8800  51.95   9953984.0
2017-12-04  53.1100  52.68  10580434.0
2017-12-05  52.8700  52.01   7942614.0
2017-12-06  51.6600  51.69   6867406.0
2017-12-07  51.3400  52.35   8718986.0
2017-12-08  52.9900  52.89   6396506.0
2017-12-11  52.7700  52.77   6282069.0
2017-12-12  52.8300  53.85   8081171.0
2017-12-13  53.9600  53.18  10400675.0
2017-12-14  53.3500  52.64   8120223.0
2017-12-15  53.1800  53.10  12469934.0
2017-12-18  53.7100  53.24   8331613.0
2017-12-19  53.4700  52.93   6067576.0
2017-12-20  53.4400  52.51   6114704.0
2017-12-21  52.7800  52.88  11212232.0
2017-12-22  53.0100  52.72   5751055.0
2017-12-26  52.5400  52.47   3283365.0
2017-12-27  52.3300  52.57   5063939.0
2017-12-28  52.7600  52.65   3004873.0
2017-12-29  52.7600  52.47   5755077.0
2018-01-02  52.7600  52.19   6634117.0
2018-01-03  52.3000  52.33   6939451.0
2018-01-04  52.8000  53.13   8661544.0
2018-01-05  53.2000  53.11   6429066.0
2018-01-08  52.9300  52.89   6678727.0
2018-01-09  53.0600  53.30   6617310.0
2018-01-10  53.9400  53.93  10925386.0
2018-01-11  54.1400  54.20   8306120.0
2018-01-12  54.5700  55.12   8994262.0
2018-01-16  55.6500  54.60  11018644.0
2018-01-17  54.7800  55.35  11827364.0
2018-01-18  55.9000  55.84  13928085.0
2018-01-19  55.6900  57.46  15109885.0
2018-01-22  56.4700  57.36  16782565.0
2018-01-23  57.1400  56.91   9353634.0
2018-01-24  57.2100  57.24   8285106.0
2018-01-25  57.3600  56.81   9153740.0
2018-01-26  57.0900  57.60   7948363.0
2018-01-29  57.4900  57.45   7355750.0
2018-01-30  56.6700  56.60   7217403.0
2018-01-31  56.7100  56.55   7182125.0
2018-02-01  56.5000  57.45   7460758.0
2018-02-02  57.0300  55.48   9726514.0
2018-02-05  54.6400  52.55  13290088.0
2018-02-06  51.2000  54.33  17516504.0
2018-02-07  53.9200  54.55  11501698.0
2018-02-08  54.5400  51.79  14020754.0
2018-02-09  52.5600  52.14  15687448.0
2018-02-12  52.8000  53.43  11623744.0
2018-02-13  53.0300  53.39   8626475.0
2018-02-14  53.2700  55.05  10499463.0
2018-02-15  55.4800  55.40   7761195.0
2018-02-16  55.3000  55.14   7416104.0
2018-02-20  54.9300  55.06   7646938.0
2018-02-21  55.1100  55.10   8353180.0
2018-02-22  55.4100  54.86   6076988.0
2018-02-23  55.0400  56.07   6665922.0
2018-02-26  56.3100  57.01   7793042.0
2018-02-27  57.0000  56.72  11646944.0
2018-02-28  57.0900  56.02   9559499.0
2018-03-01  55.8900  54.49  12093882.0
2018-03-02  54.1400  54.74  12154118.0
2018-03-05  54.3200  55.49   7598455.0
2018-03-06  55.8900  56.56   9760074.0
2018-03-07  55.8300  56.88   8180976.0
2018-03-08  56.9500  56.96   7424765.0
2018-03-09  57.3400  58.67  10439498.0
2018-03-12  58.6100  58.91   8000759.0
2018-03-13  59.2200  58.03   5992661.0
2018-03-14  58.4200  56.99   8246704.0
2018-03-15  57.3900  57.22   5619227.0
2018-03-16  57.3900  57.51   8801529.0
2018-03-19  57.4000  56.95   7647038.0
2018-03-20  57.1900  57.47   8133375.0
2018-03-21  57.3300  57.11   8417244.0
2018-03-22  56.3100  54.64  14593391.0
2018-03-23  54.9100  52.07  16396181.0
2018-03-26  53.3300  54.30  11824606.0
2018-03-27  54.5300  53.15  12209206.0