date      open    close    volume
                                      
2014-10-06  136.7900  136.540   47250.0
2014-10-07  135.5000  135.690   59947.0
2014-10-08  135.0000  137.190   42327.0
2014-10-09  137.1600  135.620   52849.0
2014-10-10  135.6500  147.560  232148.0
2014-10-13  146.4700  147.030  149257.0
2014-10-14  147.8800  145.410   69134.0
2014-10-15  144.0400  144.530   92087.0
2014-10-16  143.0000  144.920   63773.0
2014-10-17  147.1200  145.300   51284.0
2014-10-20  145.0200  149.880  143119.0
2014-10-21  151.2800  151.340   31805.0
2014-10-22  151.3800  148.650   39975.0
2014-10-23  150.2200  154.260   90021.0
2014-10-24  154.7200  157.500  107155.0
2014-10-27  156.4900  154.200   82302.0
2014-10-28  160.0000  158.110  321058.0
2014-10-29  158.9800  160.000  188339.0
2014-10-30  163.0800  160.000  110037.0
2014-10-31  163.5500  160.880  102733.0
2014-11-03  160.5700  159.390   78033.0
2014-11-04  159.2100  158.410   63657.0
2014-11-05  159.1800  158.750  120617.0
2014-11-06  158.6200  158.380   91743.0
2014-11-07  157.9100  157.440   80921.0
2014-11-10  157.5100  158.520   72251.0
2014-11-11  158.6000  160.210  131449.0
2014-11-12  159.4200  159.980   42377.0
2014-11-13  160.3600  159.980   89058.0
2014-11-14  161.0000  166.750  205122.0
2014-11-17  166.2000  164.190   95360.0
2014-11-18  164.1400  168.820  186476.0
2014-11-19  169.1100  167.020  102170.0
2014-11-20  166.0700  167.000  111107.0
2014-11-21  170.0000  165.780   91677.0
2014-11-24  167.0000  173.890  223392.0
2014-11-25  174.0700  171.070   96176.0
2014-11-26  170.6400  173.870   95433.0
2014-11-28  173.8300  171.740   29401.0
2014-12-01  170.9400  171.250  130011.0
2014-12-02  170.7900  170.510  104859.0
2014-12-03  170.2600  169.580   76941.0
2014-12-04  169.2500  168.840   50367.0
2014-12-05  168.5900  169.760   74879.0
2014-12-08  169.1800  167.500   72141.0
2014-12-09  166.6000  170.270   53877.0
2014-12-10  168.8000  165.750   57484.0
2014-12-11  165.3952  167.410   78981.0
2014-12-12  165.1600  158.240  149367.0
2014-12-15  159.4300  157.090   82654.0
2014-12-16  154.9900  154.030  128995.0
2014-12-17  153.6300  159.220  161938.0
2014-12-18  162.1900  166.100   85088.0
2014-12-19  165.2700  164.060   90900.0
2014-12-22  164.2200  165.090   81574.0
2014-12-23  165.3600  164.100   30022.0
2014-12-24  164.6300  163.530   31724.0
2014-12-26  163.2800  163.780   49573.0
2014-12-29  163.3300  161.690   41023.0
2014-12-30  160.7200  159.130   59127.0
2014-12-31  159.1000  162.400   81697.0
2015-01-02  163.8000  163.120   44958.0
2015-01-05  161.7500  162.980   76452.0
2015-01-06  163.0000  157.970   49174.0
2015-01-07  159.4600  158.000   46355.0
2015-01-08  158.8900  162.410   36800.0
2015-01-09  162.8400  159.620   52888.0
2015-01-12  160.0200  158.680   37703.0
2015-01-13  160.3800  158.060   66686.0
2015-01-14  156.8600  158.700   46247.0
2015-01-15  159.6100  153.660   35785.0
2015-01-16  152.9400  157.890   39352.0
2015-01-20  158.3500  159.980   66070.0
2015-01-21  160.1200  158.900   69006.0
2015-01-22  159.3600  163.580   70519.0
2015-01-23  164.2600  165.210  161511.0
2015-01-26  164.6500  168.300   84701.0
2015-01-27  152.5000  161.450  232852.0
2015-01-28  162.9500  159.030  123592.0
2015-01-29  160.5300  161.880   91720.0
2015-01-30  160.7500  161.600  125873.0
2015-02-02  163.4200  165.010  127554.0
2015-02-03  165.9900  167.500   97479.0
2015-02-04  166.4700  168.960  126835.0
2015-02-05  169.4900  174.220  155820.0
2015-02-06  174.8500  175.160  167667.0
2015-02-09  174.9800  175.330   83068.0
2015-02-10  176.9000  177.830  156629.0
2015-02-11  177.0300  178.060  104486.0
2015-02-12  178.9200  178.750   78869.0
2015-02-13  179.4000  181.240   52543.0
2015-02-17  182.0300  179.660   26946.0
2015-02-18  176.8000  179.660   65293.0
2015-02-19  178.8800  179.620   40115.0
2015-02-20  180.0800  179.550   30821.0
2015-02-23  178.4300  177.390   96284.0
2015-02-24  176.9000  177.330   44214.0
2015-02-25  177.7900  179.300   36859.0
2015-02-26  179.5800  179.510   33986.0
2015-02-27  180.0100  178.340   45981.0
2015-03-02  178.6000  179.590   84247.0
2015-03-03  179.1200  179.190  124020.0
2015-03-04  177.9600  174.680   76733.0
2015-03-05  174.7600  170.300  128350.0
2015-03-06  168.0000  161.720  281125.0
2015-03-09  162.0000  164.860   68727.0
2015-03-10  162.6000  161.040   70152.0
2015-03-11  161.9500  160.210   96423.0
2015-03-12  160.5400  163.030   96299.0
2015-03-13  163.2700  164.260  139110.0
2015-03-16  164.8600  168.410  130745.0
2015-03-17  168.2600  169.960  159756.0
2015-03-18  170.5300  173.240  114581.0
2015-03-19  173.0000  173.780  112297.0
2015-03-20  175.1600  174.760  147222.0
2015-03-23  174.8700  174.350   84502.0
2015-03-24  174.9600  172.500   45881.0
2015-03-25  173.0400  166.960  124196.0
2015-03-26  166.1800  169.540   53797.0
2015-03-27  169.5400  170.130   40793.0
2015-03-30  171.6800  170.910   55939.0
2015-03-31  169.3000  169.190   96321.0
2015-04-01  168.7200  169.160  103327.0
2015-04-02  169.3800  169.520   70205.0
2015-04-06  168.9100  170.020   68400.0
2015-04-07  170.6500  170.280   44893.0
2015-04-08  170.2000  172.065   56502.0
2015-04-09  171.3800  173.990   78448.0
2015-04-10  174.5100  175.990   36631.0
2015-04-13  175.5700  171.960   72405.0
2015-04-14  172.0000  171.120   49017.0
2015-04-15  173.0500  173.390   52712.0
2015-04-16  173.2500  173.350   38597.0
2015-04-17  171.4700  170.650   76626.0
2015-04-20  172.0300  171.220   89302.0
2015-04-21  172.8700  175.390  117984.0
2015-04-22  175.2900  176.320   49278.0
2015-04-23  175.7200  176.630   78321.0
2015-04-24  177.2100  175.090   20917.0
2015-04-27  176.3700  173.560   49809.0
2015-04-28  173.2000  169.700  118437.0
2015-04-29  180.0000  187.070  510256.0
2015-04-30  186.7400  182.120  161174.0
2015-05-01  181.7500  182.680   98500.0
2015-05-04  182.8200  181.300   71986.0
2015-05-05  180.8100  179.000   70244.0
2015-05-06  180.2500  179.350   58632.0
2015-05-07  179.3900  177.540  107683.0
2015-05-08  178.8400  180.840  104079.0
2015-05-11  180.2700  181.060   83862.0
2015-05-12  180.8200  177.580   77534.0
2015-05-13  178.6400  177.430   62580.0
2015-05-14  179.9175  179.820   44449.0
2015-05-15  180.0000  178.800   73080.0
2015-05-18  180.2800  179.100  103823.0
2015-05-19  178.8800  178.690  140728.0
2015-05-20  179.5000  176.450  142984.0
2015-05-21  175.0300  175.380   70160.0
2015-05-22  175.2900  175.300   81338.0
2015-05-26  173.1600  172.790   77018.0
2015-05-27  173.8600  175.310   55749.0
2015-05-28  175.4600  176.680   88832.0
2015-05-29  177.0500  175.980  107514.0
2015-06-01  177.6100  176.140   91004.0
2015-06-02  175.9900  175.880   67031.0
2015-06-03  176.8500  177.800   96839.0
2015-06-04  176.6500  174.890   30287.0
2015-06-05  174.5200  180.430   97111.0
2015-06-08  179.5900  176.870   88309.0
2015-06-09  177.3800  176.780   63930.0
2015-06-10  177.8400  181.760  110630.0
2015-06-11  181.5400  180.640   89801.0
2015-06-12  179.7500  178.750   93605.0
2015-06-15  177.3500  174.090   91063.0
2015-06-16  173.5800  176.200   48134.0
2015-06-17  176.4600  176.800   60234.0
2015-06-18  176.8100  178.640   57207.0
2015-06-19  178.5100  177.690   89845.0
2015-06-22  177.7000  178.620   29272.0
2015-06-23  177.9500  178.620   29801.0
2015-06-24  177.9600  174.230   42617.0
2015-06-25  174.6000  173.890   48656.0
2015-06-26  174.3700  173.860   93318.0
2015-06-29  172.1100  167.880   78680.0
2015-06-30  169.0200  170.080   69371.0
2015-07-01  171.2100  170.060   79848.0
2015-07-02  169.5600  172.570   66356.0
2015-07-06  170.8700  172.470   92156.0
2015-07-07  171.9600  173.600  117162.0
2015-07-08  172.0200  172.220   85459.0
2015-07-09  174.1400  174.440   96557.0
2015-07-10  176.5400  175.700   48898.0
2015-07-13  176.4000  177.100  100547.0
2015-07-14  176.8000  180.700   83101.0
2015-07-15  180.3600  182.870   95618.0
2015-07-16  183.2200  186.300   79383.0
2015-07-17  186.6000  185.630   43073.0
2015-07-20  186.7800  184.000   99540.0
2015-07-21  182.3800  181.500  106919.0
2015-07-22  179.8800  183.720   56021.0
2015-07-23  184.5900  179.820   46316.0
2015-07-24  179.6100  181.430   67162.0
2015-07-27  180.6700  178.170  116696.0
2015-07-28  205.0000  202.010  565912.0
2015-07-29  202.8800  204.480  154935.0
2015-07-30  205.2800  204.810  139171.0
2015-07-31  205.8200  203.850  131861.0
2015-08-03  204.3800  203.500  106902.0
2015-08-04  208.2600  214.860  181324.0
2015-08-05  216.7400  216.245  124442.0
2015-08-06  217.2500  213.040   88196.0
2015-08-07  212.0400  215.610   58971.0
2015-08-10  216.2100  218.850   89010.0
2015-08-11  217.3200  215.410   87253.0
2015-08-12  214.5000  216.980   99782.0
2015-08-13  216.7100  218.710  104139.0
2015-08-14  217.8700  218.800   65243.0
2015-08-17  217.6100  221.600  118385.0
2015-08-18  221.2200  217.730  127229.0
2015-08-19  216.7300  218.620   61779.0
2015-08-20  216.7200  209.590  113874.0
2015-08-21  205.5600  204.000  109244.0
2015-08-24  195.0200  196.060  127760.0
2015-08-25  202.9100  196.030  125754.0
2015-08-26  200.8000  201.140  102296.0
2015-08-27  203.8200  200.870  171651.0
2015-08-28  199.5700  200.990   68687.0
2015-08-31  200.9900  198.700  105223.0
2015-09-01  194.0000  196.040  102948.0
2015-09-02  198.6600  197.020   95355.0
2015-09-03  196.8700  198.370   52943.0
2015-09-04  195.4700  195.430   52988.0
2015-09-08  197.4900  201.250   75463.0
2015-09-09  202.2000  198.340   65355.0
2015-09-10  198.0000  198.410  141282.0
2015-09-11  199.0000  201.140  210723.0
2015-09-14  201.0600  200.950   73285.0
2015-09-15  201.1201  207.950   87679.0
2015-09-16  207.8000  209.870  102170.0
2015-09-17  209.1400  209.900   82265.0
2015-09-18  206.4000  206.680  131746.0
2015-09-21  208.0100  208.500   93953.0
2015-09-22  206.9100  207.070   83137.0
2015-09-23  207.8800  208.280   62423.0
2015-09-24  206.9900  205.190  129680.0
2015-09-25  207.3100  205.190  125262.0
2015-09-28  204.0100  195.280  114360.0
2015-09-29  195.7100  194.720  106853.0
2015-09-30  197.6000  196.470  167187.0
2015-10-01  196.1800  199.300  149150.0
2015-10-02  197.5700  198.840  135810.0
2015-10-05  199.8500  200.990  142846.0
2015-10-06  200.3100  197.580   90342.0
2015-10-07  198.8700  199.580  155439.0
2015-10-08  199.5800  199.530   99304.0
2015-10-09  199.8400  205.250  143004.0
2015-10-12  205.4300  206.110   89447.0
2015-10-13  204.8700  199.380  142387.0
2015-10-14  198.9400  196.750   56815.0
2015-10-15  197.2500  199.790   58260.0
2015-10-16  200.4000  203.110   66602.0
2015-10-19  203.0200  203.730   95961.0
2015-10-20  202.7300  197.110   90649.0
2015-10-21  197.3000  190.360   86142.0
2015-10-22  190.7200  194.920   49154.0
2015-10-23  197.7000  188.180  197522.0
2015-10-26  187.6500  196.260  337269.0
2015-10-27  178.0000  168.240  758808.0
2015-10-28  168.2500  178.850  381926.0
2015-10-29  177.7200  174.380  148042.0
2015-10-30  174.4400  172.070  169494.0
2015-11-02  172.8100  176.160  172678.0
2015-11-03  176.0400  177.120  261390.0
2015-11-04  177.9500  180.230  121673.0
2015-11-05  180.5600  176.920   88870.0
2015-11-06  176.8000  177.650  135089.0
2015-11-09  177.8600  174.860  104297.0
2015-11-10  173.9800  174.450  111170.0
2015-11-11  174.4500  174.850   71887.0
2015-11-12  170.5200  172.720   89418.0
2015-11-13  171.9300  168.870  113259.0
2015-11-16  168.8800  171.580   71458.0
2015-11-17  171.8100  171.930   84047.0
2015-11-18  172.1200  174.820   93099.0
2015-11-19  174.3400  173.000   69417.0
2015-11-20  174.1400  173.210  102712.0
2015-11-23  173.4800  173.680  122960.0
2015-11-24  173.1600  173.300  126542.0
2015-11-25  170.5500  175.400   64890.0
2015-11-27  176.0400  175.560   23111.0
2015-11-30  173.8000  173.370   73466.0
2015-12-01  174.8800  177.190  233867.0
2015-12-02  177.6900  176.190   88188.0
2015-12-03  176.4000  173.580   86297.0
2015-12-04  173.7900  176.840   47814.0
2015-12-07  176.0000  173.730   64935.0
2015-12-08  171.9100  175.490   79049.0
2015-12-09  174.5200  172.530   78278.0
2015-12-10  173.0900  172.750  222996.0
2015-12-11  171.3700  174.140  238128.0
2015-12-14  173.9200  175.250  148925.0
2015-12-15  176.5300  178.930  113439.0
2015-12-16  179.7000  177.120  110185.0
2015-12-17  177.2200  173.510  201622.0
2015-12-18  172.5200  175.740  244134.0
2015-12-21  177.3400  177.370  164394.0
2015-12-22  177.9900  177.140  126741.0
2015-12-23  177.9600  177.450   59383.0
2015-12-24  176.9400  177.610   24651.0
2015-12-28  176.6100  176.410   45516.0
2015-12-29  177.3100  180.640   61144.0
2015-12-30  180.2400  178.920   58701.0
2015-12-31  178.4900  179.290  124279.0
2016-01-04  176.1700  171.130  141519.0
2016-01-05  171.1300  171.770   87341.0
2016-01-06  169.9700  169.270   90061.0
2016-01-07  166.4200  161.030  162924.0
2016-01-08  160.5700  148.150  789196.0
2016-01-11  149.8200  152.450  196492.0
2016-01-12  153.7800  156.190  181450.0
2016-01-13  155.9600  150.340  148682.0
2016-01-14  150.7200  152.530  123199.0
2016-01-15  148.0100  149.930  160669.0
2016-01-19  151.2100  146.340  170399.0
2016-01-20  144.3200  149.690  184037.0
2016-01-21  150.1200  150.220   82178.0
2016-01-22  153.2500  149.910  146205.0
2016-01-25  149.2100  145.880  115209.0
2016-01-26  146.8900  147.150  167072.0
2016-01-27  146.8000  142.390  251188.0
2016-01-28  160.8300  167.260  767679.0
2016-01-29  168.3200  172.510  291984.0
2016-02-01  171.0800  173.340  225002.0
2016-02-02  171.9600  171.890  173073.0
2016-02-03  174.1300  171.480  147388.0
2016-02-04  171.0200  167.840  132224.0
2016-02-05  165.8700  156.460  211594.0
2016-02-08  154.5300  155.000  191206.0
2016-02-09  152.5400  151.960  140951.0
2016-02-10  153.3200  150.150  103353.0
2016-02-11  147.2100  149.570  226967.0
2016-02-12  150.4500  151.900  117040.0
2016-02-16  153.7100  152.360  122216.0
2016-02-17  153.4500  156.600  259924.0
2016-02-18  156.4900  149.320  179645.0
2016-02-19  148.0000  153.250  228899.0
2016-02-22  155.3200  154.600  122392.0
2016-02-23  152.5100  152.590  235046.0
2016-02-24  151.4100  156.580  205203.0
2016-02-25  156.7100  158.150  127854.0
2016-02-26  159.5700  158.580  123534.0
2016-02-29  158.3500  160.890  122758.0
2016-03-01  163.2100  172.390  264189.0
2016-03-02  171.5100  168.240  113624.0
2016-03-03  168.2000  170.780  150437.0
2016-03-04  170.7800  168.980   92666.0
2016-03-07  167.9800  168.750  173472.0
2016-03-08  167.0600  167.650  109443.0
2016-03-09  168.1900  168.240  119183.0
2016-03-10  169.2600  167.120   91276.0
2016-03-11  168.3400  170.590   73064.0
2016-03-14  169.5900  168.040   56941.0
2016-03-15  168.0400  165.810  168305.0
2016-03-16  166.2200  167.380  114508.0
2016-03-17  166.5100  168.980  159346.0
2016-03-18  169.9200  175.120  141522.0
2016-03-21  174.8400  175.550   94518.0
2016-03-22  174.5000  175.770  124152.0
2016-03-23  175.8000  169.480   98077.0
2016-03-24  168.9379  172.820  102050.0
2016-03-28  174.1800  172.020   77032.0
2016-03-29  171.9000  177.790   92834.0
2016-03-30  179.3300  180.870  128225.0
2016-03-31  182.3000  179.720  105281.0
2016-04-01  178.4400  182.750  174957.0
2016-04-04  183.4200  184.710  101029.0
2016-04-05  183.0700  183.100  167578.0
2016-04-06  182.8500  182.340   82411.0
2016-04-07  180.8900  179.100   74853.0
2016-04-08  180.5700  178.800   66862.0
2016-04-11  182.1200  180.720  131009.0
2016-04-12  181.3700  182.650   97414.0
2016-04-13  183.5500  187.070  106533.0
2016-04-14  186.7000  187.950  183944.0
2016-04-15  187.1400  186.170  181920.0
2016-04-18  186.3200  188.250  199901.0
2016-04-19  188.6900  189.350  192042.0
2016-04-20  190.0350  188.280  123851.0
2016-04-21  188.8600  188.260  114511.0
2016-04-22  187.4300  191.800  143362.0
2016-04-25  191.9000  185.500  185674.0
2016-04-26  187.8700  189.830  403976.0
2016-04-27  190.7600  189.970  217760.0
2016-04-28  172.1800  182.570  340226.0
2016-04-29  182.5100  179.320  126970.0
2016-05-02  179.8200  184.100  214204.0
2016-05-03  181.9700  180.340  139221.0
2016-05-04  180.0000  180.070  129433.0
2016-05-05  180.4000  179.830  149068.0
2016-05-06  178.4800  182.570  137740.0
2016-05-09  182.4400  188.160  284829.0
2016-05-10  188.3700  190.500  184065.0
2016-05-11  189.7900  185.190  152626.0
2016-05-12  186.0800  184.450  151253.0
2016-05-13  184.3000  182.150  121038.0
2016-05-16  182.6000  182.490   89367.0
2016-05-17  182.1400  179.000  132354.0
2016-05-18  178.0900  180.260  152377.0
2016-05-19  179.3400  178.840   73662.0
2016-05-20  180.2100  179.280  142506.0
2016-05-23  179.6000  183.520   89166.0
2016-05-24  185.1200  189.390  123644.0
2016-05-25  190.1600  187.090   97800.0
2016-05-26  187.1200  188.030   31867.0
2016-05-27  188.2000  190.930   79213.0
2016-05-31  191.1000  186.540  188641.0
2016-06-01  186.8400  186.470  225178.0
2016-06-02  185.4100  190.700  107058.0
2016-06-03  190.5500  188.690   85035.0
2016-06-06  189.7500  194.710  207581.0
2016-06-07  194.7700  193.880  157342.0
2016-06-08  193.5000  192.300   75879.0
2016-06-09  191.4600  192.090   67583.0
2016-06-10  190.6800  187.760   75566.0
2016-06-13  186.5800  186.320   65221.0
2016-06-14  185.7200  185.500   89524.0
2016-06-15  185.5700  184.860   58697.0
2016-06-16  183.3700  184.720   71089.0
2016-06-17  184.5600  179.180  140069.0
2016-06-20  182.0100  183.970   98456.0
2016-06-21  184.5900  182.200   60143.0
2016-06-22  182.2400  179.620   61635.0
2016-06-23  181.8600  182.940  102297.0
2016-06-24  175.0000  173.120  297604.0
2016-06-27  170.7300  167.130  271935.0
2016-06-28  167.8200  168.150   94686.0
2016-06-29  168.8300  174.320  190384.0
2016-06-30  174.7000  175.020  147104.0
2016-07-01  174.4800  172.390   69452.0
2016-07-05  171.1800  172.880   89631.0
2016-07-06  171.2600  172.900   88513.0
2016-07-07  173.9400  173.840   75050.0
2016-07-08  175.9100  178.290  105316.0
2016-07-11  180.0700  180.550   94736.0
2016-07-12  182.0100  181.600  135978.0
2016-07-13  183.0400  181.580  122401.0
2016-07-14  183.9300  182.210  117937.0
2016-07-15  183.3500  187.210  208048.0
2016-07-18  186.7800  187.400  184325.0
2016-07-19  187.6100  186.550  107491.0
2016-07-20  188.1000  190.480  120462.0
2016-07-21  189.8100  183.790  199810.0
2016-07-22  183.5300  187.840  131613.0
2016-07-25  187.6600  184.510   72673.0
2016-07-26  184.9000  185.210  125136.0
2016-07-27  185.0700  182.980  144864.0
2016-07-28  185.3600  185.080  158084.0
2016-07-29  171.1400  174.890  590759.0
2016-08-01  174.3200  172.010  242203.0
2016-08-02  171.2000  167.240  227821.0
2016-08-03  167.6700  166.840  192006.0
2016-08-04  166.6700  164.490  129856.0
2016-08-05  165.2400  166.320  137491.0
2016-08-08  166.1100  164.440  105328.0
2016-08-09  163.8600  165.060  101169.0
2016-08-10  165.2200  165.580  105913.0
2016-08-11  166.0500  166.130  132782.0
2016-08-12  165.8000  165.430   93355.0
2016-08-15  165.4300  166.750   65685.0
2016-08-16  166.4500  165.400   65063.0
2016-08-17  165.1800  164.020  109384.0
2016-08-18  164.2700  165.580   78997.0
2016-08-19  165.4600  166.640   72109.0
2016-08-22  166.6000  166.880   99852.0
2016-08-23  167.4000  168.420   79155.0
2016-08-24  168.4500  166.780  114527.0
2016-08-25  166.7600  168.320  108071.0
2016-08-26  168.4200  167.470   95707.0
2016-08-29  167.3000  166.000  125917.0
2016-08-30  166.0700  166.960   62194.0
2016-08-31  165.7300  166.790   75646.0
2016-09-01  166.4700  167.320   73280.0
2016-09-02  168.2700  169.780   71446.0
2016-09-06  169.4900  170.630   86175.0
2016-09-07  170.2000  171.710  122109.0
2016-09-08  171.3300  172.650  131106.0
2016-09-09  171.1300  170.700  220822.0
2016-09-12  170.8800  172.450  131654.0
2016-09-13  171.1800  169.930  253822.0
2016-09-14  169.5500  168.390  105118.0
2016-09-15  168.4900  167.620   79512.0
2016-09-16  167.6000  164.840  181276.0
2016-09-19  166.1400  164.250  105361.0
2016-09-20  165.7600  166.550  126963.0
2016-09-21  167.4800  167.630  125626.0
2016-09-22  168.8800  170.300  157392.0
2016-09-23  169.8800  171.780  124781.0
2016-09-26  170.9400  170.870  133525.0
2016-09-27  170.4000  169.060  128692.0
2016-09-28  169.7300  170.250  115107.0
2016-09-29  170.5900  165.740   88409.0
2016-09-30  165.8600  167.440  124744.0
2016-10-03  166.9700  163.840   85605.0
2016-10-04  164.8600  170.500  169718.0
2016-10-05  170.3000  171.010  140907.0
2016-10-06  171.4200  172.770  155195.0
2016-10-07  172.3800  172.980  121163.0
2016-10-10  174.2200  174.690  121522.0
2016-10-11  174.6500  173.060   99876.0
2016-10-12  174.2600  173.160   80255.0
2016-10-13  172.7800  172.370  114302.0
2016-10-14  173.7600  172.200   52971.0
2016-10-17  172.5000  171.850  133318.0
2016-10-18  173.5500  172.580  130031.0
2016-10-19  172.0600  170.140   99769.0
2016-10-20  170.1900  168.440   93397.0
2016-10-21  168.4000  168.610   66614.0
2016-10-24  169.8400  174.040  130828.0
2016-10-25  174.1900  172.290  105367.0
2016-10-26  172.0900  171.800  158061.0
2016-10-27  171.7400  173.530  251030.0
2016-10-28  190.0000  191.470  460038.0
2016-10-31  192.7700  194.810  221998.0
2016-11-01  195.7100  195.040  187570.0
2016-11-02  194.0400  191.870  177342.0
2016-11-03  193.0800  188.960  104622.0
2016-11-04  188.6200  190.160  161030.0
2016-11-07  192.9800  192.310  320752.0
2016-11-08  192.4900  190.000  282055.0
2016-11-09  187.8100  191.880  260452.0
2016-11-10  193.9000  193.160  337219.0
2016-11-11  193.2000  196.750  166116.0
2016-11-14  198.7900  192.110  172891.0
2016-11-15  192.0700  193.100   82684.0
2016-11-16  193.5800  196.480   89308.0
2016-11-17  196.8300  197.470   63906.0
2016-11-18  198.4100  196.680   97385.0
2016-11-21  196.0000  196.930   71677.0
2016-11-22  197.2800  198.570   72632.0
2016-11-23  198.5000  198.210   54017.0
2016-11-25  199.1600  197.850   39480.0
2016-11-28  197.2700  195.030   93182.0
2016-11-29  195.6600  195.230   64286.0
2016-11-30  194.8500  194.030  124153.0
2016-12-01  194.0800  191.600  122147.0
2016-12-02  191.2500  191.940   62450.0
2016-12-05  192.7800  195.760   77314.0
2016-12-06  196.0100  198.570   99620.0
2016-12-07  197.7000  198.450   57686.0
2016-12-08  198.0000  200.980  109111.0
2016-12-09  201.4800  200.970  107577.0
2016-12-12  200.7200  201.870   93123.0
2016-12-13  203.2600  204.440   93273.0
2016-12-14  204.6900  199.590  110706.0
2016-12-15  199.3000  201.550   95146.0
2016-12-16  202.5500  200.400  106079.0
2016-12-19  200.8000  203.180   74649.0
2016-12-20  203.4600  203.890  138164.0
2016-12-21  207.2799  200.310   88878.0
2016-12-22  200.8100  196.180   81101.0
2016-12-23  196.6500  201.220   50631.0
2016-12-27  200.6500  201.480   74795.0
2016-12-28  200.1950  197.600   69309.0
2016-12-29  201.0050  198.500   44374.0
2016-12-30  198.6700  197.400   63409.0
2017-01-03  198.5500  197.840  107715.0
2017-01-04  197.6500  197.940  120832.0
2017-01-05  197.6600  199.610  109322.0
2017-01-06  200.2400  199.170   75075.0
2017-01-09  199.6900  198.630   73445.0
2017-01-10  199.6700  200.780   66970.0
2017-01-11  197.5350  201.000   92290.0
2017-01-12  200.0600  200.470   58820.0
2017-01-13  201.5800  203.800   47534.0
2017-01-17  202.4900  200.920   49297.0
2017-01-18  201.4100  202.510   56822.0
2017-01-19  202.0000  199.000   78660.0
2017-01-20  198.7500  201.550  102400.0
2017-01-23  201.9200  205.100   65461.0
2017-01-24  202.0700  202.960  102494.0
2017-01-25  202.5800  203.300   84839.0
2017-01-26  203.5250  201.300   48355.0
2017-01-27  200.7150  199.580   69299.0
2017-01-30  198.5800  199.460   79050.0
2017-01-31  198.7000  201.300  111913.0
2017-02-01  198.2300  196.510  167815.0
2017-02-02  196.9100  191.500  141419.0
2017-02-03  192.6700  195.480   84639.0
2017-02-06  194.3100  190.300   63331.0
2017-02-07  190.6800  187.990   51814.0
2017-02-08  188.2100  187.490   47677.0
2017-02-09  186.1800  190.010   52449.0
2017-02-10  190.9200  189.350   37159.0
2017-02-13  190.5500  191.340   46759.0
2017-02-14  190.5600  192.990   86390.0
2017-02-15  192.7400  194.150   35389.0
2017-02-16  192.1800  192.680   48947.0
2017-02-17  192.1200  192.870   37258.0
2017-02-21  193.0800  195.800   84646.0
2017-02-22  195.6700  194.600   57557.0
2017-02-23  194.9900  193.300   78648.0
2017-02-24  192.4200  194.330   37488.0
2017-02-27  193.5300  194.420   43418.0
2017-02-28  193.4300  191.880   61255.0
2017-03-01  194.0700  193.780   53728.0
2017-03-02  193.9800  190.230   52046.0
2017-03-03  190.9400  190.000   49254.0
2017-03-06  189.0000  187.950   54573.0
2017-03-07  187.7200  187.570   73150.0
2017-03-08  188.2900  189.160   65946.0
2017-03-09  189.9100  187.620   40006.0
2017-03-10  185.5801  186.970   52125.0
2017-03-13  186.1000  188.850   54404.0
2017-03-14  187.8100  188.620   26969.0
2017-03-15  189.2900  190.020   35849.0
2017-03-16  190.4500  191.050   55114.0
2017-03-17  190.5400  191.860  101792.0
2017-03-20  191.6100  192.420   68510.0
2017-03-21  193.8000  187.990   90799.0
2017-03-22  187.7000  186.950  100714.0
2017-03-23  186.7000  186.410   66444.0
2017-03-24  186.8000  186.140   32106.0
2017-03-27  183.5000  186.940   51324.0
2017-03-28  186.9600  187.740   41314.0
2017-03-29  187.8000  187.810   43159.0
2017-03-30  188.1000  188.290   49236.0
2017-03-31  187.5300  187.800   54253.0
2017-04-03  187.9000  187.430   78678.0
2017-04-04  186.4000  186.250   43507.0
2017-04-05  186.5200  184.110   55111.0
2017-04-06  187.0300  183.490   89892.0
2017-04-07  183.2500  182.800   58213.0
2017-04-10  183.4800  184.790   40008.0
2017-04-11  184.3700  185.670   34617.0
2017-04-12  185.3700  183.920   29217.0
2017-04-13  183.9400  181.610   32540.0
2017-04-17  182.6553  184.230   82190.0
2017-04-18  183.6000  185.410   43623.0
2017-04-19  185.0500  185.940   28415.0
2017-04-20  185.9000  188.110   56718.0
2017-04-21  188.2000  187.590   95071.0
2017-04-24  190.4600  190.670   50124.0
2017-04-25  191.0100  190.680   33944.0
2017-04-26  190.6800  193.010   62884.0
2017-04-27  193.2600  192.490   71987.0
2017-04-28  189.5000  190.170  166706.0
2017-05-01  190.4400  191.350   87459.0
2017-05-02  192.1600  188.010   77960.0
2017-05-03  187.6800  187.840  118435.0
2017-05-04  188.5000  189.170   91987.0
2017-05-05  189.6700  190.950   50176.0
2017-05-08  190.8600  191.520   69702.0
2017-05-09  191.7700  187.880   99788.0
2017-05-10  185.3100  187.110   59534.0
2017-05-11  186.7500  187.050   49841.0
2017-05-12  186.8000  185.310   53674.0
2017-05-15  185.0500  187.070   52707.0
2017-05-16  187.0800  187.660   32929.0
2017-05-17  185.1600  183.900   61179.0
2017-05-18  183.7000  184.130  118729.0
2017-05-19  184.3600  183.780  167205.0
2017-05-22  184.0800  185.220   61742.0
2017-05-23  185.6700  182.100  142701.0
2017-05-24  182.4900  181.990   89451.0
2017-05-25  182.9300  181.500   88995.0
2017-05-26  180.6300  180.770   90178.0
2017-05-30  180.4200  182.840   88263.0
2017-05-31  183.3100  182.360   54458.0
2017-06-01  183.2600  185.940   71256.0
2017-06-02  185.6500  188.320  104975.0
2017-06-05  188.2100  184.130   47492.0
2017-06-06  183.7100  182.820   69881.0
2017-06-07  182.9900  182.520   72493.0
2017-06-08  181.8900  184.610   53644.0
2017-06-09  184.7800  180.790   80791.0
2017-06-12  180.2800  181.190   85465.0
2017-06-13  180.7900  182.120  107880.0
2017-06-14  182.7800  183.400   68250.0
2017-06-15  182.1600  182.820   73893.0
2017-06-16  182.2500  182.600   73954.0
2017-06-19  182.9700  182.390   37878.0
2017-06-20  181.8700  183.140   42495.0
2017-06-21  183.6300  184.470   79332.0
2017-06-22  185.1000  184.600   94400.0
2017-06-23  184.6800  184.950  205196.0
2017-06-26  185.6000  184.840  149492.0
2017-06-27  184.1100  185.110  108107.0
2017-06-28  185.9900  188.830  119910.0
2017-06-29  189.1200  189.100  166262.0
2017-06-30  189.7000  191.670  177431.0
2017-07-03  192.0400  186.540   46525.0
2017-07-05  186.3200  184.520   66940.0
2017-07-06  183.0600  182.620   57478.0
2017-07-07  183.4400  184.990   47908.0
2017-07-10  184.6800  183.770   45828.0
2017-07-11  184.3200  184.340   76794.0
2017-07-12  185.1100  187.680   44598.0
2017-07-13  187.2000  185.790   32553.0
2017-07-14  185.8000  184.730   31463.0
2017-07-17  184.7200  185.820   48110.0
2017-07-18  186.3600  188.750   78757.0
2017-07-19  189.2700  189.810   62101.0
2017-07-20  189.8000  189.320   54470.0
2017-07-21  189.7300  188.480   80281.0
2017-07-24  187.8100  191.900   72675.0
2017-07-25  192.2000  192.510  111909.0
2017-07-26  193.0000  191.560   28179.0
2017-07-27  191.9400  189.180   42257.0
2017-07-28  170.0000  139.990  791797.0
2017-07-31  139.9000  134.510  348748.0
2017-08-01  134.9000  136.280  310237.0
2017-08-02  136.2900  135.930  158561.0
2017-08-03  135.9200  133.560  131707.0
2017-08-04  133.5600  135.730  111618.0
2017-08-07  135.5600  132.130  151055.0
2017-08-08  131.9800  131.490  124686.0
2017-08-09  130.9200  130.600  112285.0
2017-08-10  129.8900  127.740  133996.0
2017-08-11  128.1400  129.010  155897.0
2017-08-14  129.0500  128.920  340914.0
2017-08-15  128.7300  128.690  194046.0
2017-08-16  128.8900  128.720  125359.0
2017-08-17  128.1300  127.460  105799.0
2017-08-18  126.9400  125.930  180303.0
2017-08-21  125.6000  125.210  153398.0
2017-08-22  125.7200  126.140  133202.0
2017-08-23  125.8400  125.640   57467.0
2017-08-24  126.1100  125.640   43810.0
2017-08-25  126.4300  125.760   39306.0
2017-08-28  125.7800  126.310   99859.0
2017-08-29  125.3800  126.700  157589.0
2017-08-30  126.9500  125.730  139614.0
2017-08-31  126.2500  129.000  130055.0
2017-09-01  128.9400  128.500   95058.0
2017-09-05  128.1600  128.310  114902.0
2017-09-06  128.1700  128.190  154962.0
2017-09-07  128.8700  128.360   94237.0
2017-09-08  128.1500  128.250  143864.0
2017-09-11  128.9200  128.200  138817.0
2017-09-12  128.1900  128.520  269407.0
2017-09-13  128.7100  132.210  132871.0
2017-09-14  132.0500  130.100   82992.0
2017-09-15  129.3900  126.810  149506.0
2017-09-18  126.7100  125.950  175767.0
2017-09-19  126.4900  125.850   88069.0
2017-09-20  125.7700  125.300   71020.0
2017-09-21  124.6600  124.510   67115.0
2017-09-22  123.9300  124.760   58351.0
2017-09-25  124.7900  123.960   50979.0
2017-09-26  124.4400  124.540   88060.0
2017-09-27  124.9100  127.330   92359.0
2017-09-28  127.2700  127.720   68321.0
2017-09-29  128.0000  127.710   49800.0
2017-10-02  128.0000  129.060   68822.0
2017-10-03  129.0600  129.270   56924.0
2017-10-04  129.9700  130.990  113810.0
2017-10-05  130.9800  131.160   73892.0
2017-10-06  131.1100  131.360   54505.0
2017-10-09  131.8500  132.120   74509.0
2017-10-10  132.2300  132.350   69124.0
2017-10-11  132.2300  132.130   65016.0
2017-10-12  132.1200  133.570   79999.0
2017-10-13  134.0600  135.000  191252.0
2017-10-16  134.9900  135.830   98817.0
2017-10-17  136.0000  135.890  103441.0
2017-10-18  135.8800  136.000   66218.0
2017-10-19  135.7400  135.560   70598.0
2017-10-20  136.8000  137.000  113753.0
2017-10-23  137.2700  136.880  168096.0
2017-10-24  136.8900  137.040   62913.0
2017-10-25  136.8800  137.850  111901.0
2017-10-26  138.5900  140.960  176895.0
2017-10-27  141.2500  140.860  153481.0
2017-10-30  140.3200  135.810  163788.0
2017-10-31  136.4400  132.260  224293.0
2017-11-01  133.4000  134.540  158966.0
2017-11-02  134.3400  133.990  107781.0
2017-11-03  134.0100  133.680  117492.0
2017-11-06  133.3200  134.300  123099.0
2017-11-07  134.4500  133.710   86823.0
2017-11-09  132.9750  133.390   94544.0
2017-11-10  133.1000  133.500   79499.0
2017-11-13  132.6500  132.220   80983.0
2017-11-14  131.7900  133.180  197568.0
2017-11-15  132.6200  132.240  132614.0
2017-11-16  132.7800  133.420   84554.0
2017-11-17  133.0700  133.760  102241.0
2017-11-20  134.0000  134.590   84765.0
2017-11-21  135.3400  137.000   65687.0
2017-11-22  137.0000  137.460   39912.0
2017-11-24  138.1200  137.430   29740.0
2017-11-27  137.4400  136.300   57892.0
2017-11-28  136.2500  138.200   48252.0
2017-11-29  138.5000  136.590   60727.0
2017-11-30  137.1600  136.760   48998.0
2017-12-01  136.8400  135.000   54476.0
2017-12-04  136.1600  135.230  116953.0
2017-12-05  135.2600  134.560   54732.0
2017-12-06  134.3800  134.470   76635.0
2017-12-07  132.5600  133.990   94743.0
2017-12-08  134.5400  136.250   98853.0
2017-12-11  136.3697  133.680  101276.0
2017-12-12  133.8700  132.360   49438.0
2017-12-13  132.7800  132.850  100895.0
2017-12-14  133.0900  131.750  105364.0
2017-12-15  131.6200  132.650  181326.0
2017-12-18  132.8700  133.980   61941.0
2017-12-19  133.9700  134.820  104300.0
2017-12-20  135.2100  135.070   66837.0
2017-12-21  135.3900  133.650   64587.0
2017-12-22  133.5600  131.930   81937.0
2017-12-26  132.0275  131.040   81481.0
2017-12-27  130.9900  131.390   58466.0
2017-12-28  132.0100  131.600   30721.0
2017-12-29  131.8100  131.300   36537.0
2018-01-02  131.6400  131.800   55325.0
2018-01-03  131.9300  132.380   71707.0
2018-01-04  133.2600  135.060   76428.0
2018-01-05  135.3400  135.010   49643.0
2018-01-08  134.7700  136.610   55612.0
2018-01-09  136.6900  136.250   54899.0
2018-01-10  134.6000  136.620   42626.0
2018-01-11  136.9700  138.360   57717.0
2018-01-12  138.6200  139.750   53582.0
2018-01-16  139.9600  138.310   62453.0
2018-01-17  138.6000  139.600   50658.0
2018-01-18  138.9900  138.850   71421.0
2018-01-19  138.5800  140.980   71536.0
2018-01-22  140.6500  139.220   55860.0
2018-01-23  139.3300  139.100   35144.0
2018-01-24  139.6800  138.400   89322.0
2018-01-25  138.4700  137.330  150733.0
2018-01-26  137.7700  137.790  213453.0
2018-01-29  137.1200  137.950   99756.0
2018-01-30  137.0600  138.380   68237.0
2018-01-31  138.5300  137.730   72368.0
2018-02-01  136.8200  139.140  102979.0
2018-02-02  138.4100  135.770   61038.0