date    open  close      volume
                                    
2013-01-02  60.750  60.58   1589000.0
2013-01-03  60.460  60.81   1329400.0
2013-01-04  60.780  60.93    923300.0
2013-01-07  60.700  60.21   1162400.0
2013-01-08  59.950  60.12   2097200.0
2013-01-09  60.110  59.98   1959600.0
2013-01-10  60.470  60.69   1307200.0
2013-01-11  60.730  61.18   1390500.0
2013-01-14  61.100  61.34   1559800.0
2013-01-15  60.960  61.76   1553800.0
2013-01-16  61.470  61.68   1374400.0
2013-01-17  62.000  61.79   2011400.0
2013-01-18  61.820  61.33   2054600.0
2013-01-22  61.430  61.71   1381100.0
2013-01-23  61.580  61.47    815200.0
2013-01-24  61.700  61.48   2824900.0
2013-01-25  61.940  61.79   1223700.0
2013-01-28  62.160  61.51   1536800.0
2013-01-29  61.980  63.81   2847500.0
2013-01-30  63.850  62.84   2342000.0
2013-01-31  61.810  59.52   4864200.0
2013-02-01  60.010  60.30   3920700.0
2013-02-04  59.920  59.33   1866000.0
2013-02-05  59.740  60.08   1571400.0
2013-02-06  59.640  60.30   1332900.0
2013-02-07  60.210  59.87   1593900.0
2013-02-08  60.000  60.07   2150400.0
2013-02-11  60.090  60.03   1288100.0
2013-02-12  60.100  60.10   1301200.0
2013-02-13  60.250  60.08   1367400.0
2013-02-14  59.710  60.32   1604400.0
2013-02-15  60.720  61.35   2598200.0
2013-02-19  61.550  61.99   1339100.0
2013-02-20  61.820  61.51   2825500.0
2013-02-21  61.070  61.04   2207800.0
2013-02-22  61.250  61.68   1289000.0
2013-02-25  61.940  60.11   1629600.0
2013-02-26  60.500  60.63   1460700.0
2013-02-27  60.300  61.06   1163600.0
2013-02-28  61.010  60.88   1347600.0
2013-03-01  60.420  60.40   1884700.0
2013-03-04  60.480  60.37   1900200.0
2013-03-05  60.700  60.81   1179700.0
2013-03-06  60.920  61.34   1650700.0
2013-03-07  61.450  61.53   1004300.0
2013-03-08  61.750  62.29   1430700.0
2013-03-11  62.110  61.76   1603000.0
2013-03-12  61.910  61.68   1560700.0
2013-03-13  61.630  61.37   1275000.0
2013-03-14  61.530  61.66   2002500.0
2013-03-15  61.440  62.14   2269700.0
2013-03-18  61.420  61.93   1332700.0
2013-03-19  61.970  60.92   1753500.0
2013-03-20  61.310  61.84   1312800.0
2013-03-21  61.510  61.28   1435100.0
2013-03-22  61.490  61.71   1358200.0
2013-03-25  61.780  62.03   1367400.0
2013-03-26  62.450  63.59   1816200.0
2013-03-27  63.400  63.80   1451300.0
2013-03-28  63.790  63.73   1611400.0
2013-04-01  63.670  63.29   1120500.0
2013-04-02  63.440  63.20    913100.0
2013-04-03  63.190  62.95   1710000.0
2013-04-04  62.820  62.76   2421800.0
2013-04-05  61.880  62.75   1207400.0
2013-04-08  62.600  63.60   1411100.0
2013-04-09  63.610  64.66   1480300.0
2013-04-10  64.740  64.14   1382600.0
2013-04-11  64.430  63.71    980300.0
2013-04-12  63.220  61.54   2218400.0
2013-04-15  61.100  60.24   3979800.0
2013-04-16  60.950  60.63   2481200.0
2013-04-17  60.250  59.98   3918600.0
2013-04-18  60.030  60.93   2616100.0
2013-04-19  61.370  60.60   2018500.0
2013-04-22  60.750  60.40   1833500.0
2013-04-23  60.570  60.85   2170900.0
2013-04-24  60.960  61.06   1586100.0
2013-04-25  61.450  61.41   1518000.0
2013-04-26  61.400  61.19   1033900.0
2013-04-29  61.630  62.24   1409000.0
2013-04-30  62.370  62.09   1878500.0
2013-05-01  61.420  60.80   2284600.0
2013-05-02  61.190  60.63   2042400.0
2013-05-03  61.100  61.44   1505400.0
2013-05-06  61.350  62.60   1542300.0
2013-05-07  62.900  64.21   1986000.0
2013-05-08  64.220  64.06   2628400.0
2013-05-09  64.130  63.91   1399300.0
2013-05-10  63.740  62.75   1891300.0
2013-05-13  62.460  62.93   1465200.0
2013-05-14  63.230  64.63   1899100.0
2013-05-15  63.940  64.24   1104900.0
2013-05-16  63.990  63.72   1475500.0
2013-05-17  63.960  64.27   1278000.0
2013-05-20  64.280  64.79   1951300.0
2013-05-21  64.890  64.39   1264300.0
2013-05-22  64.320  62.63   2344100.0
2013-05-23  62.080  61.99   1999800.0
2013-05-24  61.790  61.58   1945400.0
2013-05-28  62.320  61.70   1791500.0
2013-05-29  61.510  62.96   2380500.0
2013-05-30  62.980  64.12   1832800.0
2013-05-31  64.000  63.32   2019500.0
2013-06-03  63.380  63.32   1600900.0
2013-06-04  63.200  63.02   1410300.0
2013-06-05  62.980  63.05   1910500.0
2013-06-06  62.990  64.05   1488100.0
2013-06-07  64.180  65.74   2138800.0
2013-06-10  65.740  66.09   1967200.0
2013-06-11  65.140  64.65   1612600.0
2013-06-12  65.040  63.36   1357800.0
2013-06-13  63.220  63.96   1590800.0
2013-06-14  63.080  63.06   1478100.0
2013-06-17  63.640  63.62   1226500.0
2013-06-18  63.480  63.60   1678600.0
2013-06-19  63.410  62.71   1669200.0
2013-06-20  61.960  61.15   2326500.0
2013-06-21  61.580  61.29   2103900.0
2013-06-24  60.630  60.31   1736000.0
2013-06-25  61.060  61.23   1541600.0
2013-06-26  61.550  61.19   2619100.0
2013-06-27  61.640  61.55   1727000.0
2013-06-28  61.290  60.89   1793600.0
2013-07-01  61.410  61.19   1170800.0
2013-07-02  61.450  60.89   2028800.0
2013-07-03  60.890  61.19   1348100.0
2013-07-05  61.610  61.59    951700.0
2013-07-08  61.930  61.78   1555700.0
2013-07-09  62.360  62.65   1784300.0
2013-07-10  62.720  62.89   1216400.0
2013-07-11  63.810  64.18   1232200.0
2013-07-12  64.050  64.58   1137500.0
2013-07-15  64.610  64.88   1202000.0
2013-07-16  64.910  64.38    981700.0
2013-07-17  64.490  65.03    917400.0
2013-07-18  65.130  65.73   1202500.0
2013-07-19  65.980  66.90   1288900.0
2013-07-22  67.000  67.30   1149300.0
2013-07-23  67.290  68.55   1921100.0
2013-07-24  67.900  67.71   1561200.0
2013-07-25  67.770  68.32   1205300.0
2013-07-26  67.930  67.69   1172400.0
2013-07-29  67.530  67.17   1029900.0
2013-07-30  67.280  67.31   1197000.0
2013-07-31  67.310  67.72   1775400.0
2013-08-01  68.150  71.84   3236600.0
2013-08-02  71.860  71.28   1296100.0
2013-08-05  71.110  70.99   1368100.0
2013-08-06  71.060  70.48   1626000.0
2013-08-07  70.070  69.67   1822100.0
2013-08-08  70.990  70.23    982600.0
2013-08-09  70.340  70.90    799400.0
2013-08-12  70.490  71.23   1199400.0
2013-08-13  71.120  70.44   1303000.0
2013-08-14  70.370  69.84   1092800.0
2013-08-15  69.510  69.84   1058000.0
2013-08-16  69.530  68.69   1669900.0
2013-08-19  68.140  67.84   1164400.0
2013-08-20  67.760  67.65   1361300.0
2013-08-21  67.410  66.49   1417000.0
2013-08-22  66.780  67.20    794700.0
2013-08-23  67.340  66.97   1128000.0
2013-08-26  67.030  66.13   1539200.0
2013-08-27  65.470  65.41   1524500.0
2013-08-28  65.600  66.06   1450000.0
2013-08-29  65.940  65.81   1493100.0
2013-08-30  66.070  67.42   2635700.0
2013-09-03  59.060  59.80   5840000.0
2013-09-04  59.880  60.43   2948200.0
2013-09-05  60.510  61.07   1839300.0
2013-09-06  61.260  61.77   1644900.0
2013-09-09  61.730  62.26   1490700.0
2013-09-10  62.510  62.30   1625700.0
2013-09-11  62.420  62.54   2194800.0
2013-09-12  62.660  61.88   1683800.0
2013-09-13  61.990  61.56   1175300.0
2013-09-16  62.210  61.61    956900.0
2013-09-17  61.700  61.72    845400.0
2013-09-18  61.610  62.27    919800.0
2013-09-19  62.300  61.73   1443900.0
2013-09-20  61.560  61.52   2194600.0
2013-09-23  61.190  61.06   1186800.0
2013-09-24  61.020  61.44   1310100.0
2013-09-25  61.500  61.36    995800.0
2013-09-26  61.450  61.54    945200.0
2013-09-27  61.060  61.27    889900.0
2013-09-30  60.520  60.32   1542800.0
2013-10-01  60.080  60.85   1741700.0
2013-10-02  60.560  62.01   1563600.0
2013-10-03  61.730  61.81   1642400.0
2013-10-04  61.900  62.92   1287700.0
2013-10-07  62.460  61.84   1718100.0
2013-10-08  61.800  61.16   1212100.0
2013-10-09  61.180  60.23   2005700.0
2013-10-10  61.010  61.53   1332000.0
2013-10-11  61.130  61.88    921500.0
2013-10-14  61.120  61.38   2203800.0
2013-10-15  61.390  61.93   1867800.0
2013-10-16  62.270  62.10   1261100.0
2013-10-17  62.080  61.95   1225300.0
2013-10-18  62.430  62.44   1297100.0
2013-10-21  62.240  61.55   1598200.0
2013-10-22  61.740  61.72    954200.0
2013-10-23  61.300  61.34   1259200.0
2013-10-24  61.340  61.65    952700.0
2013-10-25  61.890  61.75    672300.0
2013-10-28  61.930  62.11   1358200.0
2013-10-29  62.240  62.83   1132900.0
2013-10-30  62.910  62.02   1742000.0
2013-10-31  60.800  60.32   4038100.0
2013-11-01  59.900  60.40   2491900.0
2013-11-04  60.570  61.36   1463300.0
2013-11-05  61.310  60.36   2067800.0
2013-11-06  60.660  60.25   1354900.0
2013-11-07  60.160  59.93   2184800.0
2013-11-08  60.100  61.04   1408700.0
2013-11-11  61.250  61.84   1094800.0
2013-11-12  62.770  61.87   2352200.0
2013-11-13  61.140  61.56   1289900.0
2013-11-14  61.540  62.24   1156900.0
2013-11-15  62.270  62.83   1089500.0
2013-11-18  63.170  62.99   2068100.0
2013-11-19  62.850  63.10   1592300.0
2013-11-20  63.450  62.88   1385100.0
2013-11-21  63.300  63.55    759600.0
2013-11-22  63.690  64.25   1154200.0
2013-11-25  64.080  64.22   1679000.0
2013-11-26  63.980  64.95   1451400.0
2013-11-27  64.780  65.09   2072900.0
2013-11-29  65.030  64.93    687900.0
2013-12-02  65.180  65.12   1782000.0
2013-12-03  64.860  65.55   1627500.0
2013-12-04  65.210  64.55   1693500.0
2013-12-05  64.530  63.54   1498700.0
2013-12-06  64.080  63.90   1087000.0
2013-12-09  64.660  64.12   1201600.0
2013-12-10  64.030  64.10   1085800.0
2013-12-11  64.190  63.45   1502800.0
2013-12-12  63.550  63.15   1128100.0
2013-12-13  63.030  63.01   1011500.0
2013-12-16  63.160  63.30   1057300.0
2013-12-17  63.080  63.11   1444800.0
2013-12-18  63.180  63.90   1211500.0
2013-12-19  63.830  64.41   1141500.0
2013-12-20  64.520  63.59   2282200.0
2013-12-23  63.990  63.67    888900.0
2013-12-24  63.740  63.72    291300.0
2013-12-26  63.960  64.12    691900.0
2013-12-27  64.410  64.42    408700.0
2013-12-30  64.590  64.14    600400.0
2013-12-31  64.120  64.88    868300.0
2014-01-02  64.560  63.70    936800.0
2014-01-03  63.630  63.30    928500.0
2014-01-06  63.170  62.77   1617000.0
2014-01-07  63.020  63.40   1175000.0
2014-01-08  63.400  62.89   1676000.0
2014-01-09  62.910  63.39   1420800.0
2014-01-10  63.570  62.95   1162800.0
2014-01-13  62.770  62.34   1865700.0
2014-01-14  62.430  62.70   1763200.0
2014-01-15  62.640  62.94   1312600.0
2014-01-16  62.790  62.53    899300.0
2014-01-17  62.880  62.77   1451500.0
2014-01-21  63.110  62.93   1201100.0
2014-01-22  63.220  63.35   1108600.0
2014-01-23  63.000  62.51   1509100.0
2014-01-24  61.960  60.50   1383500.0
2014-01-27  60.570  60.29   1186700.0
2014-01-28  60.190  61.17   1177900.0
2014-01-29  60.950  60.47   2300400.0
2014-01-30  58.940  57.44   3459400.0
2014-01-31  56.460  56.61   2595800.0
2014-02-03  56.250  55.37   2774800.0
2014-02-04  55.580  55.68   1833200.0
2014-02-05  55.640  54.74   2083400.0
2014-02-06  55.200  55.87   3910900.0
2014-02-07  56.300  57.93   5908000.0
2014-02-10  58.000  56.93   2638400.0
2014-02-11  57.100  57.17   1926900.0
2014-02-12  57.310  56.28   2181700.0
2014-02-13  55.560  57.22   2986300.0
2014-02-14  57.190  60.06   5243900.0
2014-02-18  60.110  58.59   2279400.0
2014-02-19  58.280  57.59   2374300.0
2014-02-20  57.520  58.11   1481000.0
2014-02-21  58.040  57.67   1592600.0
2014-02-24  58.100  59.13   2232600.0
2014-02-25  59.110  59.08   1254700.0
2014-02-26  59.010  59.25   1554000.0
2014-02-27  59.210  59.31   1140500.0
2014-02-28  59.260  59.37   1495100.0
2014-03-03  59.230  59.21   1246300.0
2014-03-04  59.540  59.44   1084200.0
2014-03-05  59.460  59.49   1681400.0
2014-03-06  59.510  59.89    983200.0
2014-03-07  60.170  59.87   1045600.0
2014-03-10  59.870  59.69   1405200.0
2014-03-11  59.780  59.33   1575300.0
2014-03-12  59.000  59.50   1328800.0
2014-03-13  59.650  59.02   1493900.0
2014-03-14  59.000  60.26   1934100.0
2014-03-17  61.300  60.06   1281200.0
2014-03-18  60.080  60.36    936600.0
2014-03-19  60.260  59.91   1010900.0
2014-03-20  59.610  60.71   1469700.0
2014-03-21  61.270  61.44   2492400.0
2014-03-24  62.150  61.81   2182600.0
2014-03-25  62.000  61.97   1444900.0
2014-03-26  62.210  61.66   1450200.0
2014-03-27  61.830  62.28   1380600.0
2014-03-28  62.560  62.75   1066000.0
2014-03-31  63.000  62.86   1802300.0
2014-04-01  62.930  62.98   1051400.0
2014-04-02  62.830  63.44   1336700.0
2014-04-03  62.050  61.87   3073800.0
2014-04-04  62.140  61.91   1598400.0
2014-04-07  61.780  61.27   1307100.0
2014-04-08  60.880  61.10   2529400.0
2014-04-09  60.950  60.40   2290200.0
2014-04-10  60.400  60.02   1908700.0
2014-04-11  59.890  59.61   1362700.0
2014-04-14  60.020  59.95   1364000.0
2014-04-15  59.990  61.60   1697600.0
2014-04-16  62.520  63.17   1875600.0
2014-04-17  63.020  63.94   1379400.0
2014-04-21  63.990  64.33    700200.0
2014-04-22  63.980  63.78   1154900.0
2014-04-23  63.860  64.82    897800.0
2014-04-24  65.000  64.75   1088800.0
2014-04-25  64.520  63.73    865300.0
2014-04-28  64.000  64.12   1333300.0
2014-04-29  64.590  64.53   1155100.0
2014-04-30  64.170  63.43   2428500.0
2014-05-01  61.000  61.36   3620000.0
2014-05-02  61.380  61.21   2141600.0
2014-05-05  61.210  61.29   2203700.0
2014-05-06  61.240  60.84   1436000.0
2014-05-07  61.320  60.99   1228900.0
2014-05-08  60.890  59.99   1477100.0
2014-05-09  59.900  60.00   1515600.0
2014-05-12  60.370  61.11   1338900.0
2014-05-13  61.090  60.99   1312000.0
2014-05-14  60.780  60.82    929800.0
2014-05-15  61.310  61.10   1473900.0
2014-05-16  60.900  60.13    909900.0
2014-05-19  60.030  60.76   1194200.0
2014-05-20  60.640  60.44    755400.0
2014-05-21  61.230  61.65   1478600.0
2014-05-22  61.560  61.15    879600.0
2014-05-23  61.060  60.78    939200.0
2014-05-27  60.880  60.65   1623000.0
2014-05-28  60.740  60.59   1164700.0
2014-05-29  60.840  61.84   1337100.0
2014-05-30  61.500  61.67   1673900.0
2014-06-02  61.960  62.05    972300.0
2014-06-03  61.950  62.00   1263800.0
2014-06-04  61.970  62.17    927500.0
2014-06-05  62.140  62.47    689400.0
2014-06-06  62.630  63.16    712200.0
2014-06-09  63.160  63.80    678600.0
2014-06-10  63.240  63.24   1605300.0
2014-06-11  63.130  63.63    989100.0
2014-06-12  63.990  64.14   1081800.0
2014-06-13  64.310  65.28   1288700.0
2014-06-16  65.280  65.35   1015100.0
2014-06-17  64.990  64.71   1271900.0
2014-06-18  64.650  64.89   1226500.0
2014-06-19  64.910  65.56    923300.0
2014-06-20  65.860  66.01   1712800.0
2014-06-23  66.560  66.82   1093600.0
2014-06-24  66.800  64.89   1119900.0
2014-06-25  64.640  65.78   1218400.0
2014-06-26  65.840  66.15    961600.0
2014-06-27  66.020  66.68   1264000.0
2014-06-30  66.700  66.48   1152400.0
2014-07-01  66.780  66.62   1054300.0
2014-07-02  66.450  66.74    790600.0
2014-07-03  66.980  66.76    679900.0
2014-07-07  66.390  67.00   1540600.0
2014-07-08  66.770  66.20   1532500.0
2014-07-09  66.230  66.05   1141000.0
2014-07-10  65.390  65.45   1191000.0
2014-07-11  65.500  65.24   1350700.0
2014-07-14  65.450  65.64    839700.0
2014-07-15  65.380  65.03   1183300.0
2014-07-16  65.490  65.97   1018400.0
2014-07-17  66.210  66.13   2315400.0
2014-07-18  66.260  66.32   1142700.0
2014-07-21  65.890  66.64   1180500.0
2014-07-22  66.890  67.09   1050300.0
2014-07-23  67.280  67.75    917700.0
2014-07-24  67.700  67.73   1187500.0
2014-07-25  67.700  67.61    676700.0
2014-07-28  67.560  67.51    693200.0
2014-07-29  67.260  67.23    753700.0
2014-07-30  67.630  66.72   1433600.0
2014-07-31  61.240  62.13   3942100.0
2014-08-01  61.510  61.53   2145100.0
2014-08-04  61.470  62.05   1296500.0
2014-08-05  61.590  60.67   1526900.0
2014-08-06  60.440  60.85   1358800.0
2014-08-07  61.690  60.37   1491200.0
2014-08-08  60.500  61.32   1110300.0
2014-08-11  61.690  61.13    723400.0
2014-08-12  60.880  60.29    871700.0
2014-08-13  60.550  60.02   1175200.0
2014-08-14  59.880  59.86    981000.0
2014-08-15  60.200  60.46    999900.0
2014-08-18  60.570  60.55   1264800.0
2014-08-19  60.760  60.48   1363200.0
2014-08-20  60.490  60.61    830100.0
2014-08-21  60.500  61.32    780200.0
2014-08-22  61.120  60.85    618000.0
2014-08-25  61.070  61.28    594900.0
2014-08-26  61.390  61.13    737900.0
2014-08-27  61.250  60.79    716100.0
2014-08-28  60.740  61.11    733100.0
2014-08-29  61.520  62.47   1290800.0
2014-09-02  62.300  60.96    945800.0
2014-09-03  61.410  61.20    934200.0
2014-09-04  61.140  59.68   1314200.0
2014-09-05  59.720  59.94   1010700.0
2014-09-08  59.570  58.99   1058000.0
2014-09-09  59.040  58.60    841000.0
2014-09-10  58.480  58.33    822100.0
2014-09-11  57.830  58.01   1183900.0
2014-09-12  57.770  57.27    706700.0
2014-09-15  57.030  57.94   1392900.0
2014-09-16  58.000  58.49   1207600.0
2014-09-17  58.490  58.27    903300.0
2014-09-18  58.300  57.70    782400.0
2014-09-19  57.980  57.86   1289500.0
2014-09-22  57.170  57.15    760400.0
2014-09-23  57.130  57.56   1395116.0
2014-09-24  57.560  57.28   1326041.0
2014-09-25  57.310  56.18    946003.0
2014-09-26  56.230  57.06    924897.0
2014-09-29  56.430  57.00   1122179.0
2014-09-30  57.000  56.91   2800089.0
2014-10-01  56.920  56.13   2471657.0
2014-10-02  55.400  55.72   1498556.0
2014-10-03  55.710  55.05   1156938.0
2014-10-06  55.100  54.94   1202441.0
2014-10-07  54.490  54.38   1453158.0
2014-10-08  54.240  55.50   1996327.0
2014-10-09  54.950  53.91   2584128.0
2014-10-10  53.590  53.18   2460598.0
2014-10-13  53.030  50.79   2209073.0
2014-10-14  51.030  50.53   2385053.0
2014-10-15  49.900  51.11   3170029.0
2014-10-16  49.940  51.88   2911538.0
2014-10-17  52.860  51.46   2746227.0
2014-10-20  51.380  51.73   1784593.0
2014-10-21  52.190  53.42   1420263.0
2014-10-22  53.560  52.05   1210907.0
2014-10-23  52.660  53.04   1126009.0
2014-10-24  52.850  52.15   1699535.0
2014-10-27  51.320  50.89   1491335.0
2014-10-28  51.320  52.63   1118187.0
2014-10-29  53.230  52.00   2495207.0
2014-10-30  52.000  52.21   3000916.0
2014-10-31  51.800  53.39   1889572.0
2014-11-03  53.810  52.44   1907320.0
2014-11-04  51.580  51.24   1503581.0
2014-11-05  51.600  52.25   1485403.0
2014-11-06  52.130  53.05   1836830.0
2014-11-07  53.260  54.53   2022106.0
2014-11-10  54.990  53.85   2378777.0
2014-11-11  54.060  54.12   1626173.0
2014-11-12  52.840  52.52   1632877.0
2014-11-13  52.100  51.33   1348809.0
2014-11-14  51.530  51.94   1247093.0
2014-11-17  51.320  51.41   1084191.0
2014-11-18  51.300  51.72    821466.0
2014-11-19  51.720  51.61   1881610.0
2014-11-20  51.630  53.26   1666896.0
2014-11-21  54.210  54.08   1245042.0
2014-11-24  53.920  52.99   1153505.0
2014-11-25  53.330  52.44   2444073.0
2014-11-26  52.220  51.58    864872.0
2014-11-28  49.300  48.42   4022179.0
2014-12-01  48.000  49.03   3402326.0
2014-12-02  48.550  49.08   2467306.0
2014-12-03  49.400  49.72   1755216.0
2014-12-04  48.780  49.19   1733973.0
2014-12-05  49.000  48.92   1930283.0
2014-12-08  48.150  46.15   2632540.0
2014-12-09  46.030  46.85   2106696.0
2014-12-10  45.970  45.43   2080278.0
2014-12-11  45.540  45.66   2070250.0
2014-12-12  44.690  44.92   3035076.0
2014-12-15  45.380  44.39   1807148.0
2014-12-16  43.780  44.84   3416140.0
2014-12-17  45.180  47.52   2890548.0
2014-12-18  48.860  48.62   2327876.0
2014-12-19  48.930  50.66   3821294.0
2014-12-22  49.930  49.93   1627764.0
2014-12-23  50.350  51.10   1437931.0
2014-12-24  50.680  50.31    651335.0
2014-12-26  50.740  50.33    675528.0
2014-12-29  50.590  50.53   1110433.0
2014-12-30  50.280  50.74   1379091.0
2014-12-31  50.020  50.52   1282782.0
2015-01-02  49.910  50.49   1425871.0
2015-01-05  49.520  47.80   2079801.0
2015-01-06  47.610  46.58   2380724.0
2015-01-07  47.340  46.48   2030329.0
2015-01-08  47.060  48.57   2919549.0
2015-01-09  48.560  48.51   1368721.0
2015-01-12  47.290  46.74   2201387.0
2015-01-13  46.950  46.63   2058949.0
2015-01-14  46.450  46.36   1822036.0
2015-01-15  47.200  45.48   1338615.0
2015-01-16  45.790  47.68   2741078.0
2015-01-20  47.030  47.37   1537278.0
2015-01-21  47.520  48.03   1366427.0
2015-01-22  48.340  48.11   1282598.0
2015-01-23  47.730  46.63   2368385.0
2015-01-26  46.660  46.87   1678027.0
2015-01-27  46.580  46.78   2131470.0
2015-01-28  46.380  43.40   4028284.0
2015-01-29  43.830  43.68   3957408.0
2015-01-30  43.390  44.91   3165094.0
2015-02-02  46.200  47.65   2804000.0
2015-02-03  48.800  49.91   3059631.0
2015-02-04  48.890  49.17   2875600.0
2015-02-05  49.600  50.19   1836438.0
2015-02-06  50.770  50.51   2209806.0
2015-02-09  50.980  51.07   3357996.0
2015-02-10  51.170  51.07   3349853.0
2015-02-11  50.280  50.93   2693010.0
2015-02-12  51.310  50.89   1723165.0
2015-02-13  51.780  51.77   1815384.0
2015-02-17  51.490  51.60   1618953.0
2015-02-18  50.810  50.51   1916907.0
2015-02-19  46.980  50.04   2156229.0
2015-02-20  50.070  50.27   1355370.0
2015-02-23  49.520  50.56   1863068.0
2015-02-24  51.200  51.00   1531172.0
2015-02-25  51.000  51.65   1138765.0
2015-02-26  51.240  51.01   2215549.0
2015-02-27  51.190  50.89   2081804.0
2015-03-02  50.520  49.11   2022373.0
2015-03-03  49.330  49.94   1209946.0
2015-03-04  49.900  49.98    968283.0
2015-03-05  49.690  49.88   1392656.0
2015-03-06  49.400  48.60   1834353.0
2015-03-09  48.450  47.64   1225383.0
2015-03-10  47.060  46.37   1960187.0
2015-03-11  46.650  47.24    985856.0
2015-03-12  47.500  46.59   1001655.0
2015-03-13  46.130  46.83   1492741.0
2015-03-16  46.410  47.56   1276447.0
2015-03-17  47.170  47.24   1016333.0
2015-03-18  46.970  49.29   1657615.0
2015-03-19  48.490  46.82   2441508.0
2015-03-20  47.390  47.69   2802171.0
2015-03-23  47.820  47.02   1644648.0
2015-03-24  46.000  45.95   2337741.0
2015-03-25  46.310  47.07   1691494.0
2015-03-26  47.840  47.35   1279257.0
2015-03-27  46.950  46.86   1335456.0
2015-03-30  47.590  47.67   1467676.0
2015-03-31  47.060  46.60   1720152.0
2015-04-01  46.880  47.64   1736267.0
2015-04-02  47.380  48.39   1655483.0
2015-04-06  48.860  50.07   2340416.0
2015-04-07  50.110  50.42   1801817.0
2015-04-08  50.660  49.03   2118068.0
2015-04-09  49.270  49.61   2620433.0
2015-04-10  49.710  49.38   1205434.0
2015-04-13  49.670  48.94   1165941.0
2015-04-14  49.290  49.42   2499003.0
2015-04-15  49.840  50.56   3429728.0
2015-04-16  50.270  50.03   2226605.0
2015-04-17  49.640  49.64   1826274.0
2015-04-20  49.780  50.02   2201021.0
2015-04-21  50.070  49.27   1671854.0
2015-04-22  49.530  49.27   1059670.0
2015-04-23  49.460  49.36   1827529.0
2015-04-24  49.100  48.07   2357541.0
2015-04-27  48.310  47.93   2082791.0
2015-04-28  48.210  48.40   2019908.0
2015-04-29  48.380  49.19   2197409.0
2015-04-30  49.300  47.61   5969906.0
2015-05-01  47.510  46.56   2653095.0
2015-05-04  46.500  46.47   2572289.0
2015-05-05  47.040  46.90   3041914.0
2015-05-06  47.300  47.04   2806968.0
2015-05-07  46.990  46.71   2929517.0
2015-05-08  47.180  46.64   2587065.0
2015-05-11  46.640  45.06   2645737.0
2015-05-12  45.100  45.12   1472916.0
2015-05-13  45.150  44.77   2127933.0
2015-05-14  44.910  44.43   1646364.0
2015-05-15  44.120  44.52   1848418.0
2015-05-18  43.970  43.52   2579856.0
2015-05-19  43.090  42.92   2524525.0
2015-05-20  43.230  43.14   2269850.0
2015-05-21  43.510  43.47   1995948.0
2015-05-22  42.910  43.44   1192653.0
2015-05-26  42.880  42.95   1516102.0
2015-05-27  42.890  43.33   1929464.0
2015-05-28  42.990  43.40   1772066.0
2015-05-29  43.470  43.46   1977219.0
2015-06-01  43.480  42.52   1855992.0
2015-06-02  42.800  42.92   1727250.0
2015-06-03  42.680  42.74   1313206.0
2015-06-04  42.330  42.48   1308752.0
2015-06-05  42.180  42.30   1612944.0
2015-06-08  42.090  42.16   2471853.0
2015-06-09  42.600  43.26   2583935.0
2015-06-10  43.960  43.94   1891032.0
2015-06-11  44.030  43.69   1566233.0
2015-06-12  43.450  43.39   1362292.0
2015-06-15  42.900  43.05   1305879.0
2015-06-16  43.070  43.62   1188076.0
2015-06-17  43.920  43.09   2220873.0
2015-06-18  43.280  42.80   1645487.0
2015-06-19  42.570  42.52   1777200.0
2015-06-22  42.700  42.81   1376033.0
2015-06-23  42.870  43.07    955301.0
2015-06-24  43.020  43.20   1170715.0
2015-06-25  42.830  42.18   2640182.0
2015-06-26  42.160  42.22   1370709.0
2015-06-29  41.550  41.42   2398921.0
2015-06-30  41.920  41.57   1855237.0
2015-07-01  41.600  40.95   2222246.0
2015-07-02  41.070  41.42   1825438.0
2015-07-06  40.630  40.78   1902282.0
2015-07-07  40.650  41.00   2793912.0
2015-07-08  40.560  40.31   2873605.0
2015-07-09  41.290  40.67   2319197.0
2015-07-10  41.130  40.06   1552249.0
2015-07-13  39.700  40.45   2081725.0
2015-07-14  40.410  40.81   1784319.0
2015-07-15  40.670  39.67   1412785.0
2015-07-16  39.780  38.73   1768377.0
2015-07-17  38.570  37.49   2188170.0
2015-07-20  37.300  36.28   2118468.0
2015-07-21  36.440  35.46   3412993.0
2015-07-22  35.580  34.64   4023036.0
2015-07-23  34.640  34.51   3569445.0
2015-07-24  34.670  33.33   3399062.0
2015-07-27  32.800  33.07   3285689.0
2015-07-28  33.210  34.12   3447667.0
2015-07-29  33.940  34.23   3279143.0
2015-07-30  34.380  34.97   4391886.0
2015-07-31  34.440  32.79   3740109.0
2015-08-03  32.420  32.14   3689770.0
2015-08-04  32.540  32.30   2394793.0
2015-08-05  32.650  31.65   2480648.0
2015-08-06  31.520  33.00   3299107.0
2015-08-07  32.810  32.30   2702381.0
2015-08-10  32.400  33.81   2184886.0
2015-08-11  33.060  33.16   2471529.0
2015-08-12  33.090  34.10   2638658.0
2015-08-13  33.330  32.95   2179245.0
2015-08-14  32.880  32.56   2260942.0
2015-08-17  32.260  32.29   1407292.0
2015-08-18  32.230  31.70   1733256.0
2015-08-19  31.440  30.63   2604647.0
2015-08-20  30.550  30.05   3501133.0
2015-08-21  29.960  29.27   3103734.0
2015-08-24  27.360  27.63   3342942.0
2015-08-25  29.190  26.90   2549687.0
2015-08-26  27.570  27.65   2368508.0
2015-08-27  28.490  29.48   3160796.0
2015-08-28  29.370  30.04   3858290.0
2015-08-31  29.500  31.00   3612032.0
2015-09-01  29.870  28.56   3465159.0
2015-09-02  29.010  29.09   3001521.0
2015-09-03  29.180  29.05   2254197.0
2015-09-04  28.570  28.64   2348454.0
2015-09-08  28.880  28.84   2194223.0
2015-09-09  29.070  28.03   2251629.0
2015-09-10  27.890  28.18   2668146.0
2015-09-11  27.620  26.78   4288142.0
2015-09-14  26.640  26.67   4478599.0
2015-09-15  26.790  27.02   2993962.0
2015-09-16  27.400  27.98   3522969.0
2015-09-17  28.000  27.68   2726662.0
2015-09-18  27.120  27.22   6167085.0
2015-09-21  27.430  27.56   3947416.0
2015-09-22  27.090  26.20   5062741.0
2015-09-23  26.290  25.27   4089428.0
2015-09-24  25.030  24.68   8023839.0
2015-09-25  24.980  24.75   3559498.0
2015-09-28  24.450  23.76   2868405.0
2015-09-29  23.910  23.98   7486117.0
2015-09-30  24.450  24.20   4076980.0
2015-10-01  24.560  23.65   6383792.0
2015-10-02  23.320  25.91   7297358.0
2015-10-05  26.440  27.23   5674135.0
2015-10-06  27.300  28.15   6543845.0
2015-10-07  28.630  28.94   4540756.0
2015-10-08  28.940  29.96   5025496.0
2015-10-09  30.030  30.42   4615337.0
2015-10-12  30.380  29.46   3593176.0
2015-10-13  29.110  28.79   3928441.0
2015-10-14  28.810  28.82   5168447.0
2015-10-15  28.780  29.21   5173628.0
2015-10-16  29.350  28.95   3904555.0
2015-10-19  28.550  27.58   3534179.0
2015-10-20  27.550  27.89   2802769.0
2015-10-21  27.790  27.26   2317519.0
2015-10-22  27.590  28.05   3034775.0
2015-10-23  27.850  28.35   2878404.0
2015-10-26  28.290  27.81   3521232.0
2015-10-27  27.280  26.19   4119487.0
2015-10-28  26.420  27.12   3932580.0
2015-10-29  27.050  28.26   6834605.0
2015-10-30  28.390  28.43   4646655.0
2015-11-02  28.310  29.92   3797127.0
2015-11-03  30.130  30.52   3797671.0
2015-11-04  30.650  30.42   2676782.0
2015-11-05  30.210  31.00   3591669.0
2015-11-06  30.610  30.82   2728601.0
2015-11-09  30.990  31.03   2663432.0
2015-11-10  30.910  30.78   1821538.0
2015-11-11  30.730  29.05   3895829.0
2015-11-12  28.090  28.64   3599120.0
2015-11-13  28.590  28.77   3142777.0
2015-11-16  28.880  30.10   3004146.0
2015-11-17  29.870  30.10   2766822.0
2015-11-18  30.430  30.93   2424947.0
2015-11-19  30.500  30.18   2127049.0
2015-11-20  30.210  28.66   3373322.0
2015-11-23  28.510  28.49   2973896.0
2015-11-24  28.830  29.57   3575054.0
2015-11-25  29.260  29.38   2196872.0
2015-11-27  29.000  28.40   1213435.0
2015-11-30  28.580  28.58   2613236.0
2015-12-01  28.680  29.11   1799190.0
2015-12-02  28.830  27.14   2893863.0
2015-12-03  27.330  26.31   3852863.0
2015-12-04  25.820  25.46   3212238.0
2015-12-07  24.630  23.68   3731331.0
2015-12-08  23.300  23.54   3176809.0
2015-12-09  23.600  22.85   4667001.0
2015-12-10  22.690  23.30   7334781.0
2015-12-11  22.940  22.58   3328853.0
2015-12-14  22.350  22.26   3557313.0
2015-12-15  22.660  22.58   3593541.0
2015-12-16  22.490  22.31   5610477.0
2015-12-17  22.180  21.80   5909615.0
2015-12-18  21.880  21.71   5675910.0
2015-12-21  21.730  21.75   4764645.0
2015-12-22  21.820  22.31   3603461.0
2015-12-23  22.940  23.62   4824013.0
2015-12-24  23.600  23.35   1266741.0
2015-12-28  22.790  22.37   2397705.0
2015-12-29  22.970  22.68   2495209.0
2015-12-30  22.210  21.95   2325581.0
2015-12-31  21.780  22.45   3045799.0
2016-01-04  22.340  22.95   4640199.0
2016-01-05  22.910  22.59   3197304.0
2016-01-06  21.720  20.12   5395050.0
2016-01-07  19.600  19.43   3980609.0
2016-01-08  19.590  19.31   4898152.0
2016-01-11  19.260  18.32   5162592.0
2016-01-12  19.130  18.24   5040354.0
2016-01-13  18.510  17.30   4937129.0
2016-01-14  17.970  18.42   5410239.0
2016-01-15  17.450  17.16   4735520.0
2016-01-19  17.320  16.38   5214650.0
2016-01-20  15.960  15.87   6701946.0
2016-01-21  15.840  17.24   5490759.0
2016-01-22  18.490  17.59   6333099.0
2016-01-25  16.840  16.81   5682244.0
2016-01-26  17.080  17.71   8104092.0
2016-01-27  17.410  18.14  10056031.0
2016-01-28  19.580  18.45  10670983.0
2016-01-29  19.040  19.61   6634166.0
2016-02-01  18.820  18.40   6212132.0
2016-02-02  17.760  17.43   5497578.0
2016-02-03  17.910  19.26   4932122.0
2016-02-04  19.450  20.00   6281671.0
2016-02-05  19.790  19.84   5673211.0
2016-02-08  19.230  19.23   5605630.0
2016-02-09  18.670  17.86   5034981.0
2016-02-10  17.840  16.76   5736382.0
2016-02-11  15.860  15.97   5996938.0
2016-02-12  16.320  16.79   5237533.0
2016-02-16  17.660  16.80   5146373.0
2016-02-17  16.990  17.98   5912774.0
2016-02-18  18.370  17.00   5129667.0
2016-02-19  16.590  15.76   6926857.0
2016-02-22  16.370  16.87   4403644.0
2016-02-23  16.560  16.17   4546551.0
2016-02-24  15.660  16.82   6809985.0
2016-02-25  16.980  16.43   5139553.0
2016-02-26  16.960  17.14   4622154.0
2016-02-29  17.220  17.18   4118223.0
2016-03-01  17.230  17.22   4745515.0
2016-03-02  16.970  19.30   5855377.0
2016-03-03  19.310  21.25   8773867.0
2016-03-04  21.740  23.70   9407654.0
2016-03-07  23.760  26.69  16922087.0
2016-03-08  26.280  22.78  11216280.0
2016-03-09  23.600  22.98   9571062.0
2016-03-10  22.700  22.95   6458080.0
2016-03-11  23.700  23.71   5103349.0
2016-03-14  23.140  23.74   4447610.0
2016-03-15  23.300  23.56   3865238.0
2016-03-16  23.670  24.44   4515555.0
2016-03-17  24.860  24.96   4362960.0
2016-03-18  25.280  25.39   8109521.0
2016-03-21  25.310  25.67   3374041.0
2016-03-22  25.200  25.93   3777752.0
2016-03-23  25.630  24.04   3471595.0
2016-03-24  23.300  24.13   3943728.0
2016-03-28  24.320  24.09   3118413.0
2016-03-29  23.410  24.54   3654999.0
2016-03-30  25.250  24.42   2556394.0
2016-03-31  24.400  25.19   3257850.0
2016-04-01  24.520  24.26   4110459.0
2016-04-04  24.290  23.82   3783153.0
2016-04-05  23.500  23.49   4613156.0
2016-04-06  23.750  24.65   3276256.0
2016-04-07  24.250  24.44   4249174.0
2016-04-08  25.430  25.69   3888199.0
2016-04-11  26.050  26.31   4009231.0
2016-04-12  26.770  28.82   6885051.0
2016-04-13  28.960  28.82   6676721.0
2016-04-14  29.020  28.89   4794890.0
2016-04-15  28.440  28.49   3679412.0
2016-04-18  27.220  29.13   3492849.0
2016-04-19  29.570  30.47   3845450.0
2016-04-20  30.250  31.24   4797464.0
2016-04-21  31.720  31.63   4927774.0
2016-04-22  31.870  33.66   5271770.0
2016-04-25  33.270  33.51   5460531.0
2016-04-26  33.910  34.87   5204518.0
2016-04-27  35.290  36.24   5786400.0
2016-04-28  36.610  35.40   6058273.0
2016-04-29  35.970  35.74   5647972.0
2016-05-02  35.770  35.14   4908909.0
2016-05-03  34.253  33.43   5212375.0
2016-05-04  34.110  32.81   5403825.0
2016-05-05  33.140  30.26   9783388.0
2016-05-06  29.760  30.34   5016662.0
2016-05-09  29.810  28.84   5341342.0
2016-05-10  29.060  29.91   3863190.0
2016-05-11  29.630  30.38   4057668.0
2016-05-12  30.490  30.35   5139622.0
2016-05-13  29.940  29.14   3217616.0
2016-05-16  29.950  30.07   3322366.0
2016-05-17  30.110  29.81   4309265.0
2016-05-18  29.660  28.90   3744117.0
2016-05-19  28.400  29.38   3535979.0
2016-05-20  29.500  29.40   3219146.0
2016-05-23  29.090  29.64   2524747.0
2016-05-24  29.900  30.26   2808607.0
2016-05-25  30.500  31.40   3748299.0
2016-05-26  31.850  31.04   3054803.0
2016-05-27  30.720  30.69   2566723.0
2016-05-31  30.860  30.91   4164005.0
2016-06-01  30.360  30.70   2747163.0
2016-06-02  30.190  30.47   3033977.0
2016-06-03  30.630  30.40   2412953.0
2016-06-06  31.030  31.43   2187718.0
2016-06-07  31.810  32.79   2812984.0
2016-06-08  33.290  32.35   2436175.0
2016-06-09  31.750  31.81   2228871.0
2016-06-10  31.130  29.39   3840687.0
2016-06-13  28.880  29.15   3589661.0
2016-06-14  28.890  29.37   2616326.0
2016-06-15  29.240  29.14   2401100.0
2016-06-16  28.720  27.98   4565362.0
2016-06-17  28.470  29.34   5191457.0
2016-06-20  30.400  31.10   3741533.0
2016-06-21  30.950  31.85   2568304.0
2016-06-22  32.250  31.57   2187689.0
2016-06-23  31.960  32.41   2186856.0
2016-06-24  30.500  30.51   4096765.0
2016-06-27  29.900  28.19   3998884.0
2016-06-28  29.410  30.08   2860346.0
2016-06-29  30.640  32.01   4483511.0
2016-06-30  31.880  31.75   3322050.0
2016-07-01  31.600  32.66   2173711.0
2016-07-05  31.670  30.09   3924888.0
2016-07-06  29.870  30.72   3547410.0
2016-07-07  31.140  30.00   2726196.0
2016-07-08  30.680  30.66   3039608.0
2016-07-11  31.000  29.74   2512140.0
2016-07-12  31.060  32.10   4123783.0
2016-07-13  32.590  31.90   4621486.0
2016-07-14  32.540  31.97   1674680.0
2016-07-15  32.330  31.87   1503476.0
2016-07-18  31.580  32.00   1593156.0
2016-07-19  31.680  30.99   2003285.0
2016-07-20  30.660  30.61   2668975.0
2016-07-21  30.690  29.11   5513435.0
2016-07-22  29.410  29.02   2865424.0
2016-07-25  28.630  28.32   3260887.0
2016-07-26  28.170  28.85   2522957.0
2016-07-27  28.970  27.80   4166535.0
2016-07-28  27.730  26.57   5898556.0
2016-07-29  26.000  27.43   5264886.0
2016-08-01  27.070  25.63   4135656.0
2016-08-02  26.150  25.73   6803920.0
2016-08-03  25.800  26.57   3614952.0
2016-08-04  26.350  27.05   5208638.0
2016-08-05  27.180  27.82   3758943.0
2016-08-08  28.150  28.48   3730826.0
2016-08-09  28.700  28.22   2735763.0
2016-08-10  28.300  27.69   2906060.0
2016-08-11  28.020  28.58   2540206.0
2016-08-12  28.810  28.66   3005538.0
2016-08-15  28.920  29.12   1910229.0
2016-08-16  28.970  28.97   2212403.0
2016-08-17  28.880  29.07   2513270.0
2016-08-18  29.360  30.47   2744895.0
2016-08-19  30.210  30.06   2348458.0
2016-08-22  29.420  29.07   2774211.0
2016-08-23  29.020  29.82   2659426.0
2016-08-24  29.610  29.02   1878168.0
2016-08-25  29.020  28.94   1681817.0
2016-08-26  29.100  28.84   1936176.0
2016-08-29  28.690  28.93   2300833.0
2016-08-30  29.090  28.31   2948374.0
2016-08-31  28.080  26.72   4472234.0
2016-09-01  26.470  26.39   3658013.0
2016-09-02  26.640  26.80   3146029.0
2016-09-06  26.950  27.33   2557109.0
2016-09-07  27.570  27.85   3234716.0
2016-09-08  28.190  29.75   3944888.0
2016-09-09  29.420  27.94   4175263.0
2016-09-12  27.540  28.27   2602383.0
2016-09-13  27.610  26.14   4438178.0
2016-09-14  26.030  25.14   5387061.0
2016-09-15  25.450  25.89   3000048.0
2016-09-16  25.220  26.19   3953553.0
2016-09-19  26.510  25.65   1842760.0
2016-09-20  25.560  25.19   2049485.0
2016-09-21  25.450  26.41   3273234.0
2016-09-22  26.830  27.55   4683151.0
2016-09-23  27.210  26.08   5697768.0
2016-09-26  26.500  26.65   2838735.0
2016-09-27  26.030  25.98   3463654.0
2016-09-28  26.160  28.91   6312676.0
2016-09-29  28.900  30.33   5725449.0
2016-09-30  30.660  30.40   3827400.0
2016-10-03  30.400  30.87   2485426.0
2016-10-04  31.010  29.87   2982457.0
2016-10-05  30.570  30.45   2879129.0
2016-10-06  30.750  29.91   3776962.0
2016-10-07  30.120  29.51   2862232.0
2016-10-10  30.070  30.27   2007620.0
2016-10-11  30.090  29.29   2207339.0
2016-10-12  28.990  28.72   2516937.0
2016-10-13  28.250  28.66   2480823.0
2016-10-14  29.020  28.98   2477466.0
2016-10-17  28.800  28.22   1775757.0
2016-10-18  28.770  28.20   2095594.0
2016-10-19  28.550  29.32   3107593.0
2016-10-20  28.940  29.35   2468978.0
2016-10-21  29.030  29.21   2253237.0
2016-10-24  29.200  29.45   3489848.0
2016-10-25  29.490  28.73   3193045.0
2016-10-26  28.080  29.71   5376578.0
2016-10-27  29.400  27.60   8332869.0
2016-10-28  27.610  26.89   4716778.0
2016-10-31  26.850  25.87   3660612.0
2016-11-01  26.670  26.17   3919872.0
2016-11-02  25.720  25.84   3244660.0
2016-11-03  26.180  27.06   5149235.0
2016-11-04  26.810  26.01   5658481.0
2016-11-07  26.550  26.77   2621134.0
2016-11-08  26.400  26.95   2716187.0
2016-11-09  26.670  27.97   2945146.0
2016-11-10  27.850  28.71   3149372.0
2016-11-11  28.130  27.41   2798999.0
2016-11-14  27.140  28.33   2484078.0
2016-11-15  28.880  30.91   6048051.0
2016-11-16  30.330  30.13   3958033.0
2016-11-17  30.750  30.30   2984743.0
2016-11-18  30.530  30.73   3899966.0
2016-11-21  31.470  31.66   2971304.0
2016-11-22  31.790  30.91   3587781.0
2016-11-23  30.540  31.27   1999555.0
2016-11-25  30.970  30.75    961748.0
2016-11-28  30.680  29.70   2683666.0
2016-11-29  28.790  29.42   3231487.0
2016-11-30  32.580  33.91   5909386.0
2016-12-01  34.980  33.01   3764065.0
2016-12-02  32.670  32.79   2391782.0
2016-12-05  33.380  33.25   3330343.0
2016-12-06  32.890  33.29   2976234.0
2016-12-07  33.010  32.81   3479693.0
2016-12-08  33.170  33.16   1984045.0
2016-12-09  33.480  32.98   1480574.0
2016-12-12  34.900  33.24   2372688.0
2016-12-13  33.750  34.30   2326961.0
2016-12-14  33.170  32.80   2439830.0
2016-12-15  31.580  32.42   5028634.0
2016-12-16  32.710  33.20   4962059.0
2016-12-19  33.320  32.87   1430600.0
2016-12-20  33.130  32.97   1998069.0
2016-12-21  33.490  32.67   1413611.0
2016-12-22  32.550  32.30   1368181.0
2016-12-23  32.190  32.31    958732.0
2016-12-27  32.470  32.81   1485937.0
2016-12-28  32.850  32.03   1456164.0
2016-12-29  31.910  31.47   1840204.0
2016-12-30  31.470  31.13   1685463.0
2017-01-03  32.050  31.63   3122031.0
2017-01-04  31.620  31.61   2433549.0
2017-01-05  31.600  31.63   2542294.0
2017-01-06  31.680  31.40   1524008.0
2017-01-09  31.070  30.56   1652489.0
2017-01-10  30.750  30.80   2254615.0
2017-01-11  31.040  31.06   1909632.0
2017-01-12  31.470  30.92   1535013.0
2017-01-13  30.730  31.13   1541872.0
2017-01-17  31.500  31.15   1674578.0
2017-01-18  30.750  31.24   2249596.0
2017-01-19  31.140  31.60   3272261.0
2017-01-20  31.890  31.82   3524351.0
2017-01-23  31.430  31.30   1990328.0
2017-01-24  31.570  31.96   2723447.0
2017-01-25  31.800  32.18   3369999.0
2017-01-26  30.590  31.10   6815584.0
2017-01-27  30.900  29.98   4769817.0
2017-01-30  29.810  28.41   5876996.0
2017-01-31  28.550  28.91   5888071.0
2017-02-01  29.440  28.84   5341215.0
2017-02-02  28.920  29.28   3185919.0
2017-02-03  29.390  29.70   2307093.0
2017-02-06  29.660  29.09   2043594.0
2017-02-07  28.390  27.95   3687488.0
2017-02-08  27.620  28.27   2864215.0
2017-02-09  28.290  28.24   2475868.0
2017-02-10  28.690  28.48   2607951.0
2017-02-13  28.350  28.42   2311930.0
2017-02-14  28.470  28.44   2245954.0
2017-02-15  28.250  28.19   1674802.0
2017-02-16  28.260  27.99   2548945.0
2017-02-17  27.790  28.09   2380984.0
2017-02-21  28.510  28.57   2151054.0
2017-02-22  28.230  27.75   2350743.0
2017-02-23  28.380  28.40   3537838.0
2017-02-24  27.980  28.15   3260364.0
2017-02-27  28.250  28.77   2748072.0
2017-02-28  28.430  28.29   4061277.0
2017-03-01  28.730  29.31   3232133.0
2017-03-02  28.830  28.16   2922853.0
2017-03-03  28.270  28.04   2069830.0
2017-03-06  28.000  28.23   1710167.0
2017-03-07  28.420  27.74   2044602.0
2017-03-08  27.650  25.87   3540522.0
2017-03-09  25.750  26.65   4815064.0
2017-03-10  26.980  26.57   2828681.0
2017-03-13  26.510  26.40   3451532.0
2017-03-14  25.930  26.27   3149994.0
2017-03-15  26.750  27.14   2980333.0
2017-03-16  27.270  27.10   2614330.0
2017-03-17  27.220  27.23   3948210.0
2017-03-20  26.870  27.33   2358768.0
2017-03-21  27.500  26.49   2173093.0
2017-03-22  26.300  26.41   1997984.0
2017-03-23  26.200  26.04   2167290.0
2017-03-24  26.180  25.76   2229604.0
2017-03-27  25.350  26.25   1988360.0
2017-03-28  26.240  27.26   2859434.0
2017-03-29  26.930  28.25   2316815.0
2017-03-30  28.540  28.28   3837557.0
2017-03-31  28.190  28.59   2290192.0
2017-04-03  28.660  28.26   2186268.0
2017-04-04  28.290  28.71   1956939.0
2017-04-05  29.100  27.88   3314171.0
2017-04-06  28.090  28.23   1545665.0
2017-04-07  28.150  27.85   1741184.0
2017-04-10  28.150  28.36   2184271.0
2017-04-11  28.250  28.38   2272933.0
2017-04-12  28.430  28.10   3050384.0
2017-04-13  27.950  27.56   2396690.0
2017-04-17  27.530  27.93   2019816.0
2017-04-18  27.670  27.74   1986401.0
2017-04-19  27.840  26.88   2269399.0
2017-04-20  27.000  26.77   2163408.0
2017-04-21  26.610  26.97   3986913.0
2017-04-24  27.270  26.74   3737531.0
2017-04-25  26.780  27.36   2031284.0
2017-04-26  27.120  27.21   2987965.0
2017-04-27  26.890  26.45   4863131.0
2017-04-28  26.750  26.18   2449329.0
2017-05-01  26.160  26.09   2658516.0
2017-05-02  26.140  25.91   2620084.0
2017-05-03  25.640  25.70   3050992.0
2017-05-04  25.440  25.30   7249032.0
2017-05-05  25.380  26.18   4437220.0
2017-05-08  26.110  26.80   3568698.0
2017-05-09  26.870  26.63   2204624.0
2017-05-10  26.980  27.40   2871086.0
2017-05-11  27.420  26.93   2086277.0
2017-05-12  26.920  26.58   2356928.0
2017-05-15  27.350  26.62   2748301.0
2017-05-16  26.860  26.18   2426363.0
2017-05-17  25.780  25.98   2178414.0
2017-05-18  25.840  25.91   2423087.0
2017-05-19  26.140  26.82   1835993.0
2017-05-22  27.040  26.77   2416746.0
2017-05-23  26.770  26.46   2477660.0
2017-05-24  26.300  26.24   2955345.0
2017-05-25  26.170  25.15   2934990.0
2017-05-26  25.200  25.31   2190932.0
2017-05-30  24.980  24.67   2221182.0
2017-05-31  24.190  24.41   4192022.0
2017-06-01  24.480  24.77   2333149.0
2017-06-02  24.510  24.06   2084392.0
2017-06-05  23.930  24.22   2117643.0
2017-06-06  24.130  24.82   2794268.0
2017-06-07  24.570  24.12   3817027.0
2017-06-08  23.890  24.07   3288997.0
2017-06-09  24.160  25.21   2467154.0
2017-06-12  25.590  25.59   3519303.0
2017-06-13  25.610  26.31   3353959.0
2017-06-14  26.060  24.89   3586964.0
2017-06-15  24.760  24.33   3980425.0
2017-06-16  24.510  25.36   5630015.0
2017-06-19  25.360  25.42   2525112.0
2017-06-20  24.950  24.85   2867678.0
2017-06-21  24.760  24.65   3761683.0
2017-06-22  24.820  24.52   2693745.0
2017-06-23  24.590  24.85   3129513.0
2017-06-26  24.860  24.40   4528690.0
2017-06-27  24.520  24.25   2800128.0
2017-06-28  24.360  24.78   3420575.0
2017-06-29  24.940  25.65   5149409.0
2017-06-30  25.890  25.63   4150552.0
2017-07-03  25.800  26.25   1200296.0
2017-07-05  25.940  25.29   3595328.0
2017-07-06  25.470  24.80   2869162.0
2017-07-07  24.630  24.47   2766200.0
2017-07-10  24.270  24.60   2337482.0
2017-07-11  24.440  24.58   2798550.0
2017-07-12  25.030  24.72   1877199.0
2017-07-13  24.690  24.99   2417137.0
2017-07-14  25.070  25.42   2276731.0
2017-07-17  25.170  25.14   2871518.0
2017-07-18  25.370  24.67   2158261.0
2017-07-19  24.570  26.33   3641755.0
2017-07-20  26.530  25.84   3926025.0
2017-07-21  25.860  25.36   3300330.0
2017-07-24  25.520  24.96   3276015.0
2017-07-25  25.600  25.72  39130986.0
2018-03-01  25.370  25.82   2162792.0
2018-03-02  25.750  26.38   2034262.0
2018-03-05  26.210  26.42   1723675.0
2018-03-06  26.630  26.03   1381265.0
2018-03-07  25.750  25.17   2098511.0