date     open   close       volume
                                       
2013-01-02  34.0800  34.690   33758400.0
2013-01-03  34.6300  34.310   21819500.0
2013-01-04  34.4500  34.610   21687300.0
2013-01-07  34.4400  34.430   14008300.0
2013-01-08  34.1500  34.440   17408900.0
2013-01-09  34.5000  34.460   18932700.0
2013-01-10  34.5600  34.910   17843600.0
2013-01-11  34.9600  34.860   15105200.0
2013-01-14  34.8300  34.960   14589400.0
2013-01-15  34.5700  34.700   16263600.0
2013-01-16  34.6300  34.640   17608200.0
2013-01-17  34.7600  34.620   17827100.0
2013-01-18  34.5900  35.110   30088900.0
2013-01-22  34.9500  34.930   19309500.0
2013-01-23  34.9600  34.690   17235800.0
2013-01-24  34.8800  34.940   18662000.0
2013-01-25  35.0000  35.380   18061300.0
2013-01-28  35.4100  35.540   20119500.0
2013-01-29  35.3600  35.780   18284800.0
2013-01-30  35.7600  35.380   14249900.0
2013-01-31  35.2700  35.510   19077700.0
2013-02-01  35.8700  36.205   27725700.0
2013-02-04  35.8100  35.130   23595800.0
2013-02-05  35.2100  35.480   16662700.0
2013-02-06  35.3100  35.100   15603500.0
2013-02-07  35.1450  34.560   26869300.0
2013-02-08  34.7600  34.900   19255700.0
2013-02-11  34.9800  34.960   12648800.0
2013-02-12  34.8900  35.110   14666300.0
2013-02-13  35.2100  34.990   13176800.0
2013-02-14  34.8700  34.900   15886800.0
2013-02-15  34.8000  34.810   18406000.0
2013-02-19  34.9300  35.400   16446000.0
2013-02-20  35.5000  35.005   16263700.0
2013-02-21  34.9500  34.280   20923100.0
2013-02-22  34.5100  34.750   13754700.0
2013-02-25  35.0700  34.280   19992900.0
2013-02-26  34.2800  34.320   15839500.0
2013-02-27  34.2500  34.680   15671400.0
2013-02-28  34.7000  34.240   23816400.0
2013-03-01  34.1200  34.630   20376000.0
2013-03-04  34.5300  35.050   14750500.0
2013-03-05  35.2200  35.460   15410100.0
2013-03-06  35.5000  35.860   21340800.0
2013-03-07  35.9400  35.940   15098100.0
2013-03-08  35.9400  35.710   14985000.0
2013-03-11  35.7000  35.880   14111600.0
2013-03-12  35.8499  35.430   18411100.0
2013-03-13  35.8200  35.575   21228800.0
2013-03-14  35.8000  36.300   21040700.0
2013-03-15  36.1100  36.340   56178100.0
2013-03-18  36.0999  36.040   20654800.0
2013-03-19  36.1800  35.690   20548800.0
2013-03-20  35.9800  35.765   41088100.0
2013-03-21  32.7800  32.300  132669500.0
2013-03-22  32.4000  31.980   64333500.0
2013-03-25  32.0500  31.250   39694400.0
2013-03-26  31.4100  31.535   29420300.0
2013-03-27  31.4100  31.950   35028500.0
2013-03-28  31.8900  32.330   23676700.0
2013-04-01  32.3600  32.410   18677600.0
2013-04-02  32.6500  32.745   22619600.0
2013-04-03  32.9300  32.400   25545200.0
2013-04-04  32.3600  32.365   18163800.0
2013-04-05  31.7700  32.030   24415300.0
2013-04-08  32.0700  32.360   14134400.0
2013-04-09  32.5000  33.040   30087400.0
2013-04-10  33.1500  33.730   35941000.0
2013-04-11  33.6200  33.615   23080700.0
2013-04-12  33.6400  33.460   18408200.0
2013-04-15  33.3900  32.800   19617500.0
2013-04-16  32.9500  33.415   17310600.0
2013-04-17  33.1000  32.485   25277000.0
2013-04-18  32.6500  32.120   24892500.0
2013-04-19  31.7500  32.370   30391400.0
2013-04-22  32.4881  32.515   18754900.0
2013-04-23  32.7200  32.460   23964900.0
2013-04-24  32.4900  32.510   22601800.0
2013-04-25  32.5600  32.270   25910200.0
2013-04-26  32.2000  32.359   22376200.0
2013-04-29  32.3900  32.240   31381300.0
2013-04-30  32.2201  32.780   50028100.0
2013-05-01  32.7500  33.160   32712000.0
2013-05-02  33.1100  33.690   22992700.0
2013-05-03  33.9300  33.380   23976800.0
2013-05-06  33.4399  33.510   17964500.0
2013-05-07  33.5300  33.260   17955000.0
2013-05-08  33.0900  33.460   21382700.0
2013-05-09  33.3000  33.700   18722100.0
2013-05-10  33.8300  34.020   17364100.0
2013-05-13  33.9500  33.780   12193400.0
2013-05-14  33.6500  33.670   23560400.0
2013-05-15  33.7400  33.985   18360500.0
2013-05-16  34.0900  34.370   25526300.0
2013-05-17  34.5900  35.030   26986800.0
2013-05-20  34.8100  34.900   18326400.0
2013-05-21  34.9000  35.100   19682900.0
2013-05-22  35.0700  34.120   33742400.0
2013-05-23  33.9500  34.230   20442500.0
2013-05-24  33.6900  34.050   22642500.0
2013-05-28  34.6700  34.530   21432200.0
2013-05-29  34.4000  34.400   16004800.0
2013-05-30  34.4900  34.340   17928400.0
2013-05-31  34.1200  33.780   24412100.0
2013-06-03  33.8500  34.390   19782700.0
2013-06-04  34.3400  34.160   20324900.0
2013-06-05  34.0950  34.120   22005600.0
2013-06-06  33.9800  33.350   29158700.0
2013-06-07  33.5900  33.815   20548900.0
2013-06-10  33.9800  34.050   16901500.0
2013-06-11  33.6600  33.570   15274500.0
2013-06-12  33.8300  33.520   13731100.0
2013-06-13  33.4700  34.250   15727400.0
2013-06-14  34.1500  33.770   17551400.0
2013-06-17  34.0300  34.270   19398200.0
2013-06-18  34.2600  34.400   16949300.0
2013-06-19  34.4300  34.090   19408400.0
2013-06-20  33.8800  33.210   35222400.0
2013-06-21  30.7100  30.135  140813500.0
2013-06-24  30.1200  30.170   78919200.0
2013-06-25  30.5000  29.960   64051500.0
2013-06-26  30.1900  30.140   52429800.0
2013-06-27  30.3100  30.450   43014900.0
2013-06-28  30.2800  30.710   39787100.0
2013-07-01  30.8900  30.110   33962900.0
2013-07-02  30.0900  30.100   33114500.0
2013-07-03  30.0500  30.700   18629700.0
2013-07-05  30.9900  31.190   22193800.0
2013-07-08  31.3500  31.645   28904300.0
2013-07-09  31.5000  31.515   28854300.0
2013-07-10  31.3600  31.230   28458600.0
2013-07-11  31.5700  31.860   33193000.0
2013-07-12  31.9000  31.250  157674700.0
2013-07-15  31.4800  32.010   36543400.0
2013-07-16  31.9900  32.000   22531400.0
2013-07-17  32.0700  32.160   22357000.0
2013-07-18  31.9600  32.010   23615600.0
2013-07-19  32.0300  31.860   28512000.0
2013-07-22  31.7900  31.870   16760100.0
2013-07-23  31.8700  32.070   16771000.0
2013-07-24  32.3800  32.390   20003600.0
2013-07-25  32.4100  32.370   21050300.0
2013-07-26  32.3600  32.540   17308500.0
2013-07-29  32.3900  32.480   16119300.0
2013-07-30  32.6000  32.550   18340700.0
2013-07-31  32.5800  32.350   30540500.0
2013-08-01  32.6200  32.750   15797000.0
2013-08-02  32.6200  32.570   18998100.0
2013-08-05  32.5900  32.780   11151300.0
2013-08-06  32.7500  33.000   18620900.0
2013-08-07  32.7700  32.820   17416900.0
2013-08-08  32.9100  33.020   14204600.0
2013-08-09  32.9100  32.920   11646000.0
2013-08-12  32.8100  33.250   11746400.0
2013-08-13  33.3900  33.250   12738700.0
2013-08-14  33.2600  33.570   19684400.0
2013-08-15  33.2400  32.730   19574600.0
2013-08-16  32.6000  32.410   19504100.0
2013-08-19  32.4000  32.060   13385600.0
2013-08-20  32.0600  32.200   13870200.0
2013-08-21  32.1900  32.300   11955400.0
2013-08-22  32.4200  32.400   10271600.0
2013-08-23  32.3800  31.770   27128400.0
2013-08-26  31.7600  32.340   18888600.0
2013-08-27  31.6500  31.780   16061600.0
2013-08-28  31.7900  31.660   15919100.0
2013-08-29  31.5700  31.700   14012100.0
2013-08-30  31.7400  31.860   14044300.0
2013-09-03  32.1700  32.020   14647300.0
2013-09-04  32.0100  32.320   13040800.0
2013-09-05  32.3800  32.260   11437900.0
2013-09-06  32.3000  32.200   12625400.0
2013-09-09  32.3100  32.750   12400500.0
2013-09-10  32.8000  32.860   15918900.0
2013-09-11  32.8700  33.020   19692300.0
2013-09-12  33.0100  32.790   16250100.0
2013-09-13  32.8400  32.460   17638400.0
2013-09-16  32.8400  32.970   25316900.0
2013-09-17  32.9900  33.260   20282300.0
2013-09-18  33.2100  33.870   39152100.0
2013-09-19  33.6400  33.890   63316300.0
2013-09-20  33.9400  34.050   53470400.0
2013-09-23  33.8000  33.940   26293100.0
2013-09-24  33.8300  33.640   18958300.0
2013-09-25  33.7600  33.870   19653100.0
2013-09-26  33.9800  33.810   15621000.0
2013-09-27  33.6300  33.780   14068700.0
2013-09-30  33.4900  33.170   25132600.0
2013-10-01  33.2000  33.500   16300300.0
2013-10-02  33.3100  33.680   19451600.0
2013-10-03  33.5300  33.240   15480100.0
2013-10-04  33.1800  33.210   15054900.0
2013-10-07  32.8600  32.840   14150100.0
2013-10-08  32.8300  32.370   23780400.0
2013-10-09  32.4500  32.190   19656000.0
2013-10-10  32.4800  32.990   21580700.0
2013-10-11  33.0800  33.260   14018800.0
2013-10-14  33.0100  33.280   12882400.0
2013-10-15  33.1400  32.750   20677000.0
2013-10-16  32.9100  33.020   16398300.0
2013-10-17  32.6200  32.870   22821900.0
2013-10-18  32.7500  32.900   17472700.0
2013-10-21  33.2300  32.950   16568800.0
2013-10-22  33.0900  32.900   19741200.0
2013-10-23  32.8600  32.700   24610300.0
2013-10-24  32.7400  33.070   26573600.0
2013-10-25  33.2100  33.150   19820600.0
2013-10-28  33.2400  33.140   17632800.0
2013-10-29  33.2400  33.710   15954700.0
2013-10-30  33.8200  33.530   14959100.0
2013-10-31  33.5000  33.500   16171500.0
2013-11-01  33.7000  33.530   15115800.0
2013-11-04  33.7000  33.710   12725000.0
2013-11-05  33.5500  33.500   11161500.0
2013-11-06  33.6600  34.070   25184600.0
2013-11-07  34.1800  34.000   17101200.0
2013-11-08  33.9200  34.350   14028300.0
2013-11-11  34.3100  34.370   11415100.0
2013-11-12  34.4600  34.700   16145000.0
2013-11-13  34.6000  35.000   14815800.0
2013-11-14  34.1700  34.380   25790900.0
2013-11-15  34.3600  34.920   21477700.0
2013-11-18  34.8800  34.930   15093200.0
2013-11-19  34.9900  34.760   14532900.0
2013-11-20  34.8400  34.750   12165500.0
2013-11-21  34.8400  34.940   11773000.0
2013-11-22  34.8200  34.830   13826300.0
2013-11-25  34.9200  34.780   14753800.0
2013-11-26  34.6900  34.930   28403700.0
2013-11-27  35.0600  35.290   16120200.0
2013-11-29  35.1000  35.290   11851500.0
2013-12-02  35.3700  35.080   20284400.0
2013-12-03  34.9900  35.070   16545300.0
2013-12-04  34.9000  35.070   20004000.0
2013-12-05  35.1700  34.850   20839500.0
2013-12-06  35.1500  35.480   15995300.0
2013-12-09  35.4800  35.600   16795000.0
2013-12-10  35.4200  34.800   25491700.0
2013-12-11  34.9500  34.560   17184000.0
2013-12-12  33.8500  33.600   30946000.0
2013-12-13  33.6600  33.230   18221200.0
2013-12-16  33.4000  33.540   22756300.0
2013-12-17  33.6300  33.630   21782100.0
2013-12-18  33.8700  34.600   40179900.0
2013-12-19  35.5200  36.600   62855300.0
2013-12-20  36.6500  36.370   40783000.0
2013-12-23  36.5300  36.930   18002800.0
2013-12-24  36.9600  37.320    9670100.0
2013-12-26  37.3300  37.690   11516900.0
2013-12-27  37.8900  37.980   15373100.0
2013-12-30  37.9500  37.990   11683000.0
2013-12-31  37.9400  38.260   11746400.0
2014-01-02  37.7800  37.840   18162100.0
2014-01-03  37.6500  37.620   11693900.0
2014-01-06  37.6400  37.470   15329400.0
2014-01-07  37.6600  37.850   16792200.0
2014-01-08  37.7900  37.720   16111600.0
2014-01-09  37.8500  37.650   13623500.0
2014-01-10  37.7500  38.110   15402900.0
2014-01-13  37.9500  37.750   20848300.0
2014-01-14  37.7800  38.210   13486400.0
2014-01-15  38.2000  38.410   17010900.0
2014-01-16  38.3900  38.290   13463000.0
2014-01-17  38.1200  38.210   14051100.0
2014-01-21  38.5200  38.110   13540000.0
2014-01-22  38.0300  37.980   14006300.0
2014-01-23  38.1700  38.150   14174200.0
2014-01-24  37.9200  37.110   26815600.0
2014-01-27  37.2600  36.490   19073800.0
2014-01-28  36.6000  37.100   13899900.0
2014-01-29  37.1800  36.970   16553600.0
2014-01-30  37.1900  37.400   12975500.0
2014-01-31  37.0300  36.900   17039700.0
2014-02-03  37.0900  35.840   21272600.0
2014-02-04  35.6500  35.960   16228000.0
2014-02-05  35.5200  35.950   11458400.0
2014-02-06  36.1200  36.720   14762200.0
2014-02-07  36.8800  37.190   13114700.0
2014-02-10  37.2400  37.300   10976900.0
2014-02-11  37.5000  37.840   12066100.0
2014-02-12  37.8000  38.070   12343200.0
2014-02-13  37.8400  38.420   11683200.0
2014-02-14  38.3300  37.980   15641400.0
2014-02-18  38.0600  37.970   10560300.0
2014-02-19  37.8300  37.870   12491400.0
2014-02-20  37.8400  38.270   11786000.0
2014-02-21  38.3300  38.100   13243600.0
2014-02-24  38.1600  38.140   10388100.0
2014-02-25  38.1100  38.250   11766400.0
2014-02-26  38.4200  38.500   11482900.0
2014-02-27  38.5000  38.950   14055700.0
2014-02-28  38.9500  39.110   19257800.0
2014-03-03  38.7200  38.510   13293700.0
2014-03-04  39.1400  39.410   13682100.0
2014-03-05  39.4100  39.500   11929200.0
2014-03-06  39.6800  39.460   13081900.0
2014-03-07  39.5700  38.830   13821500.0
2014-03-10  38.8200  38.860    8670300.0
2014-03-11  39.0000  38.900   12841500.0
2014-03-12  38.8200  38.520   13226200.0
2014-03-13  38.6200  37.650   15361200.0
2014-03-14  37.6900  37.600   14308300.0
2014-03-17  37.8000  38.220   14981300.0
2014-03-18  38.3700  38.840   29707200.0
2014-03-19  37.8000  38.550   45154900.0
2014-03-20  38.5000  38.370   18960200.0
2014-03-21  38.7000  37.500   33897900.0
2014-03-24  37.4900  38.180   22539000.0
2014-03-25  38.1300  38.400   19750600.0
2014-03-26  38.4000  39.080   31357500.0
2014-03-27  38.9900  39.240   26283600.0
2014-03-28  39.5200  39.570   18405100.0
2014-03-31  39.7500  40.910   48340300.0
2014-04-01  41.0400  41.490   35431800.0
2014-04-02  41.3700  41.130   22754900.0
2014-04-03  41.0400  40.370   22497000.0
2014-04-04  40.6000  39.980   23836200.0
2014-04-07  39.8000  39.470   27311900.0
2014-04-08  39.4400  40.240   22197600.0
2014-04-09  40.4700  40.880   20314000.0
2014-04-10  40.8900  39.790   26397800.0
2014-04-11  39.5100  38.980   18655800.0
2014-04-14  39.0800  39.570   16022000.0
2014-04-15  39.7000  39.730   14553400.0
2014-04-16  39.9400  40.130   13614800.0
2014-04-17  39.9600  40.080   14644100.0
2014-04-21  40.2400  40.240    8593600.0
2014-04-22  40.2700  40.460   10396100.0
2014-04-23  40.2800  39.790   10048500.0
2014-04-24  39.7600  39.750   13966400.0
2014-04-25  39.8100  39.450   11647800.0
2014-04-28  39.7500  40.130   20141200.0
2014-04-29  40.2500  40.110   14996300.0
2014-04-30  40.0900  40.880   16480900.0
2014-05-01  40.7200  40.970   13945500.0
2014-05-02  41.1600  40.810   10710100.0
2014-05-05  41.1300  41.210   13722700.0
2014-05-06  41.0000  41.010   12647500.0
2014-05-07  41.1500  41.060   12570400.0
2014-05-08  41.0900  40.870   10212900.0
2014-05-09  40.8000  41.040   10262400.0
2014-05-12  41.2200  41.950   18751400.0
2014-05-13  42.0200  41.890   10319200.0
2014-05-14  41.9800  41.880   14015200.0
2014-05-15  41.8400  41.930   19267000.0
2014-05-16  41.8900  41.690   15497400.0
2014-05-19  41.4800  42.160   11929700.0
2014-05-20  42.0700  41.560   10580200.0
2014-05-21  41.6700  41.680   11151700.0
2014-05-22  41.6000  41.520   12276200.0
2014-05-23  41.6500  42.150   12044200.0
2014-05-27  42.2600  41.910   12680200.0
2014-05-28  41.9900  41.570   11308800.0
2014-05-29  41.7900  42.200    9629500.0
2014-05-30  42.0800  42.020   13496500.0
2014-06-02  41.9600  41.970   11284900.0
2014-06-03  41.8400  41.810   10968400.0
2014-06-04  41.7900  41.700    8936300.0
2014-06-05  41.8500  42.100   10647800.0
2014-06-06  42.2900  42.630   11447800.0
2014-06-09  42.6500  42.700   10307400.0
2014-06-10  42.5700  42.660   13457200.0
2014-06-11  42.4500  42.560    9622700.0
2014-06-12  42.5300  42.000   11060900.0
2014-06-13  42.0500  42.140   10324600.0
2014-06-16  42.0000  42.150    8150200.0
2014-06-17  42.1900  42.320   12792400.0
2014-06-18  42.3800  42.810   10307000.0
2014-06-19  42.9300  42.510   27255800.0
2014-06-20  40.2600  40.820   65103700.0
2014-06-23  40.9300  41.100   16956600.0
2014-06-24  40.9900  40.760   16459200.0
2014-06-25  40.7300  40.460   13889400.0
2014-06-26  40.5500  40.150   16642500.0
2014-06-27  40.0300  40.530   15320500.0
2014-06-30  40.6000  40.530   14098200.0
2014-07-01  40.4100  40.770   13147000.0
2014-07-02  40.9300  40.950   13400200.0
2014-07-03  40.9800  41.220    7863600.0
2014-07-07  41.0100  40.890   11959400.0
2014-07-08  40.6900  40.560   12350600.0
2014-07-09  40.6100  40.260   14711600.0
2014-07-10  39.8900  40.320    9566900.0
2014-07-11  40.4900  40.130   11942300.0
2014-07-14  40.4300  40.490   13586800.0
2014-07-15  40.3800  40.540   11813800.0
2014-07-16  40.8100  40.260   14722600.0
2014-07-17  40.2100  39.910   24447800.0
2014-07-18  39.9800  40.000   19123500.0
2014-07-21  40.0300  40.010   15864700.0
2014-07-22  40.1400  40.430   13728100.0
2014-07-23  40.4300  40.310    9191700.0
2014-07-24  40.3500  40.470   10797700.0
2014-07-25  40.2700  40.330    7483800.0
2014-07-28  40.3100  40.550    9658200.0
2014-07-29  40.7100  40.630    9450400.0
2014-07-30  40.7100  40.960   11406300.0
2014-07-31  40.6500  40.390   13689500.0
2014-08-01  39.6300  40.100   15074700.0
2014-08-04  39.6300  40.100   12356200.0
2014-08-05  40.0100  39.960    8806600.0
2014-08-06  39.8500  40.160    8184800.0
2014-08-07  40.3000  39.670    9180500.0
2014-08-08  39.7300  39.940    8862000.0
2014-08-11  39.9900  39.920   10292800.0
2014-08-12  39.7400  39.900    6704300.0
2014-08-13  40.1200  40.240   10629700.0
2014-08-14  40.2900  40.220    9707000.0
2014-08-15  40.2400  40.280   13418800.0
2014-08-18  40.4500  40.640    7633600.0
2014-08-19  40.7200  41.410   14378600.0
2014-08-20  41.5800  41.250    9627100.0
2014-08-21  41.1600  41.580    9569200.0
2014-08-22  41.3400  41.630    9260700.0
2014-08-25  41.7400  41.740    8856700.0
2014-08-26  41.8500  41.840    7320800.0
2014-08-27  41.7500  41.640    8440000.0
2014-08-28  41.6700  41.270    8737100.0
2014-08-29  41.2400  41.530    8970900.0
2014-09-02  41.6000  41.660    8538600.0
2014-09-03  41.8000  41.900   10041600.0
2014-09-04  41.8900  41.550   12248100.0
2014-09-05  41.6100  41.270   15155600.0
2014-09-08  41.0100  40.640   19658500.0
2014-09-09  40.5100  40.710   14044100.0
2014-09-10  40.7000  40.710    9134500.0
2014-09-11  40.2500  40.680   12389100.0
2014-09-12  40.7400  40.500   11912300.0
2014-09-15  40.5000  40.660   14018100.0
2014-09-16  40.8100  41.190   13220100.0
2014-09-17  41.1900  41.140   14083300.0
2014-09-18  41.3500  41.550   26454500.0
2014-09-19  40.5800  39.800   86679100.0
2014-09-22  39.6800  39.580   24191139.0
2014-09-23  39.5000  38.830   34253635.0
2014-09-24  38.7700  39.420   18884441.0
2014-09-25  39.3500  38.760   13147552.0
2014-09-26  38.7700  38.950   16007176.0
2014-09-29  38.5700  38.440   16586318.0
2014-09-30  38.4600  38.280   21147664.0
2014-10-01  38.3200  38.090   17452364.0
2014-10-02  38.1500  38.270   14808086.0
2014-10-03  38.5000  38.890   15297391.0
2014-10-06  38.9700  39.080   14172684.0
2014-10-07  38.9400  38.460   14319008.0
2014-10-08  38.8200  39.020   16005541.0
2014-10-09  38.9900  38.740   15004850.0
2014-10-10  38.6600  38.100   18234076.0
2014-10-13  38.1100  38.230   20726811.0
2014-10-14  38.6600  38.460   19508558.0
2014-10-15  37.9800  38.300   24561729.0
2014-10-16  37.9900  37.560   21419265.0
2014-10-17  37.6900  37.870   21122693.0
2014-10-20  36.3100  37.800   16654138.0
2014-10-21  38.2900  38.350   15381873.0
2014-10-22  38.3700  37.640   16810178.0
2014-10-23  38.0800  38.230    9667612.0
2014-10-24  38.3200  38.730    8975999.0
2014-10-27  38.5000  38.430    7525291.0
2014-10-28  38.3400  38.650   11631828.0
2014-10-29  38.7300  38.580   10923907.0
2014-10-30  38.4000  38.500    9644217.0
2014-10-31  38.8800  39.050   16142821.0
2014-11-03  39.0200  38.990   10328160.0
2014-11-04  38.9300  39.130   12670998.0
2014-11-05  39.3400  39.290   12280284.0
2014-11-06  39.2200  39.810   11603443.0
2014-11-07  39.6900  39.940   13728462.0
2014-11-10  39.9700  40.450   11058074.0
2014-11-11  40.5300  40.470    7069322.0
2014-11-12  40.5600  40.140   10965147.0
2014-11-13  40.1700  40.720   11868670.0
2014-11-14  40.8600  40.840   11475967.0
2014-11-17  40.7100  41.160   11987579.0
2014-11-18  41.1900  41.260    9328276.0
2014-11-19  41.1500  40.920    9202426.0
2014-11-20  40.7100  40.920    9062196.0
2014-11-21  41.3200  41.440   12641407.0
2014-11-24  41.4900  41.430    9540980.0
2014-11-25  41.5100  41.150   12404240.0
2014-11-26  41.1800  41.870   11590010.0
2014-11-28  41.9800  42.410   11890061.0
2014-12-01  42.0100  42.080   10802386.0
2014-12-02  41.9000  42.180    9083199.0
2014-12-03  41.9400  42.060   10326752.0
2014-12-04  42.1200  41.890    9247301.0
2014-12-05  42.0200  41.930    8925269.0
2014-12-08  41.9100  41.370   12766459.0
2014-12-09  40.9800  41.870   13890098.0
2014-12-10  41.7000  40.920   12547606.0
2014-12-11  41.1200  40.760   12395832.0
2014-12-12  40.2400  39.950   14108178.0
2014-12-15  41.2100  41.110   22343075.0
2014-12-16  40.8900  40.630   16424281.0
2014-12-17  41.0600  41.160   18151008.0
2014-12-18  43.8300  45.350   54491326.0
2014-12-19  45.1000  46.000   41782191.0
2014-12-22  45.5700  45.650   21264276.0
2014-12-23  45.5300  46.010   14041988.0
2014-12-24  46.3600  46.230   10241146.0
2014-12-26  46.1900  46.100    6901457.0
2014-12-29  46.0200  45.610    9701392.0
2014-12-30  45.5500  45.340    9968403.0
2014-12-31  45.4500  44.970   13273705.0
2015-01-02  45.0200  44.330   15070165.0
2015-01-05  44.1600  43.590   18375801.0
2015-01-06  44.0600  43.140   19229461.0
2015-01-07  43.3300  43.150   13501664.0
2015-01-08  43.6300  43.410   17516877.0
2015-01-09  43.9800  43.390   15911977.0
2015-01-12  43.2600  43.270   16055696.0
2015-01-13  43.6700  42.930   12877161.0
2015-01-14  42.4600  43.060   12707442.0
2015-01-15  43.4800  42.630   13430625.0
2015-01-16  42.4900  43.510   17786705.0
2015-01-20  43.5600  43.900   16306148.0
2015-01-21  43.6900  43.490   15876539.0
2015-01-22  43.9500  44.050   17969124.0
2015-01-23  43.9800  44.190   14150264.0
2015-01-26  44.1700  43.900   12059503.0
2015-01-27  43.0100  43.400   14984938.0
2015-01-28  43.9400  42.690   15132525.0
2015-01-29  42.8200  42.860   12805069.0
2015-01-30  42.0900  41.890   22590037.0
2015-02-02  42.2100  42.680   16889510.0
2015-02-03  42.9400  43.040   12657079.0
2015-02-04  42.9700  42.420   12912026.0
2015-02-05  42.5000  43.160    9630270.0
2015-02-06  43.2600  42.980    9521936.0
2015-02-09  42.6300  43.400   12705938.0
2015-02-10  43.7900  43.990   12714760.0
2015-02-11  43.9600  43.360   12836944.0
2015-02-12  43.4800  43.890   12519731.0
2015-02-13  43.8000  43.930   10155871.0
2015-02-17  43.6700  43.840   10119007.0
2015-02-18  43.7100  44.100    8661050.0
2015-02-19  44.1300  44.110    8465711.0
2015-02-20  44.0600  43.770   14731155.0
2015-02-23  43.4600  43.780   10995463.0
2015-02-24  43.7900  43.880   10522544.0
2015-02-25  43.8300  43.730   11785439.0
2015-02-26  43.8000  43.890    8519163.0
2015-02-27  43.7700  43.820    9549531.0
2015-03-02  43.8100  44.030   11091035.0
2015-03-03  43.8300  43.380   10058739.0
2015-03-04  43.2000  43.610   14697648.0
2015-03-05  43.6600  43.800   10983546.0
2015-03-06  43.6100  42.380   15086633.0
2015-03-09  42.2500  42.690   11474174.0
2015-03-10  42.2400  41.820   13960716.0
2015-03-11  41.9300  41.470   11088980.0
2015-03-12  41.4600  41.620   13716747.0
2015-03-13  41.5400  42.380   18405393.0
2015-03-16  42.8200  43.410   17419295.0
2015-03-17  43.1100  42.870   21478828.0
2015-03-18  44.3000  44.130   37896791.0
2015-03-19  44.0000  44.160   15729627.0
2015-03-20  44.1300  44.410   20724698.0
2015-03-23  44.3400  44.250   10748832.0
2015-03-24  44.3300  43.710   14912741.0
2015-03-25  43.6800  42.930   17490793.0
2015-03-26  42.7800  42.990   14064718.0
2015-03-27  42.9300  42.640   18028483.0
2015-03-30  43.2300  43.440   12730145.0
2015-03-31  43.3100  43.150   13264196.0
2015-04-01  42.9900  42.940   12050921.0
2015-04-02  42.9900  42.620   11183925.0
2015-04-06  42.2800  42.960    9766515.0
2015-04-07  42.9900  42.960    8075376.0
2015-04-08  42.8500  43.110    6947138.0
2015-04-09  42.9700  43.200    9399527.0
2015-04-10  43.0800  43.510   12542736.0
2015-04-13  43.5500  43.080   10943399.0
2015-04-14  43.0400  42.730   10510451.0
2015-04-15  42.9500  43.990   18188736.0
2015-04-16  43.6900  43.460   11960843.0
2015-04-17  43.0600  43.000   12465511.0
2015-04-20  43.3100  43.320   10426440.0
2015-04-21  43.5100  43.420    9312916.0
2015-04-22  43.5100  43.550    7343916.0
2015-04-23  43.5100  43.390   11302049.0
2015-04-24  43.4100  43.080   17767086.0
2015-04-27  43.1000  43.610   12916010.0
2015-04-28  43.7100  44.500   18287732.0
2015-04-29  44.4000  44.730   36605198.0
2015-04-30  44.0500  43.620   20196267.0
2015-05-01  43.4400  44.370   11941981.0
2015-05-04  44.5500  44.590    9168246.0
2015-05-05  44.4700  43.920   11410732.0
2015-05-06  44.2000  43.260   12732068.0
2015-05-07  43.1700  43.480    8787086.0
2015-05-08  43.8300  44.010    9582856.0
2015-05-11  43.9700  43.840    7429355.0
2015-05-12  43.6500  43.570    8515835.0
2015-05-13  43.7600  43.790    7451216.0
2015-05-14  44.1100  44.380    7292755.0
2015-05-15  44.4100  44.150    9369535.0
2015-05-18  43.9400  44.240    6070949.0
2015-05-19  44.4200  44.320    8639951.0
2015-05-20  44.2200  44.290    9051727.0
2015-05-21  44.2200  44.280    8036392.0
2015-05-22  44.2000  43.930    7484345.0
2015-05-26  43.7400  43.330   10440143.0
2015-05-27  43.5400  44.140   11096773.0
2015-05-28  44.0800  43.860    7273163.0
2015-05-29  43.7900  43.490   10358719.0
2015-06-01  43.8400  43.790    9763923.0
2015-06-02  43.5100  43.700    8275894.0
2015-06-03  43.7400  43.970    9220901.0
2015-06-04  43.7400  43.770   13783142.0
2015-06-05  43.8300  43.810   12850735.0
2015-06-08  43.8100  43.100    9112216.0
2015-06-09  43.3500  43.070    7634180.0
2015-06-10  43.2800  43.940   15518411.0
2015-06-11  44.1700  44.280   12519260.0
2015-06-12  43.9800  44.340   11742306.0
2015-06-15  43.9000  43.720   16727756.0
2015-06-16  43.9100  44.640   18271560.0
2015-06-17  44.8600  44.910   27080848.0
2015-06-18  41.9100  42.740   79125734.0
2015-06-19  42.9000  41.590   37418881.0
2015-06-22  41.8000  41.490   22367621.0
2015-06-23  41.9400  41.710   17394280.0
2015-06-24  41.5400  41.200   17768033.0
2015-06-25  41.2400  41.060   13547448.0
2015-06-26  41.1000  40.990   39685430.0
2015-06-29  40.6300  40.420   18194515.0
2015-06-30  40.6000  40.300   16691538.0
2015-07-01  40.6100  40.240   13948619.0
2015-07-02  40.3800  40.360   11644070.0
2015-07-06  39.9300  40.150   12433917.0
2015-07-07  40.0400  40.160   16437099.0
2015-07-08  39.9000  39.770   14598700.0
2015-07-09  40.2400  40.180   13348301.0
2015-07-10  40.5600  40.360   10469957.0
2015-07-13  40.5200  40.800   10716991.0
2015-07-14  40.8100  40.780    9298777.0
2015-07-15  40.6300  40.790    9326667.0
2015-07-16  41.0200  40.960   14861034.0
2015-07-17  40.7500  40.400   14574365.0
2015-07-20  40.3600  39.930   17486720.0
2015-07-21  39.7600  39.570   14678796.0
2015-07-22  39.3600  39.420   16796882.0
2015-07-23  39.5500  39.000   18083839.0
2015-07-24  39.1000  39.000   12029224.0
2015-07-27  38.7200  38.510   15756829.0
2015-07-28  38.7900  39.280   14289205.0
2015-07-29  39.3700  39.790   13016410.0
2015-07-30  40.0300  39.650   13634217.0
2015-07-31  39.7600  39.940   13706065.0
2015-08-03  39.9500  39.710   12443502.0
2015-08-04  39.5900  39.660    9697334.0
2015-08-05  39.9000  39.640   11944864.0
2015-08-06  39.6300  39.320   10613026.0
2015-08-07  39.3600  39.560   10655096.0
2015-08-10  39.7600  39.890    9525807.0
2015-08-11  39.5300  39.170   10600501.0
2015-08-12  38.7400  39.280   11150861.0
2015-08-13  39.2200  39.310    7785664.0
2015-08-14  39.3300  39.410    7184959.0
2015-08-17  39.4100  39.720    7631157.0
2015-08-18  39.5200  39.830    9950594.0
2015-08-19  39.7000  39.530   11112865.0
2015-08-20  39.1900  38.630   13071171.0
2015-08-21  38.3200  37.550   19411149.0
2015-08-24  35.7300  36.080   32521258.0
2015-08-25  36.9700  35.450   21388021.0
2015-08-26  36.0300  36.910   20532137.0
2015-08-27  37.3600  36.820   28218161.0
2015-08-28  36.8200  37.460   21559081.0
2015-08-31  37.3500  37.090   15352750.0
2015-09-01  36.3000  36.010   19947424.0
2015-09-02  36.2600  36.750   15049271.0
2015-09-03  36.8100  36.900   11787777.0
2015-09-04  36.3500  36.270   13147872.0
2015-09-08  36.7300  37.680   18949464.0
2015-09-09  37.9000  37.090   14710188.0
2015-09-10  37.0300  37.610   16930643.0
2015-09-11  37.4500  37.920   12948612.0
2015-09-14  37.8100  37.560   15021459.0
2015-09-15  37.7700  37.990   14877921.0
2015-09-16  38.2600  38.270   19550210.0
2015-09-17  36.7400  36.740   37298982.0
2015-09-18  36.2900  36.380   34919765.0
2015-09-21  36.6000  36.830   14964384.0
2015-09-22  36.3400  36.190   19978673.0
2015-09-23  36.1900  35.990   16991591.0
2015-09-24  35.8500  36.060   18059542.0
2015-09-25  36.2000  36.050   19386998.0
2015-09-28  35.7200  35.440   21624021.0
2015-09-29  35.3100  35.510   19785913.0
2015-09-30  35.8900  36.120   16061168.0
2015-10-01  36.2300  36.240   18331147.0
2015-10-02  35.7100  36.890   18772805.0
2015-10-05  37.2600  37.590   12741707.0
2015-10-06  37.5200  37.730   12426637.0
2015-10-07  37.7500  37.660   16369772.0
2015-10-08  37.3900  37.890   13247649.0
2015-10-09  37.9800  38.100   14656414.0
2015-10-12  37.9200  38.040   11022515.0
2015-10-13  37.9100  37.820   11575627.0
2015-10-14  37.1700  37.260   14067798.0
2015-10-15  37.5500  37.550   12205521.0
2015-10-16  37.8000  37.370   19694441.0
2015-10-19  36.8600  36.870   18100494.0
2015-10-20  36.6200  36.860   13678087.0
2015-10-21  36.9800  36.620   11072051.0
2015-10-22  36.8500  37.790   14701321.0
2015-10-23  38.1200  38.070   16469067.0
2015-10-26  37.9400  38.370   12330620.0
2015-10-27  38.3300  38.340   14110454.0
2015-10-28  38.6300  38.880   14019989.0
2015-10-29  38.5300  38.860   11432860.0
2015-10-30  38.9200  38.840   16471536.0
2015-11-02  39.0500  39.750   19789618.0
2015-11-03  39.6900  40.200   17153098.0
2015-11-04  40.3500  40.480   16863143.0
2015-11-05  40.1600  40.350   16358495.0
2015-11-06  40.3200  40.620   16481502.0
2015-11-09  40.4100  40.100   14604873.0
2015-11-10  39.8300  39.920   11294021.0
2015-11-11  39.2400  39.040   18861512.0
2015-11-12  38.6500  38.630   14590012.0
2015-11-13  38.4800  37.300   23987129.0
2015-11-16  37.6900  38.120   16740998.0
2015-11-17  38.2300  38.130   14819972.0
2015-11-18  38.1900  38.700   11958895.0
2015-11-19  38.6700  39.020   12306010.0
2015-11-20  39.2500  39.340   12023190.0
2015-11-23  39.4400  39.140    9111899.0
2015-11-24  38.7800  39.460   13766246.0
2015-11-25  39.4700  39.260    8014997.0
2015-11-27  39.1400  39.180    6869874.0
2015-11-30  39.1100  38.970   18939685.0
2015-12-01  39.0900  39.230   12718191.0
2015-12-02  39.1500  38.700   13694239.0
2015-12-03  38.9600  37.810   20322432.0
2015-12-04  38.0200  39.160   18206591.0
2015-12-07  39.1600  38.820   13798471.0
2015-12-08  38.2900  38.730   15219174.0
2015-12-09  38.6300  38.580   17516146.0
2015-12-10  38.6100  38.190   18358278.0
2015-12-11  37.6200  37.210   20346816.0
2015-12-14  37.1500  37.650   20134909.0
2015-12-15  38.1000  38.210   19263508.0
2015-12-16  38.6700  38.910   23463499.0
2015-12-17  38.0900  36.930   42879939.0
2015-12-18  36.8900  36.350   28648184.0
2015-12-21  36.7200  36.420   15042213.0
2015-12-22  36.3900  36.590   13924822.0
2015-12-23  36.6600  36.930   12831771.0
2015-12-24  36.7300  37.010    4953878.0
2015-12-28  36.8300  36.790   10921929.0
2015-12-29  37.0200  37.040   10708638.0
2015-12-30  37.0800  36.920    9585554.0
2015-12-31  36.8400  36.530   10332409.0
2016-01-04  36.0100  35.750   18784386.0
2016-01-05  35.8600  35.640   25328141.0
2016-01-06  35.5000  35.820   18164654.0
2016-01-07  35.2500  35.040   22590803.0
2016-01-08  35.1300  34.650   21962204.0
2016-01-11  34.7500  34.940   18726561.0
2016-01-12  35.3200  35.370   18457138.0
2016-01-13  35.1900  34.080   28322878.0
2016-01-14  34.1900  34.790   19523517.0
2016-01-15  33.8000  34.120   25424508.0
2016-01-19  34.5400  34.550   21423142.0
2016-01-20  33.8800  33.940   25277866.0
2016-01-21  33.9100  34.120   20374772.0
2016-01-22  34.5500  34.800   15892645.0
2016-01-25  34.5800  34.340   16793613.0
2016-01-26  34.3200  35.230   19729566.0
2016-01-27  35.0300  34.910   20567567.0
2016-01-28  35.1700  35.330   15472757.0
2016-01-29  35.6500  36.310   19059281.0
2016-02-01  35.9000  36.320   14143998.0
2016-02-02  35.8500  35.350   17404484.0
2016-02-03  35.5600  35.690   13855330.0
2016-02-04  35.7000  36.450   16925925.0
2016-02-05  36.1300  35.700   17312179.0
2016-02-08  35.1300  35.610   20118847.0
2016-02-09  35.1300  35.080   17819755.0
2016-02-10  35.4200  35.200   13368654.0
2016-02-11  34.5900  34.840   18889731.0
2016-02-12  35.2400  35.540   15835938.0
2016-02-16  35.7600  35.700   19675736.0
2016-02-17  35.9700  36.630   13186471.0
2016-02-18  36.7100  36.630   12866629.0
2016-02-19  36.5200  36.780   13203418.0
2016-02-22  37.1100  37.110   10109943.0
2016-02-23  37.1100  36.550    9417125.0
2016-02-24  36.0900  36.630   10976148.0
2016-02-25  36.7900  37.290   11565842.0
2016-02-26  37.4300  36.960   16548735.0
2016-02-29  37.0000  36.780   22277327.0
2016-03-01  37.1500  37.990   13030757.0
2016-03-02  37.7600  37.760   12791151.0
2016-03-03  37.6100  37.890    8832188.0
2016-03-04  38.0000  37.890   10638066.0
2016-03-07  37.5400  38.360   13011008.0
2016-03-08  38.1100  38.150   12318530.0
2016-03-09  38.4300  38.480   16785792.0
2016-03-10  38.7700  38.050   17621289.0
2016-03-11  38.4500  38.950   13143006.0
2016-03-14  38.9100  38.700   14704476.0
2016-03-15  38.3500  38.740   17502867.0
2016-03-16  39.5500  40.220   49082261.0
2016-03-17  40.1500  40.610   22160775.0
2016-03-18  40.8700  41.480   34354028.0
2016-03-21  41.4200  41.610   17274720.0
2016-03-22  41.3200  41.380   11970527.0
2016-03-23  41.3000  40.750   13666056.0
2016-03-24  40.6000  40.970   11955981.0
2016-03-28  41.1100  40.620   14646960.0
2016-03-29  40.4100  40.700   15159236.0
2016-03-30  40.9600  40.970    9803646.0
2016-03-31  41.1300  40.910   10196456.0
2016-04-01  40.6800  41.160    9574125.0
2016-04-04  41.1500  41.070   10243450.0
2016-04-05  40.8500  40.530    9111323.0
2016-04-06  40.4000  40.750   12516159.0
2016-04-07  40.5900  39.970   12838607.0
2016-04-08  40.1300  40.360    8011652.0
2016-04-11  40.5900  40.390   10399576.0
2016-04-12  40.3100  40.420    9245042.0
2016-04-13  40.8200  41.310   12751341.0
2016-04-14  41.3100  41.240    9150486.0
2016-04-15  41.1200  41.020   10340334.0
2016-04-18  40.8400  41.240    8849059.0
2016-04-19  41.4100  41.060    9884448.0
2016-04-20  41.1900  41.100    8481174.0
2016-04-21  41.0300  40.990   11953953.0
2016-04-22  40.7900  40.700   15003315.0
2016-04-25  40.5900  40.780   10876223.0
2016-04-26  40.8200  40.650    8365822.0
2016-04-27  40.5100  40.850    8741924.0
2016-04-28  40.3600  40.330    9233065.0
2016-04-29  40.1700  39.860   12883113.0
2016-05-02  39.9000  40.300   10454246.0
2016-05-03  40.0300  39.680   11439557.0
2016-05-04  39.3900  39.290    9046012.0
2016-05-05  39.4400  39.230    8962693.0
2016-05-06  38.9700  39.410    7587077.0
2016-05-09  39.3400  39.360    7949374.0
2016-05-10  39.5800  40.020    9290051.0
2016-05-11  39.8600  39.650    7180105.0
2016-05-12  39.8900  39.820   10006798.0
2016-05-13  39.7800  39.610    9392633.0
2016-05-16  39.7700  39.970    7797058.0
2016-05-17  39.8000  39.600    9483701.0
2016-05-18  39.5900  39.470   10379691.0
2016-05-19  39.1600  38.840   15124376.0
2016-05-20  39.0800  39.410   16153202.0
2016-05-23  39.3100  39.180    8904799.0
2016-05-24  39.4200  39.900   11329754.0
2016-05-25  40.0500  40.130    7972174.0
2016-05-26  40.1100  39.950    7573999.0
2016-05-27  39.8300  40.070    8240624.0
2016-05-31  40.0800  40.200   12567400.0
2016-06-01  40.0600  40.260    9263531.0
2016-06-02  38.7000  38.660   51063430.0
2016-06-03  38.7400  39.100   20739974.0
2016-06-06  39.1900  39.440   16116913.0
2016-06-07  39.5500  39.130   20009508.0
2016-06-08  39.1600  39.280   11671047.0
2016-06-09  39.1900  39.050   12316133.0
2016-06-10  38.7800  38.740   10441707.0
2016-06-13  38.5000  38.620   13036197.0
2016-06-14  38.6300  38.830   12092135.0
2016-06-15  38.8000  38.440   14474536.0
2016-06-16  38.3600  38.640   17905259.0
2016-06-17  39.4900  39.680   34512377.0
2016-06-20  39.9000  39.730   17149197.0
2016-06-21  39.9300  39.990   20111116.0
2016-06-22  40.1500  40.010   12643366.0
2016-06-23  40.4000  40.830   15428483.0
2016-06-24  39.3800  39.230   44204510.0
2016-06-27  38.8700  38.480   22532950.0
2016-06-28  38.7200  39.130   14750851.0
2016-06-29  39.7600  40.550   23009741.0
2016-06-30  40.4800  40.930   20100918.0
2016-07-01  40.7000  40.860   11381512.0
2016-07-05  40.3300  40.400   12501386.0
2016-07-06  40.2000  40.530   12124296.0
2016-07-07  40.6500  40.530   11676734.0
2016-07-08  40.8800  40.870   14235589.0
2016-07-11  40.9000  40.780   12911973.0
2016-07-12  41.2300  41.420   13321022.0
2016-07-13  41.5600  41.460    9612577.0
2016-07-14  41.5700  41.670    9259846.0
2016-07-15  41.9100  41.770   11666312.0
2016-07-18  41.7100  41.640    8738905.0
2016-07-19  41.3000  41.080   12722933.0
2016-07-20  41.4800  41.250   11409678.0
2016-07-21  41.3400  41.070   11545806.0
2016-07-22  41.1200  41.080   10426334.0
2016-07-25  40.9100  41.160    8974388.0
2016-07-26  41.0600  40.940   11031902.0
2016-07-27  41.0300  40.930    9567033.0
2016-07-28  41.3500  41.190   17048636.0
2016-07-29  41.3200  41.040   13230848.0
2016-08-01  40.9100  41.150   12435386.0
2016-08-02  41.1200  40.710   10268186.0
2016-08-03  40.6200  40.710   12350485.0
2016-08-04  40.6100  40.900    9141112.0
2016-08-05  41.0700  41.130    9615322.0
2016-08-08  41.1800  41.160   11427817.0
2016-08-09  41.0900  41.100    9534007.0
2016-08-10  41.1300  41.090   11077378.0
2016-08-11  41.1300  41.280    9473686.0
2016-08-12  41.1300  41.090    6301676.0
2016-08-15  41.0000  41.390   12774946.0
2016-08-16  41.3000  41.320    8109143.0
2016-08-17  41.3800  41.210    9876443.0
2016-08-18  40.9500  41.140    8544577.0
2016-08-19  41.0400  41.320    9109870.0
2016-08-22  41.1100  41.220    9834700.0
2016-08-23  41.3700  41.500   10631824.0
2016-08-24  41.3500  41.070    9830250.0
2016-08-25  41.1200  41.100    7567154.0
2016-08-26  41.1100  41.260    9228217.0
2016-08-29  41.4800  41.310    9168520.0
2016-08-30  41.3900  41.310    6840673.0
2016-08-31  41.2700  41.220    9694690.0
2016-09-01  40.9800  41.160   10652531.0
2016-09-02  41.2600  41.250    9019468.0
2016-09-06  41.3700  41.250    8308325.0
2016-09-07  41.1400  41.250   10415336.0
2016-09-08  40.9300  40.720   16732092.0
2016-09-09  40.3300  40.030   14477482.0
2016-09-12  39.9600  40.680   14927201.0
2016-09-13  40.3700  40.180   13395176.0
2016-09-14  40.0200  40.250   11625324.0
2016-09-15  40.1800  40.860   19069164.0
2016-09-16  39.6100  38.920   50702337.0
2016-09-19  39.1300  39.230   19801878.0
2016-09-20  39.5500  39.070   12119101.0
2016-09-21  39.1900  39.510   10993990.0
2016-09-22  39.6800  39.510    9679298.0
2016-09-23  39.3900  39.230   14017314.0
2016-09-26  39.0000  39.030    9840941.0
2016-09-27  38.9000  39.300   10644622.0
2016-09-28  39.2300  39.440    8103466.0
2016-09-29  39.2500  39.120    8795189.0
2016-09-30  39.2500  39.280   12861882.0
2016-10-03  39.2000  38.990   10403318.0
2016-10-04  39.0400  38.870    9199333.0
2016-10-05  39.1100  39.150    8269218.0
2016-10-06  39.1100  38.870    9789003.0
2016-10-07  38.8400  38.710   11442032.0
2016-10-10  38.8600  38.620    9475433.0
2016-10-11  38.5600  38.010   14964003.0
2016-10-12  37.9300  38.050    8944920.0
2016-10-13  37.8600  38.030   14118062.0
2016-10-14  38.2600  38.410   11601173.0
2016-10-17  38.5400  38.290    9418950.0
2016-10-18  38.6000  38.420    7121851.0
2016-10-19  38.5200  38.350    8310928.0
2016-10-20  38.1200  38.090   11196995.0
2016-10-21  37.9900  37.930   13413355.0
2016-10-24  38.1200  38.270   13550259.0
2016-10-25  38.3300  38.360   11627932.0
2016-10-26  38.1500  38.310    9722768.0
2016-10-27  38.4100  38.220    7588890.0
2016-10-28  38.3000  38.170    7803348.0
2016-10-31  38.3100  38.420   10485259.0
2016-11-01  38.5800  38.460   12018182.0
2016-11-02  38.4600  38.030    9488381.0
2016-11-03  37.9900  38.310   12393143.0
2016-11-04  38.3100  38.280   14288949.0
2016-11-07  38.7300  39.090    9506917.0
2016-11-08  39.1600  39.130    7574742.0
2016-11-09  38.5600  39.550   19497316.0
2016-11-10  39.6500  39.580   26707219.0
2016-11-11  39.5400  39.450   12217654.0
2016-11-14  39.3900  39.300   15417089.0
2016-11-15  38.8900  39.170   13594292.0
2016-11-16  39.1000  39.700   12596969.0
2016-11-17  39.8000  40.250   13316502.0
2016-11-18  40.2800  39.860   12890599.0
2016-11-21  39.9700  39.890    8073077.0
2016-11-22  40.0900  40.090   10993083.0
2016-11-23  40.0500  40.100   11101774.0
2016-11-25  40.0400  40.270    4013115.0
2016-11-28  40.1300  40.300   12118281.0
2016-11-29  40.3400  40.550   10157369.0
2016-11-30  40.6600  40.190   14374592.0
2016-12-01  40.1100  38.700   22740128.0
2016-12-02  38.4600  38.500   19119964.0
2016-12-05  38.6000  38.970   13681522.0
2016-12-06  39.0100  39.470   13524707.0
2016-12-07  39.5000  40.320   15170645.0
2016-12-08  40.3200  40.350   10108874.0
2016-12-09  40.4100  40.520   11219098.0
2016-12-12  40.3500  40.510   10891491.0
2016-12-13  40.4700  40.760   12493139.0
2016-12-14  40.8700  40.880   25102225.0
2016-12-15  40.9500  40.860   17783475.0
2016-12-16  40.2200  39.100   46223706.0
2016-12-19  39.0300  38.900   15134543.0
2016-12-20  38.9600  39.000   14006387.0
2016-12-21  39.0600  38.830   11965145.0
2016-12-22  38.9300  38.960   11226345.0
2016-12-23  38.7900  38.780    8143554.0
2016-12-27  38.7700  38.820    5073778.0
2016-12-28  38.8700  38.680    8264081.0
2016-12-29  38.6100  38.690    5712159.0
2016-12-30  38.7500  38.450   10820188.0
2017-01-03  38.4500  38.550   11051341.0
2017-01-04  38.5500  38.740    9545541.0
2017-01-05  38.6700  38.640   12064318.0
2017-01-06  38.7500  38.450   14829725.0
2017-01-09  38.5300  39.030   15587388.0
2017-01-10  39.0000  38.660   11316576.0
2017-01-11  38.6400  39.110   10403082.0
2017-01-12  39.0300  39.200   11527296.0
2017-01-13  39.1600  39.260    9455308.0
2017-01-17  39.0700  39.100   11081367.0
2017-01-18  39.2800  39.190   10393929.0
2017-01-19  39.1200  39.210   12232380.0
2017-01-20  39.4600  39.870   25422217.0
2017-01-23  39.7600  39.680   13251221.0
2017-01-24  39.8500  40.100   12216458.0
2017-01-25  40.3200  40.150   13164793.0
2017-01-26  40.2100  40.130   10556466.0
2017-01-27  40.2000  40.230    9232665.0
2017-01-30  40.1100  40.230   10589562.0
2017-01-31  40.2100  40.110   10766745.0
2017-02-01  40.2200  39.840   11836961.0
2017-02-02  39.7700  39.980   10120343.0
2017-02-03  40.0700  40.430   12941164.0
2017-02-06  40.4400  40.100    7871322.0
2017-02-07  40.1600  40.070    8844001.0
2017-02-08  40.0600  40.020    8883343.0
2017-02-09  40.0900  40.230   10977185.0
2017-02-10  40.3300  40.790   13168666.0
2017-02-13  40.8900  41.090   12779834.0
2017-02-14  40.9200  41.100    9621961.0
2017-02-15  40.9600  41.410    9243647.0
2017-02-16  41.4600  41.590   10132672.0
2017-02-17  41.5400  42.060   18545336.0
2017-02-21  41.9900  42.270   12390621.0
2017-02-22  42.2600  42.510   11602769.0
2017-02-23  42.5600  42.960   15483953.0
2017-02-24  42.7400  43.170   11426697.0
2017-02-27  43.2600  42.700   13872761.0
2017-02-28  42.6200  42.590   14450047.0
2017-03-01  42.7500  42.920   11402152.0
2017-03-02  42.8300  42.890    9431593.0
2017-03-03  42.7700  42.690    8928505.0
2017-03-06  42.4600  42.570    9196010.0
2017-03-07  42.5800  42.600    9492904.0
2017-03-08  42.6800  42.610    9217090.0
2017-03-09  42.6300  42.440   10308443.0
2017-03-10  42.6200  42.680   12243988.0
2017-03-13  42.7500  42.580   12440837.0
2017-03-14  42.5800  42.790   10290999.0
2017-03-15  42.9000  43.050   18393223.0
2017-03-16  46.3900  45.730   67535437.0
2017-03-17  45.2500  45.660   31688720.0
2017-03-20  45.6700  45.230   21452575.0
2017-03-21  45.3100  44.840   21974454.0
2017-03-22  45.1300  44.790   14339677.0
2017-03-23  44.6800  44.950   16190536.0
2017-03-24  44.9200  44.650   13110178.0
2017-03-27  44.5100  44.840    8933400.0
2017-03-28  44.8300  44.690   14008254.0
2017-03-29  44.5200  44.520   10636243.0
2017-03-30  44.4500  44.680    7792510.0
2017-03-31  44.5000  44.610   10652754.0
2017-04-03  44.6800  44.610   16044276.0
2017-04-04  44.6100  44.590    9161341.0
2017-04-05  44.7400  44.490    9445119.0
2017-04-06  44.5300  44.180   11557755.0
2017-04-07  44.0900  44.290   13446605.0
2017-04-10  44.2100  44.000   11668629.0
2017-04-11  43.8900  44.170   15422243.0
2017-04-12  44.3300  44.180    8457041.0
2017-04-13  44.1900  44.000   11838300.0
2017-04-17  44.1200  44.290   10999992.0
2017-04-18  44.2100  44.520   10446944.0
2017-04-19  44.4400  44.190   10711956.0
2017-04-20  44.2600  44.530   10880924.0
2017-04-21  44.5900  44.430   11556016.0
2017-04-24  44.9700  44.840   10848901.0
2017-04-25  44.9800  44.710   11582591.0
2017-04-26  44.7500  44.690   10064288.0
2017-04-27  44.8800  44.770    8219745.0
2017-04-28  44.7400  44.960   12928015.0
2017-05-01  45.0100  45.050    9117066.0
2017-05-02  45.0000  45.130   11604689.0
2017-05-03  45.0500  44.890   10666542.0
2017-05-04  44.9600  45.470   15495532.0
2017-05-05  45.7100  45.580    7793404.0
2017-05-08  45.4800  45.560    7559581.0
2017-05-09  45.5000  45.480    6285020.0
2017-05-10  45.5200  45.530    6886071.0
2017-05-11  45.4100  45.160    8808358.0
2017-05-12  45.0100  45.080    7860332.0
2017-05-15  45.2400  45.320    9661253.0
2017-05-16  45.3600  45.290    7935680.0
2017-05-17  44.9900  44.230   18302375.0
2017-05-18  44.0600  44.170   12716353.0
2017-05-19  44.2100  44.310   11502355.0
2017-05-22  44.3300  44.630    9574293.0
2017-05-23  44.6800  44.560    6839857.0
2017-05-24  44.6500  44.830    7653582.0
2017-05-25  44.9900  45.200    7573123.0
2017-05-26  45.2100  45.260    6870906.0
2017-05-30  45.1100  45.420   10743384.0
2017-05-31  45.4200  45.390   14517286.0
2017-06-01  45.5200  45.790    8115545.0
2017-06-02  45.8800  45.660   11788099.0
2017-06-05  45.6900  45.920    8395241.0
2017-06-06  45.7300  45.610    7425621.0
2017-06-07  45.6200  45.400    7688665.0
2017-06-08  45.7300  45.420   12839046.0
2017-06-09  45.4000  45.030   12106290.0
2017-06-12  44.6500  44.850   16152375.0
2017-06-13  45.0700  44.980   10655862.0
2017-06-14  45.1600  44.810   12007048.0
2017-06-15  44.5500  44.680   10339299.0
2017-06-16  44.7500  45.090   15431068.0
2017-06-19  45.2700  45.730   12742285.0
2017-06-20  45.7600  45.840   15188406.0
2017-06-21  46.1500  46.330   27313150.0
2017-06-22  51.6100  50.300   62826142.0
2017-06-23  50.2400  50.950   41788225.0
2017-06-26  50.9900  50.860   29327595.0
2017-06-27  50.7500  50.750   17801028.0
2017-06-28  51.0700  50.870   15431884.0
2017-06-29  50.7600  50.200   13906400.0
2017-06-30  50.1800  50.140   12737595.0
2017-07-03  50.0500  49.360   10883219.0
2017-07-05  49.8000  49.460   15700161.0
2017-07-06  49.2500  48.850   14391807.0
2017-07-07  48.8300  49.350   10494297.0
2017-07-10  49.2700  49.620   10067172.0
2017-07-11  49.5300  49.880    9692273.0
2017-07-12  50.0200  50.450   14325400.0
2017-07-13  50.5500  50.350   11955110.0
2017-07-14  50.2700  50.560    9756773.0
2017-07-17  50.3100  50.440    8093645.0
2017-07-18  50.3400  50.450   14104779.0
2017-07-19  50.4600  51.000   12819541.0
2017-07-20  51.1400  51.130    8720381.0
2017-07-21  50.8700  50.800    8719887.0
2017-07-24  50.8000  50.760    7449105.0
2017-07-25  50.9100  51.170   10403357.0
2017-07-26  51.1500  51.170    5446358.0
2017-07-27  51.3000  50.450   16401535.0
2017-07-28  50.1900  50.300    8860533.0
2017-07-31  50.4800  49.930    9949289.0
2017-08-01  50.1500  50.160    5925093.0
2017-08-02  50.2600  49.770    8713860.0
2017-08-03  49.9200  50.230    9387017.0
2017-08-04  50.1800  49.960    6982595.0
2017-08-07  50.0000  49.640    7895398.0
2017-08-08  49.5400  49.100   14412124.0
2017-08-09  48.9800  49.060   15732762.0
2017-08-10  48.9600  48.100   13121301.0
2017-08-11  48.1800  48.240   11704627.0
2017-08-14  48.4800  48.850    8770170.0
2017-08-15  48.8900  48.830   10532340.0
2017-08-16  48.9700  49.250    9771766.0
2017-08-17  49.1700  48.550    9352799.0
2017-08-18  48.4500  48.620   10078128.0
2017-08-21  48.6500  48.900    6501225.0
2017-08-22  49.1200  49.260    8810478.0
2017-08-23  49.0600  49.070    6800399.0
2017-08-24  49.0700  49.190    7286641.0
2017-08-25  49.4400  49.240    7832748.0
2017-08-28  49.3900  49.240    6124707.0
2017-08-29  48.8800  49.450    7192326.0
2017-08-30  49.5000  49.800    6811006.0
2017-08-31  49.8800  50.330   12734994.0
2017-09-01  50.3500  50.620    8651038.0
2017-09-05  50.5300  50.930   14750388.0
2017-09-06  51.0800  51.010   15292883.0
2017-09-07  51.1900  51.730   11335908.0
2017-09-08  51.8000  51.580   10116696.0
2017-09-11  51.8800  52.490   16068848.0
2017-09-12  52.6400  52.770   13289125.0
2017-09-13  52.5200  52.800   14300754.0
2017-09-14  52.7600  52.790   19371762.0
2017-09-15  50.6500  48.740   65247555.0
2017-09-18  48.8800  48.330   29416689.0
2017-09-19  48.4900  48.040   22712871.0
2017-09-20  48.0000  47.970   21131016.0
2017-09-21  47.8200  47.970   15122773.0
2017-09-22  47.9200  48.160   15113444.0
2017-09-25  48.5200  47.970   15505622.0
2017-09-26  48.1000  47.920   18491216.0
2017-09-27  48.0500  48.160   14356942.0
2017-09-28  48.2000  48.080   12798549.0
2017-09-29  48.1900  48.350   44858877.0
2017-10-02  48.7200  48.800   24900992.0
2017-10-03  48.9500  48.690   12589710.0
2017-10-04  48.9900  48.900   15064090.0
2017-10-05  48.9600  48.910   13397541.0
2017-10-06  48.6400  48.400   16229837.0
2017-10-09  48.3600  48.360   10168040.0
2017-10-10  48.1600  48.210   15628634.0
2017-10-11  48.1600  48.280   11985748.0
2017-10-12  48.2700  48.230   11426690.0
2017-10-13  48.3700  48.610    9766723.0
2017-10-16  48.6100  48.860    9358504.0
2017-10-17  48.8200  49.190   12921747.0
2017-10-18  49.5000  49.580   12061640.0
2017-10-19  49.4400  49.350   10036371.0
2017-10-20  49.5400  49.250   15467878.0
2017-10-23  49.2800  49.310   14600343.0
2017-10-24  49.3300  49.980   17212076.0
2017-10-25  49.8900  49.705   19163506.0
2017-10-26  50.1100  50.150   16915265.0
2017-10-27  50.2900  50.880   14960486.0
2017-10-30  50.6300  50.680    9013256.0
2017-10-31  50.7300  50.900   14104114.0
2017-11-01  51.1000  50.640   10064430.0
2017-11-02  50.5400  50.280   10348803.0
2017-11-03  50.3600  50.180   15812451.0
2017-11-06  50.1000  50.400    9636550.0
2017-11-07  50.4300  50.490    6782345.0
2017-11-09  50.1400  49.240   16153934.0
2017-11-10  49.0000  49.320    9818996.0
2017-11-13  49.1000  49.400    6287832.0
2017-11-14  49.3200  49.200    8438815.0
2017-11-15  48.8800  48.820    9352084.0
2017-11-16  49.1100  49.200   11597324.0
2017-11-17  49.0000  48.940    9965493.0
2017-11-20  49.0400  49.020   11327720.0
2017-11-21  49.0000  48.630   18024131.0
2017-11-22  48.5600  48.580   10618868.0
2017-11-24  48.8800  49.010    6008333.0
2017-11-27  48.9400  48.880   13190813.0
2017-11-28  48.8800  49.010   13841780.0
2017-11-29  48.8500  48.520   12953601.0
2017-11-30  48.8900  49.060   24084949.0
2017-12-01  49.0500  49.610   15742077.0
2017-12-04  49.8200  48.400   13352194.0
2017-12-05  48.2100  47.990   17742443.0
2017-12-06  47.8800  48.420   12937589.0
2017-12-07  48.3700  48.520   13410242.0
2017-12-08  48.9000  49.600   14404743.0
2017-12-11  49.6100  50.470   15099522.0
2017-12-12  50.0000  50.390   17368425.0
2017-12-13  50.3300  50.050   16178966.0
2017-12-14  50.2000  50.190   20634580.0
2017-12-15  48.3450  48.300   74685840.0
2017-12-18  48.5300  47.710   24690916.0
2017-12-19  47.9850  47.820   28137680.0
2017-12-20  47.9800  47.900   11308080.0
2017-12-21  48.0800  47.280   17680580.0
2017-12-22  47.2300  47.360   11132353.0
2017-12-26  47.3700  47.430    7519415.0
2017-12-27  47.2500  47.380    8021017.0
2017-12-28  47.3000  47.520    7755174.0
2017-12-29  47.5300  47.280    9680925.0
2018-01-02  47.5700  46.630   25309088.0
2018-01-03  47.5300  47.710   23897290.0
2018-01-04  47.9900  48.180   19716758.0
2018-01-05  48.4200  48.470   14348241.0
2018-01-08  48.3000  48.980   14758381.0
2018-01-09  49.2500  49.060   14128908.0
2018-01-10  48.8600  48.800   13328212.0
2018-01-11  48.8700  48.950   11666762.0
2018-01-12  49.1800  49.510   15455367.0
2018-01-16  49.8500  49.590   17073307.0
2018-01-17  49.9100  50.270   23115174.0
2018-01-18  50.1900  50.230   15547862.0
2018-01-19  50.5000  50.580   13991663.0
2018-01-22  50.4300  50.710   15358596.0
2018-01-23  50.7500  51.120   13953926.0
2018-01-24  51.3600  51.450   17144229.0
2018-01-25  51.5400  51.600   13866906.0
2018-01-26  51.8600  52.750   13591486.0
2018-01-29  52.6700  51.940   11945048.0
2018-01-30  51.7400  50.960   16614771.0
2018-01-31  50.8600  51.590   16628930.0
2018-02-01  51.3600  51.630   11648956.0
2018-02-02  51.2500  50.130   17066379.0
2018-02-05  50.0400  48.090   19401024.0
2018-02-06  47.3300  49.400   25762565.0
2018-02-07  49.2000  48.870   14829532.0
2018-02-08  49.0900  46.840   20411169.0
2018-02-09  47.5800  47.730   23120892.0
2018-02-12  48.2200  48.150   16202848.0
2018-02-13  48.0100  48.490   12352626.0
2018-02-14  48.1900  49.450   14193640.0
2018-02-15  49.7000  50.640   13812618.0
2018-02-16  50.5500  50.710   11075219.0
2018-02-20  50.2000  49.890   14069855.0
2018-02-21  49.8700  49.430   12412168.0
2018-02-22  49.5900  49.590    9361372.0
2018-02-23  49.7900  50.500    8639157.0
2018-02-26  50.5900  51.170   12510429.0
2018-02-27  51.0700  50.730   14271722.0
2018-02-28  51.0600  50.670   14586818.0
2018-03-01  50.9600  49.710   16539779.0
2018-03-02  49.3300  50.320   17290989.0
2018-03-05  49.9000  51.290   18771549.0
2018-03-06  51.5600  51.500   13831556.0
2018-03-07  51.0600  51.720   11727303.0
2018-03-08  51.9400  52.130   14106457.0
2018-03-09  52.3500  52.970   15761851.0
2018-03-12  52.9800  52.900   14076625.0
2018-03-13  53.2400  52.580   12640710.0
2018-03-14  52.8800  52.320   10877757.0
2018-03-15  52.2200  52.370   11679999.0
2018-03-16  52.4000  52.270   17883567.0
2018-03-19  52.4300  51.950   23478850.0
2018-03-20  46.8000  47.050   68331479.0
2018-03-21  47.2900  47.020   34523536.0
2018-03-22  46.7200  45.890   25449926.0
2018-03-23  45.9800  44.790   21296732.0
2018-03-26  45.5500  46.480   19751401.0
2018-03-27  46.6300  45.380   18566310.0