date    open     close      volume
                                       
2014-10-06  153.21  152.6300    361738.0
2014-10-07  151.64  151.3100    457767.0
2014-10-08  151.66  153.0900    712538.0
2014-10-09  153.11  150.0600    780619.0
2014-10-10  149.85  151.5500    861355.0
2014-10-13  151.31  148.5300    780019.0
2014-10-14  149.78  149.0000    684862.0
2014-10-15  147.17  149.6200   1389125.0
2014-10-16  147.83  149.4600    913268.0
2014-10-17  150.27  152.0850    858153.0
2014-10-20  152.27  154.9600    960530.0
2014-10-21  156.30  158.9000    917241.0
2014-10-22  158.95  157.3600   1173805.0
2014-10-23  165.00  167.4400   1886938.0
2014-10-24  167.73  170.4800   1066789.0
2014-10-27  170.69  171.3000    803044.0
2014-10-28  171.59  173.3300    855500.0
2014-10-29  173.82  174.0600    712055.0
2014-10-30  173.16  174.9000    587304.0
2014-10-31  177.00  175.8800    883635.0
2014-11-03  175.65  175.8600   2862657.0
2014-11-04  175.17  177.1100    871587.0
2014-11-05  178.41  177.4600    671708.0
2014-11-06  176.68  179.6100    749418.0
2014-11-07  179.95  179.0000    528820.0
2014-11-10  178.52  180.0900    705533.0
2014-11-11  179.89  179.3300    483444.0
2014-11-12  179.33  180.0100    521485.0
2014-11-13  180.40  181.6300    550704.0
2014-11-14  181.75  179.8800    613413.0
2014-11-17  178.80  177.3000    694512.0
2014-11-18  177.18  178.5700    421643.0
2014-11-19  179.21  178.1900    388163.0
2014-11-20  177.31  178.7100    407448.0
2014-11-21  181.05  179.0400    457450.0
2014-11-24  179.83  180.4600    679919.0
2014-11-25  181.00  178.9500   1040389.0
2014-11-26  179.35  180.3200    414600.0
2014-11-28  181.56  182.7400    392669.0
2014-12-01  182.72  181.5200    574041.0
2014-12-02  181.53  183.9600    458369.0
2014-12-03  184.35  188.6700   1114032.0
2014-12-04  188.86  188.9300    672673.0
2014-12-05  188.72  187.9400    614159.0
2014-12-08  186.88  186.5800    462021.0
2014-12-09  192.85  192.5400   1020996.0
2014-12-10  191.97  190.8300    772286.0
2014-12-11  191.02  191.8700    657297.0
2014-12-12  189.95  191.9900    756580.0
2014-12-15  192.81  192.2100    685468.0
2014-12-16  192.99  190.1700    605629.0
2014-12-17  190.31  192.2000    599696.0
2014-12-18  194.19  193.5800    951147.0
2014-12-19  193.30  193.1400   1852894.0
2014-12-22  192.96  194.9550    476229.0
2014-12-23  196.00  195.0600    551373.0
2014-12-24  195.87  193.9500    231668.0
2014-12-26  193.98  193.9900    262241.0
2014-12-29  193.95  195.4800    415191.0
2014-12-30  194.68  194.1500    328502.0
2014-12-31  195.00  192.6200    587117.0
2015-01-02  192.86  192.1100    839582.0
2015-01-05  191.51  188.7200    971501.0
2015-01-06  189.73  188.0800    898893.0
2015-01-07  189.17  189.7900    939739.0
2015-01-08  191.27  193.2400   1288836.0
2015-01-09  191.04  187.8300   1366185.0
2015-01-12  186.94  185.5800   1061243.0
2015-01-13  184.16  182.7500   1154386.0
2015-01-14  182.03  182.4550    860248.0
2015-01-15  183.10  179.9600    636361.0
2015-01-16  179.51  182.9100    687571.0
2015-01-20  183.70  186.4200    975540.0
2015-01-21  185.61  184.9700    685882.0
2015-01-22  185.35  189.3200    554466.0
2015-01-23  189.27  190.0800    497517.0
2015-01-26  189.60  191.2800    552660.0
2015-01-27  189.69  190.9700    497139.0
2015-01-28  192.49  191.2700    955940.0
2015-01-29  190.46  192.6500    656817.0
2015-01-30  192.14  187.3600    868040.0
2015-02-02  187.70  190.2800    832378.0
2015-02-03  191.65  193.2800   1034709.0
2015-02-04  193.19  192.7100   1058082.0
2015-02-05  201.72  208.2400   2992152.0
2015-02-06  209.22  206.7750   1326221.0
2015-02-09  205.66  205.0700    757489.0
2015-02-10  204.40  206.0300    696651.0
2015-02-11  206.24  207.4500    484169.0
2015-02-12  207.57  206.5700    615348.0
2015-02-13  206.38  205.5500    541354.0
2015-02-17  205.21  205.7000    497181.0
2015-02-18  206.07  205.7800    298782.0
2015-02-19  206.06  204.9100    383069.0
2015-02-20  205.27  205.8400    469101.0
2015-02-23  206.15  208.5200    689155.0
2015-02-24  208.21  207.5400    435963.0
2015-02-25  207.34  208.6900    580288.0
2015-02-26  208.10  209.3400    493371.0
2015-02-27  209.80  208.1300    453731.0
2015-03-02  209.12  212.0000    797671.0
2015-03-03  212.20  211.6600    573649.0
2015-03-04  211.28  207.8300    440699.0
2015-03-05  207.54  208.0200    554546.0
2015-03-06  207.15  204.1900    612066.0
2015-03-09  204.60  206.5800    532382.0
2015-03-10  205.34  203.0600    471200.0
2015-03-11  202.94  204.2750    429536.0
2015-03-12  205.37  209.5500    591045.0
2015-03-13  208.69  210.2300    407836.0
2015-03-16  211.12  215.0550    637233.0
2015-03-17  213.88  214.0400    405389.0
2015-03-18  213.28  214.3150    502348.0
2015-03-19  214.33  214.9700    368019.0
2015-03-20  216.41  214.7900    992629.0
2015-03-23  214.97  215.2900    576171.0
2015-03-24  214.51  214.5150    500318.0
2015-03-25  214.96  208.9800    591378.0
2015-03-26  208.42  211.1900    575184.0
2015-03-27  210.38  215.4200    594303.0
2015-03-30  217.24  219.3800    657877.0
2015-03-31  217.57  216.2400    707574.0
2015-04-01  216.64  215.3000    804274.0
2015-04-02  215.34  215.5800    480103.0
2015-04-06  213.28  216.2000    569246.0
2015-04-07  216.47  216.1250    351245.0
2015-04-08  216.54  218.1000    589197.0
2015-04-09  217.28  218.5200    461963.0
2015-04-10  219.29  220.0150    363803.0
2015-04-13  220.39  218.2200    516045.0
2015-04-14  218.35  217.0400    396699.0
2015-04-15  217.25  215.9100    504662.0
2015-04-16  216.06  215.4100    599373.0
2015-04-17  214.25  214.0500    495476.0
2015-04-20  215.66  217.1500    566244.0
2015-04-21  218.72  217.0700    475866.0
2015-04-22  217.07  216.6700    770523.0
2015-04-23  225.00  228.3100   1374785.0
2015-04-24  228.05  229.3500    747589.0
2015-04-27  230.00  225.1300    498525.0
2015-04-28  225.20  226.2600    709550.0
2015-04-29  225.46  220.9600    687614.0
2015-04-30  220.87  217.8300    657049.0
2015-05-01  219.00  222.0400    691948.0
2015-05-04  221.85  222.7900    407854.0
2015-05-05  221.82  219.5200    576434.0
2015-05-06  220.26  217.3800    671424.0
2015-05-07  217.88  219.3800    584488.0
2015-05-08  221.03  221.0900    586685.0
2015-05-11  220.81  220.4800    634532.0
2015-05-12  219.35  220.1950    501726.0
2015-05-13  220.01  219.5800    507225.0
2015-05-14  221.23  222.2800    456622.0
2015-05-15  222.78  223.0500    485683.0
2015-05-18  223.05  224.2700    440871.0
2015-05-19  224.60  223.9300    395113.0
2015-05-20  224.54  222.3300    339988.0
2015-05-21  220.98  224.9400    465442.0
2015-05-22  224.37  224.4000    356353.0
2015-05-26  224.23  222.8300    562938.0
2015-05-27  223.25  222.5400    360434.0
2015-05-28  222.72  222.6700    438622.0
2015-05-29  221.68  219.5300    821940.0
2015-06-01  220.80  222.4900    568537.0
2015-06-02  221.14  222.9000    577978.0
2015-06-03  223.78  224.2200    336903.0
2015-06-04  223.11  222.1200    433607.0
2015-06-05  221.61  222.0900    349690.0
2015-06-08  221.61  221.8400    425804.0
2015-06-09  221.41  222.9300    327794.0
2015-06-10  223.53  225.6800    389849.0
2015-06-11  226.47  226.0300    410758.0
2015-06-12  225.10  225.4500    411532.0
2015-06-15  223.80  223.3200    511505.0
2015-06-16  223.56  225.8600    378230.0
2015-06-17  227.09  226.2200    376701.0
2015-06-18  226.52  229.3600    583172.0
2015-06-19  229.43  229.4500    969501.0
2015-06-22  230.57  230.6400    426432.0
2015-06-23  230.95  231.7600    388764.0
2015-06-24  230.83  230.1900    422044.0
2015-06-25  230.96  231.7700    512550.0
2015-06-26  232.93  232.4100    635114.0
2015-06-29  231.08  226.4300    568469.0
2015-06-30  228.65  225.9800    814512.0
2015-07-01  228.01  230.9800    678970.0
2015-07-02  231.98  231.2400    379121.0
2015-07-06  229.30  232.4800    352912.0
2015-07-07  233.25  234.0400    613405.0
2015-07-08  232.41  230.8150    486925.0
2015-07-09  233.51  231.3800    498500.0
2015-07-10  234.29  235.9000    444186.0
2015-07-13  238.27  239.8200    444209.0
2015-07-14  240.52  237.2800    509446.0
2015-07-15  237.29  237.6900    425498.0
2015-07-16  239.20  238.9700    494462.0
2015-07-17  238.92  238.6900    448447.0
2015-07-20  238.69  240.2000    612467.0
2015-07-21  240.56  239.7100    564663.0
2015-07-22  239.83  240.6500    434704.0
2015-07-23  241.04  240.6700    541850.0
2015-07-24  240.60  241.8500    647460.0
2015-07-27  240.97  239.8400    810513.0
2015-07-28  240.19  240.9500    618698.0
2015-07-29  240.95  241.7100    908935.0
2015-07-30  246.41  238.1500    928765.0
2015-07-31  239.43  240.3100    822355.0
2015-08-03  241.30  241.5100    658927.0
2015-08-04  240.55  243.3700    475901.0
2015-08-05  245.00  244.1700    556366.0
2015-08-06  244.13  241.1800    467659.0
2015-08-07  241.96  244.4600    417182.0
2015-08-10  246.53  247.6900    631990.0
2015-08-11  247.53  247.6400    496469.0
2015-08-12  246.01  247.2400    496359.0
2015-08-13  247.22  253.9200    981537.0
2015-08-14  254.22  254.3700    466821.0
2015-08-17  254.37  254.6400    342384.0
2015-08-18  254.81  254.4500    372983.0
2015-08-19  254.45  256.4700    474691.0
2015-08-20  253.82  251.3200    549753.0
2015-08-21  249.22  238.1700   1257929.0
2015-08-24  234.04  231.8500   1396239.0
2015-08-25  236.88  231.6900   1386136.0
2015-08-26  237.01  239.0300   1127330.0
2015-08-27  240.76  242.9600    817832.0
2015-08-28  241.57  240.9900    620241.0
2015-08-31  239.78  240.0700    596405.0
2015-09-01  235.69  231.5400   1135240.0
2015-09-02  234.40  239.6600    901684.0
2015-09-03  241.14  237.9400    540637.0
2015-09-04  234.87  234.6500    472151.0
2015-09-08  239.01  238.5000    805617.0
2015-09-09  240.58  239.2300    842074.0
2015-09-10  238.89  241.2400    656298.0
2015-09-11  239.58  245.8500    842938.0
2015-09-14  246.56  244.2700    632515.0
2015-09-15  245.75  249.3900    695791.0
2015-09-16  249.72  252.5000    720682.0
2015-09-17  253.31  250.6800    852175.0
2015-09-18  247.98  246.3100   2558157.0
2015-09-21  246.79  246.8100    681394.0
2015-09-22  244.42  244.8900    543014.0
2015-09-23  244.71  247.8500    620970.0
2015-09-24  246.11  247.9800    578678.0
2015-09-25  250.19  252.2200    636501.0
2015-09-28  252.35  245.8800    618358.0
2015-09-29  246.70  242.9800    721713.0
2015-09-30  245.61  249.7300   1004518.0
2015-10-01  251.00  251.9000    843991.0
2015-10-02  249.00  252.3200    738822.0
2015-10-05  253.85  254.2100    807473.0
2015-10-06  255.00  253.7900    811586.0
2015-10-07  254.35  251.7800    541418.0
2015-10-08  250.52  253.5600    413639.0
2015-10-09  254.10  253.7000    447320.0
2015-10-12  254.71  257.0700    458443.0
2015-10-13  256.47  251.4600    603047.0
2015-10-14  252.23  247.2900    637191.0
2015-10-15  249.16  251.4500    744609.0
2015-10-16  252.99  254.0400    445143.0
2015-10-19  254.17  252.2200    776700.0
2015-10-20  252.17  252.3500    581479.0
2015-10-21  253.00  253.2000    573068.0
2015-10-22  254.54  256.9800    684618.0
2015-10-23  259.33  260.0300   1074901.0
2015-10-26  261.39  262.4700    773212.0
2015-10-27  260.83  260.1400    710276.0
2015-10-28  260.27  263.0400    775252.0
2015-10-29  273.34  275.9500   1462807.0
2015-10-30  276.00  276.2600    841000.0
2015-11-02  276.38  273.8400    992946.0
2015-11-03  272.48  271.5100    860819.0
2015-11-04  270.85  272.5200    667294.0
2015-11-05  272.23  273.4800    468577.0
2015-11-06  272.48  273.3300    462095.0
2015-11-09  271.33  269.5900    538737.0
2015-11-10  269.59  272.2400    620282.0
2015-11-11  272.92  270.9700    422569.0
2015-11-12  266.75  266.9000    659392.0
2015-11-13  265.83  259.8300    757050.0
2015-11-16  259.48  266.4700    751643.0
2015-11-17  267.02  266.7000    587660.0
2015-11-18  267.90  269.4000    454326.0
2015-11-19  269.56  268.9600    435263.0
2015-11-20  270.58  270.5000    544222.0
2015-11-23  270.33  268.2500    394324.0
2015-11-24  266.22  267.4600    554492.0
2015-11-25  267.76  268.1900    374378.0
2015-11-27  268.72  268.1000    292435.0
2015-11-30  267.20  263.8700   1439747.0
2015-12-01  264.96  262.3300   1022429.0
2015-12-02  262.45  261.7000    930174.0
2015-12-03  261.73  253.3700   1300158.0
2015-12-04  253.48  258.6100   1110446.0
2015-12-07  258.91  256.9000    775943.0
2015-12-08  253.76  258.7500    974800.0
2015-12-09  256.76  257.7200    993896.0
2015-12-10  257.44  256.4300    758271.0
2015-12-11  253.33  248.9300   1051022.0
2015-12-14  249.65  251.7300   1029622.0
2015-12-15  253.50  250.7700   1314492.0
2015-12-16  252.47  257.6400    957696.0
2015-12-17  259.88  254.3500    752611.0
2015-12-18  253.41  251.3800   2673588.0
2015-12-21  252.30  253.7300    675625.0
2015-12-22  254.83  253.7500    483799.0
2015-12-23  253.82  254.1500    442953.0
2015-12-24  254.08  253.4200    218651.0
2015-12-28  252.56  255.9400    516234.0
2015-12-29  257.26  258.5000    449458.0
2015-12-30  258.41  257.6600    383318.0
2015-12-31  255.95  253.4200    413466.0
2016-01-04  248.45  246.1100   1195038.0
2016-01-05  246.86  247.9600    823253.0
2016-01-06  243.63  241.0700    974008.0
2016-01-07  237.10  240.1700   1053397.0
2016-01-08  239.75  234.6600    880040.0
2016-01-11  235.77  237.9400    824187.0
2016-01-12  237.94  243.1300    788619.0
2016-01-13  244.62  235.6800    840881.0
2016-01-14  235.49  235.9900    760630.0
2016-01-15  229.50  232.1600    952010.0
2016-01-19  235.91  235.6900    957846.0
2016-01-20  232.33  236.6300   1364817.0
2016-01-21  236.43  236.7100    951331.0
2016-01-22  239.55  239.4400    589454.0
2016-01-25  243.68  243.8900   1393044.0
2016-01-26  244.75  249.8500    941790.0
2016-01-27  250.25  246.4200    885234.0
2016-01-28  248.07  256.3400   1655442.0
2016-01-29  257.59  260.9000   1433130.0
2016-02-01  260.32  265.2500   1143796.0
2016-02-02  263.60  259.4900   1160843.0
2016-02-03  261.27  253.6200    946110.0
2016-02-04  253.24  250.8800   1002280.0
2016-02-05  250.88  242.0700   1381092.0
2016-02-08  238.91  233.5300   1919673.0
2016-02-09  231.90  236.2900   1574530.0
2016-02-10  240.01  236.7000   1788240.0
2016-02-11  242.00  249.5300   2630297.0
2016-02-12  254.47  253.0200   1391629.0
2016-02-16  255.14  255.7600   1830114.0
2016-02-17  257.91  254.6200   1148797.0
2016-02-18  254.27  253.4100    736529.0
2016-02-19  252.82  257.8400    883049.0
2016-02-22  259.26  259.5400    609945.0
2016-02-23  258.76  258.7800    881412.0
2016-02-24  256.33  263.7700    808359.0
2016-02-25  264.77  267.2700    774041.0
2016-02-26  268.87  262.9300    798890.0
2016-02-29  262.06  260.3200    838799.0
2016-03-01  263.18  272.2200   1288327.0
2016-03-02  271.56  269.5500    992115.0
2016-03-03  266.51  267.9300   1143570.0
2016-03-04  268.41  265.3100   1166292.0
2016-03-07  263.98  262.0100    861076.0
2016-03-08  260.01  264.8100   1286178.0
2016-03-09  265.27  264.7700    743734.0
2016-03-10  264.77  268.1400    682416.0
2016-03-11  270.10  272.2100    780074.0
2016-03-14  271.87  271.6200   1126201.0
2016-03-15  270.66  271.1300    568829.0
2016-03-16  269.48  270.0100    453850.0
2016-03-17  269.15  267.7500    639447.0
2016-03-18  268.60  268.5300    972974.0
2016-03-21  266.99  269.6100    453666.0
2016-03-22  270.33  272.7400    603483.0
2016-03-23  272.70  276.4400    729404.0
2016-03-24  276.35  274.7600    572160.0
2016-03-28  274.91  273.3600    619164.0
2016-03-29  273.48  275.3100    555363.0
2016-03-30  276.52  276.6400    425846.0
2016-03-31  277.56  273.6600    563832.0
2016-04-01  273.19  277.8200    646409.0
2016-04-04  277.69  272.1500    555258.0
2016-04-05  271.17  270.5100    575842.0
2016-04-06  271.17  271.6600    488840.0
2016-04-07  270.16  269.3300    481420.0
2016-04-08  270.55  269.8200    525403.0
2016-04-11  269.60  266.9300    581705.0
2016-04-12  268.04  268.7500    868729.0
2016-04-13  270.73  269.3700    698686.0
2016-04-14  274.00  269.7900    766879.0
2016-04-15  269.75  268.7500    552694.0
2016-04-18  268.51  272.8700    635071.0
2016-04-19  273.76  274.3100    621135.0
2016-04-20  275.52  273.5800    430038.0
2016-04-21  273.10  269.7600    606852.0
2016-04-22  269.22  269.6500    646301.0
2016-04-25  268.61  270.3000    611560.0
2016-04-26  271.62  272.3400    716365.0
2016-04-27  272.64  272.8700    895049.0
2016-04-28  261.54  265.0300   1852486.0
2016-04-29  263.62  262.6800   1069925.0
2016-05-02  262.75  264.2800    588441.0
2016-05-03  262.00  268.2000    824255.0
2016-05-04  265.52  268.5400    584937.0
2016-05-05  267.71  263.4500    630185.0
2016-05-06  262.15  265.9200    488166.0
2016-05-09  264.92  267.1900    443757.0
2016-05-10  267.65  268.8300    426670.0
2016-05-11  268.13  262.7600    569174.0
2016-05-12  263.01  265.1300    639479.0
2016-05-13  263.54  258.2200    975831.0
2016-05-16  257.58  261.8400    593810.0
2016-05-17  260.07  254.1600   1216887.0
2016-05-18  253.98  255.6300   1064099.0
2016-05-19  249.03  255.4600   1023786.0
2016-05-20  256.11  256.7900    763266.0
2016-05-23  256.66  253.3200    609794.0
2016-05-24  252.72  257.5000    751629.0
2016-05-25  257.80  263.6300   1103460.0
2016-05-26  264.18  264.1200    769026.0
2016-05-27  264.50  265.8800    507645.0
2016-05-31  267.08  264.4300   1010720.0
2016-06-01  264.34  263.5400    715568.0
2016-06-02  263.19  262.6900    732436.0
2016-06-03  262.38  259.5300    612164.0
2016-06-06  258.96  258.7700    633863.0
2016-06-07  258.63  260.2800    550104.0
2016-06-08  259.88  261.4100    424476.0
2016-06-09  261.23  262.3500    471609.0
2016-06-10  260.07  261.0400    529443.0
2016-06-13  260.62  259.8400    573178.0
2016-06-14  259.30  259.6500    533772.0
2016-06-15  259.66  260.4600    476928.0
2016-06-16  258.98  259.8100    454655.0
2016-06-17  259.35  259.9800    806714.0
2016-06-20  261.82  261.6400    491846.0
2016-06-21  261.22  260.7700    395876.0
2016-06-22  261.74  262.7500    458044.0
2016-06-23  264.29  264.2500    448142.0
2016-06-24  255.01  267.6600   1475085.0
2016-06-27  265.55  267.7300   1185529.0
2016-06-28  269.37  271.4300    732862.0
2016-06-29  272.40  273.6700    855854.0
2016-06-30  274.00  271.1000   1063401.0
2016-07-01  271.88  274.2300    693491.0
2016-07-05  272.54  275.7500    747893.0
2016-07-06  274.98  277.3800    620541.0
2016-07-07  276.71  275.2800    468803.0
2016-07-08  277.73  280.6100    573036.0
2016-07-11  281.65  277.8600    548503.0
2016-07-12  278.25  276.1300    492201.0
2016-07-13  277.13  276.2200    459629.0
2016-07-14  277.13  277.6500    393142.0
2016-07-15  279.36  273.6300    512161.0
2016-07-18  274.95  274.2800    570538.0
2016-07-19  270.15  273.2200    902840.0
2016-07-20  273.66  274.1400    542040.0
2016-07-21  273.49  271.3300    468758.0
2016-07-22  272.60  273.9700    425701.0
2016-07-25  273.31  278.7400    772741.0
2016-07-26  280.00  281.7700   1060296.0
2016-07-27  281.95  277.5100    979720.0
2016-07-28  278.80  288.6700   2382089.0
2016-07-29  288.66  290.6300    829765.0
2016-08-01  290.63  289.0100    673327.0
2016-08-02  287.00  287.0200    697751.0
2016-08-03  287.62  286.6800    703367.0
2016-08-04  287.25  288.7100    504559.0
2016-08-05  289.07  290.4800    653972.0
2016-08-08  289.55  287.6500    286124.0
2016-08-09  288.52  286.7100    362969.0
2016-08-10  287.21  288.4600    480435.0
2016-08-11  288.88  288.1000    604869.0
2016-08-12  286.54  286.7300    435880.0
2016-08-15  286.70  287.1400    410917.0
2016-08-16  285.83  285.9200    498978.0
2016-08-17  285.92  285.7300    392155.0
2016-08-18  286.24  286.0100    365603.0
2016-08-19  285.12  285.7200    367512.0
2016-08-22  286.00  286.5300    467073.0
2016-08-23  287.24  285.1500    405273.0
2016-08-24  284.48  284.4500    394401.0
2016-08-25  283.70  284.1700    404954.0
2016-08-26  283.57  278.2500    927889.0
2016-08-29  277.98  280.0300    609820.0
2016-08-30  280.41  277.9700    802991.0
2016-08-31  278.09  279.9500    687712.0
2016-09-01  280.70  282.1300    526130.0
2016-09-02  282.34  282.5800    658893.0
2016-09-06  282.53  283.0900    578369.0
2016-09-07  283.32  282.7300    589141.0
2016-09-08  282.00  281.9500    823476.0
2016-09-09  280.04  278.2100   1368869.0
2016-09-12  277.57  279.2300   1037421.0
2016-09-13  277.53  278.4200    978615.0
2016-09-14  278.90  276.4800    728770.0
2016-09-15  276.18  276.0400    664931.0
2016-09-16  274.39  272.6800   1113397.0
2016-09-19  273.04  275.4600    654916.0
2016-09-20  276.40  275.1500    739624.0
2016-09-21  280.00  279.5500    979967.0
2016-09-22  280.51  283.5900   1285154.0
2016-09-23  281.83  281.7700    755214.0
2016-09-26  281.03  281.9600    832213.0
2016-09-27  283.28  284.5400    885632.0
2016-09-28  284.42  281.9700    675817.0
2016-09-29  282.13  278.9000    677924.0
2016-09-30  279.84  280.1100    516526.0
2016-10-03  279.43  276.0800    791219.0
2016-10-04  276.35  274.3700    666055.0
2016-10-05  275.39  274.8600    544115.0
2016-10-06  274.43  277.5600    520988.0
2016-10-07  278.62  275.3800    505553.0
2016-10-10  275.80  277.7300    318772.0
2016-10-11  277.19  274.5900    572752.0
2016-10-12  273.94  276.2600    638803.0
2016-10-13  275.27  278.8900    614720.0
2016-10-14  280.10  279.3200    521282.0
2016-10-17  279.07  277.9700    820586.0
2016-10-18  279.84  278.0700    510047.0
2016-10-19  276.01  278.0600    902033.0
2016-10-20  277.36  273.8800    733731.0
2016-10-21  272.78  275.5600    665064.0
2016-10-24  277.92  279.2900    622952.0
2016-10-25  278.03  280.2700    725523.0
2016-10-26  279.95  277.1600    963641.0
2016-10-27  270.00  253.0000   3364244.0
2016-10-28  253.02  263.5000   2725857.0
2016-10-31  263.68  264.4400   1378772.0
2016-11-01  263.90  264.2400   1055232.0
2016-11-02  264.09  262.7000    808962.0
2016-11-03  262.71  261.8400    719026.0
2016-11-04  259.67  261.2000   1064036.0
2016-11-07  264.75  259.6100   1324844.0
2016-11-08  259.36  259.5800   1038825.0
2016-11-09  254.28  264.1500   1109778.0
2016-11-10  264.00  262.5400    943239.0
2016-11-11  261.43  262.7900    967433.0
2016-11-14  263.16  262.1400   1522945.0
2016-11-15  267.89  268.0500   1192820.0
2016-11-16  267.14  269.9000    867738.0
2016-11-17  268.38  270.9900    842178.0
2016-11-18  269.75  265.7400    915560.0
2016-11-21  265.75  270.0100    812212.0
2016-11-22  271.68  275.0000    812728.0
2016-11-23  275.29  275.4700    801952.0
2016-11-25  275.00  276.6100    324195.0
2016-11-28  276.71  274.6300    609164.0
2016-11-29  274.63  275.3900    561880.0
2016-11-30  275.72  274.5000    895299.0
2016-12-01  273.62  273.0600    751627.0
2016-12-02  273.27  273.9400    722707.0
2016-12-05  274.45  276.4700    911459.0
2016-12-06  277.51  277.6800    506856.0
2016-12-07  278.23  285.2000    892263.0
2016-12-08  284.39  277.3100    962992.0
2016-12-09  276.94  275.9600    663908.0
2016-12-12  275.56  276.8700    480671.0
2016-12-13  279.32  282.5300    745252.0
2016-12-14  282.51  276.8300    715041.0
2016-12-15  276.39  278.0400    609520.0
2016-12-16  279.45  279.3000    970170.0
2016-12-19  279.30  283.1100    674059.0
2016-12-20  284.31  285.1500    459010.0
2016-12-21  285.00  285.5300    506574.0
2016-12-22  285.28  282.9900    719468.0
2016-12-23  282.88  283.2200    295953.0
2016-12-27  283.01  283.6500    437030.0
2016-12-28  284.30  280.6700    446576.0
2016-12-29  281.30  281.6400    401525.0
2016-12-30  282.59  278.4100    577989.0
2017-01-03  280.00  280.8200    967683.0
2017-01-04  280.82  282.1100    492577.0
2017-01-05  280.84  282.8100    643996.0
2017-01-06  282.81  281.7800    472643.0
2017-01-09  280.76  279.4000    524792.0
2017-01-10  279.67  281.3000    443671.0
2017-01-11  281.78  281.3300    477059.0
2017-01-12  280.12  281.5800    464952.0
2017-01-13  281.87  279.1500    468198.0
2017-01-17  278.50  278.7600    660194.0
2017-01-18  280.16  280.8100    574077.0
2017-01-19  280.04  275.0500    561625.0
2017-01-20  276.76  274.0100    980105.0
2017-01-23  269.50  264.9900   1418437.0
2017-01-24  265.56  267.4600   1017499.0
2017-01-25  268.33  266.0700    990329.0
2017-01-26  265.48  263.0000    971968.0
2017-01-27  263.57  263.7900    972657.0
2017-01-30  262.00  261.8900   1496008.0
2017-01-31  261.46  262.2700    915020.0
2017-02-01  262.19  254.3500   1648902.0
2017-02-02  254.19  256.6900    998377.0
2017-02-03  258.39  259.8400    970659.0
2017-02-06  259.05  258.4000   1182267.0
2017-02-07  259.36  262.1900   2041304.0
2017-02-08  263.20  271.6500   2786225.0
2017-02-09  275.35  274.7800   1783312.0
2017-02-10  273.75  271.8000   1267490.0
2017-02-13  272.46  268.4800    867937.0
2017-02-14  268.49  269.5200    917229.0
2017-02-15  268.72  270.6200    665015.0
2017-02-16  270.67  266.8500    756579.0
2017-02-17  266.85  268.1200    738614.0
2017-02-21  269.11  268.7000   1048196.0
2017-02-22  269.10  268.0900    776077.0
2017-02-23  269.18  265.9400    921407.0
2017-02-24  265.74  268.7300    719193.0
2017-02-27  267.63  268.2500    550983.0
2017-02-28  267.97  271.7100   1345795.0
2017-03-01  273.24  271.5200   1006899.0
2017-03-02  270.90  271.9800    799857.0
2017-03-03  272.05  270.6500   1141759.0
2017-03-06  270.26  268.8600    811939.0
2017-03-07  269.05  269.8200    821679.0
2017-03-08  269.42  271.4500    616874.0
2017-03-09  271.46  269.1400    753764.0
2017-03-10  270.58  269.6300    726528.0
2017-03-13  269.47  274.4300   1091500.0
2017-03-14  274.43  275.3900    924199.0
2017-03-15  275.76  270.7100   1498399.0
2017-03-16  271.00  272.0600    651066.0
2017-03-17  274.33  274.2000   1434326.0
2017-03-20  274.99  273.0800    642856.0
2017-03-21  273.71  270.5000    546257.0
2017-03-22  271.33  271.4000    711829.0
2017-03-23  271.30  271.4500    578244.0
2017-03-24  272.40  271.7600    415785.0
2017-03-27  270.80  269.8000    593505.0
2017-03-28  269.47  269.7100    705874.0
2017-03-29  275.00  274.7800   1010805.0
2017-03-30  275.15  272.4100    828001.0
2017-03-31  271.55  269.8400    785407.0
2017-04-03  266.00  258.6900   2433935.0
2017-04-04  258.00  255.5100   1380656.0
2017-04-05  255.51  255.1700    791245.0
2017-04-06  255.75  254.3700    883718.0
2017-04-07  255.54  253.1900    963523.0
2017-04-10  253.23  254.9100    728139.0
2017-04-11  254.60  254.7400    713701.0
2017-04-12  252.63  253.0300    840803.0
2017-04-13  252.94  251.9900    763322.0
2017-04-17  252.69  253.9500    657230.0
2017-04-18  251.95  256.0600    794967.0
2017-04-19  257.66  258.8700    982443.0
2017-04-20  260.00  263.0000    742190.0
2017-04-21  263.46  265.3600    721597.0
2017-04-24  267.15  269.2800   1270320.0
2017-04-25  265.15  263.9600   1469425.0
2017-04-26  265.12  265.0700   1267842.0
2017-04-27  262.49  257.1900   3444300.0
2017-04-28  257.00  248.1650   3176715.0
2017-05-01  248.44  241.7000   2859843.0
2017-05-02  240.34  245.8200   1757804.0
2017-05-03  245.45  246.9400   1023753.0
2017-05-04  247.93  250.8200   1209574.0
2017-05-05  251.11  252.7000   1182373.0
2017-05-08  252.51  253.8200   1143232.0
2017-05-09  253.64  255.7500   1212274.0
2017-05-10  255.52  257.4900   1567859.0
2017-05-11  257.65  256.2800   1743464.0
2017-05-12  256.45  255.5000   1239610.0
2017-05-15  254.71  258.1300   1115546.0
2017-05-16  256.83  254.9100   1592570.0
2017-05-17  253.50  248.9100   1317914.0
2017-05-18  249.16  249.7800   1536733.0
2017-05-19  248.91  251.3600   1203714.0
2017-05-22  251.65  248.4600   1821826.0
2017-05-23  239.00  240.1800   3446157.0
2017-05-24  239.53  240.0100   2219219.0
2017-05-25  242.26  243.8500   1158899.0
2017-05-26  245.00  248.4800   1148590.0
2017-05-30  246.53  247.6300   1625330.0
2017-05-31  247.93  242.0800   1613057.0
2017-06-01  243.54  245.6500   1050497.0
2017-06-02  244.65  245.9200    894113.0
2017-06-05  245.22  240.1800   1600288.0
2017-06-06  240.12  235.4100   1571913.0
2017-06-07  235.72  234.8900   1137280.0
2017-06-08  234.23  230.6200   1206571.0
2017-06-09  230.80  232.8400   1222792.0
2017-06-12  232.66  234.7200   1363068.0
2017-06-13  234.41  234.5400    835440.0
2017-06-14  233.82  234.3300   1015639.0
2017-06-15  233.99  233.9700   1501524.0
2017-06-16  232.65  231.3900   1677788.0
2017-06-19  233.12  230.3800   1294999.0
2017-06-20  226.51  225.0100   2668043.0
2017-06-21  224.75  220.7700   1733068.0
2017-06-22  221.85  220.1300   1150990.0
2017-06-23  220.45  220.0800    982004.0
2017-06-26  220.55  222.9700   1053210.0
2017-06-27  222.27  221.8700    740583.0
2017-06-28  220.22  217.0200   1654507.0
2017-06-29  216.97  216.0400   1223610.0
2017-06-30  217.44  218.7400   1313248.0
2017-07-03  218.74  220.4100    485675.0
2017-07-05  199.60  178.7700  12804796.0
2017-07-06  178.00  176.5300   5370168.0
2017-07-07  172.84  172.8500   4473660.0
2017-07-10  174.28  173.1700   3337243.0
2017-07-11  173.58  174.1000   2242261.0
2017-07-12  174.97  177.1000   2968272.0
2017-07-13  177.81  184.6700   2632250.0
2017-07-14  185.97  184.2200   1633723.0
2017-07-17  184.49  185.5000   2260745.0
2017-07-18  188.40  187.5400   2823080.0
2017-07-19  188.02  186.9100   2082123.0
2017-07-20  187.25  188.6900   1479810.0
2017-07-21  188.46  188.1900   2204411.0
2017-07-24  188.25  184.4300   1710728.0
2017-07-25  184.33  186.8500   1953179.0
2017-07-26  187.35  187.4300   1773308.0
2017-07-27  196.40  201.3100   3175134.0
2017-07-28  200.37  200.0300   1440589.0
2017-07-31  200.22  204.3000   1486249.0
2017-08-01  204.44  208.1600   1454044.0
2017-08-02  207.88  209.6600   1934524.0
2017-08-03  209.96  205.6000   2827409.0
2017-08-04  206.41  205.0500   1456705.0
2017-08-07  204.49  205.0900   1212236.0
2017-08-08  204.04  203.0700   1383942.0
2017-08-09  202.01  203.1700   1140078.0
2017-08-10  201.38  197.2200   1378600.0
2017-08-11  198.43  198.9100    974991.0
2017-08-14  200.15  198.4400    892613.0
2017-08-15  190.66  196.0000   3092168.0
2017-08-16  198.99  201.5800   1645623.0
2017-08-17  201.89  200.6300   1520348.0
2017-08-18  200.07  197.9200   1356378.0
2017-08-21  198.85  197.8000   1054965.0
2017-08-22  198.66  197.9900    851678.0
2017-08-23  197.07  195.2600   1131705.0
2017-08-24  194.72  196.4400   1309368.0
2017-08-25  196.59  202.2800   1372090.0
2017-08-28  202.49  198.0600   1035644.0
2017-08-29  197.39  197.0200    875361.0
2017-08-30  197.07  198.0900   1026781.0
2017-08-31  198.00  196.1200   1325290.0
2017-09-01  197.19  196.9900   1393213.0
2017-09-05  197.72  200.3800   1029149.0
2017-09-06  201.03  202.2800    829934.0
2017-09-07  202.63  200.3800    884791.0
2017-09-08  200.42  199.1000    678902.0
2017-09-11  199.16  196.4100    932977.0
2017-09-12  196.06  199.2700   1608184.0
2017-09-13  199.31  208.0100   1477250.0
2017-09-14  207.11  207.1300   1163822.0
2017-09-15  207.34  209.8600   1834207.0
2017-09-18  210.21  210.0800   1360490.0
2017-09-19  213.13  202.9100   2604050.0
2017-09-20  202.25  203.2600   1112652.0
2017-09-21  204.17  202.2600   1165034.0
2017-09-22  202.67  209.5900   1026053.0
2017-09-25  209.71  215.1500   1805873.0
2017-09-26  216.58  212.9500    845103.0
2017-09-27  213.02  214.5108    774319.0
2017-09-28  213.60  215.2800    571138.0
2017-09-29  215.09  215.3700    722621.0
2017-10-02  215.98  215.4000    582583.0
2017-10-03  215.23  213.9500    591131.0
2017-10-04  213.94  212.1600    681076.0
2017-10-05  212.79  211.1800    759750.0
2017-10-06  211.32  212.9400    728297.0
2017-10-09  212.41  207.8200    637122.0
2017-10-10  207.82  209.8700    704876.0
2017-10-11  209.32  208.4200    499143.0
2017-10-12  208.99  207.0100    693164.0
2017-10-13  207.76  209.7200    915297.0
2017-10-16  209.55  209.0200    655884.0
2017-10-17  208.60  212.0100    775118.0
2017-10-18  212.35  212.9900   1043494.0
2017-10-19  209.80  209.3000   1699406.0
2017-10-20  209.65  205.9000   1287536.0
2017-10-23  205.80  205.6500    976401.0
2017-10-24  204.48  203.3300   1242270.0
2017-10-25  201.58  202.7200   1560365.0
2017-10-26  192.00  214.0000   4258093.0
2017-10-27  212.29  217.0400   1510388.0
2017-10-30  216.88  213.7900    830088.0
2017-10-31  213.91  210.9500    862348.0
2017-11-01  211.24  207.5600    970674.0
2017-11-02  207.50  214.5200   1076097.0
2017-11-03  211.69  212.5000   1196387.0
2017-11-06  211.57  208.8600    705530.0
2017-11-07  208.62  208.1100    612320.0
2017-11-09  209.11  211.0900    618184.0
2017-11-10  210.57  214.4300    843629.0
2017-11-13  214.16  214.1700    732694.0
2017-11-14  220.00  215.8900   1086525.0
2017-11-15  215.21  215.7700    591907.0
2017-11-16  215.89  219.6600    669480.0
2017-11-17  219.83  220.4900    752576.0
2017-11-20  219.91  220.3800    709180.0
2017-11-21  220.40  215.6900    821267.0
2017-11-22  216.15  218.6500    576854.0
2017-11-24  217.19  216.2600    388601.0
2017-11-27  217.13  216.3400    774962.0
2017-11-28  217.08  228.4700   1212213.0
2017-11-29  227.49  236.3200   1940352.0
2017-11-30  236.59  236.2100   1333517.0
2017-12-01  235.00  234.4000    831407.0
2017-12-04  236.02  250.3900   1976592.0
2017-12-05  259.35  250.2100   2113201.0
2017-12-06  249.53  245.8300    985291.0
2017-12-07  245.00  244.8600    804854.0
2017-12-08  246.39  251.0700    607127.0
2017-12-11  250.08  247.2400    703265.0
2017-12-12  246.23  246.8600    981235.0
2017-12-13  251.67  245.9200   1209110.0
2017-12-14  246.63  241.4500    936959.0
2017-12-15  243.83  240.2000   1522543.0
2017-12-18  241.80  245.8800   1363526.0
2017-12-19  245.21  243.0300    926821.0
2017-12-20  243.35  242.0500    910888.0
2017-12-21  242.68  241.5000   1149136.0
2017-12-22  240.98  242.5000    971204.0
2017-12-26  243.66  244.6500    645361.0
2017-12-27  245.00  242.3100    640313.0
2017-12-28  242.85  242.3600    723060.0
2017-12-29  241.34  240.5400    831191.0
2018-01-02  241.34  249.2600   1419422.0
2018-01-03  249.90  253.8400   1261344.0
2018-01-04  255.56  257.6800    877066.0
2018-01-05  259.49  260.2800    637554.0
2018-01-08  260.95  260.0000    638606.0
2018-01-09  260.18  261.2600    530573.0
2018-01-10  260.19  258.4500    702823.0
2018-01-11  258.54  259.7500    808996.0
2018-01-12  261.15  258.6000   1246958.0
2018-01-16  259.86  257.8900    837213.0
2018-01-17  259.61  265.0400   1056206.0
2018-01-18  264.92  266.3300    647461.0
2018-01-19  268.04  273.0200    778022.0
2018-01-22  273.00  272.3000    674200.0
2018-01-23  271.49  271.2100    583315.0
2018-01-24  272.49  275.9300    731645.0
2018-01-25  277.57  272.8800    844242.0
2018-01-26  275.14  275.4700    689669.0
2018-01-29  275.14  273.9400    638128.0
2018-01-30  272.87  268.2700    866093.0
2018-01-31  269.13  264.6900   1506905.0
2018-02-01  263.01  262.3800    946107.0
2018-02-02  260.72  252.6400   1458885.0