date     open    close      volume
                                       
2013-01-02  152.750  152.100   1483700.0
2013-01-03  152.750  157.210   1618700.0
2013-01-04  157.100  159.390   1102700.0
2013-01-07  159.760  161.520   1447900.0
2013-01-08  161.560  162.250    965000.0
2013-01-09  163.860  165.580   1262700.0
2013-01-10  163.740  167.480   1140900.0
2013-01-11  167.340  165.930   1140000.0
2013-01-14  166.020  166.340    631200.0
2013-01-15  165.850  166.950    743300.0
2013-01-16  166.100  166.750    760200.0
2013-01-17  167.070  168.060    771000.0
2013-01-18  168.210  167.700    635600.0
2013-01-22  168.110  165.320   1007700.0
2013-01-23  161.960  164.190   1494100.0
2013-01-24  164.560  165.380    738200.0
2013-01-25  164.840  170.080    952900.0
2013-01-28  169.980  168.830    566600.0
2013-01-29  168.500  167.950    603300.0
2013-01-30  167.800  167.420    987700.0
2013-01-31  165.400  166.480   1413600.0
2013-02-01  165.790  161.540   2181600.0
2013-02-04  161.600  162.380   1039400.0
2013-02-05  162.860  164.910   1487700.0
2013-02-06  175.010  174.630   3722100.0
2013-02-07  174.140  178.060   1681000.0
2013-02-08  176.740  177.560   1457000.0
2013-02-11  177.500  177.010    893000.0
2013-02-12  177.360  176.790    522200.0
2013-02-13  176.990  175.630    557800.0
2013-02-14  175.320  174.860    835300.0
2013-02-15  175.820  176.070    903900.0
2013-02-19  176.290  177.040    633600.0
2013-02-20  176.070  173.510    618700.0
2013-02-21  172.490  170.620    567100.0
2013-02-22  170.880  171.120    614100.0
2013-02-25  171.960  168.880    617200.0
2013-02-26  170.080  170.120    585200.0
2013-02-27  170.530  173.310    483100.0
2013-02-28  173.090  173.470    503100.0
2013-03-01  172.550  174.170    685200.0
2013-03-04  173.230  174.400    670000.0
2013-03-05  175.000  177.090    630300.0
2013-03-06  176.430  177.420    606400.0
2013-03-07  177.810  177.180    603000.0
2013-03-08  178.000  177.460    319600.0
2013-03-11  176.870  176.500    451700.0
2013-03-12  175.850  174.410    426900.0
2013-03-13  175.070  173.030    879100.0
2013-03-14  173.660  173.160    671700.0
2013-03-15  172.320  171.300    625100.0
2013-03-18  169.670  169.220    700600.0
2013-03-19  169.660  167.200    772500.0
2013-03-20  168.550  170.510    883200.0
2013-03-21  169.150  168.590    644200.0
2013-03-22  169.720  168.410    706200.0
2013-03-25  168.860  167.440    751900.0
2013-03-26  167.420  167.570    538100.0
2013-03-27  166.970  169.710    725700.0
2013-03-28  169.270  169.310    558800.0
2013-04-01  169.120  166.750    748400.0
2013-04-02  167.020  167.930    559700.0
2013-04-03  168.380  168.730    676100.0
2013-04-04  168.700  169.620    313100.0
2013-04-05  166.890  168.730    481700.0
2013-04-08  168.520  169.600    293400.0
2013-04-09  169.650  170.080    264600.0
2013-04-10  170.680  172.600    280000.0
2013-04-11  172.990  174.990    426300.0
2013-04-12  174.220  174.020    350500.0
2013-04-15  173.260  170.850    602300.0
2013-04-16  172.000  171.280    391900.0
2013-04-17  169.810  168.570    514100.0
2013-04-18  168.950  167.350    381400.0
2013-04-19  168.240  169.140    446100.0
2013-04-22  169.010  165.930    779600.0
2013-04-23  167.510  170.750    865000.0
2013-04-24  171.070  171.440    494000.0
2013-04-25  171.880  175.380    501400.0
2013-04-26  174.970  175.600    349600.0
2013-04-29  175.720  177.000    589100.0
2013-04-30  176.920  181.580   1117800.0
2013-05-01  181.310  178.570    605300.0
2013-05-02  179.170  177.540    544100.0
2013-05-03  178.730  179.260    320300.0
2013-05-06  179.290  180.920    474300.0
2013-05-07  181.300  185.010    613200.0
2013-05-08  184.960  185.370    268300.0
2013-05-09  184.970  183.620    612700.0
2013-05-10  184.000  185.000    274500.0
2013-05-13  184.590  183.790    256500.0
2013-05-14  184.290  186.550    652800.0
2013-05-15  186.300  186.710    470400.0
2013-05-16  186.500  184.800    758200.0
2013-05-17  185.100  187.010    413000.0
2013-05-20  186.890  186.680    742100.0
2013-05-21  187.010  189.560    579800.0
2013-05-22  189.280  188.060   1122500.0
2013-05-23  179.990  183.690   1439400.0
2013-05-24  182.640  180.970   1038600.0
2013-05-28  182.750  178.470   1091800.0
2013-05-29  178.390  177.330    811100.0
2013-05-30  177.520  175.570    961200.0
2013-05-31  175.390  175.090    847700.0
2013-06-03  175.240  175.650    773800.0
2013-06-04  175.360  176.320    695100.0
2013-06-05  175.150  173.740    331600.0
2013-06-06  173.140  174.590    394600.0
2013-06-07  175.090  175.940    495900.0
2013-06-10  176.100  175.800    649800.0
2013-06-11  173.550  173.780    439300.0
2013-06-12  175.210  172.460    254800.0
2013-06-13  173.260  174.430    569100.0
2013-06-14  173.210  173.150    367100.0
2013-06-17  174.460  176.100    608700.0
2013-06-18  175.980  178.900    438500.0
2013-06-19  178.660  177.810    589200.0
2013-06-20  176.440  170.330    757700.0
2013-06-21  171.570  169.090    811400.0
2013-06-24  167.240  168.580    657900.0
2013-06-25  170.440  170.260    608000.0
2013-06-26  172.700  170.370    677900.0
2013-06-27  171.730  173.650    490500.0
2013-06-28  173.060  173.740    647700.0
2013-07-01  174.180  173.940    522400.0
2013-07-02  173.930  172.670    495900.0
2013-07-03  170.890  172.790    160500.0
2013-07-05  173.850  174.030   1220500.0
2013-07-08  174.990  175.960   1203300.0
2013-07-09  173.910  177.630    575100.0
2013-07-10  177.750  180.020    627600.0
2013-07-11  181.950  183.240    668800.0
2013-07-12  183.000  182.400    303500.0
2013-07-15  182.370  181.750    324200.0
2013-07-16  181.570  180.160    444800.0
2013-07-17  180.520  178.530    404300.0
2013-07-18  178.530  179.980   1125300.0
2013-07-19  179.880  179.220    595400.0
2013-07-22  179.950  180.490   1008700.0
2013-07-23  180.910  180.140    532400.0
2013-07-24  180.540  179.130    382000.0
2013-07-25  179.130  179.260    783000.0
2013-07-26  178.000  180.980    499700.0
2013-07-29  180.670  180.290    189700.0
2013-07-30  180.430  181.640    460100.0
2013-07-31  182.460  182.060    609800.0
2013-08-01  183.850  186.990    629300.0
2013-08-02  186.690  188.030    503200.0
2013-08-05  187.250  188.300    575100.0
2013-08-06  187.360  189.510    881400.0
2013-08-07  177.060  173.130   3092900.0
2013-08-08  174.160  177.700   1546300.0
2013-08-09  177.510  178.950    683100.0
2013-08-12  175.000  178.080    560900.0
2013-08-13  177.700  178.530    481500.0
2013-08-14  178.540  176.760    523500.0
2013-08-15  174.990  174.440    678800.0
2013-08-16  173.540  172.080    885500.0
2013-08-19  172.060  170.230    834600.0
2013-08-20  171.050  171.970    464500.0
2013-08-21  171.780  171.860    412700.0
2013-08-22  172.240  172.360    390800.0
2013-08-23  172.660  171.650    386200.0
2013-08-26  171.570  170.210    247200.0
2013-08-27  167.530  165.780    613900.0
2013-08-28  165.810  165.550    651600.0
2013-08-29  165.550  166.140    398800.0
2013-08-30  166.640  165.410    313400.0
2013-09-03  167.990  167.120    753800.0
2013-09-04  167.250  166.670   1012200.0
2013-09-05  166.040  166.000    680700.0
2013-09-06  166.430  165.180   1293300.0
2013-09-09  165.480  165.740   1804800.0
2013-09-10  166.290  163.040   2242900.0
2013-09-11  164.130  163.900   1476400.0
2013-09-12  163.630  163.060   1233300.0
2013-09-13  163.180  166.350    869400.0
2013-09-16  168.730  167.210    779700.0
2013-09-17  168.030  166.680    410900.0
2013-09-18  167.100  168.120    831800.0
2013-09-19  168.100  168.310    725700.0
2013-09-20  168.170  167.330    936600.0
2013-09-23  166.790  165.000    771200.0
2013-09-24  165.270  165.180    772400.0
2013-09-25  164.560  163.000    782700.0
2013-09-26  164.070  165.530    734100.0
2013-09-27  164.330  165.630    800200.0
2013-09-30  163.590  164.730    684500.0
2013-10-01  165.640  164.930    557600.0
2013-10-02  164.340  164.010    908500.0
2013-10-03  164.150  164.480    851300.0
2013-10-04  164.470  166.690    547700.0
2013-10-07  165.450  164.350    634400.0
2013-10-08  164.560  161.100    794800.0
2013-10-09  159.820  162.400   1071100.0
2013-10-10  165.380  163.640    717200.0
2013-10-11  163.650  161.340    750000.0
2013-10-14  160.940  161.100    654900.0
2013-10-15  160.950  158.730   1922600.0
2013-10-16  159.180  158.680   1418900.0
2013-10-17  158.470  161.680   1353600.0
2013-10-18  162.010  163.900    637400.0
2013-10-21  164.260  163.610    398500.0
2013-10-22  164.200  166.530    915500.0
2013-10-23  166.080  164.210    541100.0
2013-10-24  164.160  164.700    418600.0
2013-10-25  165.000  164.540    457900.0
2013-10-28  164.440  165.050    533000.0
2013-10-29  165.790  165.610    628200.0
2013-10-30  165.600  166.820    679900.0
2013-10-31  166.330  165.640    571500.0
2013-11-01  166.550  168.800    973200.0
2013-11-04  169.670  169.590    935400.0
2013-11-05  169.710  171.190   1961700.0
2013-11-06  180.000  180.520   3249500.0
2013-11-07  180.250  172.810   2559200.0
2013-11-08  172.990  173.420   1034500.0
2013-11-11  173.400  172.530   1346500.0
2013-11-12  172.160  171.490   1194800.0
2013-11-13  171.970  176.070   1225400.0
2013-11-14  175.400  176.670    831000.0
2013-11-15  176.520  175.900   1162200.0
2013-11-18  175.290  173.070    730900.0
2013-11-19  173.560  173.260    558300.0
2013-11-20  173.910  172.000    606000.0
2013-11-21  172.420  171.980    663400.0
2013-11-22  172.210  175.020    667100.0
2013-11-25  175.420  175.510    507200.0
2013-11-26  175.570  175.360    508000.0
2013-11-27  175.690  174.310    325300.0
2013-11-29  174.900  175.230    265300.0
2013-12-02  175.080  174.050    414000.0
2013-12-03  173.790  173.150    710900.0
2013-12-04  172.370  173.630    602100.0
2013-12-05  172.890  173.500    613200.0
2013-12-06  174.740  172.290    705800.0
2013-12-09  172.640  171.180    596700.0
2013-12-10  170.730  171.730    697100.0
2013-12-11  172.230  171.090    723200.0
2013-12-12  170.590  173.020    921200.0
2013-12-13  173.020  175.190   1000700.0
2013-12-16  175.420  175.560    829400.0
2013-12-17  175.300  174.350    646400.0
2013-12-18  174.870  177.090    818800.0
2013-12-19  178.370  175.140    651900.0
2013-12-20  175.740  175.050    657100.0
2013-12-23  175.540  174.870    504400.0
2013-12-24  175.000  176.030    320700.0
2013-12-26  176.360  175.970    274200.0
2013-12-27  176.040  175.970    286900.0
2013-12-30  175.690  176.340    257800.0
2013-12-31  175.910  176.570    330300.0
2014-01-02  175.440  175.370    750600.0
2014-01-03  175.750  177.190    665900.0
2014-01-06  177.530  174.680    637700.0
2014-01-07  175.020  175.400    466900.0
2014-01-08  175.330  172.320    736100.0
2014-01-09  173.250  172.880    649900.0
2014-01-10  172.820  173.950    550300.0
2014-01-13  173.580  167.500    992400.0
2014-01-14  167.240  167.470    870300.0
2014-01-15  168.120  168.080    632600.0
2014-01-16  166.150  163.310   1753100.0
2014-01-17  163.230  162.490   1045400.0
2014-01-21  162.740  160.900    877600.0
2014-01-22  160.660  159.860    886800.0
2014-01-23  159.000  158.650   1075900.0
2014-01-24  157.830  157.620   1180300.0
2014-01-27  157.530  156.950    874700.0
2014-01-28  157.350  156.740    840200.0
2014-01-29  155.900  155.510    951000.0
2014-01-30  157.200  158.230    927200.0
2014-01-31  156.180  156.890    788600.0
2014-02-03  156.250  153.660   1161900.0
2014-02-04  154.300  154.180   1890100.0
2014-02-05  163.820  148.710  11478400.0
2014-02-06  150.020  152.230   2158400.0
2014-02-07  153.200  155.890   1941200.0
2014-02-10  155.700  155.250   1095700.0
2014-02-11  157.500  156.800   1382200.0
2014-02-12  157.340  154.500   1787700.0
2014-02-13  154.050  156.150   1253300.0
2014-02-14  154.560  158.390   1659600.0
2014-02-18  158.600  157.150    863800.0
2014-02-19  156.400  156.970   1049900.0
2014-02-20  157.120  157.660    961300.0
2014-02-21  157.660  158.400    791500.0
2014-02-24  157.650  159.270   1163600.0
2014-02-25  159.210  159.990    779200.0
2014-02-26  164.310  162.120   1473000.0
2014-02-27  160.150  161.790   2939000.0
2014-02-28  161.900  161.080   1202200.0
2014-03-03  159.130  160.270    987600.0
2014-03-04  161.810  161.940    967600.0
2014-03-05  161.930  161.450    986900.0
2014-03-06  161.630  162.160   1054800.0
2014-03-07  162.500  164.050   1026200.0
2014-03-10  163.850  164.290   1315200.0
2014-03-11  164.270  162.230   1341900.0
2014-03-12  161.730  162.570    674900.0
2014-03-13  162.940  159.410    898900.0
2014-03-14  159.390  160.080    796400.0
2014-03-17  161.150  161.510    744800.0
2014-03-18  163.000  163.800    945600.0
2014-03-19  163.990  161.260    720800.0
2014-03-20  161.120  160.470    637600.0
2014-03-21  162.120  161.040   1027000.0
2014-03-24  161.430  160.010    864100.0
2014-03-25  160.810  156.290   1477500.0
2014-03-26  157.500  156.480   1229300.0
2014-03-27  156.240  156.980    760800.0
2014-03-28  157.360  158.240    734600.0
2014-03-31  159.780  160.930    867700.0
2014-04-01  161.100  163.720    954600.0
2014-04-02  163.770  163.410    774300.0
2014-04-03  164.170  162.680    654100.0
2014-04-04  162.920  158.640   1011300.0
2014-04-07  158.320  155.580   1237100.0
2014-04-08  155.850  155.920   1298200.0
2014-04-09  154.580  157.440    713000.0
2014-04-10  157.650  153.790    783500.0
2014-04-11  152.820  153.550    918000.0
2014-04-14  154.200  154.390    675300.0
2014-04-15  154.760  155.340    737800.0
2014-04-16  156.450  155.050    585100.0
2014-04-17  154.550  154.380    642900.0
2014-04-21  154.530  153.920    422300.0
2014-04-22  154.910  154.860   1087100.0
2014-04-23  155.170  153.840    700500.0
2014-04-24  154.370  154.610    888600.0
2014-04-25  154.550  153.090    732200.0
2014-04-28  153.830  151.470   1317900.0
2014-04-29  151.650  152.310    867000.0
2014-04-30  151.960  151.370    852000.0
2014-05-01  151.590  153.400   1035800.0
2014-05-02  153.750  155.000    971600.0
2014-05-05  154.410  155.860    797000.0
2014-05-06  155.150  153.890   1017200.0
2014-05-07  154.050  152.560    994700.0
2014-05-08  152.650  151.990   1647600.0
2014-05-09  144.180  148.810   4800400.0
2014-05-12  147.860  147.340   2628300.0
2014-05-13  147.340  149.160   1557700.0
2014-05-14  149.160  147.520    760500.0
2014-05-15  147.100  147.470   1087000.0
2014-05-16  147.930  149.770   1056100.0
2014-05-19  149.390  150.990    972800.0
2014-05-20  151.000  150.260   1021800.0
2014-05-21  150.440  150.820    587400.0
2014-05-22  150.560  151.900    661900.0
2014-05-23  152.010  152.720    578600.0
2014-05-27  153.210  153.500    790000.0
2014-05-28  154.440  152.600    869700.0
2014-05-29  152.810  153.060    474900.0
2014-05-30  152.680  153.480    587000.0
2014-06-02  153.580  153.170    575300.0
2014-06-03  152.180  154.270    658400.0
2014-06-04  153.470  155.410    848200.0
2014-06-05  154.380  154.270   1356700.0
2014-06-06  154.380  154.500    681000.0
2014-06-09  154.740  155.310    534200.0
2014-06-10  155.300  154.650    577500.0
2014-06-11  154.590  153.440    458000.0
2014-06-12  152.810  152.690    674000.0
2014-06-13  152.750  153.540    791500.0
2014-06-16  153.050  153.000    507600.0
2014-06-17  152.880  154.690    527600.0
2014-06-18  154.840  156.000    611300.0
2014-06-19  156.050  154.250    650200.0
2014-06-20  155.500  155.570   1022300.0
2014-06-23  155.460  156.090    667700.0
2014-06-24  156.090  157.900   1520900.0
2014-06-25  157.480  155.940   1100400.0
2014-06-26  155.930  157.080   1069100.0
2014-06-27  157.080  160.420   1404400.0
2014-06-30  161.000  160.690    672100.0
2014-07-01  161.150  161.630   1085300.0
2014-07-02  161.630  161.450    732400.0
2014-07-03  162.020  162.880    415800.0
2014-07-07  162.520  161.880    736200.0
2014-07-08  161.700  160.880    944300.0
2014-07-09  161.190  162.920    881000.0
2014-07-10  161.100  159.970    662100.0
2014-07-11  160.190  159.130    565900.0
2014-07-14  160.090  159.460    412100.0
2014-07-15  158.860  158.860    467000.0
2014-07-16  159.030  158.000    639200.0
2014-07-17  157.680  157.190    534000.0
2014-07-18  157.690  157.690    560500.0
2014-07-21  157.250  157.770    411100.0
2014-07-22  157.960  159.230    530100.0
2014-07-23  159.430  159.500    292400.0
2014-07-24  160.270  161.520    423700.0
2014-07-25  161.130  159.640    416200.0
2014-07-28  159.960  159.920    362300.0
2014-07-29  159.950  158.330    693800.0
2014-07-30  158.830  159.350    652600.0
2014-07-31  157.580  155.860    809300.0
2014-08-01  155.970  154.550    788500.0
2014-08-04  154.550  156.300    837100.0
2014-08-05  154.650  156.570   1446200.0
2014-08-06  152.220  156.880   1953900.0
2014-08-07  159.100  158.120   1345500.0
2014-08-08  158.140  160.440    645700.0
2014-08-11  161.500  162.760   1031500.0
2014-08-12  162.670  162.780   1262600.0
2014-08-13  162.700  162.240   1141900.0
2014-08-14  162.130  163.180    577400.0
2014-08-15  164.040  163.540    846100.0
2014-08-18  164.580  165.360    575400.0
2014-08-19  165.730  167.000    530500.0
2014-08-20  166.420  169.330    995000.0
2014-08-21  169.540  169.270    731700.0
2014-08-22  169.500  169.770    583800.0
2014-08-25  170.290  169.960    624400.0
2014-08-26  169.900  169.000    805800.0
2014-08-27  169.750  169.680    635700.0
2014-08-28  168.450  169.050    658700.0
2014-08-29  169.000  169.200    517800.0
2014-09-02  169.290  169.810    611200.0
2014-09-03  169.900  169.050    596400.0
2014-09-04  169.750  172.460   1096800.0
2014-09-05  171.660  172.900    582400.0
2014-09-08  172.380  172.500    426700.0
2014-09-09  174.310  173.520    745100.0
2014-09-10  173.510  174.700    733600.0
2014-09-11  174.140  173.270    676100.0
2014-09-12  172.970  173.790    920600.0
2014-09-15  173.460  170.990    986800.0
2014-09-16  171.000  172.600    732700.0
2014-09-17  173.100  172.780    578000.0
2014-09-18  172.800  172.840    567300.0
2014-09-19  173.900  171.980   1377700.0
2014-09-22  171.880  169.840   1061484.0
2014-09-23  169.680  170.010    955238.0
2014-09-24  170.190  167.600   1403705.0
2014-09-25  167.130  164.920   1151090.0
2014-09-26  165.890  165.640    838343.0
2014-09-29  164.670  165.030    597581.0
2014-09-30  164.890  164.730    694755.0
2014-10-01  164.800  163.360    975345.0
2014-10-02  163.270  167.120   1126217.0
2014-10-03  167.510  166.400    772093.0
2014-10-06  166.760  164.390    806095.0
2014-10-07  163.480  163.120    914821.0
2014-10-08  163.510  166.110    888285.0
2014-10-09  165.220  163.040   1043964.0
2014-10-10  163.390  160.430    799272.0
2014-10-13  160.160  157.530    767993.0
2014-10-14  158.950  157.730    853197.0
2014-10-15  155.540  156.720   1047600.0
2014-10-16  154.510  157.670    793535.0
2014-10-17  158.930  156.250   1177159.0
2014-10-20  155.310  157.200    914204.0
2014-10-21  157.680  161.160    602862.0
2014-10-22  161.210  160.570    476840.0
2014-10-23  161.380  161.180    727821.0
2014-10-24  161.030  160.250   1148865.0
2014-10-27  160.250  161.350   1071105.0
2014-10-28  161.060  160.920   1167695.0
2014-10-29  157.670  161.790   2439982.0
2014-10-30  161.550  166.110    952185.0
2014-10-31  167.100  164.840    908499.0
2014-11-03  164.750  165.680    684913.0
2014-11-04  165.480  164.150    718152.0
2014-11-05  164.610  164.780    536220.0
2014-11-06  165.470  171.390    872815.0
2014-11-07  170.920  174.000   1387398.0
2014-11-10  174.370  171.920    761995.0
2014-11-11  171.080  171.070    657706.0
2014-11-12  170.940  172.930    839424.0
2014-11-13  172.830  173.170    746806.0
2014-11-14  173.420  174.240    727355.0
2014-11-17  173.790  176.050    805072.0
2014-11-18  175.580  176.560    723652.0
2014-11-19  176.000  179.660    948797.0
2014-11-20  178.740  179.780   1038634.0
2014-11-21  181.410  180.050    944992.0
2014-11-24  180.520  181.320    605148.0
2014-11-25  181.320  182.640    857626.0
2014-11-26  182.620  182.070    501554.0
2014-11-28  182.590  184.900    511037.0
2014-12-01  183.830  181.280   1002764.0
2014-12-02  181.770  180.580    630834.0
2014-12-03  180.550  183.280    634024.0
2014-12-04  182.420  183.160    908266.0
2014-12-05  182.790  183.300    553638.0
2014-12-08  183.180  183.080    725776.0
2014-12-09  180.970  182.440    542786.0
2014-12-10  182.070  180.100    596440.0
2014-12-11  180.110  180.920    600709.0
2014-12-12  180.920  181.640    818873.0
2014-12-15  182.250  180.030    901288.0
2014-12-16  179.790  176.600    786648.0
2014-12-17  176.820  179.200    808516.0
2014-12-18  181.000  180.590    827801.0
2014-12-19  180.790  178.820    905478.0
2014-12-22  179.150  180.230    659132.0
2014-12-23  180.230  183.650    726982.0
2014-12-24  184.150  184.350    345437.0
2014-12-26  184.840  185.120    400146.0
2014-12-29  184.500  186.730    532216.0
2014-12-30  186.680  186.230    382389.0
2014-12-31  186.410  185.160    461703.0
2015-01-02  185.975  183.100    504270.0
2015-01-05  179.780  177.880   1765039.0
2015-01-06  178.040  174.410   1490128.0
2015-01-07  175.670  178.780    620386.0
2015-01-08  177.700  178.570    793597.0
2015-01-09  177.170  175.990    744247.0
2015-01-12  174.650  174.420   1003248.0
2015-01-13  175.880  173.640    923372.0
2015-01-14  171.800  172.300    774513.0
2015-01-15  172.830  169.460    532479.0
2015-01-16  169.570  170.050   1250084.0
2015-01-20  170.850  168.220   1083189.0
2015-01-21  167.560  169.520    744342.0
2015-01-22  170.230  170.830   1208441.0
2015-01-23  170.480  168.770    956239.0
2015-01-26  168.200  169.290   1030718.0
2015-01-27  168.480  167.500   1303739.0
2015-01-28  168.700  166.200    922767.0
2015-01-29  167.120  170.030    764202.0
2015-01-30  167.810  166.890    959543.0
2015-02-02  166.440  167.800   1068051.0
2015-02-03  168.790  170.830   1181492.0
2015-02-04  151.500  139.710  10494375.0
2015-02-05  138.090  141.770   4374950.0
2015-02-06  142.240  138.870   2437839.0
2015-02-09  138.550  136.090   1949722.0
2015-02-10  137.040  135.110   1805151.0
2015-02-11  135.490  135.170   1852115.0
2015-02-12  135.320  135.800   1341561.0
2015-02-13  135.900  135.200   1364659.0
2015-02-17  135.210  136.340   1206368.0
2015-02-18  136.300  136.420   1025650.0
2015-02-19  136.050  136.970   1175061.0
2015-02-20  136.750  139.300   1517946.0
2015-02-23  139.770  138.670   1094013.0
2015-02-24  138.370  138.090    720664.0
2015-02-25  138.100  138.440    983743.0
2015-02-26  138.430  137.480    758265.0
2015-02-27  137.480  137.410    813939.0
2015-03-02  137.850  138.060    775550.0
2015-03-03  138.470  135.930    901188.0
2015-03-04  135.790  134.940   1138820.0
2015-03-05  134.990  134.290    634526.0
2015-03-06  134.150  131.930   1125378.0
2015-03-09  131.790  132.860    975500.0
2015-03-10  132.010  130.460   1165002.0
2015-03-11  130.500  127.660   1248371.0
2015-03-12  128.130  130.480   1049534.0
2015-03-13  129.730  130.010    752470.0
2015-03-16  130.110  129.700    864419.0
2015-03-17  129.020  129.100    779791.0
2015-03-18  128.950  132.300   1020426.0
2015-03-19  132.100  132.640    890701.0
2015-03-20  132.940  133.180   1187555.0
2015-03-23  133.160  133.870    538735.0
2015-03-24  133.550  133.730    647882.0
2015-03-25  133.440  132.860    982567.0
2015-03-26  131.870  131.970    567090.0
2015-03-27  131.710  131.220    561984.0
2015-03-30  132.760  132.270    457292.0
2015-03-31  131.450  131.500    623291.0
2015-04-01  131.570  132.700   1026852.0
2015-04-02  132.910  134.670   1398034.0
2015-04-06  133.760  137.820   1807792.0
2015-04-07  139.060  139.190   1541969.0
2015-04-08  139.890  139.440    919783.0
2015-04-09  139.330  140.260    879215.0
2015-04-10  139.920  138.120    917649.0
2015-04-13  137.680  137.530    662521.0
2015-04-14  137.340  137.090    506059.0
2015-04-15  138.000  137.570    629025.0
2015-04-16  137.780  137.320    686857.0
2015-04-17  136.160  133.780    782219.0
2015-04-20  135.090  136.950    710834.0
2015-04-21  137.140  135.950    759782.0
2015-04-22  136.630  136.390    615702.0
2015-04-23  136.910  137.370    585191.0
2015-04-24  137.300  136.470    475152.0
2015-04-27  136.200  135.700    453987.0
2015-04-28  134.740  134.860    523618.0
2015-04-29  134.450  134.070    855429.0
2015-04-30  134.010  133.410    834370.0
2015-05-01  134.110  136.120    738257.0
2015-05-04  136.110  135.950    685993.0
2015-05-05  135.270  135.400    621959.0
2015-05-06  135.310  133.940    602698.0
2015-05-07  134.230  134.080    621788.0
2015-05-08  135.000  134.390    746723.0
2015-05-11  134.250  134.640   1062282.0
2015-05-12  133.650  133.200   1823220.0
2015-05-13  129.500  129.180   3250781.0
2015-05-14  130.260  131.690   1625787.0
2015-05-15  131.770  133.110    919891.0
2015-05-18  133.370  132.530    753755.0
2015-05-19  132.370  130.700    894537.0
2015-05-20  131.040  131.390   1055661.0
2015-05-21  131.040  131.530    879713.0
2015-05-22  131.750  133.030    678156.0
2015-05-26  132.530  128.440   1189615.0
2015-05-27  128.030  128.260    765288.0
2015-05-28  130.710  131.850   1050845.0
2015-05-29  131.630  130.400    790351.0
2015-06-01  130.770  131.600    755145.0
2015-06-02  132.140  135.370   1844509.0
2015-06-03  135.370  136.860   1180957.0
2015-06-04  135.950  137.080    963138.0
2015-06-05  137.000  137.100    887807.0
2015-06-08  136.500  136.430    584140.0
2015-06-09  136.700  136.310    684014.0
2015-06-10  136.720  135.580    605751.0
2015-06-11  135.560  135.770    518443.0
2015-06-12  135.280  135.250    357974.0
2015-06-15  134.490  134.050    506253.0
2015-06-16  133.500  134.370    716215.0
2015-06-17  134.610  134.710    721627.0
2015-06-18  135.530  139.500   1230534.0
2015-06-19  139.100  140.240   1148281.0
2015-06-22  141.000  139.260    593938.0
2015-06-23  139.110  139.560    571231.0
2015-06-24  138.900  137.650    974594.0
2015-06-25  138.020  136.170    623128.0
2015-06-26  136.810  136.860   1357625.0
2015-06-29  135.390  133.830    836123.0
2015-06-30  134.580  132.360    599507.0
2015-07-01  133.340  133.260    858893.0
2015-07-02  133.580  134.760    639384.0
2015-07-06  133.690  132.620    674395.0
2015-07-07  133.050  133.790    618793.0
2015-07-08  132.640  129.540    725904.0
2015-07-09  130.800  128.990    621674.0
2015-07-10  130.500  129.700    791939.0
2015-07-13  132.000  134.270    819523.0
2015-07-14  134.500  135.280    541092.0
2015-07-15  135.030  132.590    625033.0
2015-07-16  133.450  132.990    500627.0
2015-07-17  132.600  130.760    427921.0
2015-07-20  130.710  130.510    691339.0
2015-07-21  130.430  130.270    448733.0
2015-07-22  129.870  130.030    489030.0
2015-07-23  130.780  128.820    389492.0
2015-07-24  129.590  126.850    573030.0
2015-07-27  126.490  125.000    792497.0
2015-07-28  125.500  126.610    765873.0
2015-07-29  126.460  126.920    539336.0
2015-07-30  126.380  127.120    548610.0
2015-07-31  127.420  125.890   1194064.0
2015-08-03  125.240  123.290   2223750.0
2015-08-04  123.510  123.310   1489168.0
2015-08-05  127.650  121.500   2196460.0
2015-08-06  121.830  120.170   2291372.0
2015-08-07  119.740  120.200   1435659.0
2015-08-10  121.030  120.540   1349555.0
2015-08-11  119.830  119.000   1212937.0
2015-08-12  118.480  118.000   1111024.0
2015-08-13  118.230  117.290    905955.0
2015-08-14  117.330  118.000   1165135.0
2015-08-17  117.270  117.990    711466.0
2015-08-18  118.000  117.230   1018404.0
2015-08-19  117.080  115.720   1164683.0
2015-08-20  114.460  112.900   1456799.0
2015-08-21  111.650  110.640   1514672.0
2015-08-24  105.040  107.590   2295430.0
2015-08-25  110.010  105.020   1294332.0
2015-08-26  107.690  106.790   1349688.0
2015-08-27  108.700  109.180   1151249.0
2015-08-28  109.000  110.890   1019691.0
2015-08-31  110.370  111.190   1140564.0
2015-09-01  109.490  108.440    773206.0
2015-09-02  109.330  109.500    611254.0
2015-09-03  110.200  110.960    922503.0
2015-09-04  109.450  108.980    517445.0
2015-09-08  110.730  111.050    637810.0
2015-09-09  112.260  108.840    662906.0
2015-09-10  108.660  109.120    631604.0
2015-09-11  108.880  109.710    651619.0
2015-09-14  109.370  107.910    630508.0
2015-09-15  108.340  109.710    720024.0
2015-09-16  109.710  114.600   1249234.0
2015-09-17  114.410  113.950   1235137.0
2015-09-18  112.500  109.380   1021509.0
2015-09-21  110.780  111.510   1116128.0
2015-09-22  110.000  110.350    785413.0
2015-09-23  110.440  108.070    563376.0
2015-09-24  109.530  109.200    932589.0
2015-09-25  110.470  108.320    746651.0
2015-09-28  107.790  104.880    763098.0
2015-09-29  104.790  104.050    717177.0
2015-09-30  111.620  118.160   4760040.0
2015-10-01  117.200  116.560   1562704.0
2015-10-02  115.460  117.360   1106239.0
2015-10-05  118.260  119.280    915461.0
2015-10-06  119.110  119.990    990551.0
2015-10-07  120.330  118.620   1102004.0
2015-10-08  118.640  121.250    939589.0
2015-10-09  120.000  120.540    751750.0
2015-10-12  121.850  120.580    596527.0
2015-10-13  119.270  118.730    634088.0
2015-10-14  119.110  118.730    744995.0
2015-10-15  119.230  117.290    827768.0
2015-10-16  117.820  116.960    735851.0
2015-10-19  116.670  117.210    914854.0
2015-10-20  117.210  117.750    971476.0
2015-10-21  118.080  115.810    931596.0
2015-10-22  116.290  116.680    404131.0
2015-10-23  114.940  113.690   2025329.0
2015-10-26  114.100  113.610    653089.0
2015-10-27  113.800  112.180    917880.0
2015-10-28  112.280  112.430    861875.0
2015-10-29  109.420  110.330   1222423.0
2015-10-30  110.670  110.770   1008809.0
2015-11-02  110.890  110.850    573776.0
2015-11-03  111.450  114.170   1186381.0
2015-11-04  114.470  113.570   1413895.0
2015-11-05  127.000  130.500   4720507.0
2015-11-06  130.640  137.240   2392718.0
2015-11-09  136.900  134.340   1541740.0
2015-11-10  133.650  133.200   1046223.0
2015-11-11  132.030  124.960   2035090.0
2015-11-12  123.880  122.130   1353974.0
2015-11-13  119.000  119.720   2093154.0
2015-11-16  119.010  120.640   1013927.0
2015-11-17  120.800  119.320   1431691.0
2015-11-18  119.410  119.390   1127375.0
2015-11-19  119.210  122.710   1405100.0
2015-11-20  123.020  123.710   1077752.0
2015-11-23  123.200  126.200    902531.0
2015-11-24  124.410  124.990   1149459.0
2015-11-25  125.770  125.610    605988.0
2015-11-27  125.680  123.990    405502.0
2015-11-30  123.160  124.210   1127442.0
2015-12-01  124.470  124.830    733461.0
2015-12-02  125.180  125.720    995470.0
2015-12-03  124.710  122.170   1587725.0
2015-12-04  121.950  120.840   1611535.0
2015-12-07  119.150  119.590   1277525.0
2015-12-08  117.530  118.670   1833636.0
2015-12-09  117.510  118.190    868014.0
2015-12-10  117.940  115.850    688956.0
2015-12-11  114.410  112.980   1063699.0
2015-12-14  112.900  113.040    880698.0
2015-12-15  114.040  114.540    773808.0
2015-12-16  114.930  115.860    811389.0
2015-12-17  116.000  112.750   1206564.0
2015-12-18  112.130  111.660   2009362.0
2015-12-21  112.050  110.610    777927.0
2015-12-22  111.070  111.810   1086392.0
2015-12-23  112.930  114.510    779843.0
2015-12-24  114.040  113.380    360051.0
2015-12-28  113.010  112.390    437748.0
2015-12-29  113.340  113.980    447155.0
2015-12-30  113.960  112.660    663479.0
2015-12-31  112.420  111.480    508586.0
2016-01-04  109.990  111.560   1359130.0
2016-01-05  112.110  110.880   1051254.0
2016-01-06  109.930  108.100   1417004.0
2016-01-07  106.120  104.560   1162194.0
2016-01-08  105.000  103.590   1066439.0
2016-01-11  103.210  102.040   1341323.0
2016-01-12  103.600  103.960   1071456.0
2016-01-13  104.960  100.780   1045918.0
2016-01-14  100.620  101.040   1140162.0
2016-01-15   98.520  100.680   1420758.0
2016-01-19  101.440  101.380   1332517.0
2016-01-20   99.920  103.400   2269495.0
2016-01-21  103.510  105.940   1642028.0
2016-01-22  107.840  106.970   1042956.0
2016-01-25  106.940  106.530    904175.0
2016-01-26  107.370  109.120    963328.0
2016-01-27  108.060  108.460   1087464.0
2016-01-28  110.610  109.630   1050447.0
2016-01-29  110.620  112.500   1421737.0
2016-02-01  111.200  112.330   1370318.0
2016-02-02  114.610  111.760   2034025.0
2016-02-03  112.660  115.560   2338112.0
2016-02-04  103.270   89.950  10821569.0
2016-02-05   88.530   87.250   4939931.0
2016-02-08   85.100   85.230   2826282.0
2016-02-09   84.750   83.700   2354792.0
2016-02-10   84.330   84.500   2512993.0
2016-02-11   83.630   83.180   1831211.0
2016-02-12   83.800   86.940   2491084.0
2016-02-16   87.710   88.330   1328327.0
2016-02-17   89.560   89.240   1552592.0
2016-02-18   89.360   88.830    731605.0
2016-02-19   87.700   88.280    830032.0
2016-02-22   89.490   91.000   1057725.0
2016-02-23   90.890   89.800   1102886.0
2016-02-24   88.610   89.960   1053205.0
2016-02-25   90.200   91.920    855920.0
2016-02-26   91.970   90.850    927130.0
2016-02-29   90.850   90.760    741596.0
2016-03-01   92.020   93.690   1065441.0
2016-03-02   93.520   94.570    643798.0
2016-03-03   94.320   95.770   1120605.0
2016-03-04   95.840   97.160   1132344.0
2016-03-07   96.730   98.700   1436658.0
2016-03-08   98.250   97.120    949706.0
2016-03-09   97.440   97.150    852101.0
2016-03-10   97.460   96.250    916636.0
2016-03-11   97.220   98.490    717992.0
2016-03-14   98.160   98.570    675261.0
2016-03-15   97.690   97.300    628600.0
2016-03-16   96.840   95.730   1178871.0
2016-03-17   95.530   97.110    928909.0
2016-03-18   97.320   98.120   1203465.0
2016-03-21   98.470   99.250    946265.0
2016-03-22   98.260   97.760    649955.0
2016-03-23   97.210   95.890    749430.0
2016-03-24   95.690   95.550    594418.0
2016-03-28   95.770   96.430    726925.0
2016-03-29   95.820   96.500    740238.0
2016-03-30   96.590   96.920    814667.0
2016-03-31   96.470   96.260    978307.0
2016-04-01   95.670   97.260   1085921.0
2016-04-04   97.520   93.800   1226669.0
2016-04-05   93.420   93.850   1015849.0
2016-04-06   93.980   96.480   1413036.0
2016-04-07   96.080   94.560    940260.0
2016-04-08   94.000   91.240   1386009.0
2016-04-11   91.000   90.370    889747.0
2016-04-12   91.310   91.080   1386342.0
2016-04-13   91.800   93.570   1176606.0
2016-04-14   93.220   92.550    887220.0
2016-04-15   92.410   94.470   1384750.0
2016-04-18   94.100   95.190    646488.0
2016-04-19   95.400   94.810    705547.0
2016-04-20   94.650   94.830    745987.0
2016-04-21   95.340   94.080    911436.0
2016-04-22   94.480   93.980    796905.0
2016-04-25   93.790   94.380    899262.0
2016-04-26   94.280   94.970    946032.0
2016-04-27   95.360   94.890   1207983.0
2016-04-28   93.980   94.010    959371.0
2016-04-29   94.000   93.210    825367.0
2016-05-02   93.280   95.230    597221.0
2016-05-03   94.590   94.530    763852.0
2016-05-04   93.990   93.050    604334.0
2016-05-05   93.130   91.000    914184.0
2016-05-06   90.800   90.110   1260340.0
2016-05-09   90.000   90.300   1701961.0
2016-05-10   87.390   89.350   1491990.0
2016-05-11   87.070   84.500   3681233.0
2016-05-12   89.960   86.880   5638517.0
2016-05-13   86.010   85.500   3066424.0
2016-05-16   85.640   86.500   2583391.0
2016-05-17   86.000   88.110   1591311.0
2016-05-18   87.200   89.000   1640156.0
2016-05-19   89.190   89.160   1435134.0
2016-05-20   89.730   91.630   1227638.0
2016-05-23   91.910   92.710   2055884.0
2016-05-24   92.960   93.390   1102811.0
2016-05-25   93.000   93.930    969441.0
2016-05-26   94.440   93.850    887211.0
2016-05-27   93.930   94.070    663263.0
2016-05-31   94.090   94.330    929318.0
2016-06-01   93.650   95.460    946782.0
2016-06-02   95.500   96.610    872387.0
2016-06-03   96.020   95.810   1647578.0
2016-06-06   96.270   96.330   1331607.0
2016-06-07   86.250   94.060   7916348.0
2016-06-08   94.140   93.740   2104428.0
2016-06-09   92.960   96.180   1969166.0
2016-06-10   95.110   95.800   1914922.0
2016-06-13   95.160   93.830   1421171.0
2016-06-14   93.380   91.360   1620846.0
2016-06-15   91.990   94.560   1960783.0
2016-06-16   94.040   94.000    970504.0
2016-06-17   94.160   95.650   1485843.0
2016-06-20   96.770   96.200   1150062.0
2016-06-21   96.400   97.170   1422347.0
2016-06-22   97.500   96.410    987696.0
2016-06-23   97.510   97.250    990781.0
2016-06-24   92.860   89.600   2758057.0
2016-06-27   88.480   87.380   2794837.0
2016-06-28   88.280   87.890   1362955.0
2016-06-29   88.540   88.730   1468842.0
2016-06-30   88.900   89.620   1192248.0
2016-07-01   89.670   90.080   1046982.0
2016-07-05   89.660   88.520   1064620.0
2016-07-06   87.800   90.160   1041492.0
2016-07-07   90.110   91.760   1028898.0
2016-07-08   92.470   93.250    831056.0
2016-07-11   94.050   96.010   1487256.0
2016-07-12   96.370   98.570   1665098.0
2016-07-13   98.990   98.530    831947.0
2016-07-14   99.050   98.920    635458.0
2016-07-15   99.420   98.870    601900.0
2016-07-18   98.670   99.160    889643.0
2016-07-19   99.000   98.800    504853.0
2016-07-20   99.230  100.040    474067.0
2016-07-21  100.210   99.180    551014.0
2016-07-22   98.740   98.890    530005.0
2016-07-25   98.920   99.760    591999.0
2016-07-26   99.860  100.950    761500.0
2016-07-27  100.580   99.250   1143524.0
2016-07-28   99.070   96.900   1063749.0
2016-07-29   96.780   98.090    732191.0
2016-08-01   97.890   97.680    745886.0
2016-08-02   97.620   93.400   1186886.0
2016-08-03   90.310   92.860   1699105.0
2016-08-04   93.210   94.270    930658.0
2016-08-05   95.020   96.050    728168.0
2016-08-08   96.320   95.960    733696.0
2016-08-09   95.210   95.070   1686371.0
2016-08-10  102.300  103.140   3771881.0
2016-08-11  104.880  108.700   3011287.0
2016-08-12  108.210  108.190   1339071.0
2016-08-15  108.720  109.170   1091491.0
2016-08-16  108.980  108.810    629848.0
2016-08-17  108.570  107.500    951813.0
2016-08-18  107.780  108.610    577389.0
2016-08-19  108.340  108.930    554654.0
2016-08-22  108.930  108.040    547479.0
2016-08-23  108.950  109.090    672363.0
2016-08-24  108.910  107.870    591158.0
2016-08-25  107.680  107.090    542982.0
2016-08-26  107.140  106.420    460084.0
2016-08-29  106.290  106.450    554754.0
2016-08-30  105.900  104.500    585110.0
2016-08-31  104.390  103.620    540255.0
2016-09-01  104.110  103.530    589687.0
2016-09-02  103.500  103.230    789067.0
2016-09-06  103.280  102.560    518309.0
2016-09-07  102.860  104.840    839401.0
2016-09-08  104.350  102.880    687978.0
2016-09-09  102.560  100.740    584545.0
2016-09-12  100.180  101.800    806317.0
2016-09-13  100.930  100.470    570403.0
2016-09-14  100.700   99.770    445741.0
2016-09-15   99.170  100.060    517528.0
2016-09-16   99.470  100.070    752549.0
2016-09-19  100.370   99.950    671436.0
2016-09-20  100.380   98.770    649193.0
2016-09-21   98.780   99.110    524496.0
2016-09-22   99.820   98.970    668552.0
2016-09-23   98.870   99.910    740633.0
2016-09-26   99.300   96.770    717316.0
2016-09-27   96.840   97.860    583924.0
2016-09-28   97.270   97.940    453356.0
2016-09-29   98.280   99.650   1306621.0
2016-09-30  100.360  101.140    969414.0
2016-10-03  100.700  100.930    644964.0
2016-10-04  100.680  100.290    572917.0
2016-10-05  100.540   99.750    608161.0
2016-10-06  100.330  101.410    650872.0
2016-10-07  103.560  103.010   1065760.0
2016-10-10  103.540  103.630    438632.0
2016-10-11  103.830  102.330    531822.0
2016-10-12  102.330  101.710    553796.0
2016-10-13  101.050   99.690    903022.0
2016-10-14  100.000   97.520   1157066.0
2016-10-17   97.580   97.190    732015.0
2016-10-18   97.570   97.640    662706.0
2016-10-19   98.020   98.980    650052.0
2016-10-20   98.730   97.590    632436.0
2016-10-21   96.580   96.630    642552.0
2016-10-24   97.130   98.600    710183.0
2016-10-25   96.500   97.820    843789.0
2016-10-26   97.340   98.050    414616.0
2016-10-27   98.310   97.830    411585.0
2016-10-28   98.530   98.140    605481.0
2016-10-31   98.200   98.100    560733.0
2016-11-01   98.540   98.660    707573.0
2016-11-02   97.960   97.760    452178.0
2016-11-03   98.140   97.640    531414.0
2016-11-04   97.950   98.590    625624.0
2016-11-07  100.090   99.830    817351.0
2016-11-08   99.640   98.910    752754.0
2016-11-09   97.080  102.150   1619566.0
2016-11-10  103.270  106.260   2007438.0
2016-11-11  106.840  107.100   1251875.0
2016-11-14  107.150  111.590   1683714.0
2016-11-15  111.590  113.170   1575196.0
2016-11-16  111.710  111.920    856336.0
2016-11-17  112.730  113.570    858581.0
2016-11-18  112.890  110.280    693280.0
2016-11-21  110.290  110.570    494543.0
2016-11-22  111.330  113.680    486520.0
2016-11-23  112.820  112.520    560513.0
2016-11-25  112.540  112.170    114981.0
2016-11-28  111.630  110.910    593289.0
2016-11-29  110.480  108.610   1033584.0
2016-11-30  107.980  104.610   1583266.0
2016-12-01  105.050  104.370    905663.0
2016-12-02  105.180  105.720    726882.0
2016-12-05  106.640  108.190    523277.0
2016-12-06  108.090  107.420    558689.0
2016-12-07  106.980  108.960    631498.0
2016-12-08  109.400  108.880    603341.0
2016-12-09  108.830  109.000    488162.0
2016-12-12  108.380  103.770   1044440.0
2016-12-13  104.110  103.760    881973.0
2016-12-14  103.190  101.750   1167676.0
2016-12-15  101.600   96.930   2450481.0
2016-12-16   97.070   94.750   1806848.0
2016-12-19   94.350   93.240   1127992.0
2016-12-20   93.320   92.920   1029508.0
2016-12-21   92.690   92.810    568250.0
2016-12-22   92.750   90.730   1145397.0
2016-12-23   91.000   89.450    985632.0
2016-12-27   89.970   90.100    954650.0
2016-12-28   89.900   89.980    746480.0
2016-12-29   89.900   90.740    963328.0
2016-12-30   90.750   90.320    932434.0
2017-01-03   91.270   90.630   1434366.0
2017-01-04   91.000   90.620   1528524.0
2017-01-05   88.620   89.050   2110534.0
2017-01-06   89.270   88.580   1699690.0
2017-01-09   88.940   87.250    975644.0
2017-01-10   87.910   87.940   1723000.0
2017-01-11   87.750   86.640   1111417.0
2017-01-12   86.080   86.390    877705.0
2017-01-13   86.750   86.320    806306.0
2017-01-17   87.000   89.580   2393579.0
2017-01-18   89.570   89.290   1400974.0
2017-01-19   89.380   88.200    973211.0
2017-01-20   88.380   88.900    926314.0
2017-01-23   88.460   89.290    800624.0
2017-01-24   89.770   90.110    638037.0
2017-01-25   90.670   91.150   1375414.0
2017-01-26   90.770   90.010    859398.0
2017-01-27   90.460   87.970   1088398.0
2017-01-30   87.700   88.440    939022.0
2017-01-31   86.760   88.430   2011008.0
2017-02-01   88.120   87.370   2174675.0
2017-02-02   80.510   76.610  17508098.0
2017-02-03   75.960   76.170   6439392.0
2017-02-06   76.180   76.530   5378267.0
2017-02-07   77.010   75.980   2082005.0
2017-02-08   76.280   77.500   3074548.0
2017-02-09   77.700   77.980   1604288.0
2017-02-10   78.410   79.610   2330145.0
2017-02-13   80.040   79.340   1648964.0
2017-02-14   78.970   79.490   1848969.0
2017-02-15   79.680   79.170   1761467.0
2017-02-16   79.250   78.470   2069514.0
2017-02-17   78.060   78.390   1802185.0
2017-02-21   78.810   78.190   2495540.0
2017-02-22   77.820   78.110   2068558.0
2017-02-23   78.690   78.650   1476645.0
2017-02-24   78.620   79.210   1075121.0
2017-02-27   79.080   79.790   1019915.0
2017-02-28   79.780   79.330   1821326.0
2017-03-01   80.060   80.570   1550944.0
2017-03-02   80.150   80.710   1757260.0
2017-03-03   80.650   79.790   1227685.0
2017-03-06   79.790   79.730   1130600.0
2017-03-07   79.300   79.140   1437348.0
2017-03-08   79.330   80.430   1323279.0
2017-03-09   80.260   79.680    978682.0
2017-03-10   79.810   80.300    778150.0
2017-03-13   80.430   79.590   1052725.0
2017-03-14   79.690   80.030    702378.0
2017-03-15   79.990   81.250   1041144.0
2017-03-16   80.960   81.040    610224.0
2017-03-17   81.250   80.700   1586419.0
2017-03-20   80.710   79.460   1021806.0
2017-03-21   79.760   78.230   1440073.0
2017-03-22   77.920   78.210    907722.0
2017-03-23   79.570   79.220   1027909.0
2017-03-24   79.170   79.740   1069422.0
2017-03-27   78.930   80.420    878155.0
2017-03-28   80.410   81.650    846342.0
2017-03-29   80.880   82.970   1278051.0
2017-03-30   82.750   81.900   1071755.0
2017-03-31   82.020   81.620    990726.0
2017-04-03   81.830   81.370   1475001.0
2017-04-04   81.000   77.740   2182929.0
2017-04-05   77.930   79.520   2002512.0
2017-04-06   79.850   80.710   1536922.0
2017-04-07   80.460   79.280   1421473.0
2017-04-10   79.500   80.530   1126670.0
2017-04-11   80.620   80.330    638940.0
2017-04-12   80.350   80.180    732809.0
2017-04-13   80.420   79.150    660524.0
2017-04-17   79.210   80.000    505441.0
2017-04-18   79.520   79.530    432272.0
2017-04-19   79.850   80.000   1390231.0
2017-04-20   79.300   79.720   1329936.0
2017-04-21   79.670   78.920   1363405.0
2017-04-24   79.800   79.610   1442185.0
2017-04-25   79.750   80.570    844120.0
2017-04-26   80.800   81.180    864529.0
2017-04-27   81.500   82.420    992992.0
2017-04-28   82.260   80.720    688416.0
2017-05-01   80.910   79.310    608782.0
2017-05-02   79.590   80.810    913503.0
2017-05-03   80.690   79.870   1654180.0
2017-05-04   80.000   80.340   1598640.0
2017-05-05   80.500   82.110   1463671.0
2017-05-08   82.520   82.100    934429.0
2017-05-09   82.240   84.050   1475577.0
2017-05-10   83.880   83.070   1184747.0
2017-05-11   82.390   79.230   2054126.0
2017-05-12   78.940   76.400   2790436.0
2017-05-15   76.020   76.550   1878795.0
2017-05-16   76.570   73.940   2824329.0
2017-05-17   73.410   72.750   3996387.0
2017-05-18   75.000   71.380   4364263.0
2017-05-19   71.240   69.290   4189291.0
2017-05-22   69.390   68.240   2575783.0
2017-05-23   68.480   67.700   1786130.0
2017-05-24   67.640   66.680   1960163.0
2017-05-25   67.270   66.520   1883195.0
2017-05-26   66.620   66.110   1439027.0
2017-05-30   66.330   67.340   2277907.0
2017-05-31   67.240   67.800   2002663.0
2017-06-01   68.160   69.500   2140757.0
2017-06-02   69.700   69.170   2260729.0
2017-06-05   69.140   69.160   2651490.0
2017-06-06   68.660   69.020   2285557.0
2017-06-07   69.160   69.130   2261675.0
2017-06-08   69.970   69.200   2185528.0
2017-06-09   68.990   70.150   1413008.0
2017-06-12   70.000   69.700   2202584.0
2017-06-13   69.620   70.030   1548952.0
2017-06-14   70.570   70.590   1306567.0
2017-06-15   70.140   71.570   2142783.0
2017-06-16   71.510   72.080   2429776.0
2017-06-19   72.020   71.430   1772469.0
2017-06-20   71.570   70.660   1340330.0
2017-06-21   70.660   70.910   1900930.0
2017-06-22   71.080   71.430   1601098.0
2017-06-23   71.270   72.730   1024769.0
2017-06-26   72.800   72.890    713961.0
2017-06-27   72.890   72.880   1404140.0
2017-06-28   72.810   72.850    799929.0
2017-06-29   73.060   73.310    872863.0
2017-06-30   73.720   73.800   2319544.0
2017-07-03   73.950   74.850    417426.0
2017-07-05   74.730   73.100   1293623.0
2017-07-06   72.880   70.530   1871164.0
2017-07-07   70.850   72.300   1352350.0
2017-07-10   72.150   72.420   1480658.0
2017-07-11   72.600   71.750   1376461.0
2017-07-12   72.080   71.250    776062.0
2017-07-13   71.620   71.880    941339.0
2017-07-14   71.350   71.370   1237368.0
2017-07-17   71.500   72.820    983735.0
2017-07-18   72.740   72.140   1050899.0
2017-07-19   72.210   72.970    872566.0
2017-07-20   73.210   73.760    773357.0
2017-07-21   73.710   74.880   1207438.0
2017-07-24   74.340   73.040    896276.0
2017-07-25   73.200   74.980   1145620.0
2017-07-26   75.060   74.660   1230278.0
2017-07-27   74.500   75.610    943442.0
2017-07-28   75.610   75.240   1479005.0
2017-07-31   75.580   75.650    941589.0
2017-08-01   75.430   75.730    793572.0
2017-08-02   75.600   75.510    638222.0
2017-08-03   75.600   76.050    835310.0
2017-08-04   76.050   77.290   1030603.0
2017-08-07   77.370   78.150   2500052.0
2017-08-08   86.310   88.530   4959414.0
2017-08-09   88.000   87.050   3442221.0
2017-08-10   86.690   83.840   2118973.0
2017-08-11   83.540   83.780   1573351.0
2017-08-14   84.500   84.870   1054369.0
2017-08-15   84.400   84.960   1152419.0
2017-08-16   85.220   86.150   1181148.0
2017-08-17   85.900   85.500   1184236.0
2017-08-18   85.240   84.320   1203470.0
2017-08-21   84.600   84.900    943545.0
2017-08-22   85.360   85.320    948463.0
2017-08-23   85.230   84.590    831550.0
2017-08-24   85.400   85.950   1656393.0
2017-08-25   86.110   87.200   1178707.0
2017-08-28   87.080   87.230    846265.0
2017-08-29   86.420   86.830    547120.0
2017-08-30   86.570   86.950   1121039.0
2017-08-31   87.270   87.890   1087880.0
2017-09-01   87.960   89.320   1187067.0
2017-09-05   89.770   89.500   1293912.0
2017-09-06   89.720   90.550   1683830.0
2017-09-07   90.670   88.740   1478081.0
2017-09-08   90.450   90.790   1683324.0
2017-09-11   90.830   92.150   1026860.0
2017-09-12   92.350   91.400    952662.0
2017-09-13   91.420   90.630   1124211.0
2017-09-14   90.490   90.820   1094545.0
2017-09-15   90.380   90.870   1042319.0
2017-09-18   91.120   90.160    835367.0
2017-09-19   90.530   91.030   1070685.0
2017-09-20   90.460   89.110   1029138.0
2017-09-21   89.040   88.480   1074668.0
2017-09-22   88.400   88.420    657281.0
2017-09-25   88.400   88.500   1271615.0
2017-09-26   89.060   88.730   1080629.0
2017-09-27   88.750   89.200   1220286.0
2017-09-28   88.070   88.860   1353098.0
2017-09-29   88.950   88.290    985172.0
2017-10-02   88.380   88.980    738908.0
2017-10-03   89.470   88.540    662164.0
2017-10-04   89.140   89.480   1360187.0
2017-10-05   89.580   89.430    809653.0
2017-10-06   89.150   88.250   1285130.0
2017-10-09   88.560   86.950    741859.0
2017-10-10   85.780   87.220   1261191.0
2017-10-11   86.670   85.200   1605081.0
2017-10-12   85.060   85.260   1239019.0
2017-10-13   85.130   85.040   1258047.0
2017-10-16   84.910   86.050    977106.0
2017-10-17   85.880   86.010    886487.0
2017-10-18   86.340   85.330    959012.0
2017-10-19   85.140   86.380    732875.0
2017-10-20   87.160   90.370   1840679.0
2017-10-23   89.200   89.560   2002998.0
2017-10-24   89.480   90.670   1433402.0
2017-10-25   90.800   91.905   1350955.0
2017-10-26   91.870   91.260   1412041.0
2017-10-27   90.500   91.090   1300621.0
2017-10-30   90.430   91.810   1951068.0
2017-10-31   91.250   89.430   2006383.0
2017-11-01   90.210   89.450   2372651.0
2017-11-02   95.000   91.730   5252710.0
2017-11-03   91.730   90.670   1586249.0
2017-11-06   91.000   88.030   2247833.0
2017-11-07   88.110   85.000   2828902.0
2017-11-09   85.210   86.300   1722024.0
2017-11-10   86.410   86.630   1113077.0
2017-11-13   86.720   86.670   1440491.0
2017-11-14   86.150   87.200    905413.0
2017-11-15   86.910   87.130   1008053.0
2017-11-16   86.980   88.410   1173163.0
2017-11-17   89.690   89.110   1077889.0
2017-11-20   88.980   89.560    876655.0
2017-11-21   89.870   90.270    782034.0
2017-11-22   90.160   91.940   1250833.0
2017-11-24   92.230   91.420    526570.0
2017-11-27   91.780   92.370    865660.0
2017-11-28   92.960   94.520    993960.0
2017-11-29   94.410   94.650   1108305.0
2017-11-30   94.410   95.150   1028827.0
2017-12-01   95.150   95.600   1206261.0
2017-12-04   96.600   99.710   2597538.0
2017-12-05   99.670   95.790   1591004.0
2017-12-06   96.260   97.300   1173557.0
2017-12-07   97.620   99.970   1373361.0
2017-12-08  100.000  102.340   1152115.0
2017-12-11  102.150  101.190   1295216.0
2017-12-12  101.190  100.140    745736.0
2017-12-13   96.160   96.220   2189071.0
2017-12-14   97.130   96.850    998585.0
2017-12-15   97.000   96.110   1444864.0
2017-12-18   96.350   98.060   1236980.0
2017-12-19   98.365   97.330    905049.0
2017-12-20   97.890   98.620   1119862.0
2017-12-21   98.620  100.920   1098233.0
2017-12-22  100.505  101.800    523043.0
2017-12-26  102.000  103.390    645940.0
2017-12-27  103.490  103.310    689228.0
2017-12-28  102.860  102.610    540453.0
2017-12-29  102.630  103.690   1151368.0
2018-01-02  103.410  104.880   1119979.0
2018-01-03  104.500  101.640   1499466.0
2018-01-04  101.810  103.520   1176869.0
2018-01-05  103.640  104.380    771664.0
2018-01-08  105.050  104.960   1332258.0
2018-01-09  104.500  104.990   1045028.0
2018-01-10  104.710  104.980    698860.0
2018-01-11  105.390  105.940    674287.0
2018-01-12  105.930  106.790    980246.0
2018-01-16  107.030  104.420   1327551.0
2018-01-17  104.490  106.050    656482.0
2018-01-18  107.600  109.820   1568085.0
2018-01-19  110.280  112.780   1071644.0
2018-01-22  112.960  114.890   1483421.0
2018-01-23  114.210  115.850   1059774.0
2018-01-24  116.180  117.740   1056187.0
2018-01-25  118.650  117.370    728219.0
2018-01-26  117.870  118.870    941386.0
2018-01-29  117.760  116.970    905399.0
2018-01-30  116.740  116.090   1505272.0
2018-01-31  116.160  114.310   1500190.0
2018-02-01  108.010  111.500   3248209.0
2018-02-02  111.050  109.800   1576823.0
2018-02-05  109.390  105.440   1608884.0
2018-02-06  103.260  106.730   1600453.0
2018-02-07  107.120  107.700   1110913.0
2018-02-08  107.530  101.320   1475900.0
2018-02-09  102.940  103.490   1262781.0
2018-02-12  104.330  103.390    797497.0
2018-02-13  103.410  104.540    732794.0
2018-02-14  103.580  106.680    715618.0
2018-02-15  107.040  106.950    926869.0
2018-02-16  106.020  105.590    607752.0
2018-02-20  104.800  105.390    620990.0
2018-02-21  105.350  106.670    804742.0
2018-02-22  106.740  107.510    673019.0
2018-02-23  108.370  108.530    547277.0
2018-02-26  109.270  109.610    652226.0
2018-02-27  110.200  107.900    693585.0
2018-02-28  108.390  105.840    790757.0
2018-03-01  105.800  105.120    771524.0
2018-03-02  104.120  106.440    700226.0
2018-03-05  106.220  107.420    752788.0
2018-03-06  107.430  106.960    942447.0
2018-03-07  105.820  106.970    709259.0
2018-03-08  107.000  105.230    622168.0
2018-03-09  105.970  105.840    735314.0
2018-03-12  105.950  107.480    643908.0
2018-03-13  108.280  107.320    565843.0
2018-03-14  108.170  107.780    429225.0
2018-03-15  107.990  108.440    527231.0
2018-03-16  108.650  109.150    705693.0
2018-03-19  108.970  108.320    615623.0
2018-03-20  108.680  110.400    703268.0
2018-03-21  110.440  109.470    614338.0
2018-03-22  111.920  107.660    939032.0
2018-03-23  107.780  107.080    740034.0
2018-03-26  109.120  110.730    647428.0
2018-03-27  110.640  109.590    722281.0