date     open    close      volume
                                       
2014-10-06  76.0200  75.1450   2610874.0
2014-10-07  74.9000  74.0500   3191716.0
2014-10-08  74.2400  75.2600   3358154.0
2014-10-09  75.0400  74.4800   4671914.0
2014-10-10  74.2600  74.4600   5247970.0
2014-10-13  74.2100  72.1900   6215707.0
2014-10-14  72.4100  72.7400   5497511.0
2014-10-15  72.0300  72.3800   6811004.0
2014-10-16  71.1800  72.6400   4869416.0
2014-10-17  73.3500  73.5400   4790530.0
2014-10-20  73.6100  74.7000   3978514.0
2014-10-21  75.0000  74.3600   6156465.0
2014-10-22  74.4800  74.6000   3234835.0
2014-10-23  75.1500  74.8400   3418865.0
2014-10-24  74.9000  75.8100   3679517.0
2014-10-27  76.0100  75.9700   2898138.0
2014-10-28  76.3400  77.0500   4075494.0
2014-10-29  77.1000  76.5400   4397451.0
2014-10-30  76.1800  77.3200   6694485.0
2014-10-31  75.2500  75.5600  17944954.0
2014-11-03  75.9700  76.1000   5303468.0
2014-11-04  75.6100  76.7100   5210382.0
2014-11-05  77.0100  76.6600   3701698.0
2014-11-06  76.9700  77.4500   3083638.0
2014-11-07  77.6400  77.7900   4124497.0
2014-11-10  77.6400  77.6500   3277685.0
2014-11-11  77.8300  77.7300   2600719.0
2014-11-12  77.4100  77.8500   2656097.0
2014-11-13  78.1900  77.8900   3421124.0
2014-11-14  78.0800  78.1200   3019641.0
2014-11-17  77.9400  77.8300   2949510.0
2014-11-18  77.6300  77.5700   2877908.0
2014-11-19  77.4400  77.8200   2615593.0
2014-11-20  77.6600  78.2000   3143548.0
2014-11-21  79.1300  79.7600   7013859.0
2014-11-24  79.9000  80.5200   4713100.0
2014-11-25  80.5600  80.2100   4059193.0
2014-11-26  80.1200  79.7000   3098376.0
2014-11-28  80.4300  81.2100   3383337.0
2014-12-01  81.0000  80.8500   4313739.0
2014-12-02  80.6900  80.3700   3828199.0
2014-12-03  80.4200  80.4700   5600698.0
2014-12-04  80.6000  81.3100   7035455.0
2014-12-05  82.5000  83.5700   7394084.0
2014-12-08  84.2000  83.8000   5885326.0
2014-12-09  83.0700  83.0300   4362810.0
2014-12-10  82.9000  82.6600   5048160.0
2014-12-11  82.9000  83.1200   5029148.0
2014-12-12  82.7400  83.2500   4582115.0
2014-12-15  82.2700  80.8900   8143493.0
2014-12-16  80.4900  79.1300   6990937.0
2014-12-17  79.1300  80.4350   5080812.0
2014-12-18  81.5500  80.0300   8791471.0
2014-12-19  80.2000  79.4400   8722106.0
2014-12-22  79.8500  80.5400   3791928.0
2014-12-23  81.5000  81.4300   4073861.0
2014-12-24  81.4700  81.2700   1301199.0
2014-12-26  81.4300  81.8300   2275182.0
2014-12-29  81.6600  82.3800   2398331.0
2014-12-30  82.0700  81.7900   2626727.0
2014-12-31  82.1900  82.0500   3814386.0
2015-01-02  82.1300  81.4400   3453049.0
2015-01-05  80.1400  79.8800   5811898.0
2015-01-06  80.3400  79.2300   3832170.0
2015-01-07  79.7500  81.1800   4866277.0
2015-01-08  82.3300  82.4900   6585274.0
2015-01-09  80.9900  79.7900  13687530.0
2015-01-12  80.2900  80.2300   5010743.0
2015-01-13  81.4800  80.8700   5520351.0
2015-01-14  80.0500  80.4200   4647542.0
2015-01-15  80.6000  79.5800   4063301.0
2015-01-16  79.2600  80.6100   4507751.0
2015-01-20  80.8000  81.2250   5369152.0
2015-01-21  81.0500  81.2900   5422091.0
2015-01-22  81.3600  82.7400  11956528.0
2015-01-23  86.5000  88.2200  19053597.0
2015-01-26  88.0900  88.1200   7049287.0
2015-01-27  87.7800  88.3400   5497904.0
2015-01-28  88.7000  87.5650   5981601.0
2015-01-29  88.0100  89.0500   6237930.0
2015-01-30  88.5800  87.5300   5035228.0
2015-02-02  87.6800  87.9900   6819416.0
2015-02-03  87.9800  88.4900   4626213.0
2015-02-04  88.0000  88.7000   5748349.0
2015-02-05  88.7100  89.6400   3799336.0
2015-02-06  89.5000  89.0000   3917666.0
2015-02-09  88.5100  88.8200   3455807.0
2015-02-10  89.3700  91.1800   6234750.0
2015-02-11  91.1600  90.7900   3233455.0
2015-02-12  91.0900  91.8250   3598779.0
2015-02-13  91.9900  91.5800   3054761.0
2015-02-17  91.7700  92.0300   3193450.0
2015-02-18  92.3900  93.0000   3270993.0
2015-02-19  93.1500  93.1700   3054588.0
2015-02-20  93.4600  93.5100   3231331.0
2015-02-23  93.8500  93.5800   2927286.0
2015-02-24  93.2600  93.4500   3168944.0
2015-02-25  93.3000  94.2600   4060330.0
2015-02-26  94.3000  94.5500   3408176.0
2015-02-27  94.7900  93.4850   4329202.0
2015-03-02  93.3300  94.2250   3973509.0
2015-03-03  94.1000  94.0000   3789187.0
2015-03-04  93.8100  93.0600   3887267.0
2015-03-05  93.2800  93.6300   2924375.0
2015-03-06  93.3000  92.2150   3407207.0
2015-03-09  92.3900  93.0400   2992440.0
2015-03-10  92.1600  92.1800   3038492.0
2015-03-11  92.1200  91.4200   4092947.0
2015-03-12  91.9700  93.3800   3647672.0
2015-03-13  92.6800  93.2900   2917626.0
2015-03-16  94.0000  94.0450   3386303.0
2015-03-17  93.7600  94.3850   2754398.0
2015-03-18  94.0000  95.8400   7714964.0
2015-03-19  96.7600  97.7600  11010309.0
2015-03-20  98.4900  97.4600   8680306.0
2015-03-23  97.8800  97.3700   3992993.0
2015-03-24  97.1100  97.9150   3859244.0
2015-03-25  98.1400  95.7700   4953585.0
2015-03-26  95.3500  95.0800   5172152.0
2015-03-27  95.0000  95.0700   3996675.0
2015-03-30  96.0400  95.9800   3415135.0
2015-03-31  95.6700  94.7000   4358877.0
2015-04-01  94.2800  93.0200   7062675.0
2015-04-02  93.4200  94.3900   4431509.0
2015-04-06  93.8500  94.5200   3029447.0
2015-04-07  94.4100  94.0700   2677335.0
2015-04-08  93.8400  95.2300   3413944.0
2015-04-09  47.6500  47.9600   7109621.0
2015-04-10  48.6000  48.1700   6643106.0
2015-04-13  48.5600  48.5000   8171030.0
2015-04-14  48.5200  48.3000   5952424.0
2015-04-15  48.8100  48.1400   5162169.0
2015-04-16  48.2300  48.2450   5312499.0
2015-04-17  47.9000  47.6200   7539865.0
2015-04-20  47.9000  47.9700   4868425.0
2015-04-21  48.3500  48.3700   6213360.0
2015-04-22  48.5000  48.3350   7248119.0
2015-04-23  48.5500  49.4300  15866051.0
2015-04-24  51.3200  51.8400  22284881.0
2015-04-27  51.8100  50.8700  11222608.0
2015-04-28  50.6000  50.6100   8882901.0
2015-04-29  50.4200  50.6500   7161992.0
2015-04-30  50.6300  49.5800   8492048.0
2015-05-01  49.9500  50.2900   5916509.0
2015-05-04  50.3000  50.4450   7493420.0
2015-05-05  49.9400  49.4050  10691207.0
2015-05-06  49.6800  48.9300   8033489.0
2015-05-07  48.7400  49.3500   5681417.0
2015-05-08  49.9900  49.7800   6039840.0
2015-05-11  49.7100  49.5000   5047180.0
2015-05-12  49.1500  49.7100   5868552.0
2015-05-13  49.8500  49.5900   4927094.0
2015-05-14  49.9800  50.5550   7339742.0
2015-05-15  50.7900  50.8000   6016694.0
2015-05-18  50.6500  51.1800   8999761.0
2015-05-19  51.4800  51.4200   6976052.0
2015-05-20  51.3100  51.0300   5644662.0
2015-05-21  50.9400  51.3300   5084042.0
2015-05-22  51.3300  51.4800   5857672.0
2015-05-26  51.3800  50.8400   7369923.0
2015-05-27  51.0400  51.5900   6213573.0
2015-05-28  51.8400  51.8100   5874382.0
2015-05-29  51.9500  51.9600   9399112.0
2015-06-01  51.9600  52.2200   7075082.0
2015-06-02  51.9800  51.7300   7877799.0
2015-06-03  52.0000  52.1200   5522702.0
2015-06-04  51.8700  51.7200   6230805.0
2015-06-05  51.5700  52.1900   7123248.0
2015-06-08  52.0000  51.5300   6320181.0
2015-06-09  51.3500  51.5400   5034038.0
2015-06-10  51.8000  52.6900   8003611.0
2015-06-11  52.8100  52.4900   6030167.0
2015-06-12  52.4100  52.6300   5236747.0
2015-06-15  52.2300  52.2700   5554964.0
2015-06-16  52.2700  52.9650   6106529.0
2015-06-17  53.0900  53.2400   6735294.0
2015-06-18  53.5000  54.1100  10712142.0
2015-06-19  54.0800  53.9300  10609714.0
2015-06-22  54.3250  53.9000   7100665.0
2015-06-23  54.0400  54.1150   5679984.0
2015-06-24  53.7500  53.7100   5524969.0
2015-06-25  54.0900  54.0700   5389863.0
2015-06-26  54.4600  54.6200   6637183.0
2015-06-29  53.8700  53.5500   6534077.0
2015-06-30  54.1500  53.6150   9793969.0
2015-07-01  53.8600  53.8900   6107698.0
2015-07-02  54.0300  54.2400   5684667.0
2015-07-06  53.6400  54.3050   5396439.0
2015-07-07  54.2900  54.3750   9462256.0
2015-07-08  53.8600  53.3900   8139303.0
2015-07-09  54.0700  54.0500   7681013.0
2015-07-10  54.5400  54.5700   8087800.0
2015-07-13  55.0000  55.7000   7477170.0
2015-07-14  55.9600  55.7500   7028025.0
2015-07-15  55.9200  55.3400   8212573.0
2015-07-16  56.0600  55.7400   7305520.0
2015-07-17  55.9000  55.6900   8715431.0
2015-07-20  55.7300  56.2100   8029646.0
2015-07-21  56.3800  56.2000   6717452.0
2015-07-22  56.4300  56.6900   6876059.0
2015-07-23  56.9800  56.5600  12439229.0
2015-07-24  59.1200  57.2900  14559687.0
2015-07-27  57.2100  56.9800   8993523.0
2015-07-28  57.3900  57.1400   8689215.0
2015-07-29  57.3800  57.5100   8470512.0
2015-07-30  57.3000  58.0600   7337948.0
2015-07-31  58.4400  57.9300   6519528.0
2015-08-03  58.6200  58.1900   7664002.0
2015-08-04  58.2500  58.7000   9113083.0
2015-08-05  59.1500  59.0100   7299159.0
2015-08-06  59.1300  57.2300  11064470.0
2015-08-07  57.3300  57.2000   7781995.0
2015-08-10  57.2900  56.2700  12029150.0
2015-08-11  55.7900  56.3500   8062553.0
2015-08-12  55.6900  56.3800  10075571.0
2015-08-13  56.5200  56.8500   6731474.0
2015-08-14  56.9500  57.1000   4803903.0
2015-08-17  57.0000  57.7400   5768362.0
2015-08-18  57.9600  57.8300   5575441.0
2015-08-19  57.5800  57.5900   6044193.0
2015-08-20  57.0000  55.8100   7470885.0
2015-08-21  54.7200  52.8400  20211503.0
2015-08-24  48.0500  50.3400  27158813.0
2015-08-25  52.9600  51.0900  19659002.0
2015-08-26  52.9900  53.9600  15517591.0
2015-08-27  54.7400  55.9500  15987923.0
2015-08-28  55.8400  55.6300   7584826.0
2015-08-31  55.2300  54.7100   7971204.0
2015-09-01  52.8200  53.5000  13424932.0
2015-09-02  54.4700  55.2600   9891071.0
2015-09-03  55.7200  54.6900   7968868.0
2015-09-04  53.8700  54.2800   6994267.0
2015-09-08  55.3100  55.2100   8051710.0
2015-09-09  55.9000  54.6900   8406656.0
2015-09-10  54.3400  55.3700   8924778.0
2015-09-11  55.1900  56.5300   8363110.0
2015-09-14  56.5400  56.2900   5464463.0
2015-09-15  56.4300  56.9100   6741341.0
2015-09-16  56.8300  57.2600   6593362.0
2015-09-17  57.3200  57.2800   7525349.0
2015-09-18  56.4900  56.8400  16268035.0
2015-09-21  57.2000  57.5400   6220131.0
2015-09-22  56.8500  57.1200   8585093.0
2015-09-23  57.1600  57.7900   6829205.0
2015-09-24  57.3800  58.3700  10027330.0
2015-09-25  58.9200  57.9900  10627026.0
2015-09-28  58.0100  55.7700  11447003.0
2015-09-29  55.8500  55.7200   9392065.0
2015-09-30  56.4000  56.8400   9562446.0
2015-10-01  56.9900  57.4800   8497124.0
2015-10-02  56.9900  58.0800   9036765.0
2015-10-05  58.4900  59.0400   8198998.0
2015-10-06  58.8200  58.6900   5642949.0
2015-10-07  58.6200  58.7800   8138313.0
2015-10-08  58.7800  59.4600   6834836.0
2015-10-09  59.4700  60.0700   7969884.0
2015-10-12  60.3500  60.5400   6430301.0
2015-10-13  60.3400  60.1600   6262774.0
2015-10-14  60.0000  58.8200   8365604.0
2015-10-15  58.9500  59.6900   9745919.0
2015-10-16  59.9600  59.9300  12860812.0
2015-10-19  60.1300  60.9700   8117213.0
2015-10-20  61.2200  60.8800   6089097.0
2015-10-21  61.0700  60.5300   6063923.0
2015-10-22  60.9600  61.4900   9182031.0
2015-10-23  62.1100  62.6100   8205994.0
2015-10-26  62.9800  63.4300   9751716.0
2015-10-27  63.3700  62.7100   8973243.0
2015-10-28  63.1100  63.5100   9627260.0
2015-10-29  63.4200  62.5000  14839093.0
2015-10-30  63.6900  62.5700  16822302.0
2015-11-02  63.0100  62.2400   8547237.0
2015-11-03  62.0000  62.8000   8847718.0
2015-11-04  63.0355  61.9600   9085091.0
2015-11-05  62.1700  62.2800   6144979.0
2015-11-06  62.0500  61.9700   6616305.0
2015-11-09  61.7500  61.3400   6838326.0
2015-11-10  61.5400  62.1800   6689040.0
2015-11-11  62.5500  61.8700   4437315.0
2015-11-12  61.3400  61.0700   6793779.0
2015-11-13  60.8900  59.7400   8821593.0
2015-11-16  59.5000  60.6800   8096603.0
2015-11-17  60.9500  60.5500   6649191.0
2015-11-18  60.6600  61.8000   7215255.0
2015-11-19  61.8000  61.4600   5154366.0
2015-11-20  61.9600  61.9900   8302476.0
2015-11-23  62.1400  62.6400   8493485.0
2015-11-24  62.0600  61.9600   7908223.0
2015-11-25  62.0500  62.1900   4549913.0
2015-11-27  62.1900  62.1800   2447902.0
2015-11-30  62.1000  61.3900   9863771.0
2015-12-01  61.0800  61.3700  10910838.0
2015-12-02  61.6300  61.2200   6587454.0
2015-12-03  61.3700  59.5500  12056103.0
2015-12-04  59.8600  61.7500   9100588.0
2015-12-07  61.7500  61.8900   5967809.0
2015-12-08  61.6900  62.1600   6664947.0
2015-12-09  61.7100  61.1800   8541573.0
2015-12-10  61.1300  61.8700   6623896.0
2015-12-11  60.8600  59.8200  11489255.0
2015-12-14  60.0400  59.9200  13453719.0
2015-12-15  60.5500  59.9800   7842073.0
2015-12-16  60.3200  60.3500   9281835.0
2015-12-17  60.6600  59.5150   9079430.0
2015-12-18  59.2000  58.6200  18099462.0
2015-12-21  58.8900  59.5400   7187470.0
2015-12-22  59.9400  59.9900   6501424.0
2015-12-23  60.2600  60.3400   4510229.0
2015-12-24  60.3700  60.3200   2215418.0
2015-12-28  60.0200  60.1900   4437236.0
2015-12-29  60.4600  61.1300   5477335.0
2015-12-30  61.2200  60.8200   3973912.0
2015-12-31  60.6500  60.0300   4960875.0
2016-01-04  58.7700  58.2600  13521544.0
2016-01-05  58.7900  58.6500   9617778.0
2016-01-06  57.7000  58.1300   8266322.0
2016-01-07  56.8800  56.6900  11140877.0
2016-01-08  57.4100  56.6300  10427021.0
2016-01-11  57.0000  57.8200  10757313.0
2016-01-12  58.3900  59.4600  12375826.0
2016-01-13  59.8000  57.8700  11303603.0
2016-01-14  57.5100  58.9800  11444106.0
2016-01-15  57.0700  58.0000  15246127.0
2016-01-19  58.6700  58.5500  12288950.0
2016-01-20  57.5700  56.9200  22786359.0
2016-01-21  57.8400  59.0300  20888519.0
2016-01-22  57.5500  59.1700  32820193.0
2016-01-25  59.3600  57.7100  13554262.0
2016-01-26  57.9200  58.6100   8898100.0
2016-01-27  58.8700  57.6300  12491252.0
2016-01-28  58.2900  59.2850  11832368.0
2016-01-29  59.7800  60.7700  13224438.0
2016-02-01  60.6600  61.4000   9529094.0
2016-02-02  60.6600  60.6950   9407352.0
2016-02-03  60.8800  59.5300  12254460.0
2016-02-04  59.4100  58.2900  13944926.0
2016-02-05  58.1000  54.4900  24529008.0
2016-02-08  53.0900  54.1400  21457492.0
2016-02-09  53.1900  54.4200  11605059.0
2016-02-10  55.2800  55.1400  11663942.0
2016-02-11  53.8900  54.9200  12106062.0
2016-02-12  55.5600  55.8600   8680205.0
2016-02-16  56.7900  56.4100  11594766.0
2016-02-17  56.7000  57.6300  11955188.0
2016-02-18  57.5700  56.9600   8493953.0
2016-02-19  56.9200  57.6700   9033620.0
2016-02-22  58.6300  58.8700   8390689.0
2016-02-23  58.4500  58.4600   7064095.0
2016-02-24  57.2100  58.1100  10780882.0
2016-02-25  58.4600  58.7500   6262127.0
2016-02-26  59.0000  58.3400   7473374.0
2016-02-29  58.2500  58.2100   7645081.0
2016-03-01  58.7700  60.0400   9183562.0
2016-03-02  59.8300  59.5600   8856392.0
2016-03-03  59.1200  59.0400   8262455.0
2016-03-04  59.1400  58.7000   8344773.0
2016-03-07  58.4400  58.0000   9204624.0
2016-03-08  57.5800  57.6000   8032442.0
2016-03-09  57.7800  57.0700   9734589.0
2016-03-10  57.5100  57.5200   7023785.0
2016-03-11  58.1000  57.5900  15497560.0
2016-03-14  57.5800  58.6500   9053250.0
2016-03-15  58.3200  59.0800   7428469.0
2016-03-16  58.6500  59.6700   8069427.0
2016-03-17  59.4700  59.5500   7734658.0
2016-03-18  59.9100  59.7000  14313578.0
2016-03-21  59.5600  59.1000   6487185.0
2016-03-22  59.0000  59.3800   8246837.0
2016-03-23  59.1400  58.8300   5794495.0
2016-03-24  58.7000  58.3600   5948307.0
2016-03-28  58.5600  58.9600   5791603.0
2016-03-29  58.8200  59.5500   6031947.0
2016-03-30  60.0000  60.0100   5723499.0
2016-03-31  59.7700  59.7000   5622834.0
2016-04-01  59.6100  61.0200   9401126.0
2016-04-04  61.1000  60.2500   5799864.0
2016-04-05  59.8800  60.0400   4994792.0
2016-04-06  60.0200  60.8300   5667253.0
2016-04-07  60.5900  61.1700   8239174.0
2016-04-08  61.5000  61.0400   5064894.0
2016-04-11  61.2200  60.9000   6103358.0
2016-04-12  58.9500  59.5000  17565750.0
2016-04-13  60.3200  60.2100   9898527.0
2016-04-14  60.2600  60.1300   5157368.0
2016-04-15  60.2400  60.5100   5965310.0
2016-04-18  60.6900  60.8900   7228573.0
2016-04-19  61.1600  60.9000   7283570.0
2016-04-20  61.0400  60.9000   5558770.0
2016-04-21  60.9000  60.6400  12799083.0
2016-04-22  59.0100  57.6800  29836693.0
2016-04-25  57.6200  57.7700   8428038.0
2016-04-26  58.0500  57.7200   8839067.0
2016-04-27  57.5100  56.9000  12390767.0
2016-04-28  56.5900  56.4200   9196560.0
2016-04-29  56.0200  56.2300  12133364.0
2016-05-02  56.2900  57.3600   8616189.0
2016-05-03  56.7000  56.2500   7854260.0
2016-05-04  55.9800  56.3900   6508507.0
2016-05-05  56.3700  56.2500   6215367.0
2016-05-06  55.9600  56.3100   6378690.0
2016-05-09  56.3200  56.6400   5976229.0
2016-05-10  56.8500  57.4900   7931185.0
2016-05-11  57.1300  56.2300   8118920.0
2016-05-12  56.5700  56.3000   6870281.0
2016-05-13  56.4300  55.8200   5466041.0
2016-05-16  55.7000  55.5300   9536192.0
2016-05-17  55.3800  54.8800  10530018.0
2016-05-18  54.7600  54.8000   7468496.0
2016-05-19  54.4300  54.5500   7582848.0
2016-05-20  54.8800  54.6200   8430783.0
2016-05-23  54.6200  54.6000   7352054.0
2016-05-24  54.7400  55.4400   7748697.0
2016-05-25  55.2000  55.1500   8126058.0
2016-05-26  55.5500  55.2900   9451708.0
2016-05-27  55.3600  55.1500   6631120.0
2016-05-31  55.5000  54.8900  12043976.0
2016-06-01  54.7600  54.8200   8761577.0
2016-06-02  54.9000  54.6200   8307488.0
2016-06-03  54.7100  54.6100   6649224.0
2016-06-06  54.7200  55.5900   9900917.0
2016-06-07  55.6500  55.3000   7173072.0
2016-06-08  55.5000  55.2200   7623851.0
2016-06-09  55.1500  55.5800   5927854.0
2016-06-10  54.9200  54.8650   8118651.0
2016-06-13  54.7900  55.0400   7928722.0
2016-06-14  55.0500  55.5700   8036517.0
2016-06-15  55.6400  55.3500   7447317.0
2016-06-16  54.9000  55.5300   7968033.0
2016-06-17  55.6100  55.3100   9503017.0
2016-06-20  55.7700  55.3800   7286681.0
2016-06-21  55.5200  55.8100   7445109.0
2016-06-22  55.8800  55.6100   7215411.0
2016-06-23  55.9800  56.1300   5569431.0
2016-06-24  54.0500  54.6800  14654672.0
2016-06-27  54.2000  53.6900  11650798.0
2016-06-28  54.1000  54.8500   8416950.0
2016-06-29  55.4200  56.7400  11103787.0
2016-06-30  56.8100  57.1200  10215193.0
2016-07-01  57.0400  56.9900   8330308.0
2016-07-05  56.8100  56.7700   7274208.0
2016-07-06  56.5200  56.7500   8474188.0
2016-07-07  56.6600  56.9100   6813347.0
2016-07-08  56.9200  56.5100  12655500.0
2016-07-11  56.8000  56.3200  10394366.0
2016-07-12  56.6500  57.4800  10998486.0
2016-07-13  56.8000  56.4800  12183638.0
2016-07-14  57.0000  57.5900  11353599.0
2016-07-15  57.6900  57.4100   8494000.0
2016-07-18  57.5900  56.9200   7614635.0
2016-07-19  56.8500  56.7600   8719772.0
2016-07-20  57.0000  57.5400   9446396.0
2016-07-21  57.6200  57.6000  16151699.0
2016-07-22  57.6000  57.9000  23899275.0
2016-07-25  57.7200  57.9500  10486019.0
2016-07-26  58.5800  58.3100  10106663.0
2016-07-27  58.3800  57.8500   6551777.0
2016-07-28  57.8800  58.2100   6830059.0
2016-07-29  58.1800  58.0500   6914907.0
2016-08-01  58.0000  57.6300   7997576.0
2016-08-02  57.2500  56.7300   7574622.0
2016-08-03  56.4600  55.9400  11484792.0
2016-08-04  56.0500  55.4200  11193748.0
2016-08-05  55.8000  55.9000   9206197.0
2016-08-08  55.9700  55.3600   9129307.0
2016-08-09  55.3900  55.2000   7136683.0
2016-08-10  55.3700  55.6200   6991077.0
2016-08-11  55.7500  55.4700   6191412.0
2016-08-12  55.2700  55.4700   5039757.0
2016-08-15  55.6500  55.2500   5968728.0
2016-08-16  55.2500  55.3700   5751178.0
2016-08-17  55.7700  55.8000   7410631.0
2016-08-18  55.7800  55.5300   5390990.0
2016-08-19  55.4600  54.9400   8981214.0
2016-08-22  54.9800  55.8500   8837808.0
2016-08-23  56.1700  56.4000   7827873.0
2016-08-24  57.0000  57.0900  13200460.0
2016-08-25  57.0400  57.2900   6686589.0
2016-08-26  57.4800  57.2900   6940511.0
2016-08-29  57.2200  56.8000   7026700.0
2016-08-30  56.6600  56.4000   6377668.0
2016-08-31  56.3100  56.2300   6996894.0
2016-09-01  56.3000  56.3100   6230148.0
2016-09-02  56.5200  56.1800   7441463.0
2016-09-06  56.1800  56.0200   6472907.0
2016-09-07  56.1900  56.3200  11428644.0
2016-09-08  56.1000  55.3000  12673626.0
2016-09-09  55.1400  54.3500  10658120.0
2016-09-12  53.9200  54.7100  11002544.0
2016-09-13  54.3900  53.9800  10050215.0
2016-09-14  54.2600  53.9000   6707850.0
2016-09-15  53.9600  54.1100   8080426.0
2016-09-16  53.9400  53.7400  10207750.0
2016-09-19  53.9600  53.0100   9231628.0
2016-09-20  53.4000  53.3000   8731499.0
2016-09-21  53.4300  53.9800   9213637.0
2016-09-22  54.2000  54.3900   9096709.0
2016-09-23  54.0000  54.4300   6945147.0
2016-09-26  54.2800  54.0400   7755629.0
2016-09-27  54.0000  54.1900   6463747.0
2016-09-28  53.8800  53.9800   8593496.0
2016-09-29  53.8800  53.4500  11993517.0
2016-09-30  53.6500  54.1400  13767754.0
2016-10-03  54.1000  53.8400   5479037.0
2016-10-04  54.1300  53.5300   6176358.0
2016-10-05  53.5000  53.3500   7451916.0
2016-10-06  53.3000  53.1400   6130270.0
2016-10-07  53.3700  53.4600   7279723.0
2016-10-10  53.5300  53.3000   7224335.0
2016-10-11  53.1300  52.9200   9720407.0
2016-10-12  53.0100  53.1600   6320462.0
2016-10-13  52.8800  52.9500   6958128.0
2016-10-14  53.1200  53.0800   6430136.0
2016-10-17  52.9400  52.7600   5223526.0
2016-10-18  53.2400  52.6100   6550399.0
2016-10-19  52.9100  53.1500   9095261.0
2016-10-20  53.3600  53.5900   9286800.0
2016-10-21  53.4200  53.6300   6767204.0
2016-10-24  53.9000  54.1800   6919714.0
2016-10-25  54.1000  53.6700   6052830.0
2016-10-26  53.6000  53.6300   5817798.0
2016-10-27  53.6000  53.5900   7899957.0
2016-10-28  53.6500  53.5300   6620333.0
2016-10-31  53.7000  53.0700   9142509.0
2016-11-01  53.1400  52.5000  15425819.0
2016-11-02  52.3400  52.9800  10851658.0
2016-11-03  52.9900  51.7700  21847292.0
2016-11-04  51.4300  52.7500  21956848.0
2016-11-07  53.5000  54.4900  14916848.0
2016-11-08  54.4000  54.6200   9351994.0
2016-11-09  53.2000  54.5800  13727777.0
2016-11-10  54.6400  53.5700  13621701.0
2016-11-11  53.4300  53.9300   8436435.0
2016-11-14  53.9300  54.2200  10489826.0
2016-11-15  54.0900  54.5900   9588036.0
2016-11-16  54.3300  55.4400  10779155.0
2016-11-17  55.2150  55.8500   8744504.0
2016-11-18  55.7200  55.7700   8740953.0
2016-11-21  55.5100  56.1000   8004000.0
2016-11-22  56.3200  57.1200  10268720.0
2016-11-23  56.9100  57.5900   8183628.0
2016-11-25  57.7000  57.4300   3228848.0
2016-11-28  57.0000  57.5900   8750925.0
2016-11-29  57.6400  58.1700  10582850.0
2016-11-30  58.1900  57.9700   9527959.0
2016-12-01  57.3400  58.5100  12381607.0
2016-12-02  56.6490  57.2100  16869957.0
2016-12-05  56.9600  57.5000   7701167.0
2016-12-06  57.6600  57.4400   7035674.0
2016-12-07  57.5400  58.7600   9094812.0
2016-12-08  59.0000  58.6500   7972498.0
2016-12-09  58.9200  58.7500   7091577.0
2016-12-12  58.5400  58.7700   7736198.0
2016-12-13  58.9900  59.3100   8878080.0
2016-12-14  59.0300  58.7500   9022867.0
2016-12-15  57.9675  57.7100  11837756.0
2016-12-16  58.0100  57.6600  10611461.0
2016-12-19  57.4400  57.6500   6433824.0
2016-12-20  57.8100  57.7000   4888284.0
2016-12-21  57.5000  57.4400   5380537.0
2016-12-22  57.3100  57.1100   6777656.0
2016-12-23  57.2900  57.0100   4298476.0
2016-12-27  56.9900  56.8600   4186157.0
2016-12-28  56.8000  56.3500   5548726.0
2016-12-29  56.3500  56.3200   3781721.0
2016-12-30  56.2800  55.5200   8344508.0
2017-01-03  55.9100  55.3500   7809307.0
2017-01-04  55.5600  55.9900   7796290.0
2017-01-05  56.0800  56.4600   7602321.0
2017-01-06  56.6300  57.1300   8587812.0
2017-01-09  57.2600  58.2000  12640515.0
2017-01-10  58.2200  57.8800   6672024.0
2017-01-11  57.8000  58.1000   6027960.0
2017-01-12  58.0000  58.0300   4733015.0
2017-01-13  58.0300  57.8500   4745840.0
2017-01-17  57.6200  58.0000   5734666.0
2017-01-18  58.3200  58.4500   7375725.0
2017-01-19  58.3100  57.8900   7850480.0
2017-01-20  58.1400  57.6600   7651562.0
2017-01-23  57.4200  57.7600   6814368.0
2017-01-24  57.9300  58.4400  10704103.0
2017-01-25  58.6700  58.7000   7124547.0
2017-01-26  58.7000  58.4600  12382416.0
2017-01-27  55.7500  56.1200  28884899.0
2017-01-30  56.0000  55.9000  13322010.0
2017-01-31  55.8000  55.2200  14307985.0
2017-02-01  55.4900  53.9000  18796871.0
2017-02-02  54.0400  53.8700  15289650.0
2017-02-03  54.2100  55.0600  14161693.0
2017-02-06  55.0100  55.7300  13029829.0
2017-02-07  55.7900  55.2400   9910498.0
2017-02-08  55.1900  55.2200  11681938.0
2017-02-09  55.2300  55.8100  11106757.0
2017-02-10  55.7300  56.2200  11178950.0
2017-02-13  56.5000  56.1100   8027939.0
2017-02-14  56.0200  56.5800   8865947.0
2017-02-15  56.5600  56.8600   6967179.0
2017-02-16  56.9600  56.7300   8524519.0
2017-02-17  56.8000  57.3500  11008366.0
2017-02-21  57.4100  57.5400   8289185.0
2017-02-22  57.5200  57.5700   7876599.0
2017-02-23  57.6000  57.6400   7178627.0
2017-02-24  57.6100  57.4800   7806190.0
2017-02-27  57.2400  56.7800   7702400.0
2017-02-28  56.7100  56.8700   8750655.0
2017-03-01  57.2700  57.1400   7197973.0
2017-03-02  57.0700  57.1200   6595418.0
2017-03-03  56.7000  57.1000   7738064.0
2017-03-06  56.7800  56.6800   9159983.0
2017-03-07  56.5800  56.2000  10890313.0
2017-03-08  56.1500  55.7400  13061632.0
2017-03-09  55.7500  55.1900  17844248.0
2017-03-10  55.3900  54.5300  13886431.0
2017-03-13  54.5700  54.6300   9090230.0
2017-03-14  54.6200  54.2700   7892888.0
2017-03-15  54.3900  54.5400   8712006.0
2017-03-16  54.8500  54.8000   8074278.0
2017-03-17  55.0400  55.7800  15822141.0
2017-03-20  55.8700  55.8100   7948425.0
2017-03-21  56.0500  55.5400   8030642.0
2017-03-22  55.6800  55.8900   8452070.0
2017-03-23  56.1500  55.8500   7357207.0
2017-03-24  56.1100  56.8100  15763000.0
2017-03-27  56.6600  57.2300   8861799.0
2017-03-28  57.1000  57.3500   8331644.0
2017-03-29  57.1700  57.5400   7001635.0
2017-03-30  57.4500  58.1600   8677916.0
2017-03-31  58.1050  58.3900   9156707.0
2017-04-03  58.2800  58.4400   8989831.0
2017-04-04  58.3700  58.3200   6474781.0
2017-04-05  57.9600  58.2200  13656221.0
2017-04-06  58.1300  57.9200   9112533.0
2017-04-07  57.8000  58.0200   6773750.0
2017-04-10  58.0000  57.9500   5266312.0
2017-04-11  57.7400  57.8800   5855091.0
2017-04-12  57.8800  57.5800   5450298.0
2017-04-13  57.6100  57.5100   4871717.0
2017-04-17  57.6800  58.0800   5626042.0
2017-04-18  57.5900  58.3500   5449699.0
2017-04-19  58.6000  59.0400  12000639.0
2017-04-20  59.7100  60.0800  12445862.0
2017-04-21  60.2000  60.6100   8799985.0
2017-04-24  61.0000  61.1100  10719785.0
2017-04-25  60.6500  60.9600  10898830.0
2017-04-26  61.2300  61.5600   8401279.0
2017-04-27  61.6300  61.2808  11269113.0
2017-04-28  59.4100  60.0700  24815725.0
2017-05-01  60.0000  60.1800  10814864.0
2017-05-02  60.1500  60.4900   8924431.0
2017-05-03  60.5200  60.5775   7607320.0
2017-05-04  60.6500  60.8300   6777689.0
2017-05-05  60.8600  60.9500   6383999.0
2017-05-08  61.0700  60.9400   5575430.0
2017-05-09  60.5800  60.9800   5739596.0
2017-05-10  60.8800  60.6600   7170293.0
2017-05-11  60.4500  60.2700   5493696.0
2017-05-12  60.2800  59.9300   5591995.0
2017-05-15  60.4200  60.4500   5770519.0
2017-05-16  60.6800  59.9800   6280300.0
2017-05-17  59.9700  59.7300   7397193.0
2017-05-18  59.7300  59.8200   8556793.0
2017-05-19  59.9400  61.3600  12369022.0
2017-05-22  61.0300  61.2300   6361589.0
2017-05-23  61.4000  61.1500   5560428.0
2017-05-24  61.4000  61.8900   7196112.0
2017-05-25  62.0100  62.9000   8890483.0
2017-05-26  63.0100  63.3000   6050648.0
2017-05-30  63.0700  63.2500   7044647.0
2017-05-31  63.2700  63.6100   6846764.0
2017-06-01  63.5100  63.7500   5982167.0
2017-06-02  63.8800  64.5700   7807382.0
2017-06-05  64.8500  64.2700   6704398.0
2017-06-06  64.2200  64.1600   5391829.0
2017-06-07  64.1300  63.5000   8279632.0
2017-06-08  63.4400  62.2400  11142502.0
2017-06-09  62.3700  62.1900  11168298.0
2017-06-12  61.8000  61.2900  10992631.0
2017-06-13  61.1200  60.9200   9270672.0
2017-06-14  60.6700  60.2700   9594560.0
2017-06-15  59.9200  60.0900   7449256.0
2017-06-16  59.8900  60.1400  11177768.0
2017-06-19  60.3500  60.8808   6710257.0
2017-06-20  60.9800  59.8600   6839696.0
2017-06-21  60.0000  59.9600   5873459.0
2017-06-22  60.0900  59.5100   5569030.0
2017-06-23  59.7600  59.8100   5791112.0
2017-06-26  60.0200  59.6400   5613292.0
2017-06-27  59.5400  58.9600   5573996.0
2017-06-28  59.0600  59.1800   5348326.0
2017-06-29  59.1700  58.3600   7338743.0
2017-06-30  58.6800  58.3100   7961205.0
2017-07-03  58.9000  58.2500   4575263.0
2017-07-05  58.4300  57.9400   7572335.0
2017-07-06  57.8000  57.6000   8793457.0
2017-07-07  57.7900  58.0400   7045031.0
2017-07-10  58.1800  57.8100   4799835.0
2017-07-11  57.9100  57.9000   5338784.0
2017-07-12  58.2100  58.5400   6843581.0
2017-07-13  58.8000  58.3800   8437379.0
2017-07-14  58.4000  58.7600   5312521.0
2017-07-17  58.7300  58.3300   6756801.0
2017-07-18  58.1200  58.2100   8197796.0
2017-07-19  58.1500  58.1100   8096352.0
2017-07-20  58.4100  58.0300  10456126.0
2017-07-21  57.9200  57.9800   6486063.0
2017-07-24  58.0000  58.0200   7411252.0
2017-07-25  58.2150  58.5500   7807274.0
2017-07-26  58.8000  57.9400   8635845.0
2017-07-27  58.2500  59.5000  19868659.0
2017-07-28  55.2300  54.0000  52717344.0
2017-07-31  54.4800  53.9800  20017218.0
2017-08-01  54.5700  54.7300  17950130.0
2017-08-02  54.7500  55.4300  14710582.0
2017-08-03  55.6400  55.6800  13242560.0
2017-08-04  55.9700  55.4400   9139579.0
2017-08-07  55.6000  55.6300   7131714.0
2017-08-08  55.5500  54.5200  10979859.0
2017-08-09  54.4300  53.7400  16632514.0
2017-08-10  53.5200  53.0700  13134466.0
2017-08-11  53.0500  53.1800   9177906.0
2017-08-14  53.6000  53.2200   7278267.0
2017-08-15  53.4100  53.1500   6488661.0
2017-08-16  53.2600  53.5000   7480676.0
2017-08-17  53.3200  53.0400   7026720.0
2017-08-18  52.9200  52.7000  10206054.0
2017-08-21  53.1400  53.1500  12335388.0
2017-08-22  53.4900  54.4500  13943094.0
2017-08-23  53.9600  54.0800  11737984.0
2017-08-24  54.2600  53.9400   8396513.0
2017-08-25  54.6200  54.3600   8575004.0
2017-08-28  54.5400  54.4000   6510840.0
2017-08-29  54.0400  54.1000   6169277.0
2017-08-30  54.0400  54.5200   5566254.0
2017-08-31  54.6800  54.8600   7802312.0
2017-09-01  54.9000  54.9300   7670538.0
2017-09-05  54.9500  55.1300   9132518.0
2017-09-06  55.1200  54.3100  10999931.0
2017-09-07  54.4200  53.4700  13733359.0
2017-09-08  53.3900  53.5100  11328504.0
2017-09-11  53.7900  54.0200   9132164.0
2017-09-12  53.9800  53.5400  10227638.0
2017-09-13  53.5500  54.2900  12678136.0
2017-09-14  54.3800  54.5300   8156214.0
2017-09-15  54.4400  54.6700  10314393.0
2017-09-18  54.8000  54.6900   6301277.0
2017-09-19  54.8400  54.6200   5069325.0
2017-09-20  54.5800  55.1500   6919255.0
2017-09-21  55.0500  55.0100   7153003.0
2017-09-22  55.0500  55.0900   6656971.0
2017-09-25  54.9800  54.9500  10150422.0
2017-09-26  55.0600  55.1300   7559088.0
2017-09-27  55.2500  54.9900   8573611.0
2017-09-28  54.8100  54.5000   7601404.0
2017-09-29  54.3100  53.7100  11867637.0
2017-10-02  53.8600  53.8100   5940306.0
2017-10-03  54.0000  53.9900   6121204.0
2017-10-04  54.1200  53.9300   5488898.0
2017-10-05  54.0600  54.6000   7646353.0
2017-10-06  54.5100  55.1700  10510988.0
2017-10-09  55.3700  55.0200   5758260.0
2017-10-10  55.1000  55.4200   6427316.0
2017-10-11  55.4600  55.6400   8545885.0
2017-10-12  55.6700  55.9700   7191367.0
2017-10-13  56.0000  55.7200   6190946.0
2017-10-16  55.6700  54.9100   7216616.0
2017-10-17  54.8600  54.5100  11156940.0
2017-10-18  54.4600  55.2100   8284251.0
2017-10-19  55.0800  55.4000   5586002.0
2017-10-20  55.3100  54.5700  11665296.0
2017-10-23  54.7700  54.2700   9831150.0
2017-10-24  54.3700  54.2800   7420429.0
2017-10-25  54.2400  54.1600   8089039.0
2017-10-26  54.5000  54.9100  11985337.0
2017-10-27  54.8300  54.8800   9869935.0
2017-10-30  54.7900  55.1700   6408423.0
2017-10-31  55.1600  54.8400   8816620.0
2017-11-01  55.1000  55.1300   7117712.0
2017-11-02  55.1500  54.8700  12481672.0
2017-11-03  54.1600  56.0300  28729036.0
2017-11-06  55.9900  56.5700  10718191.0
2017-11-07  56.3300  57.2200  10986632.0
2017-11-09  57.2000  57.3600  14586364.0
2017-11-10  57.3600  57.0400   7872870.0
2017-11-13  56.8100  56.6400   7570589.0
2017-11-14  56.4700  56.9300   7688973.0
2017-11-15  56.8200  56.7000   8879935.0
2017-11-16  56.9200  57.2400   8304922.0
2017-11-17  57.2400  56.9300   6297502.0
2017-11-20  56.6700  56.8100   6322394.0
2017-11-21  56.9600  57.2600   6260418.0
2017-11-22  57.0700  57.1400   6946384.0
2017-11-24  57.1900  56.8000   3479177.0
2017-11-27  56.8300  55.9100  10296958.0
2017-11-28  56.0300  56.6600   9562722.0
2017-11-29  56.7100  57.5100   9807883.0
2017-11-30  57.6400  57.8200  11143448.0
2017-12-01  57.5000  57.3200  12656498.0
2017-12-04  57.5400  58.7600  13179951.0
2017-12-05  59.2500  59.3400  11119063.0
2017-12-06  59.3800  59.2800   8083109.0
2017-12-07  59.1200  59.1400   5693477.0
2017-12-08  58.5200  58.6100   9873672.0
2017-12-11  58.3900  59.0700   9861062.0
2017-12-12  58.9900  59.2700   5949106.0
2017-12-13  59.4400  59.4900   7609587.0
2017-12-14  59.7300  59.7000   8850316.0
2017-12-15  59.2500  58.2900  20087322.0
2017-12-18  58.4400  58.0300   8604204.0
2017-12-19  58.1300  58.0100   7651380.0
2017-12-20  58.2200  57.7300   7079956.0
2017-12-21  57.9400  57.5800   5896349.0
2017-12-22  57.5700  57.3000   6927124.0
2017-12-26  57.2700  57.1400   5509314.0
2017-12-27  57.1900  57.2700   4707922.0
2017-12-28  57.4700  57.8100   5003847.0
2017-12-29  57.7400  57.4300   5309556.0
2018-01-02  57.9500  57.6300   7199959.0
2018-01-03  57.9300  58.7100   7417389.0
2018-01-04  58.9900  58.9300   5723756.0
2018-01-05  59.2500  59.6100   5996343.0
2018-01-08  59.4800  59.3100   6291099.0
2018-01-09  59.2000  59.1800   5176826.0
2018-01-10  59.2400  59.8200   8614583.0
2018-01-11  59.7600  60.0000   5742148.0
2018-01-12  60.4000  60.4000   6927724.0
2018-01-16  60.3300  60.5600   7861835.0
2018-01-17  61.0000  60.6600   8250221.0
2018-01-18  61.4300  61.0900   8906539.0
2018-01-19  61.2100  61.2600   8138401.0
2018-01-22  61.0400  61.4100  11664335.0
2018-01-23  61.3200  61.6900  10519161.0
2018-01-24  61.5100  60.8300  11764779.0
2018-01-25  61.0300  60.5500  13009129.0
2018-01-26  57.9400  57.9900  51159714.0
2018-01-29  57.5500  57.0200  18709513.0
2018-01-30  56.9600  57.1900  14232179.0
2018-01-31  57.2300  56.8050  12984489.0
2018-02-01  56.2800  56.0000  14628946.0
2018-02-02  55.9000  55.7700  15236577.0