date    open   close      volume
                                     
2013-01-02  18.100  18.000    548300.0
2013-01-03  18.000  19.100   1036800.0
2013-01-04  20.010  20.060    642100.0
2013-01-07  20.060  20.160    277000.0
2013-01-08  20.120  20.390    191900.0
2013-01-09  20.360  20.000    211100.0
2013-01-10  20.190  20.950    292000.0
2013-01-11  20.900  20.610    388200.0
2013-01-14  20.610  20.700    256200.0
2013-01-15  20.920  20.920    281000.0
2013-01-16  20.950  21.100    407400.0
2013-01-17  21.200  21.180    229100.0
2013-01-18  21.290  21.280    389100.0
2013-01-22  21.300  21.210    341600.0
2013-01-23  21.220  21.190    350900.0
2013-01-24  21.170  21.130    230600.0
2013-01-25  21.410  20.690    249600.0
2013-01-28  20.700  20.520    328000.0
2013-01-29  20.520  20.350    264800.0
2013-01-30  20.320  20.270    235700.0
2013-01-31  20.180  19.980    539700.0
2013-02-01  20.080  20.780    196000.0
2013-02-04  20.620  20.680    390700.0
2013-02-05  20.360  20.050    523100.0
2013-02-06  20.060  19.850    439800.0
2013-02-07  19.840  19.820    229100.0
2013-02-08  19.870  20.230    224000.0
2013-02-11  20.240  19.510    243300.0
2013-02-12  19.530  19.750    138000.0
2013-02-13  19.780  19.960    187400.0
2013-02-14  19.930  20.100    149100.0
2013-02-15  20.160  19.330    325900.0
2013-02-19  19.340  19.610    257700.0
2013-02-20  19.540  19.240    318100.0
2013-02-21  19.230  18.940    155600.0
2013-02-22  18.920  19.180    134200.0
2013-02-25  19.300  18.360    177000.0
2013-02-26  18.500  18.080    543700.0
2013-02-27  17.920  18.850    429600.0
2013-02-28  18.920  18.510    402300.0
2013-03-01  18.340  18.490    169400.0
2013-03-04  18.360  18.060    173100.0
2013-03-05  18.170  18.130    268500.0
2013-03-06  18.150  18.550    211300.0
2013-03-07  18.420  18.120    639100.0
2013-03-08  18.220  18.280    192500.0
2013-03-11  18.150  18.370    176200.0
2013-03-12  18.430  18.540    132100.0
2013-03-13  18.490  19.010    181300.0
2013-03-14  19.050  19.340    146700.0
2013-03-15  19.350  19.400    433000.0
2013-03-18  19.240  19.450    307400.0
2013-03-19  19.450  19.160   2234400.0
2013-03-20  19.380  19.120    492400.0
2013-03-21  19.950  19.500   2502400.0
2013-03-22  19.850  19.450    642600.0
2013-03-25  19.660  19.240    382200.0
2013-03-26  19.200  19.840    563300.0
2013-03-27  19.910  19.400   1025700.0
2013-03-28  19.520  19.920    469800.0
2013-04-01  19.920  19.460    327400.0
2013-04-02  19.650  19.280    318200.0
2013-04-03  19.230  18.450    630700.0
2013-04-04  18.420  18.320    296300.0
2013-04-05  18.100  18.300    162900.0
2013-04-08  18.320  18.490    190400.0
2013-04-09  18.510  18.970    259100.0
2013-04-10  18.970  19.320    262700.0
2013-04-11  19.280  19.030    168300.0
2013-04-12  18.960  19.190    280100.0
2013-04-15  19.050  17.930    579000.0
2013-04-16  18.190  18.330    361300.0
2013-04-17  18.040  17.700    415500.0
2013-04-18  17.700  17.740    317100.0
2013-04-19  17.810  17.290    320700.0
2013-04-22  17.430  17.250    256400.0
2013-04-23  17.500  18.520    868600.0
2013-04-24  18.610  18.530    295800.0
2013-04-25  18.550  18.300    401100.0
2013-04-26  18.250  18.040    181400.0
2013-04-29  18.060  18.210    398500.0
2013-04-30  18.160  18.110    263000.0
2013-05-01  17.890  17.520    330800.0
2013-05-02  17.560  17.490    227400.0
2013-05-03  17.700  18.480    248700.0
2013-05-06  18.470  18.500    217600.0
2013-05-07  18.890  19.130    685400.0
2013-05-08  19.250  19.670    534500.0
2013-05-09  19.800  19.490    273700.0
2013-05-10  19.410  19.770    317000.0
2013-05-13  19.770  19.960    661900.0
2013-05-14  19.960  19.990    659800.0
2013-05-15  19.970  20.000    488700.0
2013-05-16  19.940  20.320   1032100.0
2013-05-17  20.550  20.780    957400.0
2013-05-20  20.770  22.330   1433700.0
2013-05-21  22.300  21.900   1442700.0
2013-05-22  21.910  21.980    648600.0
2013-05-23  21.500  21.940    470300.0
2013-05-24  21.870  21.630    257300.0
2013-05-28  21.990  21.770    250500.0
2013-05-29  21.570  21.800    655600.0
2013-05-30  21.820  21.980    471500.0
2013-05-31  22.000  21.870    658600.0
2013-06-03  21.570  21.520    440900.0
2013-06-04  21.520  21.500    415600.0
2013-06-05  21.520  21.470    169300.0
2013-06-06  21.450  21.890    265600.0
2013-06-07  21.950  22.050    479800.0
2013-06-10  22.080  22.150    135100.0
2013-06-11  21.920  21.760    382900.0
2013-06-12  21.860  21.690    251800.0
2013-06-13  21.540  22.480    791000.0
2013-06-14  22.700  22.870    581300.0
2013-06-17  23.100  23.010    972900.0
2013-06-18  22.950  23.200    357700.0
2013-06-19  23.340  22.990    843900.0
2013-06-20  22.760  22.880    628300.0
2013-06-21  23.000  22.780    511100.0
2013-06-24  22.580  22.400    553400.0
2013-06-25  22.540  23.190    417600.0
2013-06-26  23.380  22.590    541700.0
2013-06-27  22.660  22.740    596000.0
2013-06-28  22.660  22.960   2050300.0
2013-07-01  23.160  23.450    440500.0
2013-07-02  23.770  23.440    384600.0
2013-07-03  23.440  23.800    290500.0
2013-07-05  23.850  24.190    489000.0
2013-07-08  24.410  23.680    372600.0
2013-07-09  23.900  23.960    224200.0
2013-07-10  23.960  24.150    323900.0
2013-07-11  24.400  24.180   1588200.0
2013-07-12  24.240  23.830   1054800.0
2013-07-15  23.850  23.710    269400.0
2013-07-16  23.710  23.560    196800.0
2013-07-17  23.500  23.440    305800.0
2013-07-18  23.470  23.910    418600.0
2013-07-19  23.970  23.560    281700.0
2013-07-22  23.600  23.800    315900.0
2013-07-23  23.810  23.520    290800.0
2013-07-24  23.560  22.850    367000.0
2013-07-25  22.960  23.080    379600.0
2013-07-26  22.990  23.170    289200.0
2013-07-29  23.130  23.050    124900.0
2013-07-30  23.030  23.400    209100.0
2013-07-31  23.490  23.650    353700.0
2013-08-01  23.870  23.830    677100.0
2013-08-02  23.980  23.920    144600.0
2013-08-05  24.000  24.270    332900.0
2013-08-06  24.450  24.230    264900.0
2013-08-07  24.400  23.950    226500.0
2013-08-08  24.060  22.050   2811200.0
2013-08-09  22.070  22.170    538300.0
2013-08-12  22.060  21.910    335100.0
2013-08-13  22.030  21.980    305200.0
2013-08-14  22.040  21.860    255000.0
2013-08-15  21.690  21.980    347600.0
2013-08-16  21.960  21.940    211300.0
2013-08-19  21.830  21.470    355700.0
2013-08-20  21.530  21.910    161000.0
2013-08-21  22.110  21.710    376200.0
2013-08-22  21.800  22.100    300900.0
2013-08-23  22.200  22.300    230700.0
2013-08-26  22.310  22.990    333300.0
2013-08-27  22.720  22.330    119600.0
2013-08-28  22.360  22.880    252800.0
2013-08-29  22.840  22.670     90100.0
2013-08-30  23.460  24.160    685300.0
2013-09-03  24.330  23.970    282500.0
2013-09-04  24.000  24.010    321300.0
2013-09-05  24.140  24.000    413900.0
2013-09-06  24.080  23.760    255400.0
2013-09-09  23.400  23.460   1023300.0
2013-09-10  23.820  23.590    341200.0
2013-09-11  23.680  23.570    587600.0
2013-09-12  23.440  23.890    872200.0
2013-09-13  24.040  24.550   6221200.0
2013-09-16  25.040  24.090   1185100.0
2013-09-17  24.060  24.920    997200.0
2013-09-18  24.810  24.800   1198900.0
2013-09-19  24.880  25.110    771000.0
2013-09-20  25.200  26.070   1396600.0
2013-09-23  26.080  26.660    811000.0
2013-09-24  26.770  26.440   1467000.0
2013-09-25  26.500  27.000   1296800.0
2013-09-26  27.080  26.990   1062700.0
2013-09-27  26.880  26.730   1278600.0
2013-09-30  26.550  26.410   1902300.0
2013-10-01  26.400  26.400    963900.0
2013-10-02  26.330  26.980   1231500.0
2013-10-03  27.220  27.650   1606600.0
2013-10-04  27.760  28.800   2560800.0
2013-10-07  28.650  28.450    544800.0
2013-10-08  28.570  27.990    702600.0
2013-10-09  27.980  27.650    920700.0
2013-10-10  27.890  28.020    904700.0
2013-10-11  28.000  27.960    722400.0
2013-10-14  27.810  28.510    567800.0
2013-10-15  28.560  28.290    612000.0
2013-10-16  28.560  29.040    984000.0
2013-10-17  29.040  29.210    928200.0
2013-10-18  29.500  29.990   1579600.0
2013-10-21  30.210  30.050    624500.0
2013-10-22  30.040  30.090    745700.0
2013-10-23  29.790  29.170   1003200.0
2013-10-24  29.490  29.960    952600.0
2013-10-25  30.120  29.480    534700.0
2013-10-28  29.500  29.260    377500.0
2013-10-29  29.500  30.060    414200.0
2013-10-30  30.130  29.200    520000.0
2013-10-31  29.200  28.510   1245200.0
2013-11-01  28.520  27.470   1099900.0
2013-11-04  27.580  28.460    587000.0
2013-11-05  28.420  28.360    699900.0
2013-11-06  28.910  27.840   1049100.0
2013-11-07  27.220  25.760   2198200.0
2013-11-08  25.610  26.970    885600.0
2013-11-11  26.810  27.600   1023600.0
2013-11-12  27.490  26.080    874400.0
2013-11-13  25.920  26.430    516600.0
2013-11-14  26.410  26.220    474900.0
2013-11-15  26.410  26.580    813400.0
2013-11-18  26.560  25.000    844200.0
2013-11-19  24.910  25.150   1459500.0
2013-11-20  25.540  25.630   1115900.0
2013-11-21  25.840  27.110    986200.0
2013-11-22  27.350  27.350    548400.0
2013-11-25  27.230  25.800    942400.0
2013-11-26  25.760  26.550    474300.0
2013-11-27  26.380  25.710    492700.0
2013-11-29  25.650  25.670    182200.0
2013-12-02  25.580  25.520    391800.0
2013-12-03  25.400  26.160    489200.0
2013-12-04  26.160  26.010    404900.0
2013-12-05  25.360  25.340    904600.0
2013-12-06  25.590  24.300    723200.0
2013-12-09  24.240  23.850    783600.0
2013-12-10  23.500  24.010    765800.0
2013-12-11  24.100  23.430    657200.0
2013-12-12  23.350  23.950    469000.0
2013-12-13  23.880  23.480    474200.0
2013-12-16  23.450  23.350    583000.0
2013-12-17  23.250  23.140    429100.0
2013-12-18  23.100  23.260    577700.0
2013-12-19  23.270  23.500    476100.0
2013-12-20  23.600  23.730   2132400.0
2013-12-23  23.850  23.660    488600.0
2013-12-24  23.640  23.870    122200.0
2013-12-26  23.790  23.770    457400.0
2013-12-27  24.150  25.200    667700.0
2013-12-30  25.210  24.250    528900.0
2013-12-31  24.270  24.510    541000.0
2014-01-02  24.360  23.850    721400.0
2014-01-03  23.820  24.220    645800.0
2014-01-06  24.280  24.270    562500.0
2014-01-07  24.300  24.720    396600.0
2014-01-08  24.900  23.950    800300.0
2014-01-09  24.200  25.250   2003200.0
2014-01-10  25.160  25.610    780800.0
2014-01-13  25.570  24.610    859800.0
2014-01-14  24.660  25.050    565100.0
2014-01-15  25.190  25.160    953400.0
2014-01-16  25.100  26.600   1058300.0
2014-01-17  26.540  26.070    721600.0
2014-01-21  26.320  26.550    326100.0
2014-01-22  26.670  27.310    600900.0
2014-01-23  27.270  26.830    557400.0
2014-01-24  26.640  26.270    528000.0
2014-01-27  26.300  26.230   1027700.0
2014-01-28  26.200  27.300    896100.0
2014-01-29  27.050  26.710    833500.0
2014-01-30  27.030  27.300    477100.0
2014-01-31  26.740  27.490    513200.0
2014-02-03  27.430  26.940    431300.0
2014-02-04  27.060  27.690    541500.0
2014-02-05  27.640  27.550    518600.0
2014-02-06  27.600  27.730    677500.0
2014-02-07  27.880  28.860   1192700.0
2014-02-10  28.890  28.380    595600.0
2014-02-11  29.100  29.660   1151500.0
2014-02-12  30.200  31.720   4293300.0
2014-02-13  31.350  31.880   2544400.0
2014-02-14  32.250  31.980   1122600.0
2014-02-18  32.260  29.740   6074000.0
2014-02-19  29.490  28.720   2906500.0
2014-02-20  28.700  28.790   1050100.0
2014-02-21  29.430  29.290    981800.0
2014-02-24  29.300  30.750   1148400.0
2014-02-25  30.720  30.590    711900.0
2014-02-26  30.490  29.550    733300.0
2014-02-27  29.490  29.460    693700.0
2014-02-28  29.510  29.790    778600.0
2014-03-03  29.600  29.100    703000.0
2014-03-04  29.320  30.250   1104200.0
2014-03-05  30.170  29.540    478800.0
2014-03-06  29.690  29.150   1441700.0
2014-03-07  29.290  28.720    907400.0
2014-03-10  28.650  28.480    599100.0
2014-03-11  28.440  26.940    903100.0
2014-03-12  26.640  27.680   1108500.0
2014-03-13  27.830  27.210   1128400.0
2014-03-14  27.190  27.790    816300.0
2014-03-17  28.000  27.850    537000.0
2014-03-18  27.960  28.750    923500.0
2014-03-19  28.720  28.180    512200.0
2014-03-20  28.150  28.100   1377400.0
2014-03-21  28.050  28.080    933400.0
2014-03-24  28.210  27.840    428300.0
2014-03-25  27.920  27.890    398100.0
2014-03-26  28.960  28.410    821900.0
2014-03-27  28.540  29.630   1053800.0
2014-03-28  29.750  29.710    869500.0
2014-03-31  29.910  29.630    612900.0
2014-04-01  29.910  29.770    380000.0
2014-04-02  29.720  30.750    628100.0
2014-04-03  30.780  30.140    772500.0
2014-04-04  30.540  29.550    437700.0
2014-04-07  29.410  28.310    562400.0
2014-04-08  28.420  28.920    477700.0
2014-04-09  29.110  29.130    534500.0
2014-04-10  29.070  28.230    695500.0
2014-04-11  28.040  27.970    482200.0
2014-04-14  28.700  29.150   1516600.0
2014-04-15  29.210  29.580   1263700.0
2014-04-16  29.900  29.680    691200.0
2014-04-17  29.600  30.070    940100.0
2014-04-21  30.090  30.040    616000.0
2014-04-22  30.000  30.590   1034800.0
2014-04-23  30.630  30.220   1104600.0
2014-04-24  30.540  30.570    711100.0
2014-04-25  30.420  30.120   1581100.0
2014-04-28  30.120  28.160   1585200.0
2014-04-29  28.200  28.210    803000.0
2014-04-30  28.210  28.280    810300.0
2014-05-01  28.190  27.650    629300.0
2014-05-02  27.650  28.260    654900.0
2014-05-05  28.150  28.430    656200.0
2014-05-06  28.340  27.830    381900.0
2014-05-07  28.160  27.240   1210400.0
2014-05-08  27.060  25.980   2059100.0
2014-05-09  25.770  26.590    906200.0
2014-05-12  26.740  27.160    789100.0
2014-05-13  27.220  28.670   1345600.0
2014-05-14  28.680  27.850    700500.0
2014-05-15  27.660  27.760    763900.0
2014-05-16  27.650  27.670    482700.0
2014-05-19  27.550  27.980    572600.0
2014-05-20  27.890  27.690    465200.0
2014-05-21  27.900  28.860   1084400.0
2014-05-22  31.190  31.410   8771400.0
2014-05-23  32.680  31.370   2655000.0
2014-05-27  31.830  32.830   1786400.0
2014-05-28  33.070  33.910   2445100.0
2014-05-29  34.060  35.050   2888700.0
2014-05-30  35.070  34.430   1666200.0
2014-06-02  35.350  33.050   2279700.0
2014-06-03  32.980  33.160   1945400.0
2014-06-04  33.120  33.940   1699900.0
2014-06-05  34.000  34.400   1282400.0
2014-06-06  34.620  34.820   1231000.0
2014-06-09  35.050  34.890   1679900.0
2014-06-10  34.800  34.710    663500.0
2014-06-11  33.690  34.960   1563400.0
2014-06-12  35.260  36.320   1615500.0
2014-06-13  36.640  36.390   5572400.0
2014-06-16  36.420  36.800   1422200.0
2014-06-17  36.680  36.790    982700.0
2014-06-18  36.610  37.010    892900.0
2014-06-19  37.280  37.290   1020200.0
2014-06-20  37.580  38.000   3283300.0
2014-06-23  38.090  38.130   1972600.0
2014-06-24  37.920  36.110   1987000.0
2014-06-25  36.300  37.570   1532200.0
2014-06-26  37.430  37.130   1073200.0
2014-06-27  36.930  37.120   1658700.0
2014-06-30  37.150  37.590   1074400.0
2014-07-01  37.740  36.920    983400.0
2014-07-02  36.900  36.200   1004700.0
2014-07-03  36.110  36.120    492700.0
2014-07-07  36.050  35.380    732400.0
2014-07-08  35.380  34.840   1633500.0
2014-07-09  34.970  34.800   1063400.0
2014-07-10  33.990  34.250   1204600.0
2014-07-11  34.240  32.920   1255700.0
2014-07-14  33.310  33.690   1230000.0
2014-07-15  33.690  32.500   1987100.0
2014-07-16  32.610  33.190    977700.0
2014-07-17  33.200  32.090   1094200.0
2014-07-18  32.150  33.060   1042300.0
2014-07-21  32.860  33.200    771900.0
2014-07-22  33.350  33.080   1307700.0
2014-07-23  33.130  33.670    973800.0
2014-07-24  33.730  33.270   1188500.0
2014-07-25  33.280  33.000    781100.0
2014-07-28  32.960  32.680    823900.0
2014-07-29  32.520  33.040    740800.0
2014-07-30  33.180  32.870    857800.0
2014-07-31  32.460  31.720   1597100.0
2014-08-01  31.570  30.090   1702500.0
2014-08-04  30.140  31.230   1002100.0
2014-08-05  31.070  30.890   1174700.0
2014-08-06  30.530  30.550   1708200.0
2014-08-07  30.870  30.550   1660900.0
2014-08-08  30.830  31.200    854900.0
2014-08-11  31.200  31.420   1382300.0
2014-08-12  31.220  30.590   1011500.0
2014-08-13  30.760  31.400   1190200.0
2014-08-14  31.570  31.110   1284000.0
2014-08-15  31.360  31.860    878900.0
2014-08-18  32.000  32.360    971900.0
2014-08-19  32.340  32.490   1413600.0
2014-08-20  32.420  33.290   1457300.0
2014-08-21  33.320  34.180   1351500.0
2014-08-22  33.930  33.040    969000.0
2014-08-25  33.230  34.070   1007800.0
2014-08-26  34.000  33.150   1587600.0
2014-08-27  33.160  32.730    767900.0
2014-08-28  32.700  32.840    660900.0
2014-08-29  33.080  33.190    689900.0
2014-09-02  33.070  31.960   1088100.0
2014-09-03  32.210  31.950    970500.0
2014-09-04  31.960  31.670   1021400.0
2014-09-05  31.570  31.930    626900.0
2014-09-08  31.660  30.770   1245900.0
2014-09-09  30.750  30.200    904100.0
2014-09-10  30.160  30.550    980700.0
2014-09-11  30.120  30.650   1303100.0
2014-09-12  30.620  29.550   1677500.0
2014-09-15  29.600  29.330    970300.0
2014-09-16  29.290  30.210    602300.0
2014-09-17  30.420  30.820   1408500.0
2014-09-18  30.840  29.420    887200.0
2014-09-19  29.610  28.360   1372100.0
2014-09-22  28.130  27.890   1293523.0
2014-09-23  27.700  27.600    910216.0
2014-09-24  27.630  28.410    770246.0
2014-09-25  28.090  27.050    841865.0
2014-09-26  27.090  27.610    910473.0
2014-09-29  27.120  27.240   1097782.0
2014-09-30  27.220  26.260   1370567.0
2014-10-01  26.280  25.200   1843033.0
2014-10-02  24.890  25.070   2310171.0
2014-10-03  25.240  24.790   1477655.0
2014-10-06  24.850  24.300    969576.0
2014-10-07  24.040  23.470    977595.0
2014-10-08  23.450  23.810   2628474.0
2014-10-09  23.420  21.880   1935905.0
2014-10-10  22.370  19.990   2681569.0
2014-10-13  20.160  17.390   3962152.0
2014-10-14  18.300  16.880   3837731.0
2014-10-15  16.380  17.980   3127703.0
2014-10-16  17.480  19.300   3304279.0
2014-10-17  19.740  19.020   3873672.0
2014-10-20  19.030  19.290   2145958.0
2014-10-21  19.490  19.980   2279556.0
2014-10-22  20.090  18.240   2827872.0
2014-10-23  18.490  18.860   4767960.0
2014-10-24  18.640  17.790   2937813.0
2014-10-27  16.770  16.000   3750895.0
2014-10-28  15.940  16.300   3262682.0
2014-10-29  16.569  16.890   3654568.0
2014-10-30  16.700  16.060   2055966.0
2014-10-31  16.120  17.070   2372055.0
2014-11-03  17.140  16.040   2225736.0
2014-11-04  15.460  14.900   3039097.0
2014-11-05  15.310  15.830   4370578.0
2014-11-06  15.550  16.410   2794662.0
2014-11-07  16.440  17.380   3121966.0
2014-11-10  17.640  16.640   2467291.0
2014-11-11  16.690  17.020   2555003.0
2014-11-12  16.850  16.750   2464817.0
2014-11-13  16.700  16.360   2760532.0
2014-11-14  16.480  16.850   1744025.0
2014-11-17  16.600  15.750   1536786.0
2014-11-18  15.700  15.910   1447756.0
2014-11-19  15.950  15.880   1777695.0
2014-11-20  15.690  17.020   1651067.0
2014-11-21  17.670  17.730   3367835.0
2014-11-24  17.630  17.360   1810909.0
2014-11-25  17.470  16.590   2063148.0
2014-11-26  16.420  16.010   1593295.0
2014-11-28  14.950  11.290   3685620.0
2014-12-01  11.210  10.520   7551257.0
2014-12-02  10.410  10.010   4415847.0
2014-12-03  10.070   9.940   4611558.0
2014-12-04   9.690   9.060   4379961.0
2014-12-05   8.950   8.730   3459989.0
2014-12-08   8.370   7.000   6040640.0
2014-12-09   6.990   7.570   6676524.0
2014-12-10   7.170   7.080   6171838.0
2014-12-11   7.000   7.080   7952615.0
2014-12-12   6.840   6.950   5591201.0
2014-12-15   7.250   6.480   5800490.0
2014-12-16   6.330   7.150   5523904.0
2014-12-17   7.200   9.150   7703653.0
2014-12-18   9.680   9.260   7166418.0
2014-12-19   9.500  10.470   7606340.0
2014-12-22  10.230  10.190   4700601.0
2014-12-23  10.280  10.620   3997517.0
2014-12-24  10.440   9.910   2191151.0
2014-12-26  10.170   9.400   3382049.0
2014-12-29   9.430   9.530   2537996.0
2014-12-30   9.500   9.330   2479839.0
2014-12-31   8.910   9.290   2926766.0
2015-01-02   9.170   9.440   2421071.0
2015-01-05   9.040   8.340   4360932.0
2015-01-06   8.230   8.390   2628311.0
2015-01-07   8.610   7.970   4039197.0
2015-01-08   8.030   8.570   4579709.0
2015-01-09   8.550   8.880   3792128.0
2015-01-12   8.310   8.560   4234984.0
2015-01-13   8.500   8.620   3511987.0
2015-01-14   8.330   9.410   4209169.0
2015-01-15   9.740   9.240   3353293.0
2015-01-16   9.270   9.880   3348685.0
2015-01-20   9.580   9.380   3674492.0
2015-01-21   9.560  10.060   3526111.0
2015-01-22  10.160  10.170   2799487.0
2015-01-23  10.060  10.270   2544619.0
2015-01-26  10.260  10.690   3826236.0
2015-01-27  10.480  11.360   3763618.0
2015-01-28  10.920  10.480   3198597.0
2015-01-29  10.570  10.680   2710075.0
2015-01-30  10.540  11.140   4014807.0
2015-02-02  11.690  12.480   4779752.0
2015-02-03  12.700  14.220   8073133.0
2015-02-04  13.620  13.430   5328527.0
2015-02-05  13.950  14.490   3819549.0
2015-02-06  14.930  14.900   5329118.0
2015-02-09  15.000  15.970   3606106.0
2015-02-10  15.730  15.450   3451078.0
2015-02-11  14.700  14.970   3116570.0
2015-02-12  15.550  15.330   3883269.0
2015-02-13  15.900  15.210   2425813.0
2015-02-17  15.030  15.550   2594722.0
2015-02-18  15.220  15.000   2241593.0
2015-02-19  14.200  14.520   2064220.0
2015-02-20  14.680  13.920   2453843.0
2015-02-23  13.640  13.440   2733434.0
2015-02-24  13.500  13.590   2036146.0
2015-02-25  13.560  14.540   2170666.0
2015-02-26  14.130  13.420   3245289.0
2015-02-27  13.640  13.400   1970537.0
2015-03-02  13.150  12.300   4907158.0
2015-03-03  12.340  13.010   4310063.0
2015-03-04  13.030  13.980   3951471.0
2015-03-05  13.800  13.890   2024527.0
2015-03-06  13.690  13.470   2291650.0
2015-03-09  13.540  13.340   1437960.0
2015-03-10  13.020  12.400   3358745.0
2015-03-11  12.400  12.650   2224598.0
2015-03-12  12.720  12.800   1789583.0
2015-03-13  12.570  12.610   1773635.0
2015-03-16  12.310  12.070   3346034.0
2015-03-17  11.910  11.890   1637509.0
2015-03-18  11.520  12.640   2790075.0
2015-03-19  12.130  11.720   2240524.0
2015-03-20  12.050  11.800   3375717.0
2015-03-23  11.820  11.920   3696549.0
2015-03-24  12.060  11.850   1283760.0
2015-03-25  12.090  12.710   1874685.0
2015-03-26  13.190  13.360   2720759.0
2015-03-27  13.180  12.950   1808664.0
2015-03-30  13.310  13.030   1632746.0
2015-03-31  12.700  13.010   1686798.0
2015-04-01  13.150  13.060   2510454.0
2015-04-02  12.970  13.380   1764236.0
2015-04-06  13.550  14.430   1778020.0
2015-04-07  14.340  14.280   2051755.0
2015-04-08  14.290  13.800   1370139.0
2015-04-09  13.980  13.930   1502001.0
2015-04-10  14.010  14.070    816887.0
2015-04-13  14.240  13.640   1235896.0
2015-04-14  13.870  14.860   2313699.0
2015-04-15  14.900  15.640   2589716.0
2015-04-16  15.480  15.130   1499068.0
2015-04-17  15.140  14.800   1469570.0
2015-04-20  14.800  15.050   1209377.0
2015-04-21  15.070  14.480   1332010.0
2015-04-22  14.740  14.180   2599866.0
2015-04-23  14.310  13.630   2722929.0
2015-04-24  13.670  13.580   1837571.0
2015-04-27  13.620  13.480   1178786.0
2015-04-28  13.470  14.130   1890206.0
2015-04-29  14.070  14.600   2121140.0
2015-04-30  14.860  14.690   1704810.0
2015-05-01  14.500  14.450   1481555.0
2015-05-04  14.500  14.030   1676784.0
2015-05-05  14.500  14.200   2296786.0
2015-05-06  14.420  13.650   2534229.0
2015-05-07  13.090  12.650   4522513.0
2015-05-08  12.780  12.910   3564703.0
2015-05-11  13.350  12.390   2339866.0
2015-05-12  12.510  12.810   2310880.0
2015-05-13  12.890  12.110   2458326.0
2015-05-14  12.100  11.660   3245596.0
2015-05-15  11.430  11.670   2620734.0
2015-05-18  11.640  11.320   2273263.0
2015-05-19  11.130  11.110   3258082.0
2015-05-20  11.210  11.140   2274304.0
2015-05-21  11.290  11.150   2412819.0
2015-05-22  11.010  11.080   2027768.0
2015-05-26  10.800  10.600   1711032.0
2015-05-27  10.500  10.960   1733547.0
2015-05-28  10.720  10.160   3124678.0
2015-05-29  10.300  10.080   2732815.0
2015-06-01  10.030   9.800   2081297.0
2015-06-02  10.150  10.460   2228537.0
2015-06-03  10.350  10.560   1911843.0
2015-06-04  10.450  10.320   1381046.0
2015-06-05  10.260  10.440   1872554.0
2015-06-08  10.420  10.070   1802512.0
2015-06-09  10.260  10.260   1630269.0
2015-06-10  10.570  10.470   1809288.0
2015-06-11  10.450   9.910   1399088.0
2015-06-12   9.860   9.730   2795943.0
2015-06-15   9.540   9.620   1462010.0
2015-06-16   9.630   9.910   1527177.0
2015-06-17  10.180   9.800   1461750.0
2015-06-18   9.900   9.930   1335519.0
2015-06-19   9.890   9.970   3586242.0
2015-06-22   9.970  10.350   2853215.0
2015-06-23  10.360  10.970   2131204.0
2015-06-24  10.910  10.550   2480188.0
2015-06-25  10.520  10.100   1584835.0
2015-06-26  10.010  10.000   2632739.0
2015-06-29   9.730   9.640   1387719.0
2015-06-30   9.800   9.800   1954849.0
2015-07-01   9.800   9.330   2319341.0
2015-07-02   9.340   9.200   2101232.0
2015-07-06   8.970   8.580   2824528.0
2015-07-07   8.670   8.720   2905748.0
2015-07-08   8.480   8.410   2003948.0
2015-07-09   8.800   8.400   3032513.0
2015-07-10   8.460   8.000   2392548.0
2015-07-13   7.820   7.760   3174345.0
2015-07-14   7.670   8.190   2319621.0
2015-07-15   8.580   7.800   4183455.0
2015-07-16   7.870   7.980   2653441.0
2015-07-17   7.960   7.900   1774700.0
2015-07-20   7.910   7.330   2274900.0
2015-07-21   7.350   7.390   2579501.0
2015-07-22   7.280   6.890   1818959.0
2015-07-23   6.900   7.350   2597962.0
2015-07-24   7.340   6.880   1409368.0
2015-07-27   6.730   6.870   2340119.0
2015-07-28   6.880   7.350   2322214.0
2015-07-29   7.310   7.570   3343067.0
2015-07-30   7.570   7.440    776138.0
2015-07-31   7.300   7.330   1213784.0
2015-08-03   7.260   7.010   1366798.0
2015-08-04   7.030   6.660   1459961.0
2015-08-05   6.740   6.160   1896964.0
2015-08-06   6.030   6.600   2733915.0
2015-08-07   6.500   6.110   2058803.0
2015-08-10   6.360   7.190   2267346.0
2015-08-11   6.830   7.450   1842023.0
2015-08-12   7.350   7.690   2031914.0
2015-08-13   7.600   7.210   1873261.0
2015-08-14   7.150   7.010   1450028.0
2015-08-17   6.880   7.110   1214121.0
2015-08-18   7.100   7.200   1674238.0
2015-08-19   7.090   6.440   2315106.0
2015-08-20   6.550   6.120   2106845.0
2015-08-21   6.060   5.830   2633776.0
2015-08-24   4.820   5.660   2959685.0
2015-08-25   6.340   5.480   1460670.0
2015-08-26   5.550   5.300   2476945.0
2015-08-27   5.550   5.650   3893839.0
2015-08-28   5.590   5.950   4078744.0
2015-08-31   5.910   6.440   3374363.0
2015-09-01   6.110   5.710   2724390.0
2015-09-02   5.850   5.660   2449523.0
2015-09-03   5.820   6.010   1933164.0
2015-09-04   5.840   5.810   1589865.0
2015-09-08   5.880   6.000    962400.0
2015-09-09   6.010   5.890   1303835.0
2015-09-10   5.850   6.040    964917.0
2015-09-11   5.860   5.780   1157295.0
2015-09-14   5.780   5.560    995059.0
2015-09-15   5.560   5.600    974728.0
2015-09-16   5.730   6.090   2195588.0
2015-09-17   6.030   6.170   3861299.0
2015-09-18   6.040   5.690   2851772.0
2015-09-21   5.840   5.960   1835690.0
2015-09-22   5.840   5.810   1229342.0
2015-09-23   5.830   5.400   2032875.0
2015-09-24   5.380   5.580   1724138.0
2015-09-25   5.640   5.330   1165363.0
2015-09-28   5.510   5.570   3238242.0
2015-09-29   5.670   5.750   2172687.0
2015-09-30   5.790   6.150   1854633.0
2015-10-01   6.280   6.120   1899983.0
2015-10-02   6.000   6.120   3276358.0
2015-10-05   6.240   6.670   3035736.0
2015-10-06   6.720   7.250   4088542.0
2015-10-07   7.500   7.090   2881878.0
2015-10-08   7.050   8.070   3325081.0
2015-10-09   8.130   8.080   2333453.0
2015-10-12   8.110   7.740   1690823.0
2015-10-13   7.670   7.440   1404978.0
2015-10-14   7.400   7.610   1412657.0
2015-10-15   7.290   8.070   1372212.0
2015-10-16   8.210   8.000   1538603.0
2015-10-19   7.800   7.490   1513677.0
2015-10-20   7.530   7.750   1290049.0
2015-10-21   7.750   7.400   1618801.0
2015-10-22   7.620   7.040   2061744.0
2015-10-23   6.970   6.970   1529679.0
2015-10-26   6.950   6.260   1833463.0
2015-10-27   6.020   5.580   2475346.0
2015-10-28   5.830   6.030   2684996.0
2015-10-29   6.000   5.790   1780550.0
2015-10-30   5.840   5.950   1540445.0
2015-11-02   5.830   6.260   1415792.0
2015-11-03   6.380   7.230   2484311.0
2015-11-04   7.210   7.010   1599730.0
2015-11-05   6.990   6.850   1897891.0
2015-11-06   6.750   6.240   2746346.0
2015-11-09   6.220   6.350   1909402.0
2015-11-10   6.430   6.400   1476268.0
2015-11-11   6.400   5.610   2948622.0
2015-11-12   5.570   5.530   2173355.0
2015-11-13   5.550   5.460   2568965.0
2015-11-16   5.450   5.680   2314771.0
2015-11-17   5.560   5.380   1497046.0
2015-11-18   5.470   5.540   1831267.0
2015-11-19   5.400   5.070   2591859.0
2015-11-20   5.120   4.570   3052212.0
2015-11-23   4.810   4.500   4116259.0
2015-11-24   4.710   4.820   3041707.0
2015-11-25   4.790   4.980   1637580.0
2015-11-27   4.890   4.770   1414132.0
2015-11-30   4.820   5.000   1758304.0
2015-12-01   5.070   5.170   1824328.0
2015-12-02   5.150   4.720   3179984.0
2015-12-03   4.870   4.740   2022744.0
2015-12-04   4.640   4.600   3045488.0
2015-12-07   4.420   3.780   4386257.0
2015-12-08   3.690   3.690   2260867.0
2015-12-09   3.780   3.940   2902353.0
2015-12-10   3.890   4.640   2659615.0
2015-12-11   4.320   4.570   2276413.0
2015-12-14   4.430   4.570   2164936.0
2015-12-15   4.650   4.440   1975907.0
2015-12-16   4.500   4.150   2130738.0
2015-12-17   4.070   3.850   2432682.0
2015-12-18   3.830   3.680   7043206.0
2015-12-21   3.660   3.640   2033985.0
2015-12-22   3.700   3.770   2020018.0
2015-12-23   3.930   4.390   3036035.0
2015-12-24   4.360   4.390    915721.0
2015-12-28   4.210   3.990   1008869.0
2015-12-29   4.240   4.250   1043235.0
2015-12-30   4.050   4.070    990307.0
2015-12-31   4.020   4.310   1356835.0
2016-01-04   4.350   4.360   1414778.0
2016-01-05   4.310   4.250   1169895.0
2016-01-06   4.040   3.910   1259798.0
2016-01-07   3.800   3.790   1323579.0
2016-01-08   3.900   3.730   3757050.0
2016-01-11   3.540   3.410   1503143.0
2016-01-12   3.500   3.040   2542783.0
2016-01-13   3.220   2.820   1698452.0
2016-01-14   2.870   2.820   3785920.0
2016-01-15   2.610   2.700   3811387.0
2016-01-19   2.950   2.440   2273922.0
2016-01-20   2.280   2.290   5652133.0
2016-01-21   2.380   2.470   4991447.0
2016-01-22   2.780   3.240   6346486.0
2016-01-25   3.150   2.980   2311936.0
2016-01-26   3.070   3.240   1512148.0
2016-01-27   3.170   3.440   2129631.0
2016-01-28   3.700   3.580   2182332.0
2016-01-29   3.610   3.620   2797466.0
2016-02-01   3.440   3.360   1269325.0
2016-02-02   3.190   3.130    783041.0
2016-02-03   3.310   3.480   1644940.0
2016-02-04   3.510   3.310   2244298.0
2016-02-05   3.140   3.070   1166063.0
2016-02-08   3.000   2.920   1389736.0
2016-02-09   2.880   2.740   1114701.0
2016-02-10   2.740   2.720   1207501.0
2016-02-11   2.590   2.770   1632945.0
2016-02-12   2.900   2.860   1274594.0
2016-02-16   2.910   2.730   1267562.0
2016-02-17   2.810   3.150   2369333.0
2016-02-18   3.300   3.010   1462715.0
2016-02-19   2.930   2.810   1207932.0
2016-02-22   3.020   2.950   1300294.0
2016-02-23   2.880   2.770   1231137.0
2016-02-24   2.680   2.680   1370365.0
2016-02-25   2.900   2.890   2118318.0
2016-02-26   3.020   3.320   2853404.0
2016-02-29   3.330   3.560   2297974.0
2016-03-01   3.600   3.480   2879630.0
2016-03-02   3.380   4.060   2547013.0
2016-03-03   3.970   4.670   3684639.0
2016-03-04   4.820   4.970   4709410.0
2016-03-07   5.040   5.630   4278402.0
2016-03-08   5.560   4.570   3390369.0
2016-03-09   4.960   5.210   2306736.0
2016-03-10   5.020   5.110   1598508.0
2016-03-11   5.300   5.350   2615591.0
2016-03-14   4.820   5.390   1570803.0
2016-03-15   5.180   5.190    735753.0
2016-03-16   5.340   5.690   2397875.0
2016-03-17   5.800   5.900   3717081.0
2016-03-18   6.180   5.690   4290856.0
2016-03-21   5.550   5.680   1763184.0
2016-03-22   5.510   5.560   1171356.0
2016-03-23   5.450   5.030   1422042.0
2016-03-24   4.820   5.180   1396985.0
2016-03-28   5.210   5.090   1863780.0
2016-03-29   4.880   5.440   1653535.0
2016-03-30   5.510   5.500   2199577.0
2016-03-31   5.420   5.490   2550450.0
2016-04-01   5.190   5.070   1449857.0
2016-04-04   5.050   4.960   1178727.0
2016-04-05   4.920   5.200   2731036.0
2016-04-06   5.360   5.720   2754447.0
2016-04-07   5.700   5.800   1922633.0
2016-04-08   6.060   6.170   2617440.0
2016-04-11   6.390   6.450   2656346.0
2016-04-12   6.560   6.920   3904405.0
2016-04-13   6.870   6.710   2882227.0
2016-04-14   6.730   6.300   2154512.0
2016-04-15   6.150   6.540   1588162.0
2016-04-18   6.000   6.800   2385993.0
2016-04-19   6.940   6.990   1849072.0
2016-04-20   6.970   7.650   4775473.0
2016-04-21   7.720   7.710   2353898.0
2016-04-22   7.790   8.300   2393390.0
2016-04-25   8.320   8.670   2921340.0
2016-04-26   8.770   8.860   2411861.0
2016-04-27   9.010   9.420   3697464.0
2016-04-28   9.360   8.890   3186394.0
2016-04-29   9.170   8.990   3183366.0
2016-05-02   9.000   8.830   2309701.0
2016-05-03   9.000   8.180   2764008.0
2016-05-04   8.280   8.130   2121880.0
2016-05-05   8.600   8.410   2115229.0
2016-05-06   8.240   8.720   1951420.0
2016-05-09   8.400   8.470   3973223.0
2016-05-10   8.540   8.360   2253016.0
2016-05-11   8.090   8.440   3119961.0
2016-05-12   8.680   8.340   2789827.0
2016-05-13   8.230   8.060   2120360.0
2016-05-16   8.320   8.450   3059637.0
2016-05-17   8.430   8.760   2434119.0
2016-05-18   8.680   8.130   3794265.0
2016-05-19   8.000   7.780   3137889.0
2016-05-20   7.850   7.750   2543156.0
2016-05-23   7.540   7.910   1768821.0
2016-05-24   7.880   7.770   1237443.0
2016-05-25   7.870   8.140   3128462.0
2016-05-26   8.380   8.210   2381528.0
2016-05-27   8.090   7.850   1443878.0
2016-05-31   7.940   7.840   2118679.0
2016-06-01   7.660   8.000   2026379.0
2016-06-02   7.700   8.000   1198497.0
2016-06-03   8.110   7.900   1608889.0
2016-06-06   8.090   8.170   2176176.0
2016-06-07   8.220   8.720   2239192.0
2016-06-08   8.950   9.160   2672559.0
2016-06-09   9.000   9.020   2084815.0
2016-06-10   8.780   8.200   1822560.0
2016-06-13   8.040   8.160   2034817.0
2016-06-14   8.110   8.000   2638125.0
2016-06-15   7.910   7.940   3297001.0
2016-06-16   7.800   7.360   2339972.0
2016-06-17   7.560   7.660   4707112.0
2016-06-20   7.840   7.890   2221132.0
2016-06-21   7.750   7.710   2105213.0
2016-06-22   7.860   7.680   1401081.0
2016-06-23   7.800   8.020   2045215.0
2016-06-24   7.450   7.440   3882385.0
2016-06-27   7.260   6.660   1872672.0
2016-06-28   6.980   7.390   1941529.0
2016-06-29   7.560   7.660   2398819.0
2016-06-30   7.600   7.060   2568787.0
2016-07-01   7.070   7.320   1662250.0
2016-07-05   7.030   6.720   1944430.0
2016-07-06   6.660   6.680   1537242.0
2016-07-07   6.820   6.490   2508645.0
2016-07-08   6.600   6.570   2406188.0
2016-07-11   6.620   6.180   2431891.0
2016-07-12   6.400   7.080   3673210.0
2016-07-13   6.980   6.600   2317965.0
2016-07-14   6.710   6.450   1528068.0
2016-07-15   6.510   6.200   1926978.0
2016-07-18   6.250   6.360   2019762.0
2016-07-19   6.380   6.390   2742517.0
2016-07-20   6.300   6.480   2632235.0
2016-07-21   6.420   6.150   2633824.0
2016-07-22   6.180   6.160   1323889.0
2016-07-25   6.020   5.870   1902184.0
2016-07-26   5.740   6.110   2126210.0
2016-07-27   6.190   5.950   2355751.0
2016-07-28   5.960   6.040   1584314.0
2016-07-29   5.910   6.340   1990252.0
2016-08-01   6.210   5.810   3291220.0
2016-08-02   5.970   5.890   1477425.0
2016-08-03   5.920   6.290   2337001.0
2016-08-04   6.200   6.450   1942940.0
2016-08-05   6.460   6.610   1961875.0
2016-08-08   6.660   7.740   9890055.0
2016-08-09   7.860   7.850   3767537.0
2016-08-10   7.960   7.530   2423413.0
2016-08-11   7.650   8.050   2758411.0
2016-08-12   8.190   8.130   1705605.0
2016-08-15   8.250   8.520   1905704.0
2016-08-16   8.500   8.550   1705438.0
2016-08-17   8.480   8.660   1880825.0
2016-08-18   8.820   9.170   2513580.0
2016-08-19   8.980   8.790   2504076.0
2016-08-22   8.400   8.480   2037179.0
2016-08-23   8.340   8.660   1792927.0
2016-08-24   8.460   8.450   3862296.0
2016-08-25   8.430   8.720   2400771.0
2016-08-26   8.780   8.840   2287647.0
2016-08-29   8.790   9.040   1912671.0
2016-08-30   9.090   8.890   1774999.0
2016-08-31   8.710   8.590   2605147.0
2016-09-01   8.410   8.500   1447130.0
2016-09-02   8.690   8.770   1882968.0
2016-09-06   8.840   8.870   2171917.0
2016-09-07   8.870   8.890   2387623.0
2016-09-08   9.120   9.380   2122214.0
2016-09-09   9.400   9.090   1797532.0
2016-09-12   8.920   9.260   2033865.0
2016-09-13   9.050   8.510   2534557.0
2016-09-14   8.440   8.370   2106808.0
2016-09-15   8.460   8.320   2063671.0
2016-09-16   8.060   8.380   1799089.0
2016-09-19   8.540   8.370   1342628.0
2016-09-20   8.290   8.020   2235120.0
2016-09-21   8.270   8.650   3207957.0
2016-09-22   8.840   8.560   2087650.0
2016-09-23   8.430   8.140   1947955.0
2016-09-26   8.280   8.250   1441507.0
2016-09-27   8.010   7.830   2922250.0
2016-09-28   7.910   8.640   3361952.0
2016-09-29   8.710   8.830   3278439.0
2016-09-30   8.950   8.840   1978362.0
2016-10-03   8.850   9.030   2039473.0
2016-10-04   9.020   8.540   2515164.0
2016-10-05   8.810   8.720   2998621.0
2016-10-06   8.810   8.490   1923916.0
2016-10-07   8.540   7.980   2339853.0
2016-10-10   8.130   8.370   2100651.0
2016-10-11   8.280   8.000   1989344.0
2016-10-12   7.910   7.710   2437352.0
2016-10-13   7.500   7.580   2431029.0
2016-10-14   7.590   7.300   2350779.0
2016-10-17   7.300   7.180   1984913.0
2016-10-18   7.330   7.140   1516466.0
2016-10-19   7.290   7.750   2481821.0
2016-10-20   7.620   8.030   2335863.0
2016-10-21   7.910   8.040   1984065.0
2016-10-24   8.000   7.800   1883466.0
2016-10-25   7.770   7.310   2522753.0
2016-10-26   7.120   6.980   4634589.0
2016-10-27   7.070   7.180   4369595.0
2016-10-28   7.120   6.970   2269542.0
2016-10-31   6.910   6.370   3175714.0
2016-11-01   6.440   6.300   2859394.0
2016-11-02   6.140   6.060   2295112.0
2016-11-03   6.150   6.220   1718424.0
2016-11-04   6.180   6.230   1907476.0
2016-11-07   6.380   6.360   2350968.0
2016-11-08   6.260   6.760   1888060.0
2016-11-09   6.570   7.100   2645674.0
2016-11-10   6.990   6.890   2163422.0
2016-11-11   6.740   6.470   3283383.0
2016-11-14   6.430   6.690   2987971.0
2016-11-15   6.890   6.940   3101459.0
2016-11-16   6.930   6.850   1577453.0
2016-11-17   7.050   6.850   2535894.0
2016-11-18   6.990   7.140   2123354.0
2016-11-21   7.530   7.720   3459154.0
2016-11-22   7.740   7.750   2103612.0
2016-11-23   7.540   8.160   2066116.0
2016-11-25   8.070   7.750   1159033.0
2016-11-28   7.970   7.200   2560212.0
2016-11-29   6.930   6.890   2511400.0
2016-11-30   7.850   8.410   8043488.0
2016-12-01   8.780   8.790   6058365.0
2016-12-02   8.660   8.810   1757652.0
2016-12-05   8.980   9.060   1982888.0
2016-12-06   8.840   9.320   2581666.0
2016-12-07   9.200   9.530   2546664.0
2016-12-08   9.420   9.400   2157705.0
2016-12-09   9.440   9.310   1842529.0
2016-12-12  10.010   9.550   2629269.0
2016-12-13   9.740   9.560   2026620.0
2016-12-14   9.320   8.810   2701834.0
2016-12-15   8.720   9.090   2394541.0
2016-12-16   9.220   9.470   2124420.0
2016-12-19   9.480   9.670   1432081.0
2016-12-20   9.760   9.780   1478096.0
2016-12-21   9.900   9.450   1459346.0
2016-12-22   9.490   9.580   1343188.0
2016-12-23   9.510   9.630    967837.0
2016-12-27   9.730   9.560   1059736.0
2016-12-28   9.640   9.370   1291874.0
2016-12-29   9.310   9.120   1248323.0
2016-12-30   9.090   9.030   1618814.0
2017-01-03   9.370   9.470   2209037.0
2017-01-04   9.470   9.310   1801572.0
2017-01-05   9.360   9.440   1727196.0
2017-01-06   9.510   9.230   1306436.0
2017-01-09   9.100   8.520   3241617.0
2017-01-10   8.590   8.410   1797262.0
2017-01-11   8.540   8.580   1371265.0
2017-01-12   8.790   8.700   1446293.0
2017-01-13   9.850  11.240  17003664.0
2017-01-17  11.500  13.200  19262626.0
2017-01-18  12.810  13.300   8102847.0
2017-01-19  13.330  12.980   5562269.0
2017-01-20  13.250  13.210   3330594.0
2017-01-23  13.180  13.030   6260105.0
2017-01-24  13.500  13.640   4823896.0
2017-01-25  13.600  13.840   3094684.0
2017-01-26  13.940  13.830   3124897.0
2017-01-27  13.800  14.240   3060159.0
2017-01-30  14.130  13.460   5275567.0
2017-01-31  13.590  13.260   4095262.0
2017-02-01  13.150  12.630  17994468.0
2017-02-02  13.000  13.180   6164512.0
2017-02-03  13.170  13.460   3170335.0
2017-02-06  13.530  13.080   2796791.0
2017-02-07  12.860  12.530   4093492.0
2017-02-08  12.330  12.850   4253111.0
2017-02-09  13.080  12.830   2664268.0
2017-02-10  13.300  12.810   3611170.0
2017-02-13  12.700  12.470   3220730.0
2017-02-14  12.560  12.600   2175705.0
2017-02-15  12.460  12.530   2999086.0
2017-02-16  12.530  11.910   4540502.0
2017-02-17  11.790  11.640   2671811.0
2017-02-21  11.990  11.630   3670746.0
2017-02-22  11.550  11.030   3786100.0
2017-02-23  11.360  11.280   3444372.0
2017-02-24  11.120  11.310   3233673.0
2017-02-27  11.370  11.760   3791618.0
2017-02-28  11.620  11.500   3265701.0
2017-03-01  11.740  11.970   2727741.0
2017-03-02  11.730  11.300   2764205.0
2017-03-03  11.330  11.250   2952755.0
2017-03-06  11.270  11.350   1454128.0
2017-03-07  11.400  11.050   1453816.0
2017-03-08  10.940  10.210   4331803.0
2017-03-09  10.100  10.350   4979778.0
2017-03-10  10.570  10.110   2583016.0
2017-03-13  10.050  10.130   2356937.0
2017-03-14   9.810   9.600   3848489.0
2017-03-15   9.850   9.980   3003134.0
2017-03-16  10.020   9.630   3635425.0
2017-03-17   9.770   9.570   3798928.0
2017-03-20   9.380   9.590   1931665.0
2017-03-21   9.660   9.300   2611521.0
2017-03-22   9.150   9.250   3983032.0
2017-03-23   9.160   8.990   2698284.0
2017-03-24   9.060   9.070   2064199.0
2017-03-27   8.930   9.090   2443843.0
2017-03-28   9.140   9.380   3339535.0
2017-03-29   9.320   9.660   4079927.0
2017-03-30   9.790   9.350   4544453.0
2017-03-31   9.300   9.540   3446838.0
2017-04-03   9.550   9.530   3534245.0
2017-04-04   9.550   9.760   3310676.0
2017-04-05   9.990   9.290   5879770.0
2017-04-06   9.430   9.510   2237510.0
2017-04-07   9.570   9.440   2456072.0
2017-04-10   9.490   9.660   2555630.0
2017-04-11   9.630   9.570   2649157.0
2017-04-12   9.590   9.080   2559748.0
2017-04-13   9.100   8.650   3201894.0
2017-04-17   8.650   8.360   3604573.0
2017-04-18   8.210   8.190   3988941.0
2017-04-19   8.230   7.580   6323938.0
2017-04-20   7.670   7.530   3541698.0
2017-04-21   7.480   7.500   3854567.0
2017-04-24   7.600   7.760   2978083.0
2017-04-25   7.760   8.230   3443463.0
2017-04-26   8.050   7.960   5694866.0
2017-04-27   7.760   7.710   4196397.0
2017-04-28   7.820   7.740   3141302.0
2017-05-01   7.680   7.990   2921279.0
2017-05-02   8.020   7.900   4571757.0
2017-05-03   7.850   7.980   2545253.0
2017-05-04   7.780   7.380   5076418.0
2017-05-05   7.410   7.930   3432423.0
2017-05-08   7.920   8.320   4589969.0
2017-05-09   8.400   7.520   5887364.0
2017-05-10   7.740   7.330   7494925.0
2017-05-11   7.430   7.320   6956657.0
2017-05-12   7.300   6.920   5630551.0
2017-05-15   7.310   7.030   7409525.0
2017-05-16   7.110   6.650   6300438.0
2017-05-17   6.570   6.290   5202972.0
2017-05-18   6.280   6.590   6811090.0
2017-05-19   6.760   6.840   3445483.0
2017-05-22   6.950   6.920   3414490.0
2017-05-23   6.920   7.070   2852676.0
2017-05-24   7.030   7.190   4717525.0
2017-05-25   7.120   6.630   4776486.0
2017-05-26   6.660   6.190   6611431.0
2017-05-30   6.060   5.940   4058330.0
2017-05-31   5.840   5.990   3767979.0
2017-06-01   6.040   6.320   4464929.0
2017-06-02   6.190   6.190   2601444.0
2017-06-05   6.140   6.100   2643390.0
2017-06-06   6.090   6.840   4523981.0
2017-06-07   6.720   6.020   4376300.0
2017-06-08   6.110   5.910   2397402.0
2017-06-09   5.930   6.220   4324223.0
2017-06-12   6.300   6.740   4040136.0
2017-06-13   6.680   7.150   4725609.0
2017-06-14   7.000   6.620   4166403.0
2017-06-15   6.530   6.630   2759370.0
2017-06-16   6.770   7.510   7934621.0
2017-06-19   7.480   7.310   2572603.0
2017-06-20   6.940   7.420   3808978.0
2017-06-21   7.250   6.610   4708543.0
2017-06-22   6.690   6.780   2404651.0
2017-06-23   6.790   6.700   4856799.0
2017-06-26   6.770   6.770   2944213.0
2017-06-27   6.850   7.190   3616762.0
2017-06-28   7.150   7.150   2823370.0
2017-06-29   7.210   7.130   2344451.0
2017-06-30   7.120   7.180   2297741.0
2017-07-03   7.260   7.480   1267024.0
2017-07-05   7.370   6.880   2587451.0
2017-07-06   7.020   6.430   3418418.0
2017-07-07   6.330   6.220   2845538.0
2017-07-10   6.130   6.410   2116532.0
2017-07-11   6.410   6.330   2089652.0
2017-07-12   6.470   6.160   2824232.0
2017-07-13   6.160   6.270   2161793.0
2017-07-14   6.290   6.560   2154507.0
2017-07-17   6.420   6.460   1935654.0
2017-07-18   6.520   6.340   3528014.0
2017-07-19   6.300   6.720   4989769.0
2017-07-20   6.790   6.260   3061054.0
2017-07-21   6.300   6.040   2973938.0
2017-07-24   6.080   5.970   2764476.0
2017-07-25   6.070   6.290   2853295.0
2017-07-26   6.100   5.620   8179798.0
2017-07-27   5.660   5.440   6094180.0
2017-07-28   5.440   5.570   3041665.0
2017-07-31   5.510   5.640   1996705.0
2017-08-01   5.600   5.130   5194251.0
2017-08-02   5.040   4.880   3170724.0
2017-08-03   4.850   4.660   3314089.0
2017-08-04   4.640   4.700   2387781.0
2017-08-07   4.640   4.540   2007948.0
2017-08-08   4.500   4.470   2978825.0
2017-08-09   4.890   5.130   3792942.0
2017-08-10   5.230   4.900   2143432.0
2017-08-11   4.810   4.820   2784394.0
2017-08-14   4.870   4.890   1946697.0
2017-08-15   4.830   4.850   1739437.0
2017-08-16   4.860   5.010   2400680.0
2017-08-17   4.970   4.880   1415907.0
2017-08-18   5.000   4.990   2292760.0
2017-08-21   4.970   4.740   1352707.0
2017-08-22   4.760   4.680   1796319.0
2017-08-23   4.610   4.610   2300091.0
2017-08-24   4.540   4.450   1763512.0
2017-08-25   4.480   4.340   1707206.0
2017-08-28   4.340   4.160   2223849.0
2017-08-29   4.100   4.130   2258822.0
2017-08-30   4.100   4.040   1701535.0
2017-08-31   4.050   4.380   2059409.0
2017-09-01   4.370   4.330   1531353.0
2017-09-05   4.400   4.350   2302076.0
2017-09-06   4.400   4.600   2660811.0
2017-09-07   4.560   4.530   1662973.0
2017-09-08   4.510   4.210   1993900.0
2017-09-11   4.220   4.110   2230127.0
2017-09-12   4.110   4.220   2541456.0
2017-09-13   4.230   4.510   4868549.0
2017-09-14   4.600   4.550   3602796.0
2017-09-15   4.780   4.470   5798837.0
2017-09-18   4.320   4.370   2762814.0
2017-09-19   4.440   4.460   2789363.0
2017-09-20   4.500   4.600   4829078.0
2017-09-21   4.580   4.660   2237148.0
2017-09-22   4.630   4.610   2281879.0
2017-09-25   4.680   4.990   3604612.0
2017-09-26   5.000   4.840   4008781.0
2017-09-27   5.030   4.960   4279856.0
2017-09-28   5.000   4.920   5432796.0
2017-09-29   4.800   4.820   2214886.0
2017-10-02   4.660   4.900   3088702.0
2017-10-03   4.840   4.750   2979393.0
2017-10-04   4.910   4.730   2855660.0
2017-10-05   4.740   4.920   2564314.0
2017-10-06   4.720   4.600   2877345.0
2017-10-09   4.620   4.460   2170837.0
2017-10-10   4.540   4.410   2439607.0
2017-10-11   4.400   4.390   4036595.0
2017-10-12   4.240   4.280   2902405.0
2017-10-13   4.410   4.300   2352605.0
2017-10-16   4.370   4.360   2292045.0
2017-10-17   4.350   4.340   1538780.0
2017-10-18   4.350   4.240   2416480.0
2017-10-19   4.110   4.090   2663828.0
2017-10-20   4.100   4.020   2682046.0
2017-10-23   4.070   3.830   5168421.0
2017-10-24   3.850   3.920   2909848.0
2017-10-25   3.880   3.855   3426071.0
2017-10-26   3.840   3.750   5963330.0
2017-10-27   3.660   4.040   4027265.0
2017-10-30   4.040   4.200   3379734.0
2017-10-31   4.190   4.330   2488645.0
2017-11-01   4.430   4.600   3898142.0
2017-11-02   4.600   4.340   2921509.0
2017-11-03   4.450   4.630   5221276.0
2017-11-06   4.760   4.990   5751142.0
2017-11-07   5.070   5.110   4106120.0
2017-11-09   4.790   4.980   3893504.0
2017-11-10   4.980   4.970   2745413.0
2017-11-13   4.950   4.880   1878221.0
2017-11-14   4.850   4.500   3870054.0
2017-11-15   4.380   4.540   2888406.0
2017-11-16   4.510   4.800   2906778.0
2017-11-17   4.860   4.990   2989171.0
2017-11-20   4.890   5.000   2256229.0
2017-11-21   5.050   4.940   2943798.0
2017-11-22   5.030   5.070   2796939.0
2017-11-24   5.150   5.100   1588984.0
2017-11-27   5.050   4.880   1922435.0
2017-11-28   4.880   4.920   1769311.0
2017-11-29   4.860   4.980   1794740.0
2017-11-30   5.060   5.180   5986762.0
2017-12-01   5.350   5.600   4930685.0
2017-12-04   5.600   5.260   3890966.0
2017-12-05   5.210   5.180   2119394.0
2017-12-06   5.060   4.750   3918683.0
2017-12-07   4.780   4.740   2584135.0
2017-12-08   4.830   4.860   2033643.0
2017-12-11   4.840   5.080   1836217.0
2017-12-12   5.150   4.800   4227869.0
2017-12-13   4.820   4.630   4363534.0
2017-12-14   4.570   4.530   3041776.0
2017-12-15   4.410   4.420   4861877.0
2017-12-18   4.510   4.910   3745809.0
2017-12-19   4.950   4.920   2117900.0
2017-12-20   4.930   5.160   2575252.0
2017-12-21   5.020   5.290   3643007.0
2017-12-22   5.300   5.330   2197270.0
2017-12-26   5.370   5.510   2272405.0
2017-12-27   5.520   5.340   1628281.0
2017-12-28   5.380   5.410   2083878.0
2017-12-29   5.450   5.310   1966149.0
2018-01-02   5.380   5.550   3176729.0
2018-01-03   5.600   5.650   3223792.0
2018-01-04   5.710   5.700   2384373.0
2018-01-05   5.640   5.360   3015600.0
2018-01-08   5.330   5.170   2915555.0
2018-01-09   5.350   5.490   2624799.0
2018-01-10   5.540   5.600   3046493.0
2018-01-11   5.650   5.840   5529965.0
2018-01-12   5.900   5.990   2778458.0
2018-01-16   6.030   5.650   3997497.0
2018-01-17   5.670   5.810   2137866.0
2018-01-18   5.790   5.550   3845782.0
2018-01-19   5.430   5.460   3184067.0
2018-01-22   5.470   5.430   3438183.0
2018-01-23   5.520   5.610   2793673.0
2018-01-24   5.670   5.630   2403555.0
2018-01-25   5.940   5.470   2933842.0
2018-01-26   5.460   5.540   2013374.0
2018-01-29   5.500   5.310   2129642.0
2018-01-30   5.190   5.000   3524294.0
2018-01-31   5.040   4.950   2838589.0
2018-02-01   5.020   4.960   2373649.0
2018-02-02   4.850   4.440   6639800.0
2018-02-05   4.340   4.450   3462581.0
2018-02-06   4.310   4.270   4922074.0
2018-02-07   4.250   3.910   4895154.0
2018-02-08   3.940   3.760   4328543.0
2018-02-09   3.790   3.830   5070277.0
2018-02-12   3.910   3.670   4931955.0
2018-02-13   3.640   3.680   2537496.0
2018-02-14   3.600   3.830   3138570.0
2018-02-15   3.830   3.750   2466556.0
2018-02-16   3.730   3.510   5114141.0
2018-02-20   3.520   3.470   4658561.0
2018-02-21   3.460   3.340   2988792.0
2018-02-22   3.380   3.540   3105460.0
2018-02-23   3.590   3.720   4012050.0
2018-02-26   4.030   3.870   5008941.0
2018-02-27   3.760   3.260   8455692.0
2018-02-28   3.320   2.930   6555609.0
2018-03-01   2.910   3.030   3290041.0
2018-03-02   2.990   3.190   4467500.0
2018-03-05   3.160   3.270   3569692.0
2018-03-06   3.310   3.130   3157752.0
2018-03-07   3.080   3.050   3066111.0
2018-03-08   3.050   3.040   1765673.0
2018-03-09   3.100   3.070   2437457.0
2018-03-12   3.060   3.130   2591651.0
2018-03-13   3.120   3.160   2790834.0
2018-03-14   3.170   3.050   3299459.0
2018-03-15   3.050   2.920   4364062.0
2018-03-16   2.940   2.940   7152388.0
2018-03-19   2.910   2.830   3421592.0
2018-03-20   2.880   2.910   2080706.0
2018-03-21   2.980   3.320   4892079.0
2018-03-22   3.250   3.110   2770666.0
2018-03-23   3.200   3.310   3144734.0
2018-03-26   3.360   3.110   2882229.0
2018-03-27   3.150   3.070   2093063.0