date     open    close      volume
                                       
2013-01-02  31.5900  31.9500   7445700.0
2013-01-03  31.9300  31.3814   4948400.0
2013-01-04  31.4700  31.4500   4520900.0
2013-01-07  31.3900  31.4817   5594000.0
2013-01-08  31.3200  31.3940   8464200.0
2013-01-09  32.0000  33.4800  17973600.0
2013-01-10  33.6600  33.6800   9940800.0
2013-01-11  33.7500  33.2900   7241600.0
2013-01-14  33.5500  33.9700  11264200.0
2013-01-15  33.9300  34.4600   8044400.0
2013-01-16  34.2200  34.3000   4906500.0
2013-01-17  34.4100  35.0200   7421800.0
2013-01-18  34.9400  35.3800   8398000.0
2013-01-22  35.4600  37.8900  15325700.0
2013-01-23  37.9000  36.6200  11841400.0
2013-01-24  36.3900  36.8700   8484500.0
2013-01-25  37.1300  37.2500   8976200.0
2013-01-28  37.7000  37.4100   8838300.0
2013-01-29  35.1399  33.9100  16672000.0
2013-01-30  33.9100  33.8900   5940000.0
2013-01-31  33.2100  33.9800  13520900.0
2013-02-01  34.3800  33.6700   7864900.0
2013-02-04  33.4400  33.8000   7083900.0
2013-02-05  33.8200  33.9600   5903900.0
2013-02-06  33.8000  34.6200   6000400.0
2013-02-07  34.3900  34.7400   9803900.0
2013-02-08  34.8500  35.4800  10520600.0
2013-02-11  35.5600  35.0500   4312000.0
2013-02-12  35.1200  34.6800   3486400.0
2013-02-13  34.9300  35.0100   3404700.0
2013-02-14  34.8100  34.9500   3537500.0
2013-02-15  34.7800  34.4450   5091400.0
2013-02-19  34.7400  34.1800   4976500.0
2013-02-20  34.2400  32.5000   5580400.0
2013-02-21  32.2300  31.7200   5673500.0
2013-02-22  31.9800  31.8400   4413200.0
2013-02-25  32.3100  30.8400   4889800.0
2013-02-26  30.9300  31.3300   5136400.0
2013-02-27  31.2800  31.9700   3485300.0
2013-02-28  31.8600  32.1600   5460100.0
2013-03-01  32.0300  32.3200   3921500.0
2013-03-04  32.2900  32.0400   4806400.0
2013-03-05  32.2900  32.3400   3912700.0
2013-03-06  32.5200  33.0200   5379300.0
2013-03-07  33.1800  32.2200   5739400.0
2013-03-08  32.4300  32.5000   4433600.0
2013-03-11  32.3100  33.3300   4424600.0
2013-03-12  33.2800  34.9400   8727800.0
2013-03-13  35.0400  35.3150   6580600.0
2013-03-14  35.5000  35.8900   5130200.0
2013-03-15  35.7000  35.3500  10203300.0
2013-03-18  34.8100  35.2900   3329600.0
2013-03-19  35.3000  34.3900   4444700.0
2013-03-20  34.8100  34.9500   2573500.0
2013-03-21  34.7000  34.5200   3195200.0
2013-03-22  34.6300  34.7200   2421700.0
2013-03-25  34.9300  34.7200   3752000.0
2013-03-26  35.0900  35.8800   9470700.0
2013-03-27  35.6800  36.6800   5966200.0
2013-03-28  36.6500  36.5550   4485100.0
2013-04-01  36.8600  36.7200   3535000.0
2013-04-02  36.7200  36.2800   3947300.0
2013-04-03  36.4200  36.0600   5040700.0
2013-04-04  36.1300  36.3400   2524600.0
2013-04-05  35.8800  35.5100   6002700.0
2013-04-08  35.8100  35.9800   3671200.0
2013-04-09  36.0000  36.9600   5694200.0
2013-04-10  37.1800  37.6800   5664800.0
2013-04-11  36.9900  36.5300   7282100.0
2013-04-12  36.4900  36.0900   3970200.0
2013-04-15  35.7900  34.8000   6120800.0
2013-04-16  34.9800  35.3350   4611800.0
2013-04-17  35.0100  34.7250   4970100.0
2013-04-18  34.8900  33.9300   5917500.0
2013-04-19  33.7700  34.4400   5205900.0
2013-04-22  34.5000  34.8100   3384000.0
2013-04-23  35.3000  36.0300   4746500.0
2013-04-24  36.2200  36.4600   6283000.0
2013-04-25  37.0100  36.5400   8986100.0
2013-04-26  36.4700  36.4000   6434600.0
2013-04-29  36.4800  36.2200   4811600.0
2013-04-30  36.1900  36.7000   5548700.0
2013-05-01  36.8000  36.9400   6202800.0
2013-05-02  38.0600  39.6300  14001200.0
2013-05-03  40.0000  41.2300   8594800.0
2013-05-06  41.2700  41.9700   7023400.0
2013-05-07  42.0500  42.3200   5535200.0
2013-05-08  42.1800  42.3200   5394100.0
2013-05-09  40.9100  40.3300  10508500.0
2013-05-10  40.2900  40.5000   4252700.0
2013-05-13  40.0300  40.2700   4013400.0
2013-05-14  40.4900  40.8500   5263900.0
2013-05-15  40.9000  40.6100   7891900.0
2013-05-16  40.7400  40.5900   6561700.0
2013-05-17  40.9200  41.4700   4901200.0
2013-05-20  41.1100  41.0400   4386900.0
2013-05-21  41.0400  41.5200   3118900.0
2013-05-22  41.1500  42.1700   7497600.0
2013-05-23  42.2500  42.9900   7468800.0
2013-05-24  42.7200  42.8500   2749900.0
2013-05-28  43.5500  43.1100   3407300.0
2013-05-29  42.7000  43.7600   4026200.0
2013-05-30  43.9000  43.6700   3707000.0
2013-05-31  43.5900  43.0800   6208700.0
2013-06-03  43.1500  43.9600   4042500.0
2013-06-04  44.0200  44.7400   5100100.0
2013-06-05  44.7300  43.6900   4269600.0
2013-06-06  43.7100  44.1200   4185400.0
2013-06-07  44.3900  44.0100   3292700.0
2013-06-10  43.6900  43.9700   3943400.0
2013-06-11  43.5900  43.9400   4211000.0
2013-06-12  44.3600  43.5700   3389700.0
2013-06-13  43.6700  43.9800   2932100.0
2013-06-14  44.0200  43.7200   2605500.0
2013-06-17  43.9600  44.0100   3120800.0
2013-06-18  44.1800  44.9900   4571800.0
2013-06-19  44.7400  44.3800   3490300.0
2013-06-20  43.8600  42.8380   5166500.0
2013-06-21  43.1700  42.2490   5996100.0
2013-06-24  41.9600  41.2300   3867400.0
2013-06-25  41.9000  42.4010   3339100.0
2013-06-26  42.7800  42.7000   2784600.0
2013-06-27  43.3800  44.6900   4063500.0
2013-06-28  44.5000  44.8300   3896300.0
2013-07-01  45.4900  45.4700   2837700.0
2013-07-02  45.6000  45.2200   2711900.0
2013-07-03  45.0700  45.1000   1948400.0
2013-07-05  45.6200  45.7200   2622700.0
2013-07-08  46.0000  45.4500   3401600.0
2013-07-09  45.4800  45.7300   2552900.0
2013-07-10  45.7500  45.8300   3164800.0
2013-07-11  46.3700  46.3100   3021300.0
2013-07-12  46.4300  46.6800   2474800.0
2013-07-15  46.6300  46.7100   1992500.0
2013-07-16  46.8000  46.5600   2355200.0
2013-07-17  46.6700  46.6900   1811900.0
2013-07-18  46.9300  46.9000   2511000.0
2013-07-19  46.8600  47.5200   6541200.0
2013-07-22  47.5600  46.8200   3830300.0
2013-07-23  47.1300  45.3100   5338100.0
2013-07-24  43.4200  44.1900  13194300.0
2013-07-25  42.9000  42.3200   9627200.0
2013-07-26  42.2100  41.0500   7078700.0
2013-07-29  40.9500  40.3000   4082500.0
2013-07-30  40.3800  41.2500   3970400.0
2013-07-31  41.1700  40.9100   4207100.0
2013-08-01  41.1201  41.7900   2923700.0
2013-08-02  41.6600  41.1000   3658300.0
2013-08-05  40.6100  40.4300   2250200.0
2013-08-06  40.4100  40.3000   4183300.0
2013-08-07  40.3500  40.0900   3382200.0
2013-08-08  40.3000  40.9100   3360200.0
2013-08-09  40.8900  40.8600   2263600.0
2013-08-12  40.7400  41.3400   2118500.0
2013-08-13  41.3400  41.1700   2142700.0
2013-08-14  41.2000  41.0700   2463400.0
2013-08-15  40.5900  39.5200   3871000.0
2013-08-16  39.7000  39.2000   3417000.0
2013-08-19  39.2000  38.7700   2959400.0
2013-08-20  38.9100  39.2200   2030400.0
2013-08-21  39.0500  39.5100   2763800.0
2013-08-22  39.6900  40.0800   1675000.0
2013-08-23  40.1700  40.1300   2144000.0
2013-08-26  40.1300  40.1000   2149200.0
2013-08-27  39.7400  38.5110   2898500.0
2013-08-28  38.6900  38.8700   2396500.0
2013-08-29  38.5700  38.0900   6676000.0
2013-08-30  38.2600  38.3200   4222900.0
2013-09-03  38.7700  38.6700   3539500.0
2013-09-04  38.7400  39.2200   3565600.0
2013-09-05  39.2700  39.5200   3237800.0
2013-09-06  39.7600  39.4600   2855100.0
2013-09-09  39.4500  40.1600   3428400.0
2013-09-10  40.5000  41.0700   5173000.0
2013-09-11  41.2200  40.5900   3170400.0
2013-09-12  40.4500  40.1300   2697200.0
2013-09-13  39.9800  40.2500   2132100.0
2013-09-16  40.8900  40.9400   3654400.0
2013-09-17  41.0400  41.2600   3386000.0
2013-09-18  41.4100  41.6400   3273200.0
2013-09-19  41.8000  41.3600   3132700.0
2013-09-20  41.2900  41.3950   4746800.0
2013-09-23  41.2600  40.9400   2836600.0
2013-09-24  40.8600  41.8000   3073000.0
2013-09-25  41.9700  43.8700   7276300.0
2013-09-26  43.9300  43.1400   3442500.0
2013-09-27  42.8000  43.5100   2890900.0
2013-09-30  43.4000  43.7600   4924500.0
2013-10-01  43.6900  44.7000   2808500.0
2013-10-02  44.9500  45.9500   4297000.0
2013-10-03  45.7500  45.5600   4126900.0
2013-10-04  45.5600  45.8700   4053000.0
2013-10-07  45.3300  45.1600   2090500.0
2013-10-08  46.0500  44.7900   4678400.0
2013-10-09  44.8700  44.8800   3820600.0
2013-10-10  45.2600  46.0400   3028700.0
2013-10-11  45.7500  46.2700   2264400.0
2013-10-14  46.0000  47.3300   3369300.0
2013-10-15  46.9900  46.9800   2853100.0
2013-10-16  47.5100  48.0190   3175800.0
2013-10-17  47.9700  48.4550   2712700.0
2013-10-18  48.5800  50.0400   6733400.0
2013-10-21  49.8000  50.4900   5307300.0
2013-10-22  50.4200  49.1400   5328300.0
2013-10-23  48.8800  48.0800   5438600.0
2013-10-24  48.0000  48.5600   4962600.0
2013-10-25  48.8000  49.8000   4303100.0
2013-10-28  49.9000  49.8500   4292300.0
2013-10-29  48.8000  48.2500   8328900.0
2013-10-30  48.7700  49.5000   3561200.0
2013-10-31  49.1400  48.6900   4945300.0
2013-11-01  48.7100  49.2000   4463000.0
2013-11-04  49.4500  49.2600   3662500.0
2013-11-05  49.1700  48.4700   3798300.0
2013-11-06  48.8600  48.4700   3062600.0
2013-11-07  48.4400  47.0500   4108000.0
2013-11-08  47.1500  48.1800   3412800.0
2013-11-11  48.2100  47.9000   2615300.0
2013-11-12  47.6200  47.8100   2612700.0
2013-11-13  47.7500  48.7700   2608100.0
2013-11-14  48.2900  50.1050   4034600.0
2013-11-15  50.1000  48.9400   4216100.0
2013-11-18  49.3300  48.5000   2739500.0
2013-11-19  48.3500  47.8500   3854200.0
2013-11-20  48.1800  47.7200   2740700.0
2013-11-21  48.2400  48.2300   2593500.0
2013-11-22  48.3900  48.3400   2711700.0
2013-11-25  48.2900  48.4600   2669900.0
2013-11-26  48.7500  48.8000   2829700.0
2013-11-27  49.0500  49.0200   2125800.0
2013-11-29  49.0000  49.0400   1405600.0
2013-12-02  49.0300  49.8400   3086700.0
2013-12-03  49.8400  49.6400   3119400.0
2013-12-04  49.4100  49.9600   3491700.0
2013-12-05  49.9700  49.8400   2806600.0
2013-12-06  50.6000  51.4200   2657700.0
2013-12-09  51.5100  50.7100   2418700.0
2013-12-10  50.5000  50.9400   1716600.0
2013-12-11  50.9700  49.5700   2591700.0
2013-12-12  49.7400  49.4100   2426900.0
2013-12-13  50.8400  50.0000   2713100.0
2013-12-16  50.2200  51.3350   3095800.0
2013-12-17  51.7000  52.9500   5239600.0
2013-12-18  52.8700  52.6500   4859200.0
2013-12-19  52.6500  52.4900   2773600.0
2013-12-20  52.8800  55.6550  10019000.0
2013-12-23  55.9800  56.0100   3885200.0
2013-12-24  55.6000  55.9400   1008300.0
2013-12-26  56.0100  56.0200   1636400.0
2013-12-27  56.2700  55.6600   2358200.0
2013-12-30  55.0400  56.5300   2031900.0
2013-12-31  56.7500  56.1600   2138300.0
2014-01-02  55.9300  55.4100   3023500.0
2014-01-03  55.6100  56.8200   3049400.0
2014-01-06  56.7400  56.9500   3258100.0
2014-01-07  57.0800  58.8000   4676400.0
2014-01-08  58.7800  59.6300   4520200.0
2014-01-09  59.7000  58.0100   3896600.0
2014-01-10  58.3500  58.3900   2044500.0
2014-01-13  58.6500  58.5400   3506600.0
2014-01-14  59.0000  60.3300   3112600.0
2014-01-15  60.3800  60.8400   2682900.0
2014-01-16  61.0100  60.6600   2212700.0
2014-01-17  60.3500  61.2000   3437000.0
2014-01-21  62.1000  61.2400   2869600.0
2014-01-22  61.6100  61.0000   3301500.0
2014-01-23  59.7800  60.7400   3985500.0
2014-01-24  60.4100  58.5700   3498900.0
2014-01-27  58.5700  58.0500   4236400.0
2014-01-28  53.7200  51.5200  17575200.0
2014-01-29  51.5000  53.6500   5861100.0
2014-01-30  53.6500  53.1000   4392200.0
2014-01-31  52.5000  52.8600   3402900.0
2014-02-03  53.0100  51.0900   4608700.0
2014-02-04  51.1800  49.9900   4807900.0
2014-02-05  49.7700  49.1100   6074400.0
2014-02-06  48.6900  49.1900   3545300.0
2014-02-07  49.4900  49.5200   3575800.0
2014-02-10  49.5200  49.8900   3161300.0
2014-02-11  49.8100  49.3700   2919700.0
2014-02-12  49.7300  49.2100   3547900.0
2014-02-13  49.1100  49.6000   3320300.0
2014-02-14  49.4500  50.1400   2690300.0
2014-02-18  50.5100  49.7100   2940400.0
2014-02-19  49.6500  49.0300   2390000.0
2014-02-20  49.2800  50.0200   3000400.0
2014-02-21  51.5500  50.7500   3686800.0
2014-02-24  50.9300  51.1600   2698500.0
2014-02-25  51.5100  50.6900   1958000.0
2014-02-26  50.8000  51.7300   2697300.0
2014-02-27  51.6900  51.9200   2033700.0
2014-02-28  52.0000  52.1900   4163100.0
2014-03-03  51.7500  52.2900   2555200.0
2014-03-04  52.6700  53.1800   3121600.0
2014-03-05  52.9300  52.5600   2590700.0
2014-03-06  52.5500  50.1000   6315300.0
2014-03-07  50.3000  49.2900   5123800.0
2014-03-10  49.4700  50.1400   3592900.0
2014-03-11  50.4100  49.8800   3179600.0
2014-03-12  49.5600  50.7500   2910800.0
2014-03-13  50.6800  49.7700   3383900.0
2014-03-14  49.6100  50.1500   2066800.0
2014-03-17  50.3200  50.7200   3092100.0
2014-03-18  50.5300  51.9300   3275000.0
2014-03-19  51.7200  51.6700   3186400.0
2014-03-20  51.7500  53.1000   3513900.0
2014-03-21  53.9300  53.4900   6306600.0
2014-03-24  53.5300  53.0000   3426700.0
2014-03-25  53.2400  55.1300   4555600.0
2014-03-26  55.4000  55.5500   4493200.0
2014-03-27  56.2200  54.8100   3485200.0
2014-03-28  54.9600  54.9200   2008600.0
2014-03-31  55.1900  56.1600   2227400.0
2014-04-01  56.6800  57.0000   3069600.0
2014-04-02  57.0300  57.1600   2980900.0
2014-04-03  57.2700  57.3900   2625500.0
2014-04-04  57.7500  56.0600   4256400.0
2014-04-07  56.0600  54.9600   3444900.0
2014-04-08  55.1200  55.5400   2864300.0
2014-04-09  55.8000  55.6900   3054000.0
2014-04-10  55.7400  53.9500   3246100.0
2014-04-11  53.5100  53.3900   2622000.0
2014-04-14  55.0000  54.8200   2807100.0
2014-04-15  54.8400  54.8800   2627200.0
2014-04-16  55.4800  55.6700   1673600.0
2014-04-17  56.0700  55.5700   1916200.0
2014-04-21  55.6400  55.6900   1708000.0
2014-04-22  55.8300  55.6700   2207300.0
2014-04-23  55.5500  54.1100   2401500.0
2014-04-24  54.5800  53.9400   1895200.0
2014-04-25  53.6300  52.7200   2571700.0
2014-04-28  53.0000  52.6000   4751900.0
2014-04-29  53.0900  53.4900   3768100.0
2014-04-30  52.5100  52.5800   7607100.0
2014-05-01  51.9000  50.7500   5977500.0
2014-05-02  50.6200  51.0400   3088200.0
2014-05-05  50.6800  50.5100   2751300.0
2014-05-06  50.5100  50.2600   2127800.0
2014-05-07  50.4300  49.9900   3199900.0
2014-05-08  49.8000  49.2800   3078000.0
2014-05-09  49.3800  49.5500   3541700.0
2014-05-12  49.4600  49.7800   2305300.0
2014-05-13  49.7300  50.7600   4452300.0
2014-05-14  50.9700  51.2500   3567700.0
2014-05-15  50.9200  50.8900   3184400.0
2014-05-16  50.9100  51.1900   2304000.0
2014-05-19  51.1800  51.7200   2903200.0
2014-05-20  51.5300  50.8700   2028900.0
2014-05-21  51.0100  51.1700   1522800.0
2014-05-22  51.1800  51.6100   1988300.0
2014-05-23  51.6000  51.9500   2140300.0
2014-05-27  52.2400  53.3600   3237300.0
2014-05-28  53.1900  53.1200   2081400.0
2014-05-29  53.0700  53.0600   1743800.0
2014-05-30  53.4900  53.7300   2979300.0
2014-06-02  53.7000  53.8200   1610900.0
2014-06-03  53.5100  53.5500   1738700.0
2014-06-04  53.4800  53.6300   2417400.0
2014-06-05  53.8000  54.3600   1984200.0
2014-06-06  54.8000  55.5000   3601300.0
2014-06-09  55.5000  54.6500   1753100.0
2014-06-10  54.6300  54.5300   2083500.0
2014-06-11  54.6400  54.5000   1369800.0
2014-06-12  54.4900  54.2200   2335700.0
2014-06-13  55.3700  55.3600   3423600.0
2014-06-16  55.1900  55.9100   2129000.0
2014-06-17  55.6400  56.8200   2598200.0
2014-06-18  56.7300  57.1200   1867400.0
2014-06-19  57.0300  56.5800   1924600.0
2014-06-20  56.8000  56.2700   4148700.0
2014-06-23  56.4100  55.9500   1853700.0
2014-06-24  55.7900  55.9900   2951900.0
2014-06-25  55.6500  56.7700   1921300.0
2014-06-26  56.6600  56.7100   1203100.0
2014-06-27  56.4700  56.9200   1212800.0
2014-06-30  57.1200  56.8200   1676700.0
2014-07-01  57.2300  58.8800   3610800.0
2014-07-02  58.7400  59.0300   1972600.0
2014-07-03  59.1700  59.2600   1757300.0
2014-07-07  59.1500  58.9600   1698600.0
2014-07-08  59.1200  58.6900   2359700.0
2014-07-09  58.7200  58.4800   1530700.0
2014-07-10  57.9200  58.8300   1484900.0
2014-07-11  59.0700  59.4500   1436300.0
2014-07-14  59.7300  59.6700   2387800.0
2014-07-15  59.9500  59.6900   2104100.0
2014-07-16  60.2600  61.3100   3160100.0
2014-07-17  60.6300  59.4900   3660000.0
2014-07-18  59.7000  58.7900   5444600.0
2014-07-21  58.6400  58.5800   3337900.0
2014-07-22  58.9600  59.2400   3195900.0
2014-07-23  59.4800  59.1900   1355600.0
2014-07-24  59.5800  59.5800   1842900.0
2014-07-25  59.2000  59.5000   1050000.0
2014-07-28  59.5000  59.1300   1730800.0
2014-07-29  59.0600  59.3900   1401000.0
2014-07-30  59.6100  60.0900   2009200.0
2014-07-31  59.0300  58.6000   3414500.0
2014-08-01  58.3800  58.1900   2999100.0
2014-08-04  58.0900  58.7000   2225600.0
2014-08-05  58.5900  57.3800   2397100.0
2014-08-06  56.7800  56.9400   3584800.0
2014-08-07  57.3800  56.8400   2744900.0
2014-08-08  56.8700  56.9700   2005700.0
2014-08-11  57.2100  57.0000   1236200.0
2014-08-12  57.0000  56.8000   1356900.0
2014-08-13  58.3900  57.9300   1924500.0
2014-08-14  57.7300  58.3900   1951700.0
2014-08-15  58.8500  58.7500   2358400.0
2014-08-18  59.0600  59.2200   1444400.0
2014-08-19  59.1100  59.5900   1505000.0
2014-08-20  59.5800  59.8300   1434700.0
2014-08-21  59.9800  60.4300   1435200.0
2014-08-22  60.4900  60.3650   1226400.0
2014-08-25  60.5800  60.9600   1354200.0
2014-08-26  60.8800  60.6600   1454300.0
2014-08-27  60.6300  61.1800   1913300.0
2014-08-28  61.1400  62.0900   1988400.0
2014-08-29  62.2400  62.5800   1776000.0
2014-09-02  62.9000  61.8200   3351000.0
2014-09-03  61.9000  61.7000   2740700.0
2014-09-04  61.7000  60.9600   2892900.0
2014-09-05  60.7900  61.3200   1941700.0
2014-09-08  62.8199  61.2900   1292200.0
2014-09-09  61.1800  60.8300   2112600.0
2014-09-10  62.7100  61.2600   1431800.0
2014-09-11  61.0700  60.8700   2470700.0
2014-09-12  61.3600  61.0100   4207300.0
2014-09-15  61.1500  58.8400   3875900.0
2014-09-16  58.6800  59.2450   4139500.0
2014-09-17  59.1600  58.9800   4075100.0
2014-09-18  59.0100  59.7900   2959000.0
2014-09-19  59.9000  58.3100   4673100.0
2014-09-22  57.9000  57.6000   2418300.0
2014-09-23  57.5800  56.7900   2655600.0
2014-09-24  57.0000  57.4400   2202312.0
2014-09-25  57.3500  56.2550   2484640.0
2014-09-26  56.3200  56.7700   1591829.0
2014-09-29  56.2300  57.2500   2122807.0
2014-09-30  57.2100  57.2700   2312168.0
2014-10-01  57.0600  55.0800   4000859.0
2014-10-02  55.2300  55.5200   2314258.0
2014-10-03  55.8000  56.0800   2388552.0
2014-10-06  56.4500  56.1600   2909856.0
2014-10-07  55.7300  55.2500   2731585.0
2014-10-08  55.2500  57.0600   3948682.0
2014-10-09  56.7700  56.2300   3328134.0
2014-10-10  56.3400  54.9400   4447533.0
2014-10-13  53.7800  52.9800   4587430.0
2014-10-14  53.4900  52.5600   3612625.0
2014-10-15  51.4200  51.9600   5456062.0
2014-10-16  51.1800  52.3800   3183967.0
2014-10-17  52.8600  52.9500   2022747.0
2014-10-20  52.4500  53.8500   2290265.0
2014-10-21  54.3900  55.2100   2052779.0
2014-10-22  55.2800  54.2750   1876006.0
2014-10-23  55.7600  56.5150   3630152.0
2014-10-24  56.7400  58.3600   4484269.0
2014-10-27  57.7000  58.7400   3252698.0
2014-10-28  58.2700  59.4700   3043851.0
2014-10-29  59.5600  60.2300   2953989.0
2014-10-30  58.9400  60.1500   3182983.0
2014-10-31  61.1700  62.8300   5945952.0
2014-11-03  62.9300  64.1700   4963393.0
2014-11-04  63.7700  63.8900   4683649.0
2014-11-05  64.0100  63.7450   2614378.0
2014-11-06  63.3700  62.5300   3840043.0
2014-11-07  62.4400  61.5600   3931473.0
2014-11-10  61.6200  61.7700   2192519.0
2014-11-11  61.9700  61.8100   1844956.0
2014-11-12  61.7500  62.3200   1884198.0
2014-11-13  62.3200  62.1100   1251531.0
2014-11-14  62.0000  62.8700   1745549.0
2014-11-17  62.5700  63.9900   3398025.0
2014-11-18  64.1300  64.6500   2853050.0
2014-11-19  64.4300  64.6200   2045757.0
2014-11-20  64.3000  65.5400   2288777.0
2014-11-21  66.5200  64.9400   4190785.0
2014-11-24  65.3300  66.0300   1986384.0
2014-11-25  66.0200  65.9900   2256404.0
2014-11-26  66.0700  65.8500   1670306.0
2014-11-28  66.5100  66.1100   1183768.0
2014-12-01  65.8100  65.9450   2573237.0
2014-12-02  66.2500  67.5400   3081461.0
2014-12-03  67.2100  66.8500   4078053.0
2014-12-04  66.9000  66.0900   2170420.0
2014-12-05  66.5400  66.4000   2747635.0
2014-12-08  66.2200  66.2400   1827567.0
2014-12-09  65.2200  65.7600   3073991.0
2014-12-10  65.5600  65.2200   2262380.0
2014-12-11  65.5800  65.5000   2172578.0
2014-12-12  65.0800  64.0400   2243092.0
2014-12-15  64.6800  63.7100   2128098.0
2014-12-16  63.4000  63.2700   1938007.0
2014-12-17  63.2900  65.0100   2533511.0
2014-12-18  66.1700  67.6100   3218920.0
2014-12-19  67.5500  68.4000   4496752.0
2014-12-22  68.2000  68.6300   1771750.0
2014-12-23  69.1400  68.6500   1470114.0
2014-12-24  68.9400  68.8200   1178968.0
2014-12-26  68.8000  68.7600    729689.0
2014-12-29  68.5900  68.1900   2054245.0
2014-12-30  68.0200  67.2500   1725508.0
2014-12-31  67.5700  66.5000   1756742.0
2015-01-02  66.6700  66.0200   2397288.0
2015-01-05  65.8600  65.6700   2269690.0
2015-01-06  65.9000  63.8600   3425771.0
2015-01-07  64.1100  64.2700   1886459.0
2015-01-08  65.0000  65.4300   3472521.0
2015-01-09  65.7500  66.4450   2500683.0
2015-01-12  66.2500  65.0400   2133077.0
2015-01-13  65.6900  64.7500   2144094.0
2015-01-14  64.2200  64.5900   1926975.0
2015-01-15  64.6100  62.2800   3552234.0
2015-01-16  62.3600  63.4100   2500286.0
2015-01-20  63.6300  63.1200   1778126.0
2015-01-21  62.7100  63.2900   1724004.0
2015-01-22  63.1500  63.9400   3563261.0
2015-01-23  64.1500  63.9800   2594249.0
2015-01-26  58.9200  59.0600  15325550.0
2015-01-27  59.0000  57.0650   8078021.0
2015-01-28  58.0800  57.5300   7678240.0
2015-01-29  57.1400  58.7000   5045957.0
2015-01-30  58.2700  56.4400   5504545.0
2015-02-02  56.5100  57.8000   5027870.0
2015-02-03  57.9100  59.2500   4239014.0
2015-02-04  58.9800  59.9300   4049131.0
2015-02-05  60.1200  60.4100   2189466.0
2015-02-06  60.0500  59.9400   4216359.0
2015-02-09  59.5200  60.4000   3563914.0
2015-02-10  60.4400  60.2000   3419197.0
2015-02-11  60.2700  60.8000   3024752.0
2015-02-12  61.3400  61.1600   1830038.0
2015-02-13  61.8300  61.8350   2566191.0
2015-02-17  61.6300  61.1500   2318293.0
2015-02-18  61.0600  61.1800   2173743.0
2015-02-19  60.9300  61.4600   1291282.0
2015-02-20  61.4300  62.1800   1746926.0
2015-02-23  62.3200  61.9900   1555459.0
2015-02-24  61.7300  60.7000   3580870.0
2015-02-25  60.0500  60.0200   3269699.0
2015-02-26  60.1400  60.6800   2406039.0
2015-02-27  60.5100  61.1200   2752338.0
2015-03-02  61.2100  61.5600   4083604.0
2015-03-03  60.3000  58.8200   6556271.0
2015-03-04  58.4800  58.0800   4209545.0
2015-03-05  58.1200  58.4350   3474465.0
2015-03-06  58.1100  56.9000   3771724.0
2015-03-09  56.9300  56.9800   3283423.0
2015-03-10  56.6700  54.4100   6728398.0
2015-03-11  54.3900  54.3600   4559568.0
2015-03-12  52.8100  54.5350   5734434.0
2015-03-13  54.2400  53.7600   4054648.0
2015-03-16  54.8000  54.8400   4261713.0
2015-03-17  54.4600  53.6650   3299182.0
2015-03-18  54.6500  55.3000   4951949.0
2015-03-19  55.3000  55.7050   2471163.0
2015-03-20  56.1600  56.5100   4848739.0
2015-03-23  56.5100  55.8500   2651627.0
2015-03-24  55.5400  55.3250   2842351.0
2015-03-25  55.4500  53.6100   4358270.0
2015-03-26  52.5000  53.5250   4253925.0
2015-03-27  53.7400  52.7600   2938036.0
2015-03-30  53.2300  53.0800   2209431.0
2015-03-31  52.6800  52.0300   3776822.0
2015-04-01  52.0500  51.7900   3640921.0
2015-04-02  51.5700  52.4500   3695871.0
2015-04-06  52.0500  52.7400   2444939.0
2015-04-07  52.9700  53.7500   3338936.0
2015-04-08  53.8400  53.3100   4025892.0
2015-04-09  52.8800  54.6900   3384013.0
2015-04-10  54.5800  55.5800   3725765.0
2015-04-13  55.5600  55.4100   1938744.0
2015-04-14  55.9700  55.7700   2710605.0
2015-04-15  56.2700  56.6700   3736967.0
2015-04-16  56.1000  55.9600   4461663.0
2015-04-17  56.1600  57.4300   9537530.0
2015-04-20  58.0000  59.1350   4910500.0
2015-04-21  59.6100  58.4100   3509829.0
2015-04-22  58.1000  58.2300   2271266.0
2015-04-23  58.7000  58.7500   2750245.0
2015-04-24  58.9600  58.3400   2455528.0
2015-04-27  58.3500  57.9150   2214774.0
2015-04-28  58.0300  59.0000   3685895.0
2015-04-29  57.8500  58.1700   3996556.0
2015-04-30  57.7400  58.7200   3902566.0
2015-05-01  58.9800  59.6300   3432463.0
2015-05-04  59.5600  59.2100   2074529.0
2015-05-05  58.6800  57.7000   4170449.0
2015-05-06  57.8800  56.2900   3500329.0
2015-05-07  56.4600  56.4300   2291155.0
2015-05-08  56.9000  57.2350   2413513.0
2015-05-11  57.3600  56.7600   1761251.0
2015-05-12  56.2600  56.1600   1586349.0
2015-05-13  56.7700  56.5900   1653699.0
2015-05-14  56.9700  57.4300   1518464.0
2015-05-15  57.6700  56.8900   2299902.0
2015-05-18  56.6800  56.9000   1789087.0
2015-05-19  56.9000  55.1500   6521731.0
2015-05-20  54.9700  54.6000   3153521.0
2015-05-21  54.4300  55.3700   2886103.0
2015-05-22  55.4200  55.7900   1745075.0
2015-05-26  55.4800  54.5900   2748297.0
2015-05-27  54.7500  55.3400   2282227.0
2015-05-28  55.6200  56.3650   3727655.0
2015-05-29  56.3700  55.6400   2710977.0
2015-06-01  55.7400  55.2000   2414645.0
2015-06-02  55.2900  55.2900   2611339.0
2015-06-03  55.5200  55.6650   1805386.0
2015-06-04  55.6300  54.5400   3307696.0
2015-06-05  54.2400  54.4300   2500999.0
2015-06-08  54.2700  53.0400   3769495.0
2015-06-09  53.1700  52.6200   4191511.0
2015-06-10  53.0800  53.5900   3034837.0
2015-06-11  53.8300  54.3000   2895601.0
2015-06-12  53.9100  53.5500   2264718.0
2015-06-15  53.2200  53.3700   3213553.0
2015-06-16  53.2000  53.2000   2639326.0
2015-06-17  53.1800  53.1800   2008208.0
2015-06-18  53.2900  54.1400   2252282.0
2015-06-19  54.0300  53.3500   4805262.0
2015-06-22  53.6900  53.8650   1853504.0
2015-06-23  53.8000  52.2900   5030408.0
2015-06-24  52.2700  51.9700   3168370.0
2015-06-25  51.9200  50.6900   5463677.0
2015-06-26  50.0000  50.0600   6308500.0
2015-06-29  48.9700  49.0200   6360392.0
2015-06-30  49.5900  47.5000   7949630.0
2015-07-01  47.8700  47.5700   5135602.0
2015-07-02  47.8100  48.1500   4713708.0
2015-07-06  47.4800  47.0200   4603798.0
2015-07-07  47.0400  47.8200   6126808.0
2015-07-08  47.5400  46.4000   4723196.0
2015-07-09  47.1300  46.0400   2672212.0
2015-07-10  46.5600  45.9500   3490027.0
2015-07-13  45.2400  46.2800   8885270.0
2015-07-14  46.6300  47.6100   6536999.0
2015-07-15  47.8400  47.3000   5312935.0
2015-07-16  47.3600  47.9000   4873674.0
2015-07-17  47.9000  48.1500   6084817.0
2015-07-20  48.2500  47.7300   5942736.0
2015-07-21  47.7500  48.1100   3694112.0
2015-07-22  47.9800  49.0600   7763628.0
2015-07-23  47.3300  48.0100   8724208.0
2015-07-24  48.1800  47.3200   5298906.0
2015-07-27  47.1400  47.9100   4880490.0
2015-07-28  48.1000  48.8700   4486644.0
2015-07-29  48.7500  49.4200   4949458.0
2015-07-30  50.3800  51.2900   7974309.0
2015-07-31  51.0900  50.6000   8155345.0
2015-08-03  50.7900  51.4600   4790610.0
2015-08-04  51.2400  51.3900   4558708.0
2015-08-05  51.4200  51.8600   5229448.0
2015-08-06  51.9700  51.3200   3895765.0
2015-08-07  50.7600  49.4900   5325452.0
2015-08-10  49.8900  51.1400   2976847.0
2015-08-11  50.7600  51.0100   3671679.0
2015-08-12  50.5800  51.6200   4264220.0
2015-08-13  51.3500  51.3700   3723586.0
2015-08-14  51.1400  52.0200   3812951.0
2015-08-17  51.3900  52.4500   3767023.0
2015-08-18  52.1200  52.0500   4400046.0
2015-08-19  51.6400  49.4300   6785545.0
2015-08-20  48.7700  48.6500   6015398.0
2015-08-21  48.2050  48.7200   7832848.0
2015-08-24  45.7100  47.6200   7211437.0
2015-08-25  48.8400  46.3300   6053305.0
2015-08-26  47.5800  47.8900   4102494.0
2015-08-27  48.7100  50.0400   3585237.0
2015-08-28  50.1700  50.6800   3679964.0
2015-08-31  50.4800  51.4000   3734441.0
2015-09-01  50.2400  50.6000   5924779.0
2015-09-02  50.7100  49.7700   7750475.0
2015-09-03  49.5600  49.4900   4643968.0
2015-09-04  48.9500  48.2100   3508676.0
2015-09-08  49.0100  49.6100   3284753.0
2015-09-09  50.2200  50.1000   4068257.0
2015-09-10  49.0900  49.2200   4473874.0
2015-09-11  48.7500  48.9400   4339404.0
2015-09-14  48.9200  48.3300   3049669.0
2015-09-15  48.4700  48.6100   3272578.0
2015-09-16  48.7600  49.1500   2668045.0
2015-09-17  48.6700  47.7600   3745179.0
2015-09-18  47.2600  45.6500  10100390.0
2015-09-21  45.7500  46.2000   3183260.0
2015-09-22  45.4300  43.7900   4132026.0
2015-09-23  44.0700  43.5500   3589305.0
2015-09-24  43.0800  44.1000   3904342.0
2015-09-25  44.2300  42.8900   3802735.0
2015-09-28  42.7500  42.0700   4748774.0
2015-09-29  42.0900  41.7800   5109329.0
2015-09-30  44.5100  44.8000   9263005.0
2015-10-01  44.8100  42.8600   6315633.0
2015-10-02  42.3200  43.1800   4368352.0
2015-10-05  43.6800  44.8400   4959227.0
2015-10-06  44.7900  46.2000   4135211.0
2015-10-07  46.8400  47.2900   3561291.0
2015-10-08  47.4200  48.3300   2963174.0
2015-10-09  48.4100  49.0300   5099219.0
2015-10-12  49.2900  49.0200   2097786.0
2015-10-13  48.9500  48.6200   2807987.0
2015-10-14  48.4200  47.8000   4271390.0
2015-10-15  42.2800  41.4400  21466733.0
2015-10-16  41.2700  39.5600  13945625.0
2015-10-19  39.2000  38.7500   6879506.0
2015-10-20  38.5400  38.5200   9698655.0
2015-10-21  38.0900  37.1300   6890386.0
2015-10-22  37.5900  39.2400   8104922.0
2015-10-23  39.6000  41.1500   6726635.0
2015-10-26  41.0300  39.5500   5303253.0
2015-10-27  39.2700  39.2000   2525878.0
2015-10-28  39.3600  39.3400   4387582.0
2015-10-29  39.2600  38.0600   6953949.0
2015-10-30  39.1300  38.0600   6977116.0
2015-11-02  37.7600  38.8800   4854380.0
2015-11-03  38.8800  40.3700   5302382.0
2015-11-04  39.5900  38.8100   4586594.0
2015-11-05  38.7400  38.8700   2826877.0
2015-11-06  38.8100  38.8100   2809695.0
2015-11-09  38.8300  38.2800   2892200.0
2015-11-10  37.8300  36.5400   4946522.0
2015-11-11  36.7600  36.1200   6378715.0
2015-11-12  35.7900  34.0800   8054764.0
2015-11-13  33.9800  33.0700   7420943.0
2015-11-16  33.0700  34.2950   4095416.0
2015-11-17  34.3300  33.8800   3148599.0
2015-11-18  33.8300  34.3800   2829631.0
2015-11-19  34.9100  34.2800   3392833.0
2015-11-20  34.5000  34.4100   3102820.0
2015-11-23  34.5200  34.7000   4500375.0
2015-11-24  34.4400  34.2700   3089188.0
2015-11-25  34.1000  34.5700   2394553.0
2015-11-27  34.5100  34.6200    912391.0
2015-11-30  35.4600  35.9400   6184182.0
2015-12-01  36.1500  36.5100   4035635.0
2015-12-02  36.1900  34.5400   5145467.0
2015-12-03  34.7600  33.7700   4557994.0
2015-12-04  33.7100  34.4500   4357658.0
2015-12-07  34.4500  35.1000   3640685.0
2015-12-08  34.7900  35.4300   3800093.0
2015-12-09  35.1700  35.7200   3649644.0
2015-12-10  35.7400  36.2200   4904580.0
2015-12-11  35.6300  35.9800   5420086.0
2015-12-14  36.0400  33.6700   5003288.0
2015-12-15  33.9100  34.2500   4141550.0
2015-12-16  34.5900  34.7800   3919845.0
2015-12-17  34.9200  33.9200   4021828.0
2015-12-18  33.7000  34.1000   6627290.0
2015-12-21  34.2900  34.7000   2476171.0
2015-12-22  34.5700  35.4500   2926922.0
2015-12-23  35.6500  36.6200   3805539.0
2015-12-24  36.4800  36.6500   1818521.0
2015-12-28  36.7200  36.7400   2365984.0
2015-12-29  37.0400  37.1500   3351273.0
2015-12-30  37.0000  37.1800   2704088.0
2015-12-31  37.0100  36.6600   2391683.0
2016-01-04  36.0300  36.2700   4653163.0
2016-01-05  36.5000  36.3300   3092673.0
2016-01-06  35.6500  34.7500   4120910.0
2016-01-07  34.0500  34.5400   5974801.0
2016-01-08  34.3800  32.5400   9802283.0
2016-01-11  33.1200  31.3500   7835025.0
2016-01-12  31.7200  31.5700   6089973.0
2016-01-13  31.5900  31.0700   4733959.0
2016-01-14  31.1900  32.1100   5229934.0
2016-01-15  30.4800  30.8900   8660078.0
2016-01-19  31.4600  29.8300   5466911.0
2016-01-20  29.1900  29.2200   6750525.0
2016-01-21  29.4500  27.5600  10447097.0
2016-01-22  28.2400  27.9300   8350589.0
2016-01-25  27.6100  26.4000   6461757.0
2016-01-26  26.5000  27.7400   5956766.0
2016-01-27  27.4000  26.9700   4982523.0
2016-01-28  27.1700  26.7550   8695489.0
2016-01-29  29.0200  29.0500  12430968.0
2016-02-01  29.0600  30.4100   7997413.0
2016-02-02  29.7100  28.6100   6713418.0
2016-02-03  30.1800  30.5200   9232946.0
2016-02-04  30.5700  32.1900  11677257.0
2016-02-05  31.3400  31.5900   7819035.0
2016-02-08  30.9100  30.3600   4843070.0
2016-02-09  29.9700  29.4100   5722036.0
2016-02-10  29.7300  30.1900   5512398.0
2016-02-11  29.4800  29.0300   5989364.0
2016-02-12  29.5100  29.8800   4263013.0
2016-02-16  30.1800  31.3300   4966436.0
2016-02-17  31.5100  31.9700   5097286.0
2016-02-18  31.8300  33.1100   5550176.0
2016-02-19  32.4400  31.3400   4411569.0
2016-02-22  31.9800  32.2300   4554540.0
2016-02-23  32.0400  30.7400   4239142.0
2016-02-24  30.3700  31.0800   4672602.0
2016-02-25  31.0100  30.9200   3040417.0
2016-02-26  31.3200  31.6900   3486365.0
2016-02-29  31.6400  31.3600   3555786.0
2016-03-01  31.8000  33.2300   6654074.0
2016-03-02  33.2800  33.9300   4881432.0
2016-03-03  33.7400  34.7500   4239905.0
2016-03-04  34.9200  34.5300   5198404.0
2016-03-07  34.2300  35.4800   5140266.0
2016-03-08  35.2400  34.2400   5705825.0
2016-03-09  34.3600  34.2100   4586116.0
2016-03-10  34.3300  34.9500   4281483.0
2016-03-11  35.6600  36.1700   3333055.0
2016-03-14  35.7000  35.3600   6751596.0
2016-03-15  35.3500  34.6200   3614508.0
2016-03-16  34.2700  34.4900   4212726.0
2016-03-17  34.6800  34.9300   4231929.0
2016-03-18  35.1700  36.5700  11672878.0
2016-03-21  36.3600  36.5400   2886796.0
2016-03-22  36.3100  37.0400   4086212.0
2016-03-23  36.7200  34.8000   4559847.0
2016-03-24  34.5900  33.2300   8569957.0
2016-03-28  33.6600  33.5400   3925239.0
2016-03-29  33.2100  33.8000   3537127.0
2016-03-30  34.0300  34.1700   3719870.0
2016-03-31  33.9800  34.4500   2741179.0
2016-04-01  33.9000  33.6900   4556119.0
2016-04-04  33.6700  33.5500   2313276.0
2016-04-05  33.2700  32.8600   3464262.0
2016-04-06  32.8600  33.7200   3525959.0
2016-04-07  33.3000  33.1100   3182953.0
2016-04-08  33.3900  33.2300   2972935.0
2016-04-11  34.3500  34.9800   7545207.0
2016-04-12  34.9400  35.0400   4681494.0
2016-04-13  34.7300  33.9300   7300240.0
2016-04-14  29.6700  27.1100  48458893.0
2016-04-15  26.9700  25.5900  19415584.0
2016-04-18  25.5100  25.7800  10781341.0
2016-04-19  25.8400  25.3300   8957061.0
2016-04-20  25.4300  25.6700   8669477.0
2016-04-21  25.7400  25.4300   8587531.0
2016-04-22  25.4800  25.3200   7220696.0
2016-04-25  25.3300  26.2900   7857818.0
2016-04-26  26.5400  27.0000   7447623.0
2016-04-27  27.0000  27.3400   7210194.0
2016-04-28  27.1400  26.9000   7380376.0
2016-04-29  26.1700  21.7700  24443229.0
2016-05-02  21.1400  20.4800  18806328.0
2016-05-03  20.3800  19.4400  13705544.0
2016-05-04  19.8100  20.1500  11708656.0
2016-05-05  20.2000  20.0100   7901683.0
2016-05-06  19.3400  19.0700   8456851.0
2016-05-09  19.1200  18.8600   8927236.0
2016-05-10  18.7500  19.2500   6100978.0
2016-05-11  19.2000  18.7200   5394182.0
2016-05-12  18.8600  18.7900  10122373.0
2016-05-13  18.7200  19.0900   6507449.0
2016-05-16  19.0800  19.1600   7248818.0
2016-05-17  19.0300  19.6350   7165853.0
2016-05-18  19.5800  20.2400   7862382.0
2016-05-19  20.1500  20.5200   8915783.0
2016-05-20  20.5400  20.4100   7198506.0
2016-05-23  20.6500  20.8000   4304164.0
2016-05-24  21.0700  20.8800   4871529.0
2016-05-25  21.2200  21.4800   6824290.0
2016-05-26  21.4300  21.5500   5244304.0
2016-05-27  21.5200  21.6600   4165899.0
2016-05-31  21.7900  22.5600   8221701.0
2016-06-01  22.2900  23.0100   6727601.0
2016-06-02  23.2500  23.7500   8292347.0
2016-06-03  23.6800  23.6400   7702280.0
2016-06-06  23.5900  23.8900   4050709.0
2016-06-07  23.9600  24.6500   5741136.0
2016-06-08  24.7500  24.2500   7107775.0
2016-06-09  24.0700  24.1400   6315259.0
2016-06-10  23.7900  23.1400   5599269.0
2016-06-13  23.1100  22.6800   5400295.0
2016-06-14  22.5400  22.7600   4012295.0
2016-06-15  22.9200  22.7150   4369937.0
2016-06-16  22.6100  22.6900   4273259.0
2016-06-17  22.8100  23.2200   7652428.0
2016-06-20  23.5300  23.4300   4353930.0
2016-06-21  23.3800  23.8600   3550523.0
2016-06-22  23.8600  23.8700   3949339.0
2016-06-23  24.1600  24.4800   4714601.0
2016-06-24  23.4100  23.1600   6496845.0
2016-06-27  23.0000  20.8700   6675247.0
2016-06-28  21.4800  22.5300   6165136.0
2016-06-29  23.2400  23.9500   8996995.0
2016-06-30  23.8000  24.3600   8335366.0
2016-07-01  24.2100  24.0300   4944421.0
2016-07-05  23.7800  23.1600   3784992.0
2016-07-06  22.3500  23.5200   6386761.0
2016-07-07  24.0200  23.7300   7494165.0
2016-07-08  24.2000  24.0100   6370427.0
2016-07-11  24.1400  24.0900   5236863.0
2016-07-12  27.4800  29.3500  29492343.0
2016-07-13  29.3500  29.8300  10546628.0
2016-07-14  30.0300  29.1900   7786522.0
2016-07-15  29.4000  28.9000   6444387.0
2016-07-18  29.2000  30.1500   7112983.0
2016-07-19  30.3500  29.9900   3351584.0
2016-07-20  30.0300  30.5000   3760916.0
2016-07-21  30.4800  31.2200   7436719.0
2016-07-22  31.3800  31.5800   4602621.0
2016-07-25  31.6200  31.4400   4319300.0
2016-07-26  31.2800  32.4500   4435535.0
2016-07-27  32.5300  32.0500   4490376.0
2016-07-28  32.0700  32.6000   4133094.0
2016-07-29  32.0900  32.0300   6415998.0
2016-08-01  32.0000  32.4300   7349615.0
2016-08-02  33.3000  30.6500  14366976.0
2016-08-03  30.6400  30.7300   6056926.0
2016-08-04  30.9400  31.2600   4459376.0
2016-08-05  31.4800  32.1300   5094903.0
2016-08-08  32.2300  32.6100   5216973.0
2016-08-09  32.6000  32.4900   3238934.0
2016-08-10  32.5300  31.3800   4537644.0
2016-08-11  31.4000  31.7500   2330737.0
2016-08-12  31.7600  31.5500   2250186.0
2016-08-15  31.5700  32.0000   3627412.0
2016-08-16  32.0000  32.4600   3174104.0
2016-08-17  32.4900  31.7800   3514741.0
2016-08-18  31.8200  32.0700   2352497.0
2016-08-19  31.9100  32.3300   2659053.0
2016-08-22  32.2100  31.8700   2807031.0
2016-08-23  32.1800  32.1200   2565773.0
2016-08-24  32.1300  31.5800   2772664.0
2016-08-25  31.4100  32.0500   2591551.0
2016-08-26  32.2300  33.3300   6087210.0
2016-08-29  33.4200  33.7300   3972347.0
2016-08-30  33.5000  33.9200   2929512.0
2016-08-31  33.6000  33.7400   5297539.0
2016-09-01  33.7600  33.7100   4149525.0
2016-09-02  33.7900  33.9200   2723726.0
2016-09-06  34.1000  34.4700   4357244.0
2016-09-07  35.5600  36.5100   9483771.0
2016-09-08  36.4800  36.3100   4738335.0
2016-09-09  36.7700  36.0900   7724186.0
2016-09-12  35.8300  36.5500   6149656.0
2016-09-13  36.0500  36.1400   4716852.0
2016-09-14  36.0900  36.0700   4074408.0
2016-09-15  36.1300  36.4500   4246882.0
2016-09-16  37.3200  36.4000   8966569.0
2016-09-19  36.2800  35.9500   4950122.0
2016-09-20  36.1700  35.5300   2624883.0
2016-09-21  35.4000  36.6900   3641139.0
2016-09-22  36.7600  36.4000   2585414.0
2016-09-23  36.1700  36.4600   2497642.0
2016-09-26  36.3700  37.2000   5411656.0
2016-09-27  37.0200  38.4200   6853033.0
2016-09-28  38.7100  38.2100   4971532.0
2016-09-29  38.1200  37.7900   4046487.0
2016-09-30  37.9400  38.5500   3839954.0
2016-10-03  38.5600  38.4100   3671026.0
2016-10-04  38.6100  38.2400   3593579.0
2016-10-05  38.3900  38.5400   2679674.0
2016-10-06  38.2100  37.8100   4165294.0
2016-10-07  37.9300  37.8900   3340221.0
2016-10-10  38.1400  37.9700   4466576.0
2016-10-11  38.2200  35.1000  14457875.0
2016-10-12  35.5100  35.2300   5153129.0
2016-10-13  34.7600  35.1800   7302333.0
2016-10-14  35.3600  35.1600   5413491.0
2016-10-17  35.2300  35.0100   4548281.0
2016-10-18  35.3400  35.3400   5505109.0
2016-10-19  34.9500  34.3200  10115441.0
2016-10-20  34.4900  34.9800   5159227.0
2016-10-21  34.8000  34.5000   4484120.0
2016-10-24  34.7000  34.5200   2949576.0
2016-10-25  35.0400  34.2700   4172327.0
2016-10-26  34.1600  34.8400   5638805.0
2016-10-27  35.3500  34.2400   6846022.0
2016-10-28  34.2200  34.1500   3142923.0
2016-10-31  34.3900  34.3100   3121404.0
2016-11-01  34.3700  33.7100   4147084.0
2016-11-02  33.6700  32.6500   5446241.0
2016-11-03  32.6400  33.0800   3855880.0
2016-11-04  32.9600  33.0000   3641374.0
2016-11-07  33.5600  34.6500   4564570.0
2016-11-08  34.4300  34.4900   2676833.0
2016-11-09  33.4000  34.7600   6166980.0
2016-11-10  35.0000  36.1700   6204126.0
2016-11-11  35.8700  37.2500   4736554.0
2016-11-14  37.1500  38.0000   5205752.0
2016-11-15  38.1400  38.5100   3527102.0
2016-11-16  38.1700  38.2600   2607373.0
2016-11-17  38.4000  39.2300   4720662.0
2016-11-18  39.2000  39.2900   2394385.0
2016-11-21  39.3200  39.8200   2177737.0
2016-11-22  39.9500  38.9600   4799845.0
2016-11-23  38.6800  38.8200   2805721.0
2016-11-25  38.9000  39.0700   1802333.0
2016-11-28  38.9100  39.3700   3177685.0
2016-11-29  39.4100  39.5000   3996239.0
2016-11-30  39.6300  40.1000   3961930.0
2016-12-01  40.7300  38.1100   5532711.0
2016-12-02  38.3000  38.8700   4144608.0
2016-12-05  37.4000  39.1600   3813200.0
2016-12-06  39.0300  39.1500   3408928.0
2016-12-07  39.7600  40.2700   7636382.0
2016-12-08  40.2900  39.2300   3584324.0
2016-12-09  39.4000  39.3800   4125494.0
2016-12-12  39.3700  39.1700   3836444.0
2016-12-13  39.2200  40.8400   5722053.0
2016-12-14  40.8700  40.2000   4504900.0
2016-12-15  40.3300  40.6000   2927816.0
2016-12-16  40.8600  39.1000   8418473.0
2016-12-19  38.5000  38.7100   4271289.0
2016-12-20  38.8800  38.7600   3301296.0
2016-12-21  38.6100  38.9100   3136363.0
2016-12-22  39.2700  39.0200   3098787.0
2016-12-23  38.8700  39.1100   2473037.0
2016-12-27  39.0300  39.3800   1940042.0
2016-12-28  39.3900  38.7900   2592751.0
2016-12-29  38.7900  38.0200   2710850.0
2016-12-30  38.1800  38.1700   2897495.0
2017-01-03  38.4600  39.6200   5129251.0
2017-01-04  39.7300  39.1200   3842717.0
2017-01-05  39.0700  39.0500   2890121.0
2017-01-06  39.0600  38.4900   4529885.0
2017-01-09  38.4900  38.0500   3263995.0
2017-01-10  38.1000  37.6300   4266857.0
2017-01-11  37.6000  36.8700   6268895.0
2017-01-12  36.7900  36.7500   3849645.0
2017-01-13  36.7500  36.9000   2515820.0
2017-01-17  37.1400  37.0200   3291286.0
2017-01-18  37.1100  37.2400   2866839.0
2017-01-19  37.1000  36.3400   2958673.0
2017-01-20  36.3600  36.4700   3041380.0
2017-01-23  36.6700  36.3700   4955502.0
2017-01-24  37.8600  37.4400   8551301.0
2017-01-25  42.4500  42.6700  46164733.0
2017-01-26  42.6200  43.9000  14711949.0
2017-01-27  44.0700  44.5000   7679943.0
2017-01-30  44.4000  44.9000   6863584.0
2017-01-31  44.8500  45.1500   5597625.0
2017-02-01  45.6100  44.7800   5382069.0
2017-02-02  44.2900  45.2700   5447299.0
2017-02-03  45.3100  46.2900   5767989.0
2017-02-06  46.0400  45.4400   4651821.0
2017-02-07  45.4800  46.1000   4946803.0
2017-02-08  45.5500  45.8000   4852602.0
2017-02-09  46.4500  46.3700   3452439.0
2017-02-10  46.5100  46.4600   3658189.0
2017-02-13  46.8900  47.8000   5521563.0
2017-02-14  47.6500  47.8500   4105112.0
2017-02-15  47.9300  48.1500   5004179.0
2017-02-16  48.3000  47.5700   4450836.0
2017-02-17  47.4100  47.1400   3270914.0
2017-02-21  47.4300  47.4300   3217132.0
2017-02-22  47.4000  47.3500   2658385.0
2017-02-23  47.5000  47.3900   4064626.0
2017-02-24  46.9800  47.7500   3172622.0
2017-02-27  47.2200  47.6900   5420598.0
2017-02-28  47.4000  48.1900   5592772.0
2017-03-01  48.6500  49.4800   4625317.0
2017-03-02  49.4400  48.9200   4130213.0
2017-03-03  49.0200  48.9600   3098879.0
2017-03-06  48.5900  48.5100   3474135.0
2017-03-07  48.5500  48.2800   2285351.0
2017-03-08  48.2200  48.1100   2081073.0
2017-03-09  47.5500  46.6800   6329496.0
2017-03-10  47.2200  47.2800   3527035.0
2017-03-13  47.3500  47.5700   2949496.0
2017-03-14  47.2400  46.7000   3493241.0
2017-03-15  46.7800  47.0600   4057235.0
2017-03-16  47.3000  47.2300   3191636.0
2017-03-17  47.4600  46.8700   6829485.0
2017-03-20  46.2400  46.0800   3441462.0
2017-03-21  46.0700  44.5100   4693437.0
2017-03-22  44.4200  45.0100   4311053.0
2017-03-23  44.8500  45.1300   3662901.0
2017-03-24  46.4400  45.2400   5278240.0
2017-03-27  44.6700  44.9100   3164923.0
2017-03-28  44.9000  45.2800   3418152.0
2017-03-29  45.1500  45.6700   2608148.0
2017-03-30  45.5600  47.1200   5955211.0
2017-03-31  46.9200  45.9300   3387302.0
2017-04-03  45.6300  45.3000   6306739.0
2017-04-04  45.2200  45.9700   2353885.0
2017-04-05  46.3400  46.0000   3669945.0
2017-04-06  46.2500  46.2500   2958206.0
2017-04-07  46.2600  46.8500   3589301.0
2017-04-10  47.1600  47.6000   5389126.0
2017-04-11  48.5000  49.0900   7672388.0
2017-04-12  49.0100  48.3400   4226662.0
2017-04-13  48.1000  48.1700   3791164.0
2017-04-17  48.3600  48.4900   2974408.0
2017-04-18  48.1900  48.5400   3322851.0
2017-04-19  48.5400  48.5600   2957039.0
2017-04-20  47.8800  48.5500   5842421.0
2017-04-21  48.5200  48.2600   3359447.0
2017-04-24  49.0800  49.4200   4571413.0
2017-04-25  49.8100  50.5100   7706938.0
2017-04-26  44.6100  42.0100  34393239.0
2017-04-27  42.1700  42.3000   9480691.0
2017-04-28  42.7100  42.1300   8576394.0
2017-05-01  42.0800  42.1800   7358708.0
2017-05-02  42.2300  42.4400   6339059.0
2017-05-03  42.3200  42.5100   5356191.0
2017-05-04  42.5800  42.5800   4430858.0
2017-05-05  42.3400  43.5500   4879993.0
2017-05-08  43.6100  42.8700   2989279.0
2017-05-09  42.8700  42.8300   2790640.0
2017-05-10  42.9000  43.1100   3280692.0
2017-05-11  43.0100  42.4800   5169914.0
2017-05-12  42.4800  43.0400   3522132.0
2017-05-15  43.1600  43.4800   4352547.0
2017-05-16  43.6700  44.0000   4079544.0
2017-05-17  43.4600  42.1600   5851233.0
2017-05-18  42.6600  42.2500   4061754.0
2017-05-19  42.3800  42.5100   3248572.0
2017-05-22  42.8400  42.7700   2468229.0
2017-05-23  43.1000  42.6300   2656258.0
2017-05-24  43.0500  42.7300   2357024.0
2017-05-25  42.8800  43.1100   2861087.0
2017-05-26  42.6700  42.5300   3271415.0
2017-05-30  42.2100  43.2400   3535983.0
2017-05-31  43.3900  43.5700   4237830.0
2017-06-01  43.5600  42.8800   3489439.0
2017-06-02  42.9600  43.2200   2679847.0
2017-06-05  42.8600  42.0800   3262334.0
2017-06-06  42.0000  41.8900   3186534.0
2017-06-07  42.0900  41.9400   2384530.0
2017-06-08  42.0500  42.7700   3081273.0
2017-06-09  42.8600  42.3700   4736695.0
2017-06-12  41.7500  41.5400   6213749.0
2017-06-13  41.9900  42.0300   3963211.0
2017-06-14  42.2300  41.2800   3898151.0
2017-06-15  40.4500  41.5200   3652962.0
2017-06-16  41.4000  42.0300   6702711.0
2017-06-19  41.6500  41.8300   3055869.0
2017-06-20  41.6800  41.0400   3250254.0
2017-06-21  41.1900  41.6600   2754075.0
2017-06-22  41.9600  42.0100   2432020.0
2017-06-23  42.0100  42.6700   3565976.0
2017-06-26  42.9500  42.3900   3179349.0
2017-06-27  41.1000  39.5100   8888103.0
2017-06-28  40.0000  40.1800   4680116.0
2017-06-29  39.8400  38.9100   6053597.0
2017-06-30  39.4000  38.7500   3830440.0
2017-07-03  38.9200  38.5900   1975084.0
2017-07-05  38.8000  39.0200   4998527.0
2017-07-06  38.2800  37.3000   8967950.0
2017-07-07  37.4800  38.2000   5813434.0
2017-07-10  38.1400  38.3900   3572144.0
2017-07-11  38.3700  38.7200   3695173.0
2017-07-12  39.3300  39.7000   4963985.0
2017-07-13  37.6200  38.3200  11489406.0
2017-07-14  38.4000  39.5000   5267068.0
2017-07-17  39.0000  39.0700   3796677.0
2017-07-18  39.0600  38.8300   3272550.0
2017-07-19  39.0000  39.2400   4083376.0
2017-07-20  39.2400  39.4200   2729725.0
2017-07-21  39.4800  39.5800   3235369.0
2017-07-24  39.6300  39.7600   6264860.0
2017-07-25  32.3300  33.2000  35291498.0
2017-07-26  33.3500  32.3400  12564150.0
2017-07-27  32.5000  32.5600   7417258.0
2017-07-28  32.3000  32.6100   7810323.0
2017-07-31  32.7300  32.9600   7099617.0
2017-08-01  33.0500  33.3700   5935409.0
2017-08-02  33.4600  33.4200   5825291.0
2017-08-03  33.5100  33.5700   4905389.0
2017-08-04  33.7100  33.4300   6752116.0
2017-08-07  33.4000  33.4800   5513965.0
2017-08-08  33.3900  32.9900   5977387.0
2017-08-09  32.7400  32.6000   4245557.0
2017-08-10  32.3600  31.5500   6243015.0
2017-08-11  32.2500  32.2900   5593916.0
2017-08-14  32.6500  32.5500   3954451.0
2017-08-15  32.5900  32.2800   2746786.0
2017-08-16  32.3400  32.4800   2483688.0
2017-08-17  32.3000  31.5100   3390013.0
2017-08-18  31.5800  31.3700   2869550.0
2017-08-21  31.4700  31.4600   3123191.0
2017-08-22  31.6700  32.2900   2549890.0
2017-08-23  31.1200  31.0100   7726937.0
2017-08-24  31.1100  31.0200   4396319.0
2017-08-25  31.0700  31.2500   3305684.0
2017-08-28  31.3400  31.4900   2843372.0
2017-08-29  31.2000  31.4500   3348246.0
2017-08-30  31.3600  31.5000   3758989.0
2017-08-31  31.8000  31.5300   4124937.0
2017-09-01  31.5900  31.8000   2115126.0
2017-09-05  31.8400  32.7500   8431124.0
2017-09-06  32.8500  32.7900   4915193.0
2017-09-07  32.9300  32.3400   4270035.0
2017-09-08  32.3100  31.9900   3547861.0
2017-09-11  31.2700  30.9500   6442498.0
2017-09-12  31.0000  31.8900   5108572.0
2017-09-13  32.1200  32.7800   5274496.0
2017-09-14  32.5100  32.6500   3338789.0
2017-09-15  32.6600  33.5500   9171550.0
2017-09-18  33.7500  33.5200   8521510.0
2017-09-19  32.7500  32.1800   7946068.0
2017-09-20  32.1900  32.3800   4362557.0
2017-09-21  32.3800  32.7200   4661601.0
2017-09-22  32.6700  33.5700   4384634.0
2017-09-25  33.4200  33.1600   3446826.0
2017-09-26  33.1800  32.8700   3408704.0
2017-09-27  33.0200  33.1800   3724071.0
2017-09-28  33.2500  32.9800   4565542.0
2017-09-29  32.9900  33.1700   2483712.0
2017-10-02  33.6400  34.2000   7393719.0
2017-10-03  34.2000  34.0500   3739357.0
2017-10-04  34.0400  33.9800   3049756.0
2017-10-05  34.0800  34.1000   3150220.0
2017-10-06  33.8600  33.7900   3360079.0
2017-10-09  34.0300  33.8500   3632809.0
2017-10-10  34.2400  33.7500   5187527.0
2017-10-11  33.5800  33.5000   3483188.0
2017-10-12  33.4000  33.6200   5083120.0
2017-10-13  33.8600  34.4000   4143795.0
2017-10-16  34.4600  34.4900   3544996.0
2017-10-17  34.0400  33.9600   5932640.0
2017-10-18  34.1100  34.2600   3730725.0
2017-10-19  33.9200  34.3400   4347907.0
2017-10-20  34.5500  34.9400   8284828.0
2017-10-23  39.6500  39.3500  33542604.0
2017-10-24  39.5000  38.8400  11989769.0
2017-10-25  38.4700  38.1500   7379280.0
2017-10-26  38.3100  38.1900   4264314.0
2017-10-27  38.2600  36.9000   5252944.0
2017-10-30  36.9500  36.6800   5819176.0
2017-10-31  36.8200  36.9700   4375224.0
2017-11-01  37.3800  36.9600   2749139.0
2017-11-02  36.9700  36.7700   2742841.0
2017-11-03  36.6000  36.3300   2278186.0
2017-11-06  36.2800  37.4600   3185648.0
2017-11-07  37.4300  37.1200   2519972.0
2017-11-09  37.1300  37.4100   4336743.0
2017-11-10  37.2000  37.9900   3008360.0
2017-11-13  37.9000  37.6600   2278152.0
2017-11-14  37.6200  37.4900   2111564.0
2017-11-15  37.3400  37.8100   3478562.0
2017-11-16  37.9600  39.1200   5061656.0
2017-11-17  39.2400  39.4200   3137317.0
2017-11-20  39.3400  39.8500   3980590.0
2017-11-21  40.0500  40.1400   3842499.0
2017-11-22  40.0200  40.3300   2349807.0
2017-11-24  40.3600  40.2900   1340056.0
2017-11-27  39.4700  39.0800   5621453.0
2017-11-28  39.3800  39.9800   3802594.0
2017-11-29  39.9500  38.7500   6069675.0
2017-11-30  38.9900  38.5600   6691581.0
2017-12-01  38.3100  39.1100   5112110.0
2017-12-04  39.7600  39.2000   4526402.0
2017-12-05  39.5200  39.1300   3928593.0
2017-12-06  39.1700  39.1800   2511691.0
2017-12-07  39.1600  39.5800   3623699.0
2017-12-08  39.8300  40.4900   5484432.0
2017-12-11  40.3500  40.4700   3662820.0
2017-12-12  40.6700  42.1200   6334919.0
2017-12-13  42.3700  42.0800   4457142.0
2017-12-14  42.2100  41.9400   3266626.0
2017-12-15  42.2000  42.0200   5226620.0
2017-12-18  42.3600  42.9900   4438856.0
2017-12-19  42.2100  42.1800   4509414.0
2017-12-20  42.4400  41.5300   3321926.0
2017-12-21  41.7200  41.9600   3416825.0
2017-12-22  41.9300  42.1700   1713079.0
2017-12-26  41.9900  42.1400   2967661.0
2017-12-27  42.2400  42.1100   1924430.0
2017-12-28  42.1900  42.0200   1365904.0
2017-12-29  42.0100  41.8400   1858084.0
2018-01-02  42.3500  42.9300   2858238.0
2018-01-03  42.9300  42.8500   3442424.0
2018-01-04  42.8700  42.6400   2813467.0
2018-01-05  42.8400  42.9400   2175256.0
2018-01-08  48.7800  46.0000  23296795.0
2018-01-09  46.4800  46.3900  10134043.0
2018-01-10  46.1600  47.0700   3775278.0
2018-01-11  47.3600  49.0050   6194888.0
2018-01-12  49.1200  51.2600   7656639.0
2018-01-16  50.7700  51.5100   6837532.0
2018-01-17  51.2700  52.1400   4071285.0
2018-01-18  52.2000  52.0100   3931322.0
2018-01-19  52.1400  52.6200   3836564.0
2018-01-22  52.4900  53.1600   3569904.0
2018-01-23  53.1800  54.0600   3138974.0
2018-01-24  54.0400  52.9700   5516604.0
2018-01-25  53.4600  53.1700   3594335.0
2018-01-26  53.5100  54.9400   7260648.0
2018-01-29  54.0000  55.1100   8889515.0
2018-01-30  54.0000  54.9800   7643904.0
2018-01-31  55.1500  55.2000   5076468.0
2018-02-01  54.7200  54.4600   5326181.0
2018-02-02  53.9900  51.7700   6504531.0
2018-02-05  51.2600  49.9300   6386645.0
2018-02-06  48.0800  48.6800   9464898.0
2018-02-07  49.2000  49.5500   5893630.0
2018-02-08  49.4600  47.4400   4111940.0
2018-02-09  48.0500  47.7900   5091193.0
2018-02-12  48.1500  49.1700   3299037.0
2018-02-13  49.3200  49.6300   2904316.0
2018-02-14  49.0200  51.3700   3646873.0
2018-02-15  51.8700  51.5200   3166619.0
2018-02-16  51.4600  51.4200   2619807.0
2018-02-20  51.2600  52.1200   2627125.0
2018-02-21  52.2000  51.4400   2322602.0
2018-02-22  51.5900  51.3600   2118296.0
2018-02-23  51.8800  53.2900   3200343.0
2018-02-26  53.4700  53.5500   2942503.0
2018-02-27  53.6100  52.8700   3615627.0
2018-02-28  52.8500  53.4000   4258719.0
2018-03-01  53.8200  54.0000   5929249.0
2018-03-02  53.3800  54.1200   3142904.0
2018-03-05  53.5500  55.1400   4328408.0
2018-03-06  55.5000  56.2300   3797521.0
2018-03-07  55.7700  56.3000   3224939.0
2018-03-08  57.0000  58.8800   8477443.0
2018-03-09  59.3200  60.1900   4768106.0
2018-03-12  60.1500  60.2100   3230779.0
2018-03-13  60.3100  59.6800   4361568.0
2018-03-14  59.9700  59.9300   4103862.0
2018-03-15  60.2300  59.5700   2872763.0
2018-03-16  59.5400  60.0900   6686950.0
2018-03-19  59.8500  60.4000   6790251.0
2018-03-20  60.1300  59.9100   4423147.0
2018-03-21  59.9000  59.9000   3385014.0
2018-03-22  59.1500  59.0400   4214735.0
2018-03-23  58.4200  56.2800   5233024.0
2018-03-26  57.4800  58.1300   4174746.0
2018-03-27  58.7800  57.3700   4081138.0