date     open  close     volume
                                    
2013-01-02  36.3800  35.95   409000.0
2013-01-03  36.0000  36.37   300900.0
2013-01-04  36.5800  36.61   300900.0
2013-01-07  36.3600  36.44   181300.0
2013-01-08  36.5000  36.40   165400.0
2013-01-09  36.5500  36.84   147300.0
2013-01-10  37.0000  37.04   181700.0
2013-01-11  37.1700  36.96   169500.0
2013-01-14  36.8300  37.18   154200.0
2013-01-15  36.8800  37.40   103900.0
2013-01-16  37.2700  37.13   121800.0
2013-01-17  37.3400  37.74   153800.0
2013-01-18  37.7100  38.00   143100.0
2013-01-22  38.0500  38.42   159900.0
2013-01-23  38.3400  38.13   189400.0
2013-01-24  38.1700  38.11   183100.0
2013-01-25  38.2700  38.01   224000.0
2013-01-28  38.1100  38.35   143700.0
2013-01-29  38.2900  38.72   139200.0
2013-01-30  38.6500  38.22   155900.0
2013-01-31  38.1200  38.10   148200.0
2013-02-01  38.3300  38.71   152300.0
2013-02-04  38.4900  38.04   115500.0
2013-02-05  38.3000  38.24   121700.0
2013-02-06  37.9300  37.97   142200.0
2013-02-07  38.0100  37.82   192400.0
2013-02-08  37.8200  37.33   339700.0
2013-02-11  37.3900  37.38   195300.0
2013-02-12  37.4800  37.40   189100.0
2013-02-13  37.5000  37.41   255600.0
2013-02-14  37.2400  37.11   284300.0
2013-02-15  37.3500  37.37   282400.0
2013-02-19  37.4800  37.67   343000.0
2013-02-20  37.6000  36.80   312900.0
2013-02-21  36.8200  36.62   226600.0
2013-02-22  36.8700  37.08   173900.0
2013-02-25  37.2700  36.27   197000.0
2013-02-26  36.4800  36.55   117400.0
2013-02-27  36.6000  36.82   118100.0
2013-02-28  36.8400  36.91   137800.0
2013-03-01  36.6000  36.66   264200.0
2013-03-04  36.6200  36.53   141800.0
2013-03-05  36.7000  36.80   130300.0
2013-03-06  36.9000  37.13   107200.0
2013-03-07  37.1100  37.36   109000.0
2013-03-08  37.6500  37.57   117000.0
2013-03-11  37.4600  37.71    91700.0
2013-03-12  37.6800  37.77   213500.0
2013-03-13  37.7600  38.03   113100.0
2013-03-14  38.1000  38.37   106800.0
2013-03-15  38.2200  38.40   276000.0
2013-03-18  38.0800  38.32   117100.0
2013-03-19  38.3200  38.56   163700.0
2013-03-20  38.8100  39.37   158900.0
2013-03-21  39.0600  38.78   119100.0
2013-03-22  38.8400  38.75    69100.0
2013-03-25  38.9400  38.69   104400.0
2013-03-26  38.9300  38.89    61100.0
2013-03-27  38.5500  38.90   113100.0
2013-03-28  39.0100  39.09   208100.0
2013-04-01  38.9100  38.02   187400.0
2013-04-02  38.3300  37.72   131600.0
2013-04-03  37.9700  37.42   298900.0
2013-04-04  37.5600  37.58   182000.0
2013-04-05  37.0100  37.40   146100.0
2013-04-08  37.5600  37.74    76900.0
2013-04-09  37.7800  37.67   123000.0
2013-04-10  37.8500  38.76   226400.0
2013-04-11  38.7800  38.78   126100.0
2013-04-12  38.6900  38.47    97600.0
2013-04-15  38.2000  36.83   258200.0
2013-04-16  37.1200  37.61   131500.0
2013-04-17  37.3700  37.01   185700.0
2013-04-18  37.0400  36.71   117200.0
2013-04-19  39.2100  38.20   203100.0
2013-04-22  38.3000  38.25   182100.0
2013-04-23  38.5300  39.02   136500.0
2013-04-24  39.0400  38.98    98700.0
2013-04-25  39.2800  39.01    97100.0
2013-04-26  38.8800  38.60   139600.0
2013-04-29  38.6900  38.82   138100.0
2013-04-30  38.8100  39.35   205200.0
2013-05-01  39.1200  37.97   257700.0
2013-05-02  38.1800  38.33   120800.0
2013-05-03  38.7200  38.70   137300.0
2013-05-06  38.6900  38.85   294600.0
2013-05-07  38.7900  39.39   213800.0
2013-05-08  39.3600  39.56   107200.0
2013-05-09  39.4500  39.14    99500.0
2013-05-10  39.2100  39.43   106200.0
2013-05-13  39.4200  39.02    99200.0
2013-05-14  38.9800  39.91   120900.0
2013-05-15  39.7600  40.78   216000.0
2013-05-16  40.7200  41.00   236600.0
2013-05-17  41.3200  40.95   204400.0
2013-05-20  40.8000  41.11   137600.0
2013-05-21  41.0300  41.07   159200.0
2013-05-22  41.0600  40.60   130500.0
2013-05-23  40.2100  41.35   218900.0
2013-05-24  41.1900  41.09   216200.0
2013-05-28  41.7700  42.05   200700.0
2013-05-29  41.8700  41.65    92600.0
2013-05-30  41.8600  41.95   110600.0
2013-05-31  41.6400  41.27   143200.0
2013-06-03  41.2800  41.86   272800.0
2013-06-04  41.9500  41.72   226100.0
2013-06-05  41.6800  40.65   127400.0
2013-06-06  40.7200  40.12   219400.0
2013-06-07  39.8200  40.80   170900.0
2013-06-10  40.9900  41.13    76900.0
2013-06-11  40.4700  40.60    85600.0
2013-06-12  40.8800  40.15    77500.0
2013-06-13  40.1500  40.89    80500.0
2013-06-14  40.7800  40.22    73300.0
2013-06-17  40.6400  40.91   109100.0
2013-06-18  41.0600  41.48   165000.0
2013-06-19  41.5300  40.55    82400.0
2013-06-20  40.0800  39.54   154400.0
2013-06-21  39.6700  40.51   467100.0
2013-06-24  39.8700  40.10   205800.0
2013-06-25  40.6200  40.29   162400.0
2013-06-26  40.6100  40.11   150000.0
2013-06-27  40.3800  40.83    96000.0
2013-06-28  40.7800  40.47   237300.0
2013-07-01  40.2800  41.36   114000.0
2013-07-02  41.3300  41.30   113400.0
2013-07-03  41.3800  41.76   131600.0
2013-07-05  42.4500  42.51   105800.0
2013-07-08  42.7200  42.70   116600.0
2013-07-09  43.1000  43.98   167800.0
2013-07-10  43.2700  43.59   255200.0
2013-07-11  44.1900  43.87   182400.0
2013-07-12  43.8300  43.74   119500.0
2013-07-15  43.8000  43.80   145300.0
2013-07-16  43.9000  43.49   133400.0
2013-07-17  43.4100  43.28   144400.0
2013-07-18  43.4900  43.50   151300.0
2013-07-19  43.4600  43.53   106700.0
2013-07-22  43.5100  43.79    82300.0
2013-07-23  43.8500  43.40   194400.0
2013-07-24  43.6300  43.91   175700.0
2013-07-25  43.9000  43.99   187900.0
2013-07-26  43.4200  43.46    64900.0
2013-07-29  43.2700  43.50   125200.0
2013-07-30  43.7400  43.79   138300.0
2013-07-31  44.0100  44.01   197500.0
2013-08-01  44.3900  44.61   306900.0
2013-08-02  44.4400  44.13   119500.0
2013-08-05  43.9800  44.32    78700.0
2013-08-06  44.0200  43.88   115300.0
2013-08-07  43.6500  43.66    94100.0
2013-08-08  43.7500  43.77   170000.0
2013-08-09  43.7700  43.36    76100.0
2013-08-12  43.0800  43.49    87000.0
2013-08-13  43.4500  43.60   114900.0
2013-08-14  43.6000  43.32    82700.0
2013-08-15  42.7400  42.60   148000.0
2013-08-16  42.3300  42.28   276900.0
2013-08-19  42.1300  42.00    97000.0
2013-08-20  41.9800  42.36   101000.0
2013-08-21  42.1600  41.72   107000.0
2013-08-22  41.9400  42.04   127800.0
2013-08-23  42.0400  42.00   109900.0
2013-08-26  42.0000  41.78   173600.0
2013-08-27  41.3300  41.44   376100.0
2013-08-28  41.3500  41.42   137500.0
2013-08-29  41.4200  41.77   188400.0
2013-08-30  41.6800  41.46   352000.0
2013-09-03  41.9600  41.55   490000.0
2013-09-04  41.6300  41.86   136900.0
2013-09-05  41.7100  41.76   124000.0
2013-09-06  41.9900  41.72   201000.0
2013-09-09  41.8200  42.86   197900.0
2013-09-10  43.1800  43.77   218200.0
2013-09-11  43.6300  43.68   134500.0
2013-09-12  43.6100  44.45   353500.0
2013-09-13  44.6700  44.93   329400.0
2013-09-16  45.5600  46.04   354700.0
2013-09-17  45.9900  45.88   180700.0
2013-09-18  45.8800  46.63   119700.0
2013-09-19  46.8500  47.20   157400.0
2013-09-20  47.4200  47.19   538800.0
2013-09-23  47.1900  47.30   298000.0
2013-09-24  47.4500  47.58   165300.0
2013-09-25  47.6500  47.12   235200.0
2013-09-26  47.2500  47.77   147100.0
2013-09-27  47.3800  47.51   230100.0
2013-09-30  47.1400  47.89   287700.0
2013-10-01  47.6800  48.58   420400.0
2013-10-02  48.1800  48.09   223900.0
2013-10-03  48.0700  47.91   190300.0
2013-10-04  47.8200  48.58   126100.0
2013-10-07  48.2700  48.27   237400.0
2013-10-08  48.3100  47.74   347000.0
2013-10-09  47.9000  47.92   180000.0
2013-10-10  48.4800  48.28   318600.0
2013-10-11  48.1200  48.73   221900.0
2013-10-14  48.5400  49.50   180100.0
2013-10-15  49.2900  48.91   191900.0
2013-10-16  49.1900  49.31   211000.0
2013-10-17  49.1300  49.77   271400.0
2013-10-18  50.7700  52.89   332900.0
2013-10-21  53.0800  52.19   254700.0
2013-10-22  52.3300  52.67   195000.0
2013-10-23  52.3700  52.67   231700.0
2013-10-24  52.7300  52.86   170800.0
2013-10-25  52.8600  52.75   180500.0
2013-10-28  52.8400  52.93   109900.0
2013-10-29  53.1800  53.32   136600.0
2013-10-30  53.3000  52.53   171500.0
2013-10-31  52.5200  52.13   208900.0
2013-11-01  52.0300  51.27   406400.0
2013-11-04  51.1700  51.84   285600.0
2013-11-05  51.7200  51.52   151600.0
2013-11-06  51.5300  51.79   128400.0
2013-11-07  51.8400  50.87   193000.0
2013-11-08  50.7700  52.00   120400.0
2013-11-11  51.7600  50.91   254100.0
2013-11-12  50.8300  51.23   114200.0
2013-11-13  50.8800  51.10   239300.0
2013-11-14  51.1000  50.91   230100.0
2013-11-15  50.8400  50.30   258900.0
2013-11-18  50.5000  49.88   263900.0
2013-11-19  49.8800  49.56   233200.0
2013-11-20  49.7700  49.70   230000.0
2013-11-21  49.7000  50.00   243200.0
2013-11-22  50.0000  49.88   165900.0
2013-11-25  49.8900  49.69   157400.0
2013-11-26  49.6300  49.78   180800.0
2013-11-27  49.9000  49.69   146800.0
2013-11-29  49.9800  49.14   131100.0
2013-12-02  49.0700  48.74   236900.0
2013-12-03  48.7300  49.12   369200.0
2013-12-04  49.0100  48.97   352700.0
2013-12-05  48.9900  48.55   205300.0
2013-12-06  49.0000  48.92   212800.0
2013-12-09  48.9300  48.56   280600.0
2013-12-10  48.5200  48.43   284900.0
2013-12-11  48.4300  47.88   270800.0
2013-12-12  47.9500  48.11   267000.0
2013-12-13  48.1300  48.43   201400.0
2013-12-16  47.9300  47.76   750900.0
2013-12-17  47.6300  48.01   463100.0
2013-12-18  48.0500  49.20   490000.0
2013-12-19  49.0000  47.81   472700.0
2013-12-20  47.8200  48.18  2297900.0
2013-12-23  48.2700  48.26   318100.0
2013-12-24  48.4900  48.63   109000.0
2013-12-26  48.9900  48.53   214400.0
2013-12-27  48.8300  48.48   219500.0
2013-12-30  48.6200  48.31   223000.0
2013-12-31  48.2500  48.52   278800.0
2014-01-02  48.5300  48.06   369300.0
2014-01-03  48.2400  48.33   201000.0
2014-01-06  48.3600  47.45   242800.0
2014-01-07  47.6500  47.95   200300.0
2014-01-08  47.8100  47.75   190900.0
2014-01-09  48.1200  49.09   669300.0
2014-01-10  49.0600  49.17   538200.0
2014-01-13  48.7300  49.27   354800.0
2014-01-14  49.4600  50.37   219900.0
2014-01-15  50.3700  51.05   401800.0
2014-01-16  50.8400  51.01   260900.0
2014-01-17  50.9000  50.95   244400.0
2014-01-21  51.3600  51.57   293200.0
2014-01-22  51.5200  51.80   260800.0
2014-01-23  51.5800  51.47   368100.0
2014-01-24  51.0900  50.20   270100.0
2014-01-27  50.3300  49.94   304600.0
2014-01-28  50.0600  50.02   320100.0
2014-01-29  49.5600  49.05   219000.0
2014-01-30  49.3000  49.55   247400.0
2014-01-31  48.6900  48.92   258500.0
2014-02-03  48.9300  46.89   590900.0
2014-02-04  47.0000  47.06   279300.0
2014-02-05  46.5200  46.74   254000.0
2014-02-06  46.9200  47.49   245100.0
2014-02-07  47.6000  48.20   277800.0
2014-02-10  47.3100  48.07   430800.0
2014-02-11  48.1300  48.34   304000.0
2014-02-12  48.3000  48.59   276000.0
2014-02-13  48.3400  49.48   182500.0
2014-02-14  49.5100  49.81   195400.0
2014-02-18  50.0000  50.40   171700.0
2014-02-19  50.6200  50.99   372300.0
2014-02-20  50.9100  51.01   235400.0
2014-02-21  51.2600  51.04   272500.0
2014-02-24  50.9800  51.01   209500.0
2014-02-25  50.9500  51.20   152400.0
2014-02-26  51.3600  52.61   231000.0
2014-02-27  52.3600  52.42   195800.0
2014-02-28  52.5600  52.43   249700.0
2014-03-03  52.1200  52.74   231900.0
2014-03-04  53.5100  54.98   448300.0
2014-03-05  55.2300  55.04   328100.0
2014-03-06  55.2100  55.17   196100.0
2014-03-07  55.5500  55.28   245600.0
2014-03-10  55.2100  55.32   148400.0
2014-03-11  55.4900  54.63   172200.0
2014-03-12  54.4100  54.46   205800.0
2014-03-13  54.6200  53.61   227300.0
2014-03-14  53.5900  54.43   240900.0
2014-03-17  54.9100  54.77   119500.0
2014-03-18  54.8000  54.88   187500.0
2014-03-19  54.7400  54.07   147600.0
2014-03-20  53.9800  55.79   367900.0
2014-03-21  56.1500  55.68   572500.0
2014-03-24  55.8300  55.26   241100.0
2014-03-25  55.7400  55.40   317400.0
2014-03-26  55.6500  54.40   264200.0
2014-03-27  54.5000  54.40   264600.0
2014-03-28  54.3600  54.72   269700.0
2014-03-31  55.2000  56.41   261600.0
2014-04-01  56.3900  56.35   262100.0
2014-04-02  56.3200  55.89   221200.0
2014-04-03  56.6200  56.72   233800.0
2014-04-04  57.2200  55.46   220400.0
2014-04-07  55.1300  54.20   242100.0
2014-04-08  54.3200  54.53   223800.0
2014-04-09  54.7200  55.21   176200.0
2014-04-10  55.2500  53.44   197100.0
2014-04-11  53.3000  53.16   222800.0
2014-04-14  53.9500  53.70   206500.0
2014-04-15  55.0000  52.78   370500.0
2014-04-16  53.2800  53.23   267200.0
2014-04-17  53.0900  54.97   255000.0
2014-04-21  54.8300  55.17   216000.0
2014-04-22  55.2400  55.11   269800.0
2014-04-23  55.1400  55.07   360300.0
2014-04-24  55.2500  54.57   266900.0
2014-04-25  54.3500  53.77   321800.0
2014-04-28  54.1200  54.03   241600.0
2014-04-29  54.3800  53.97   185500.0
2014-04-30  53.6800  54.05   245100.0
2014-05-01  54.0400  53.86   399100.0
2014-05-02  53.8600  54.33   271800.0
2014-05-05  53.9000  54.02   514100.0
2014-05-06  53.8500  53.78   332900.0
2014-05-07  53.5800  55.24   304900.0
2014-05-08  55.1500  53.99   348300.0
2014-05-09  53.6500  53.88   348400.0
2014-05-12  54.2500  54.63   321700.0
2014-05-13  54.5700  54.46   245300.0
2014-05-14  54.3300  53.74   257100.0
2014-05-15  53.3000  53.53   266100.0
2014-05-16  53.4600  53.91   274500.0
2014-05-19  53.7400  54.54   193200.0
2014-05-20  54.3700  53.81   297000.0
2014-05-21  54.0600  53.86   204200.0
2014-05-22  53.8200  54.02   198800.0
2014-05-23  54.1600  54.61   152700.0
2014-05-27  55.1000  54.59   159300.0
2014-05-28  54.4400  54.98   151600.0
2014-05-29  55.0000  54.77   212800.0
2014-05-30  54.8700  54.80   226900.0
2014-06-02  54.8900  54.01   309700.0
2014-06-03  53.5500  53.56   220700.0
2014-06-04  53.2900  53.48   199100.0
2014-06-05  53.6000  53.74   300700.0
2014-06-06  54.1500  54.58   331900.0
2014-06-09  54.5300  54.50   180600.0
2014-06-10  54.2500  54.50   197300.0
2014-06-11  54.2300  54.09   150500.0
2014-06-12  53.9000  53.55   147900.0
2014-06-13  53.6800  53.56   114000.0
2014-06-16  53.3900  53.41   182700.0
2014-06-17  53.4200  53.78   213300.0
2014-06-18  53.7800  53.95   136300.0
2014-06-19  53.9800  54.14   107500.0
2014-06-20  54.3100  54.13   412700.0
2014-06-23  54.2700  53.96   114100.0
2014-06-24  54.0300  54.00   215500.0
2014-06-25  53.7400  54.76   200300.0
2014-06-26  54.8800  54.41   133400.0
2014-06-27  54.0200  55.29   457100.0
2014-06-30  55.1500  55.72   250500.0
2014-07-01  55.7200  56.24   303800.0
2014-07-02  56.0300  55.66   145500.0
2014-07-03  55.7600  56.09    72800.0
2014-07-07  56.0100  56.01   174900.0
2014-07-08  55.9100  55.92   266400.0
2014-07-09  56.0000  55.95   163900.0
2014-07-10  54.9700  55.75   323400.0
2014-07-11  55.6500  55.64   151900.0
2014-07-14  56.1000  55.21   125100.0
2014-07-15  54.9800  54.47   197600.0
2014-07-16  54.7900  54.18   317200.0
2014-07-17  53.8700  53.72   151100.0
2014-07-18  53.6400  54.50   169200.0
2014-07-21  54.0900  54.03    97300.0
2014-07-22  54.1800  54.10    85200.0
2014-07-23  54.0600  53.79   147500.0
2014-07-24  53.6100  54.14   183700.0
2014-07-25  54.0400  55.33   272300.0
2014-07-28  55.2600  55.03   216200.0
2014-07-29  55.0700  54.49   215000.0
2014-07-30  54.7500  54.19   165600.0
2014-07-31  53.5200  52.50   313700.0
2014-08-01  52.5000  52.87   327800.0
2014-08-04  53.0600  53.01   186300.0
2014-08-05  52.6000  52.48   191500.0
2014-08-06  52.0000  52.30   104600.0
2014-08-07  52.4200  51.86    88600.0
2014-08-08  51.8400  52.58    95800.0
2014-08-11  52.8600  53.13   102500.0
2014-08-12  52.8800  53.40   149900.0
2014-08-13  53.6100  54.00   156800.0
2014-08-14  53.9300  54.11    86600.0
2014-08-15  54.5100  54.43   229000.0
2014-08-18  54.9000  54.81   254700.0
2014-08-19  54.8700  55.30   182300.0
2014-08-20  55.0400  54.98   171900.0
2014-08-21  54.8900  54.95   245400.0
2014-08-22  55.0100  54.89   177300.0
2014-08-25  55.1500  55.28   159400.0
2014-08-26  55.3900  56.20   259700.0
2014-08-27  56.3600  56.35   138200.0
2014-08-28  56.2200  56.13   101200.0
2014-08-29  56.1700  56.11   122800.0
2014-09-02  56.2200  55.99   290000.0
2014-09-03  56.2800  55.64   132200.0
2014-09-04  55.6000  55.40   140600.0
2014-09-05  55.2200  55.60    99400.0
2014-09-08  55.5800  55.32   139800.0
2014-09-09  55.1900  54.79   167700.0
2014-09-10  54.7900  55.16    94300.0
2014-09-11  54.8100  55.22   132400.0
2014-09-12  55.2100  54.34   132300.0
2014-09-15  54.4000  54.51   144900.0
2014-09-16  54.4600  55.09   219400.0
2014-09-17  55.0700  55.00   250700.0
2014-09-18  55.0500  55.53   260100.0
2014-09-19  55.9800  54.59   546100.0
2014-09-22  54.3100  53.59   204153.0
2014-09-23  53.2500  52.54   318134.0
2014-09-24  52.7400  52.69   278937.0
2014-09-25  52.4400  52.02   222132.0
2014-09-26  52.0400  52.49   147477.0
2014-09-29  51.9400  53.09   246412.0
2014-09-30  53.0000  52.35   266550.0
2014-10-01  52.0900  51.13   349230.0
2014-10-02  51.0900  51.25   168834.0
2014-10-03  51.7500  51.32   109741.0
2014-10-06  51.4100  51.10   101745.0
2014-10-07  50.7700  50.66   253400.0
2014-10-08  50.5500  52.14   304953.0
2014-10-09  51.9600  50.42   211983.0
2014-10-10  50.1000  50.19   185501.0
2014-10-13  50.2600  50.03   255948.0
2014-10-14  50.5100  50.78   202477.0
2014-10-15  50.4100  51.27   260659.0
2014-10-16  50.5200  51.35   294889.0
2014-10-17  52.0300  51.86   182281.0
2014-10-20  51.6000  52.79   125081.0
2014-10-21  52.9900  53.59   162115.0
2014-10-22  53.8400  53.13   208935.0
2014-10-23  53.9000  53.88   214877.0
2014-10-24  54.0000  54.00   151399.0
2014-10-27  53.7500  54.21   207752.0
2014-10-28  54.5900  56.93   281479.0
2014-10-29  56.8500  56.97   201560.0
2014-10-30  56.6500  57.82   245616.0
2014-10-31  58.5200  59.18   267575.0
2014-11-03  59.2900  59.40   291108.0
2014-11-04  59.4800  59.14   249716.0
2014-11-05  59.3100  59.60   290446.0
2014-11-06  59.5300  59.92   167525.0
2014-11-07  60.0000  59.80   189359.0
2014-11-10  59.6600  60.04   140559.0
2014-11-11  60.1600  60.03   177273.0
2014-11-12  59.6100  60.49   157909.0
2014-11-13  60.4000  59.89   120886.0
2014-11-14  59.9400  59.21   133579.0
2014-11-17  59.1000  58.96   166319.0
2014-11-18  59.1600  59.27   173286.0
2014-11-19  59.1500  58.71   163404.0
2014-11-20  58.3200  59.13   145444.0
2014-11-21  59.8100  59.23   137738.0
2014-11-24  59.4900  59.35   210558.0
2014-11-25  59.5100  59.18   130558.0
2014-11-26  59.1000  59.48   108874.0
2014-11-28  59.6000  58.95   118353.0
2014-12-01  58.8700  58.65   173816.0
2014-12-02  58.6500  59.50   168446.0
2014-12-03  59.5900  59.81   151730.0
2014-12-04  59.6000  59.56   160165.0
2014-12-05  59.4500  59.90   156099.0
2014-12-08  59.6200  59.22   183451.0
2014-12-09  58.5200  59.43   223720.0
2014-12-10  59.0800  58.17   154792.0
2014-12-11  58.4200  58.15   172594.0
2014-12-12  57.3900  57.00   322459.0
2014-12-15  57.3800  56.98   219048.0
2014-12-16  56.6600  57.17   265401.0
2014-12-17  57.4600  59.50   227572.0
2014-12-18  60.1900  60.51   169270.0
2014-12-19  60.5700  61.15   583588.0
2014-12-22  61.1800  61.93   151540.0
2014-12-23  62.2700  62.09   212413.0
2014-12-24  62.0700  61.97   103295.0
2014-12-26  62.3400  62.81   157783.0
2014-12-29  62.9100  62.98   192480.0
2014-12-30  62.7000  62.17   131463.0
2014-12-31  62.2300  60.34   238033.0
2015-01-02  60.5700  59.87   169591.0
2015-01-05  59.3400  58.79   180703.0
2015-01-06  59.0200  57.39   207213.0
2015-01-07  57.7600  57.77   216368.0
2015-01-08  58.4100  59.58   222465.0
2015-01-09  59.4700  58.87   121267.0
2015-01-12  59.0000  58.17   145092.0
2015-01-13  58.7600  58.48   144006.0
2015-01-14  57.6700  58.88   114886.0
2015-01-15  59.5600  58.70   201693.0
2015-01-16  58.4200  60.33   226563.0
2015-01-20  60.3200  60.47   166790.0
2015-01-21  60.1200  60.17   166014.0
2015-01-22  60.6100  61.52   219708.0
2015-01-23  61.6600  61.24   146231.0
2015-01-26  60.9800  61.64   221408.0
2015-01-27  61.0700  61.65   236421.0
2015-01-28  61.9800  61.00   304020.0
2015-01-29  60.9900  61.76   148166.0
2015-01-30  61.2000  61.00   227137.0
2015-02-02  60.9700  61.51   321806.0
2015-02-03  61.8700  62.41   421955.0
2015-02-04  62.1300  62.19   209437.0
2015-02-05  62.4400  62.53   170747.0
2015-02-06  62.0600  62.41   716433.0
2015-02-09  61.0000  58.91   366314.0
2015-02-10  59.1300  58.82   287953.0
2015-02-11  58.5500  59.35   217081.0
2015-02-12  59.9500  60.22   314791.0
2015-02-13  60.3300  61.31   226476.0
2015-02-17  61.3800  61.66   156621.0
2015-02-18  61.3800  62.09   255994.0
2015-02-19  61.8200  62.41   140240.0
2015-02-20  62.4100  62.96   230332.0
2015-02-23  62.6700  63.08   195590.0
2015-02-24  62.9800  63.53   195801.0
2015-02-25  63.6000  63.49   179788.0
2015-02-26  63.3600  63.53    91887.0
2015-02-27  63.3000  63.61   172325.0
2015-03-02  63.3800  64.87   197449.0
2015-03-03  64.6100  65.01   338625.0
2015-03-04  64.9600  65.01   303266.0
2015-03-05  65.0100  64.98   271432.0
2015-03-06  64.4200  64.71   349778.0
2015-03-09  64.8800  64.71   205294.0
2015-03-10  64.2800  64.01   332191.0
2015-03-11  64.0700  64.38   279844.0
2015-03-12  64.8700  65.36   224527.0
2015-03-13  65.3700  64.28   212074.0
2015-03-16  64.4600  64.76   177549.0
2015-03-17  64.5700  64.65   201174.0
2015-03-18  64.5500  65.08   178975.0
2015-03-19  64.6900  64.88   136575.0
2015-03-20  65.4400  65.80   353818.0
2015-03-23  65.6900  65.29   218816.0
2015-03-24  65.2600  65.82   253028.0
2015-03-25  65.7700  64.30   307267.0
2015-03-26  63.9800  64.40   255473.0
2015-03-27  64.5300  65.50   202566.0
2015-03-30  65.8100  66.40   144391.0
2015-03-31  66.7800  68.88   458239.0
2015-04-01  68.5600  68.16   202118.0
2015-04-02  68.2800  68.36   134526.0
2015-04-06  68.2300  69.62   223565.0
2015-04-07  69.4700  68.34   207247.0
2015-04-08  68.7900  69.14   273753.0
2015-04-09  69.1400  69.02   272349.0
2015-04-10  69.4300  69.16   184296.0
2015-04-13  69.0100  69.07   160408.0
2015-04-14  69.1700  68.93   167875.0
2015-04-15  69.2500  69.10   263315.0
2015-04-16  69.0900  68.24   261714.0
2015-04-17  68.1400  66.47   284387.0
2015-04-20  66.8200  67.27   342305.0
2015-04-21  67.0500  67.76   289182.0
2015-04-22  68.1200  68.83   398845.0
2015-04-23  68.3600  69.16   323171.0
2015-04-24  69.0700  68.00   178755.0
2015-04-27  68.0400  67.28   259976.0
2015-04-28  67.1400  68.61   185586.0
2015-04-29  68.4500  67.37   173195.0
2015-04-30  66.6900  65.36   444031.0
2015-05-01  65.4600  66.00   269231.0
2015-05-04  66.2400  66.45   255036.0
2015-05-05  66.4200  65.90   240381.0
2015-05-06  65.7000  65.79   294957.0
2015-05-07  65.7000  66.00   183609.0
2015-05-08  66.4900  65.70   255543.0
2015-05-11  65.5400  65.68   186323.0
2015-05-12  65.5000  64.74   215955.0
2015-05-13  65.0000  64.72   404001.0
2015-05-14  65.1400  66.53   162834.0
2015-05-15  66.6000  66.81   141776.0
2015-05-18  66.8200  67.58   176362.0
2015-05-19  67.6900  67.91   158712.0
2015-05-20  67.9200  68.02   251401.0
2015-05-21  68.0000  68.31   142791.0
2015-05-22  68.0900  67.79   116417.0
2015-05-26  67.3200  67.43   218333.0
2015-05-27  67.7300  68.26   176616.0
2015-05-28  67.9700  68.23   179292.0
2015-05-29  68.0100  67.70   463137.0
2015-06-01  68.2000  67.98   165764.0
2015-06-02  67.5300  67.84   116661.0
2015-06-03  68.1100  68.50   174094.0
2015-06-04  68.0500  67.71   166604.0
2015-06-05  67.7200  67.65   198751.0
2015-06-08  67.6100  67.43   209620.0
2015-06-09  67.2900  67.44   168183.0
2015-06-10  67.9000  68.54   156208.0
2015-06-11  68.7700  68.73   137874.0
2015-06-12  68.7400  67.93   165281.0
2015-06-15  67.4300  66.98   224574.0
2015-06-16  66.9300  68.63   142667.0
2015-06-17  68.9900  68.54   144197.0
2015-06-18  68.8900  69.56   166064.0
2015-06-19  69.6500  69.26   384466.0
2015-06-22  69.5100  69.91   134866.0
2015-06-23  69.8400  70.25   149049.0
2015-06-24  70.2100  69.78   197104.0
2015-06-25  69.9300  69.81   174716.0
2015-06-26  69.9300  69.63   824258.0
2015-06-29  69.2200  68.09   185791.0
2015-06-30  68.5600  68.34   215455.0
2015-07-01  68.8800  68.17   261828.0
2015-07-02  68.4900  67.70   102989.0
2015-07-06  67.1600  67.46   148134.0
2015-07-07  67.4800  67.53   137164.0
2015-07-08  66.8500  66.87   253706.0
2015-07-09  67.5500  67.07   150231.0
2015-07-10  67.9100  67.98   173911.0
2015-07-13  68.2800  68.95   122386.0
2015-07-14  68.9900  69.70   118435.0
2015-07-15  69.5700  68.68   127419.0
2015-07-16  68.9200  68.67    99377.0
2015-07-17  68.6200  68.34   104946.0
2015-07-20  68.0200  68.42   111238.0
2015-07-21  68.5900  67.58   189709.0
2015-07-22  67.5700  68.63   125478.0
2015-07-23  68.5900  67.56   129980.0
2015-07-24  66.5600  65.51   219914.0
2015-07-27  64.9800  65.78   240878.0
2015-07-28  65.9000  66.91   224112.0
2015-07-29  66.6400  67.67   136958.0
2015-07-30  67.3300  67.63   148340.0
2015-07-31  67.8700  68.39   168392.0
2015-08-03  68.2500  68.20   118714.0
2015-08-04  68.3600  68.19   112488.0
2015-08-05  68.2000  68.52    96656.0
2015-08-06  68.6500  68.38   123380.0
2015-08-07  67.9000  67.64   114371.0
2015-08-10  67.9900  68.47   125817.0
2015-08-11  67.9300  68.01   139959.0
2015-08-12  67.5200  67.61   188113.0
2015-08-13  67.6400  67.10   159970.0
2015-08-14  66.9600  68.22   159525.0
2015-08-17  67.8900  68.59   156114.0
2015-08-18  68.6500  68.36   150914.0
2015-08-19  67.7700  67.71   193067.0
2015-08-20  67.2000  66.22   179510.0
2015-08-21  64.3400  65.42   323715.0
2015-08-24  61.9600  64.01   334279.0
2015-08-25  65.9500  62.07   205778.0
2015-08-26  63.2200  63.85   203250.0
2015-08-27  64.7900  65.35   150800.0
2015-08-28  65.2500  65.36   139422.0
2015-08-31  65.2500  65.15   113286.0
2015-09-01  64.1000  62.68   210033.0
2015-09-02  62.9100  63.16   247168.0
2015-09-03  63.4000  63.20   232824.0
2015-09-04  62.4100  62.25   183236.0
2015-09-08  63.0500  63.09   241473.0
2015-09-09  63.2100  63.03   381388.0
2015-09-10  62.8600  62.69   119849.0
2015-09-11  62.2600  63.32   123874.0
2015-09-14  63.4500  62.71   256417.0
2015-09-15  62.9800  63.46   227064.0
2015-09-16  63.5300  64.44   166295.0
2015-09-17  64.4500  64.23   229591.0
2015-09-18  63.5500  63.05   567772.0
2015-09-21  63.3700  63.97   147416.0
2015-09-22  63.3900  62.70   181836.0
2015-09-23  62.9700  62.20   152129.0
2015-09-24  61.7100  61.96   231254.0
2015-09-25  62.5200  61.96   197386.0
2015-09-28  61.6900  60.17   248155.0
2015-09-29  60.1500  60.03   329260.0
2015-09-30  60.6100  61.30   362134.0
2015-10-01  61.4400  60.26   279062.0
2015-10-02  59.6500  61.58   182145.0
2015-10-05  62.0800  62.88   126231.0
2015-10-06  62.8400  62.41   296618.0
2015-10-07  62.5700  63.82   275974.0
2015-10-08  63.6000  65.34   257392.0
2015-10-09  65.5900  65.88   150894.0
2015-10-12  65.8100  66.16   116149.0
2015-10-13  65.7800  65.73   161010.0
2015-10-14  65.8800  65.39   119464.0
2015-10-15  65.6900  66.18   133465.0
2015-10-16  66.4300  66.54   139646.0
2015-10-19  66.0900  66.46   130204.0
2015-10-20  66.3100  66.23   160645.0
2015-10-21  66.5200  64.98   205671.0
2015-10-22  65.4200  65.34   183120.0
2015-10-23  66.0100  64.82   189800.0
2015-10-26  64.5500  64.13   131092.0
2015-10-27  63.8100  63.70   268641.0
2015-10-28  63.7800  65.60   183744.0
2015-10-29  65.4500  65.12    94113.0
2015-10-30  64.9100  65.27   138146.0
2015-11-02  65.2200  65.85    95556.0
2015-11-03  65.5700  66.15   206411.0
2015-11-04  65.9800  65.97   160465.0
2015-11-05  65.8800  65.89   132743.0
2015-11-06  65.4300  66.25   147668.0
2015-11-09  66.1100  64.73   116804.0
2015-11-10  64.4700  64.52   143117.0
2015-11-11  64.5800  64.37   113463.0
2015-11-12  64.1300  63.10   117989.0
2015-11-13  62.9000  63.03   134858.0
2015-11-16  63.1700  64.40   134940.0
2015-11-17  64.0100  64.33   115527.0
2015-11-18  64.3300  64.93   190055.0
2015-11-19  64.9700  64.92    95929.0
2015-11-20  65.3100  64.71   137144.0
2015-11-23  64.5400  64.90    81198.0
2015-11-24  64.7100  65.40   106896.0
2015-11-25  65.3200  66.13   100901.0
2015-11-27  65.9900  66.48    46864.0
2015-11-30  66.5100  66.84   178630.0
2015-12-01  67.1400  67.00   139623.0
2015-12-02  67.0000  66.08    75844.0
2015-12-03  66.3900  64.99   115579.0
2015-12-04  65.0200  66.27   175172.0
2015-12-07  66.1300  65.89   163709.0
2015-12-08  65.1800  64.09   184172.0
2015-12-09  64.0800  63.82   179705.0
2015-12-10  63.7600  63.22   145038.0
2015-12-11  62.1400  61.88   148711.0
2015-12-14  61.7900  62.17   233537.0
2015-12-15  62.6300  62.49   202685.0
2015-12-16  62.7800  63.07   449963.0
2015-12-17  63.1000  62.02   169601.0
2015-12-18  61.6600  61.04   420994.0
2015-12-21  61.3600  61.80   151003.0
2015-12-22  62.1100  62.85    91577.0
2015-12-23  63.1400  63.72   108837.0
2015-12-24  63.7900  63.82    57685.0
2015-12-28  63.5900  63.92   121399.0
2015-12-29  64.2100  64.29    93115.0
2015-12-30  64.3200  64.16   154350.0
2015-12-31  63.7900  62.82   161523.0
2016-01-04  61.8700  60.70   223003.0
2016-01-05  60.8400  60.58   100811.0
2016-01-06  59.7700  60.16   159320.0
2016-01-07  58.9800  59.22   165873.0
2016-01-08  59.4700  59.04   288275.0
2016-01-11  59.1900  58.71   107447.0
2016-01-12  59.1200  58.70   143568.0
2016-01-13  58.9200  56.24   263934.0
2016-01-14  56.4600  58.10   260637.0
2016-01-15  56.5000  56.63   247242.0
2016-01-19  57.1100  55.61   292279.0
2016-01-20  54.7600  56.53   375931.0
2016-01-21  56.6100  56.53   212116.0
2016-01-22  57.3800  58.76   265059.0
2016-01-25  58.4300  56.65   211854.0
2016-01-26  57.0300  57.29   237100.0
2016-01-27  57.0300  56.73   219385.0
2016-01-28  57.3000  57.76   192365.0
2016-01-29  57.9700  59.67   372731.0
2016-02-01  59.1600  58.50   203870.0
2016-02-02  57.7600  57.47   179694.0
2016-02-03  58.0700  57.74   247966.0
2016-02-04  57.5900  57.38   179410.0
2016-02-05  56.3800  53.92   453479.0
2016-02-08  53.9200  54.72   379567.0
2016-02-09  54.1000  54.98   258853.0
2016-02-10  55.2100  54.97   188336.0
2016-02-11  54.0100  54.14   278879.0
2016-02-12  54.7500  55.30   191348.0
2016-02-16  56.0300  56.25   132552.0
2016-02-17  56.5500  56.06   264182.0
2016-02-18  56.0600  56.31   171808.0
2016-02-19  56.2500  56.80   129860.0
2016-02-22  57.3100  56.70   131333.0
2016-02-23  56.4300  55.86   117548.0
2016-02-24  55.2000  56.74   145222.0
2016-02-25  56.9000  57.22   124795.0
2016-02-26  57.4400  57.60   284625.0
2016-02-29  57.6100  57.48   240831.0
2016-03-01  57.9500  58.63   210515.0
2016-03-02  58.4000  58.45   206957.0
2016-03-03  58.4100  58.56   252948.0
2016-03-04  58.6200  58.77   254070.0
2016-03-07  58.4300  59.35   188221.0
2016-03-08  58.8700  58.58   215592.0
2016-03-09  58.8000  59.62   232197.0
2016-03-10  59.9300  60.28   273076.0
2016-03-11  60.7400  62.16   227110.0
2016-03-14  61.9400  62.30   260516.0
2016-03-15  62.0600  62.54   276052.0
2016-03-16  62.2200  63.14   200652.0
2016-03-17  63.1100  64.65   205875.0
2016-03-18  65.0100  65.39   722669.0
2016-03-21  65.0800  63.66   246749.0
2016-03-22  63.3800  63.35   197959.0
2016-03-23  63.2100  62.27   196442.0
2016-03-24  61.9800  62.36   133474.0
2016-03-28  62.5500  62.37   141984.0
2016-03-29  62.2900  63.86   210218.0
2016-03-30  64.3300  63.91   125132.0
2016-03-31  63.8200  63.46   121749.0
2016-04-01  62.9500  63.82   178079.0
2016-04-04  63.7550  63.27   148910.0
2016-04-05  62.7700  63.45   175060.0
2016-04-06  63.4300  64.43   198307.0
2016-04-07  64.0200  64.25   215651.0
2016-04-08  64.7200  64.53   116642.0
2016-04-11  64.7200  64.49   116408.0
2016-04-12  64.5400  65.19   169898.0
2016-04-13  65.6400  66.05   194441.0
2016-04-14  66.0900  65.39   220934.0
2016-04-15  65.3400  66.30   176875.0
2016-04-18  66.0300  66.35   143313.0
2016-04-19  66.8900  66.83   130212.0
2016-04-20  65.8100  67.11   139433.0
2016-04-21  67.6400  67.54   192459.0
2016-04-22  67.4900  67.81   212473.0
2016-04-25  67.3900  67.15   149714.0
2016-04-26  67.6300  67.92   198359.0
2016-04-27  68.7300  67.98   112749.0
2016-04-28  67.8800  67.46   149805.0
2016-04-29  67.2400  67.25   136638.0
2016-05-02  67.2300  68.01   149171.0
2016-05-03  67.3000  66.79   143097.0
2016-05-04  66.1200  66.05   144027.0
2016-05-05  66.3800  65.83   109646.0
2016-05-06  65.8200  66.47    82826.0
2016-05-09  66.1200  65.78   138354.0
2016-05-10  66.2100  67.14   109177.0
2016-05-11  67.2000  66.55    83122.0
2016-05-12  67.0800  66.56   132075.0
2016-05-13  66.3100  65.59   138026.0
2016-05-16  65.9500  67.02   117126.0
2016-05-17  67.0400  65.94   167675.0
2016-05-18  65.6600  65.76   165590.0
2016-05-19  65.2600  66.54   208043.0
2016-05-20  66.9400  67.35   262495.0
2016-05-23  67.3800  66.84   120395.0
2016-05-24  67.3000  67.81   194105.0
2016-05-25  67.8700  67.81   135002.0
2016-05-26  67.8100  67.56    76796.0
2016-05-27  67.7400  68.42    99258.0
2016-05-31  68.6500  68.22   133689.0
2016-06-01  67.7900  68.48   100895.0
2016-06-02  68.3900  69.16   100169.0
2016-06-03  69.2100  69.18   100468.0
2016-06-06  69.2100  70.14   107133.0
2016-06-07  70.1500  70.53    83842.0
2016-06-08  70.5300  71.08   113352.0
2016-06-09  70.7900  71.35   131440.0
2016-06-10  71.0400  71.23   167737.0
2016-06-13  70.8500  70.43   160090.0
2016-06-14  70.2300  70.46   137193.0
2016-06-15  70.8200  70.34   126028.0
2016-06-16  69.8200  70.70   145727.0
2016-06-17  70.7600  70.50   350801.0
2016-06-20  71.2400  71.28   109837.0
2016-06-21  71.1700  71.51   115642.0
2016-06-22  71.5500  71.38   164106.0
2016-06-23  72.0000  72.21   267181.0
2016-06-24  69.3000  69.83  1011591.0
2016-06-27  69.2300  67.76   342326.0
2016-06-28  68.2500  69.21   259854.0
2016-06-29  70.0700  69.43   194140.0
2016-06-30  69.6700  71.04   394257.0
2016-07-01  71.0900  70.80   221465.0
2016-07-05  70.6400  69.64   227317.0
2016-07-06  69.4400  69.12   241183.0
2016-07-07  69.0800  68.89   182572.0
2016-07-08  69.1500  69.56   458647.0
2016-07-11  69.7500  69.24   372905.0
2016-07-12  69.5800  69.75   307583.0
2016-07-13  69.9500  69.71   385318.0
2016-07-14  69.9500  70.53   152725.0
2016-07-15  70.9300  70.65   136058.0
2016-07-18  70.7300  71.00   135881.0
2016-07-19  70.8100  70.77    92866.0
2016-07-20  70.8500  71.19   131452.0
2016-07-21  71.3600  70.40   125744.0
2016-07-22  71.7000  75.59   954131.0
2016-07-25  74.7100  74.74   297079.0
2016-07-26  74.7100  74.07   187004.0
2016-07-27  74.2700  74.36   177227.0
2016-07-28  74.1600  74.47   157455.0
2016-07-29  74.3300  73.83   188592.0
2016-08-01  73.9200  73.54   178594.0
2016-08-02  73.6200  72.69    89849.0
2016-08-03  72.4000  73.29   122242.0
2016-08-04  72.8600  73.54   111498.0
2016-08-05  73.8600  74.10   134278.0
2016-08-08  73.9800  74.08   144936.0
2016-08-09  74.0000  74.44   190868.0
2016-08-10  74.5500  74.50   114049.0
2016-08-11  74.8300  74.52   121895.0
2016-08-12  74.2600  74.01    84243.0
2016-08-15  74.0300  73.85   138037.0
2016-08-16  73.7900  72.84   113108.0
2016-08-17  73.0300  72.54   137772.0
2016-08-18  72.5400  72.53   170359.0
2016-08-19  72.3300  73.60   304799.0
2016-08-22  73.5900  73.46   133058.0
2016-08-23  73.7600  73.63   134018.0
2016-08-24  73.4300  73.12   124099.0
2016-08-25  73.0800  73.91   120271.0
2016-08-26  74.0000  73.09   202358.0
2016-08-29  73.2800  73.84   108793.0
2016-08-30  73.7000  74.41   215731.0
2016-08-31  74.3700  73.23   187398.0
2016-09-01  73.4200  74.22   209985.0
2016-09-02  74.7100  75.07   166904.0
2016-09-06  75.1100  75.03   185739.0
2016-09-07  74.7300  75.28   236806.0
2016-09-08  75.2300  75.19   162021.0
2016-09-09  74.5600  73.86   233028.0
2016-09-12  73.5500  75.26   231147.0
2016-09-13  74.0400  74.58   256710.0
2016-09-14  74.6600  74.83   215825.0
2016-09-15  75.0600  75.01   128585.0
2016-09-16  75.0000  74.96   322826.0
2016-09-19  75.2800  75.10   118861.0
2016-09-20  75.2100  74.65   113523.0
2016-09-21  75.0400  75.24   197149.0
2016-09-22  75.7200  75.42   281579.0
2016-09-23  75.2700  74.77   132639.0
2016-09-26  74.3800  74.83    95901.0
2016-09-27  74.8000  75.26    72912.0
2016-09-28  75.4000  75.89   116274.0
2016-09-29  75.8100  75.01    96157.0
2016-09-30  75.6600  75.80   184048.0
2016-10-03  75.6600  75.13   153187.0
2016-10-04  75.1400  74.65   120399.0
2016-10-05  75.0400  74.92    98670.0
2016-10-06  74.6200  75.13   134036.0
2016-10-07  75.0800  74.36   289573.0
2016-10-10  74.8400  74.62   126008.0
2016-10-11  74.5300  73.18   210365.0
2016-10-12  73.3500  73.14   133444.0
2016-10-13  72.6000  72.49   131433.0
2016-10-14  72.7900  72.29   112172.0
2016-10-17  72.2000  72.14    98947.0
2016-10-18  72.6000  72.52   142339.0
2016-10-19  72.7800  72.29   162835.0
2016-10-20  72.9400  71.37   161528.0
2016-10-21  69.2200  73.13   461023.0
2016-10-24  73.9500  74.43   325904.0
2016-10-25  74.2500  73.77   385185.0
2016-10-26  73.5400  73.62   156731.0
2016-10-27  73.8100  73.83   192533.0
2016-10-28  74.0700  73.66   115173.0
2016-10-31  73.8800  74.51   235686.0
2016-11-01  74.6700  73.27   265626.0
2016-11-02  73.1000  73.64   165970.0
2016-11-03  73.3500  73.77   147515.0
2016-11-04  73.9200  73.72   214562.0
2016-11-07  74.2700  74.74   169575.0
2016-11-08  74.5200  74.76   226181.0
2016-11-09  74.4200  74.92   283753.0
2016-11-10  75.5400  73.58   286255.0
2016-11-11  73.6500  75.19   345662.0
2016-11-14  75.6900  76.91   202570.0
2016-11-15  76.9700  75.29   311689.0
2016-11-16  75.2900  75.60   202293.0
2016-11-17  75.7600  75.44   137372.0
2016-11-18  75.3800  76.15   280389.0
2016-11-21  76.6000  76.86   157365.0
2016-11-22  77.1600  77.76   120448.0
2016-11-23  77.7500  77.79   110491.0
2016-11-25  77.7700  78.24    71998.0
2016-11-28  78.2500  77.91   143570.0
2016-11-29  78.2100  78.52   102256.0
2016-11-30  79.1700  78.09   145095.0
2016-12-01  78.2500  77.46   160584.0
2016-12-02  77.4300  77.17   122695.0
2016-12-05  77.6300  77.74   127434.0
2016-12-06  77.8400  78.88   200614.0
2016-12-07  78.9100  80.56   128872.0
2016-12-08  80.7100  82.78   149327.0
2016-12-09  83.2800  83.11   162856.0
2016-12-12  82.8100  82.11   194804.0
2016-12-13  82.2800  82.11   150760.0
2016-12-14  82.2900  79.47   195485.0
2016-12-15  79.3700  79.86   217682.0
2016-12-16  79.4400  78.76   452820.0
2016-12-19  78.4800  79.01   144560.0
2016-12-20  78.9900  79.00   166486.0
2016-12-21  79.0000  78.73   135970.0
2016-12-22  78.6500  78.40   106256.0
2016-12-23  78.4500  78.39   157307.0
2016-12-27  78.5200  79.14   117378.0
2016-12-28  79.4000  78.37    87707.0
2016-12-29  78.4600  78.83    64462.0
2016-12-30  79.0000  78.58    92326.0
2017-01-03  79.1600  77.72   190587.0
2017-01-04  78.0000  78.91   205503.0
2017-01-05  78.7800  77.32   272479.0
2017-01-06  77.3800  77.14   102330.0
2017-01-09  76.6700  76.61   133868.0
2017-01-10  76.6200  77.66   161307.0
2017-01-11  77.6100  78.11   233387.0
2017-01-12  78.0000  77.32    95938.0
2017-01-13  77.9000  78.13   105132.0
2017-01-17  77.8200  77.32    92808.0
2017-01-18  77.6300  77.74    92188.0
2017-01-19  77.7600  76.73    94077.0
2017-01-20  76.5500  76.88   185996.0
2017-01-23  77.0400  76.88    70818.0
2017-01-24  77.2100  78.15   144150.0
2017-01-25  78.9200  78.16   131435.0
2017-01-26  78.3700  77.45   110114.0
2017-01-27  77.6000  77.38    72080.0
2017-01-30  77.2000  76.57   139079.0
2017-01-31  76.2100  76.75   182748.0
2017-02-01  76.9800  76.51   155576.0
2017-02-02  76.6300  76.08   137024.0
2017-02-03  76.4700  77.02   126789.0
2017-02-06  76.7000  76.56    84944.0
2017-02-07  76.7000  76.03   104305.0
2017-02-08  75.7500  75.95    98508.0
2017-02-09  76.0500  77.00   109052.0
2017-02-10  78.7500  78.48   545375.0
2017-02-13  79.1900  78.53   174268.0
2017-02-14  78.0700  78.58   170451.0
2017-02-15  78.0700  78.92   147014.0
2017-02-16  78.9800  79.16   211839.0
2017-02-17  78.9200  79.45   167955.0
2017-02-21  79.8200  79.64   136299.0
2017-02-22  79.4600  79.69   133908.0
2017-02-23  80.1300  79.74   113259.0
2017-02-24  79.2600  80.29   153483.0
2017-02-27  80.2100  80.01   152506.0
2017-02-28  79.7700  79.94   231456.0
2017-03-01  81.0400  81.11   203088.0
2017-03-02  80.5208  80.05    85597.0
2017-03-03  79.4700  80.09   120351.0
2017-03-06  79.4400  79.75    74430.0
2017-03-07  79.6800  78.95    95780.0
2017-03-08  79.2600  78.64   122416.0
2017-03-09  78.5500  78.49    93506.0
2017-03-10  79.0200  78.94   113019.0
2017-03-13  78.9500  79.61    70543.0
2017-03-14  79.0500  79.19    74346.0
2017-03-15  79.5900  80.88   173776.0
2017-03-16  80.9100  80.98    99181.0
2017-03-17  80.9200  81.72   370595.0
2017-03-20  81.6300  81.60    98634.0
2017-03-21  81.7200  80.30   113250.0
2017-03-22  80.2900  79.88   101466.0
2017-03-23  79.7400  80.38    61815.0
2017-03-24  80.5900  79.95    95394.0
2017-03-27  78.9500  79.65   107535.0
2017-03-28  79.2000  79.13   183931.0
2017-03-29  79.0800  79.27   110721.0
2017-03-30  79.4700  79.44   107144.0
2017-03-31  79.5000  79.26   192550.0
2017-04-03  79.2500  78.93   210212.0
2017-04-04  79.5000  79.16   161184.0
2017-04-05  79.6300  78.60   107977.0
2017-04-06  78.6500  79.23   102884.0
2017-04-07  79.0300  79.40    86601.0
2017-04-10  79.4400  79.91   130221.0
2017-04-11  79.6700  80.66   129138.0
2017-04-12  80.5300  80.05   106420.0
2017-04-13  79.9000  79.01   108905.0
2017-04-17  79.6100  79.92   108820.0
2017-04-18  79.8600  79.80   173849.0
2017-04-19  80.2900  80.05    88037.0
2017-04-20  80.3000  81.06   109567.0
2017-04-21  80.8800  81.54   149874.0
2017-04-24  82.9800  82.09   109664.0
2017-04-25  82.8900  83.26   146406.0
2017-04-26  81.5500  83.35   208001.0
2017-04-27  83.4900  83.33   123762.0
2017-04-28  83.3400  81.80   136410.0
2017-05-01  81.9900  81.56   164626.0
2017-05-02  81.7400  80.50   146418.0
2017-05-03  80.1300  80.14   173172.0
2017-05-04  80.3100  80.95   122257.0
2017-05-05  81.0400  81.31   177156.0
2017-05-08  81.1200  81.12    81986.0
2017-05-09  81.1700  80.25   136107.0
2017-05-10  79.8600  80.56    76188.0
2017-05-11  80.3800  80.00   130154.0
2017-05-12  79.7900  79.81    98582.0
2017-05-15  79.9600  80.20   145923.0
2017-05-16  80.1400  80.56    79253.0
2017-05-17  79.4300  80.25   139945.0
2017-05-18  80.0700  79.83   110339.0
2017-05-19  79.8400  80.03   124318.0
2017-05-22  80.2200  80.18   159186.0
2017-05-23  80.4500  80.22    76271.0
2017-05-24  80.3900  80.42    95827.0
2017-05-25  80.6700  80.39    70491.0
2017-05-26  80.3900  80.62    85311.0
2017-05-30  80.3900  80.06    77604.0
2017-05-31  80.3500  80.29   108199.0
2017-06-01  80.3600  81.99   176896.0
2017-06-02  82.2200  83.16   168220.0
2017-06-05  83.1100  81.18    97954.0
2017-06-06  80.8400  81.23    97512.0
2017-06-07  81.2900  80.76    97499.0
2017-06-08  80.8300  81.20    98120.0
2017-06-09  81.5300  82.58   178104.0
2017-06-12  82.6500  81.51   163677.0
2017-06-13  81.7200  82.44   120054.0
2017-06-14  82.5200  82.02    97393.0
2017-06-15  81.1800  81.79    81399.0
2017-06-16  81.2400  81.86   353000.0
2017-06-19  82.2700  81.78   102402.0
2017-06-20  81.3100  81.07   105750.0
2017-06-21  81.2000  80.21   112984.0
2017-06-22  80.3000  80.67   160732.0
2017-06-23  81.0100  80.52   218348.0
2017-06-26  80.6100  80.43    90700.0
2017-06-27  80.2800  80.13    73417.0
2017-06-28  80.8500  80.59   110654.0
2017-06-29  80.9200  79.83   126040.0
2017-06-30  79.9300  80.53   138919.0
2017-07-03  80.7200  81.26    79538.0
2017-07-05  81.1300  81.06   111886.0
2017-07-06  80.6800  80.43    99370.0
2017-07-07  80.6700  81.51    90971.0
2017-07-10  81.2600  81.22   113752.0
2017-07-11  81.1700  81.53    95985.0
2017-07-12  81.9900  82.71    98005.0
2017-07-13  82.7000  81.89    91649.0
2017-07-14  81.8800  82.22    84320.0
2017-07-17  82.1000  81.90   160299.0
2017-07-18  81.7000  81.70   137519.0
2017-07-19  81.7400  81.90   115308.0
2017-07-20  81.9100  81.38   146756.0
2017-07-21  82.7500  76.00   702515.0
2017-07-24  75.9800  75.80   226587.0
2017-07-25  76.4700  76.06   311283.0
2017-07-26  75.8700  75.25   194632.0
2017-07-27  75.3500  75.08   233631.0
2017-07-28  74.8600  74.70   272265.0
2017-07-31  75.0300  74.36   331099.0
2017-08-01  74.5000  74.41   314579.0
2017-08-02  74.2600  74.13   191669.0
2017-08-03  74.0200  73.80   143627.0
2017-08-04  73.9100  74.49   153066.0
2017-08-07  74.5700  74.66   144118.0
2017-08-08  74.5600  75.08   180757.0
2017-08-09  74.6900  74.30   174349.0
2017-08-10  74.1000  73.74   149158.0
2017-08-11  73.3000  74.08   151910.0
2017-08-14  74.4800  74.89   119794.0
2017-08-15  74.8300  74.32    90530.0
2017-08-16  74.3800  74.31   101081.0
2017-08-17  74.1600  72.81   148794.0
2017-08-18  72.3700  72.62   206698.0
2017-08-21  72.5800  72.40    85071.0
2017-08-22  72.5900  72.53   143593.0
2017-08-23  72.2100  72.37   106687.0
2017-08-24  72.5500  71.84    84878.0
2017-08-25  72.0800  72.15   108869.0
2017-08-28  72.2900  72.23   216457.0
2017-08-29  71.8300  72.05   101449.0
2017-08-30  71.9800  72.01    96197.0
2017-08-31  72.1300  72.15   158651.0
2017-09-01  72.4100  72.88   142880.0
2017-09-05  72.9600  72.30   108303.0
2017-09-06  72.4100  71.89   137945.0
2017-09-07  71.9700  72.15   130148.0
2017-09-08  72.0300  72.56   122922.0
2017-09-11  72.9300  73.23   460216.0
2017-09-12  73.3900  73.96   112809.0
2017-09-13  73.8900  74.28   192300.0
2017-09-14  74.3700  75.26   153314.0
2017-09-15  75.2600  74.83   518342.0
2017-09-18  75.0700  74.90   206798.0
2017-09-19  74.8400  75.36   335738.0
2017-09-20  75.4900  75.71   128840.0
2017-09-21  75.7400  75.90   134975.0
2017-09-22  76.3700  76.80   129288.0
2017-09-25  76.9100  76.73   130839.0
2017-09-26  76.9300  76.54   108165.0
2017-09-27  76.9600  76.99   253792.0
2017-09-28  77.0900  76.98   172206.0
2017-09-29  76.8500  76.92   181344.0
2017-10-02  77.0000  77.93   196932.0
2017-10-03  78.0800  78.02   219480.0
2017-10-04  78.1700  78.43   134513.0
2017-10-05  78.5300  78.24   186727.0
2017-10-06  78.1700  78.25   116283.0
2017-10-09  78.3300  78.34    72283.0
2017-10-10  78.7300  78.76   129222.0
2017-10-11  78.7000  79.11   104816.0
2017-10-12  79.0800  79.20    80609.0
2017-10-13  79.3200  78.58   203916.0
2017-10-16  78.7000  78.60   195780.0
2017-10-17  78.4900  77.83   195486.0
2017-10-18  78.0000  78.69   256954.0
2017-10-19  78.2900  78.26   215299.0
2017-10-20  80.5000  79.19   304467.0
2017-10-23  79.3400  77.37   171844.0
2017-10-24  77.3100  77.37   200231.0
2017-10-25  77.3600  77.22   165586.0
2017-10-26  77.4000  77.89   189429.0
2017-10-27  78.2000  77.98   350292.0
2017-10-30  77.7300  75.65   275547.0
2017-10-31  76.2900  76.05   228043.0
2017-11-01  76.6400  75.81   275948.0
2017-11-02  75.6400  75.60   140083.0
2017-11-03  75.1200  74.93   134172.0
2017-11-06  74.8800  74.50   212393.0
2017-11-07  74.3000  74.44   226766.0
2017-11-09  74.6100  74.66   174809.0
2017-11-10  74.4600  74.52   147788.0
2017-11-13  74.2700  75.40   308444.0
2017-11-14  74.9900  75.41   224126.0
2017-11-15  74.8900  74.33   188684.0
2017-11-16  74.5200  75.29   194754.0
2017-11-17  75.0200  75.49   186599.0
2017-11-20  75.5500  75.79   114437.0
2017-11-21  76.2200  76.67   186548.0
2017-11-22  76.9200  75.87   141449.0
2017-11-24  76.0700  75.83    57717.0
2017-11-27  75.9000  75.97   202997.0
2017-11-28  76.1300  76.74   161463.0
2017-11-29  76.7400  77.55   164375.0
2017-11-30  77.2200  77.53   201249.0
2017-12-01  77.5000  77.19   147991.0
2017-12-04  77.9100  77.20   173141.0
2017-12-05  77.1600  76.50   129013.0
2017-12-06  76.2400  76.16   129697.0
2017-12-07  76.3200  76.80   246319.0
2017-12-08  76.9500  75.47   174861.0
2017-12-11  75.2800  74.95   178895.0
2017-12-12  75.1200  74.74   165129.0
2017-12-13  74.8000  74.69   137026.0
2017-12-14  74.7600  73.99   133421.0
2017-12-15  74.6600  75.70   581455.0
2017-12-18  74.8400  74.99   455688.0
2017-12-19  75.1100  74.46   340216.0
2017-12-20  74.8000  74.15   218455.0
2017-12-21  74.2350  73.55   125051.0
2017-12-22  73.5500  73.58   254485.0
2017-12-26  73.5000  73.72   195773.0
2017-12-27  73.6000  73.82   152618.0
2017-12-28  73.7800  73.54   131824.0
2017-12-29  73.5500  73.15   188671.0
2018-01-02  73.2800  74.08   192791.0
2018-01-03  74.1600  74.12   159872.0
2018-01-04  76.3450  74.08   102292.0
2018-01-05  74.2500  74.40    78923.0
2018-01-08  73.9400  73.64   232155.0
2018-01-09  73.6400  72.59   143863.0
2018-01-10  72.4000  72.99   193706.0
2018-01-11  72.9400  73.35   220868.0
2018-01-12  73.4300  72.09   338173.0
2018-01-16  72.3400  72.01   573555.0
2018-01-17  71.8600  73.02   618906.0
2018-01-18  72.9700  72.48   272522.0
2018-01-19  72.4200  73.72   235121.0
2018-01-22  73.5700  73.51   262739.0
2018-01-23  74.1100  73.92   399865.0
2018-01-24  74.1400  73.86   728568.0
2018-01-25  74.1300  74.51   203837.0
2018-01-26  74.5900  72.95   490610.0
2018-01-29  72.7200  72.69   220743.0
2018-01-30  72.1200  72.81   310225.0
2018-01-31  73.0200  71.85   319235.0
2018-02-01  71.7200  72.41   728684.0
2018-02-02  71.9700  72.00   309445.0
2018-02-05  71.3500  69.11   588240.0
2018-02-06  68.0800  68.48   777027.0
2018-02-07  68.3900  68.88   473992.0
2018-02-08  68.9400  68.92   664699.0
2018-02-09  69.0000  68.09   607300.0
2018-02-12  68.8500  69.52   582566.0
2018-02-13  69.2000  69.42   386010.0
2018-02-14  69.1200  71.70   352262.0
2018-02-15  72.0900  72.44   444990.0
2018-02-16  72.3100  72.49   305895.0
2018-02-20  72.5000  72.16   440027.0
2018-02-21  71.9200  72.30   720330.0
2018-02-22  72.3800  72.40   918472.0
2018-02-23  72.8700  73.14   343656.0
2018-02-26  73.6600  73.61   291376.0
2018-02-27  73.8200  72.82   437672.0
2018-02-28  73.0000  71.95   431881.0
2018-03-01  71.6400  71.10   299553.0
2018-03-02  70.7400  71.57   271101.0
2018-03-05  71.3300  72.17   287063.0
2018-03-06  72.4000  73.20   286152.0
2018-03-07  72.8400  73.64   289978.0
2018-03-08  73.9200  73.32   323070.0
2018-03-09  73.8200  74.75   226268.0
2018-03-12  74.9800  74.73   161880.0
2018-03-13  75.0500  73.99   251147.0
2018-03-14  74.2400  72.80   219318.0
2018-03-15  72.9500  72.00   210436.0
2018-03-16  72.0200  71.66   550647.0
2018-03-19  71.6500  71.23   207365.0
2018-03-20  71.3900  70.76   245890.0
2018-03-21  70.9300  70.70   258083.0
2018-03-22  70.3500  68.64   304284.0
2018-03-23  68.8400  67.56   387562.0
2018-03-26  68.5800  68.63   311732.0
2018-03-27  69.0300  68.53   479141.0