date    open   close      volume
                                     
2013-01-02  10.000   9.700   9600400.0
2013-01-03   9.720   9.630   8444600.0
2013-01-04   9.630   9.730   6917600.0
2013-01-07   9.570   9.560   5970200.0
2013-01-08   9.510   9.330   8787000.0
2013-01-09   9.370   9.390  19048000.0
2013-01-10   9.450   9.730  14470200.0
2013-01-11   9.720   9.540   7594000.0
2013-01-14   9.800   9.510   7905000.0
2013-01-15   9.440   9.580   6719600.0
2013-01-16   9.510   9.330   4086000.0
2013-01-17   9.370   9.410   6848600.0
2013-01-18   9.370   9.400   3174600.0
2013-01-22   9.410   9.420   3884600.0
2013-01-23   9.420   9.540   3378800.0
2013-01-24   9.540   9.730  12594800.0
2013-01-25   9.750   9.710   3223800.0
2013-01-28   9.710   9.760   4638800.0
2013-01-29   9.810   9.750   2774400.0
2013-01-30   9.790   9.900  11746200.0
2013-01-31   9.870  10.030   7016400.0
2013-02-01  10.100   9.890   5377400.0
2013-02-04   9.820   9.900   6594000.0
2013-02-05   9.950   9.790   2959600.0
2013-02-06   9.750   9.700   3910200.0
2013-02-07   9.680   9.780   5322400.0
2013-02-08   9.840   9.900   3296600.0
2013-02-11   9.910  10.100   7563000.0
2013-02-12  10.100  10.150   4295400.0
2013-02-13  10.160  10.290   4154800.0
2013-02-14  10.240  10.240   3661000.0
2013-02-15  10.350  10.350   7311000.0
2013-02-19  10.390  10.270   6263400.0
2013-02-20  10.300  10.080   5297600.0
2013-02-21  10.030  10.080   3481600.0
2013-02-22  10.100   9.950   8529400.0
2013-02-25  10.010   9.760   6953600.0
2013-02-26   9.620   9.660   6386600.0
2013-02-27   9.650   9.890   4849200.0
2013-02-28   9.890   9.800   2875200.0
2013-03-01   9.820   9.810   5030600.0
2013-03-04   9.860  10.140   7337800.0
2013-03-05  10.220  10.310   4747000.0
2013-03-06  10.330  10.360   7993400.0
2013-03-07  10.410  10.590  10408200.0
2013-03-08  10.640  10.810  13666600.0
2013-03-11  10.790  10.500   5528400.0
2013-03-12  10.470  10.260   7236400.0
2013-03-13  10.240  10.100   7206800.0
2013-03-14  10.120  10.290   6780800.0
2013-03-15  10.260  10.380  10760800.0
2013-03-18  10.240  10.250   3739800.0
2013-03-19  10.250  10.460   6058800.0
2013-03-20  10.390  10.570   6251000.0
2013-03-21  10.530  10.480   5424200.0
2013-03-22  10.540  10.540   3753600.0
2013-03-25  10.540  10.600   3949000.0
2013-03-26  10.630  10.670   3841800.0
2013-03-27  10.660  10.530   3761200.0
2013-03-28  10.750  10.900  19386800.0
2013-04-01  10.930  11.050   5824000.0
2013-04-02  11.080  11.020   8940000.0
2013-04-03  11.030  10.960   5644400.0
2013-04-04  11.120  11.120  17513600.0
2013-04-05  11.020  11.220   7690400.0
2013-04-08  11.220  11.270   4216400.0
2013-04-09  11.280  11.190   7662000.0
2013-04-10  11.230  11.560  23413800.0
2013-04-11  11.470  11.310  42948400.0
2013-04-12  11.300  11.520  36870400.0
2013-04-15  11.090  11.050  18490600.0
2013-04-16  11.110  11.050  17185400.0
2013-04-17  11.100  11.020  14791000.0
2013-04-18  11.050  11.190   9348200.0
2013-04-19  11.260  11.120   6011000.0
2013-04-22  11.140  11.420   8565200.0
2013-04-23  11.420  11.690  12034200.0
2013-04-24  11.700  11.770  20538400.0
2013-04-25  11.860  11.950  23858200.0
2013-04-26  11.950  11.890  10668400.0
2013-04-29  11.850  11.950  13888800.0
2013-04-30  11.900  11.840  81129800.0
2013-05-01  16.250  16.520  22690400.0
2013-05-02  16.700  17.720  13535900.0
2013-05-03  17.750  17.500   9680300.0
2013-05-06  17.680  17.640   8291000.0
2013-05-07  17.600  17.910   5099500.0
2013-05-08  17.970  17.770   7033300.0
2013-05-09  17.910  18.280   4897600.0
2013-05-10  18.290  18.640   3346500.0
2013-05-13  19.000  18.920   6568900.0
2013-05-14  18.950  18.980   3213600.0
2013-05-15  19.100  19.260   3851800.0
2013-05-16  19.220  19.690   7410600.0
2013-05-17  19.580  19.920   5115500.0
2013-05-20  20.250  20.530   5891800.0
2013-05-21  20.590  20.860   6942500.0
2013-05-22  20.770  20.060   5627100.0
2013-05-23  19.260  20.380   5628600.0
2013-05-24  20.400  20.540   2576700.0
2013-05-28  20.470  20.560   3221800.0
2013-05-29  20.620  20.980   5338200.0
2013-05-30  21.040  21.360   5131100.0
2013-05-31  21.410  21.430   4035300.0
2013-06-03  21.760  20.830   6642800.0
2013-06-04  20.740  20.820   7073400.0
2013-06-05  20.820  20.370   5535300.0
2013-06-06  20.360  20.660   3957800.0
2013-06-07  20.750  21.310   6636300.0
2013-06-10  21.420  21.200   3079700.0
2013-06-11  20.940  21.440   3540900.0
2013-06-12  21.500  21.300   3158400.0
2013-06-13  21.050  21.840   4448900.0
2013-06-14  21.540  22.160   5845600.0
2013-06-17  22.160  22.320   3114200.0
2013-06-18  22.460  22.480   2651500.0
2013-06-19  22.430  22.230   4698900.0
2013-06-20  22.250  22.930   7574400.0
2013-06-21  22.980  22.820   6897400.0
2013-06-24  21.870  22.240   5754500.0
2013-06-25  22.350  23.020   3668700.0
2013-06-26  23.100  23.640   5379100.0
2013-06-27  23.730  24.550   5242800.0
2013-06-28  24.500  24.810   7096800.0
2013-07-01  24.750  23.720   6737800.0
2013-07-02  23.770  23.370   4943100.0
2013-07-03  22.740  23.050   2888500.0
2013-07-05  23.300  23.460   2106900.0
2013-07-08  23.470  23.330   2188300.0
2013-07-09  23.450  24.090   6710200.0
2013-07-10  24.090  24.420   6702400.0
2013-07-11  24.510  24.960   4724300.0
2013-07-12  24.960  24.940   3315800.0
2013-07-15  25.600  25.340   5596800.0
2013-07-16  25.290  24.370   3532100.0
2013-07-17  24.550  24.500   3006500.0
2013-07-18  24.620  24.550   1625000.0
2013-07-19  24.590  24.560   2187700.0
2013-07-22  24.540  24.510    893400.0
2013-07-23  24.600  24.220   2305300.0
2013-07-24  24.260  24.210   2114700.0
2013-07-25  24.170  24.410    896800.0
2013-07-26  24.260  24.170   1281300.0
2013-07-29  24.170  23.940   2116100.0
2013-07-30  24.110  23.780   2963700.0
2013-07-31  23.880  24.110   2415900.0
2013-08-01  24.300  24.230   1334200.0
2013-08-02  24.280  24.720   2149900.0
2013-08-05  24.660  24.700   2187200.0
2013-08-06  24.510  24.060   5838000.0
2013-08-07  24.200  24.010   3746900.0
2013-08-08  25.740  25.000   6393900.0
2013-08-09  25.170  25.230   4514900.0
2013-08-12  25.590  25.010   3225500.0
2013-08-13  25.000  25.010   4136000.0
2013-08-14  24.910  24.400   3995500.0
2013-08-15  24.210  24.140   2175500.0
2013-08-16  24.050  23.850   2604700.0
2013-08-19  23.650  23.330   4324100.0
2013-08-20  23.240  23.490   1781900.0
2013-08-21  23.760  23.290   2175100.0
2013-08-22  23.550  23.630   1518200.0
2013-08-23  23.830  23.890   2156100.0
2013-08-26  23.970  23.830   1093500.0
2013-08-27  23.600  23.580   1768700.0
2013-08-28  23.440  23.140   2686200.0
2013-08-29  23.170  23.240   1808100.0
2013-08-30  23.310  23.350   1211600.0
2013-09-03  23.540  24.040   4321900.0
2013-09-04  24.000  24.640   4552500.0
2013-09-05  24.730  24.580   2838200.0
2013-09-06  24.880  24.530   2719400.0
2013-09-09  24.510  24.740   2315600.0
2013-09-10  24.810  25.260   2398900.0
2013-09-11  25.260  25.550   1725400.0
2013-09-12  25.630  25.440   2880400.0
2013-09-13  25.410  24.710   3900800.0
2013-09-16  24.940  24.670   2289000.0
2013-09-17  24.730  25.090   2747600.0
2013-09-18  25.090  25.200   2765000.0
2013-09-19  25.340  25.060   3359000.0
2013-09-20  25.070  24.970   2944600.0
2013-09-23  25.020  24.920   1899900.0
2013-09-24  25.140  25.440   6312200.0
2013-09-25  25.500  26.080   5705400.0
2013-09-26  26.160  26.120   3319600.0
2013-09-27  25.950  26.070   2401800.0
2013-09-30  25.810  25.970   1668200.0
2013-10-01  26.350  26.440   2643900.0
2013-10-02  26.340  26.610   2567600.0
2013-10-03  26.440  26.480   3328300.0
2013-10-04  26.450  26.380   2289100.0
2013-10-07  26.330  25.950   1484700.0
2013-10-08  25.990  25.820   2503800.0
2013-10-09  25.730  25.360   3765800.0
2013-10-10  25.760  25.970   2737800.0
2013-10-11  25.810  26.210   1079400.0
2013-10-14  26.130  26.480   1121300.0
2013-10-15  26.300  26.190   1177500.0
2013-10-16  26.460  26.860   2509000.0
2013-10-17  26.810  27.440   1642900.0
2013-10-18  28.090  27.690   2349500.0
2013-10-21  27.990  27.360   1660300.0
2013-10-22  27.450  27.470   1727800.0
2013-10-23  27.340  27.400   1733300.0
2013-10-24  27.470  27.580    980500.0
2013-10-25  27.580  27.560    849600.0
2013-10-28  27.560  27.440   1246900.0
2013-10-29  27.500  27.700   2473900.0
2013-10-30  27.780  27.820   2189100.0
2013-10-31  27.820  27.730   3276900.0
2013-11-01  27.830  27.890   1937500.0
2013-11-04  28.400  28.340   6393800.0
2013-11-05  29.250  28.120  10340000.0
2013-11-06  28.560  28.030   3065100.0
2013-11-07  27.980  26.560   5211200.0
2013-11-08  26.610  27.680   4087300.0
2013-11-11  27.610  26.970   2589300.0
2013-11-12  26.250  26.090   9551200.0
2013-11-13  26.090  26.050   3460300.0
2013-11-14  26.100  25.500   8069700.0
2013-11-15  25.030  26.050  68946800.0
2013-11-18  26.450  25.990  13251400.0
2013-11-19  25.970  26.100   9707100.0
2013-11-20  26.080  26.360   5991300.0
2013-11-21  26.410  26.780   6942900.0
2013-11-22  26.710  26.430   5813600.0
2013-11-25  26.580  26.120   7402100.0
2013-11-26  26.330  26.340   8027600.0
2013-11-27  26.480  26.060   5617400.0
2013-11-29  26.100  26.010   2876300.0
2013-12-02  26.030  26.490   5239000.0
2013-12-03  26.320  26.980   7859700.0
2013-12-04  26.870  26.920   4419100.0
2013-12-05  26.830  26.300   5320800.0
2013-12-06  26.460  26.330   4837200.0
2013-12-09  26.290  26.610   4393700.0
2013-12-10  26.580  26.260   4087100.0
2013-12-11  26.340  26.060   3637100.0
2013-12-12  26.110  25.440   5810400.0
2013-12-13  25.590  27.640  13508800.0
2013-12-16  26.970  26.390  12783300.0
2013-12-17  26.190  26.680   6599500.0
2013-12-18  26.760  27.250   9086700.0
2013-12-19  27.390  29.610  15611200.0
2013-12-20  29.720  31.000  22554800.0
2013-12-23  31.030  31.860   9588400.0
2013-12-24  31.900  32.190   4442800.0
2013-12-26  32.850  32.930  10845800.0
2013-12-27  32.920  33.310   6113300.0
2013-12-30  33.440  33.050   5003200.0
2013-12-31  33.230  33.640   3952500.0
2014-01-02  33.030  33.370   6512500.0
2014-01-03  32.420  32.280   8686100.0
2014-01-06  32.260  33.480   9332400.0
2014-01-07  33.890  33.220   7008000.0
2014-01-08  33.230  33.310   5313600.0
2014-01-09  33.500  33.030   7223600.0
2014-01-10  32.900  33.020   3707500.0
2014-01-13  33.060  32.490   4332600.0
2014-01-14  32.660  32.940   3431900.0
2014-01-15  33.000  32.530   5347300.0
2014-01-16  32.500  32.600   6942400.0
2014-01-17  33.520  32.510   5353200.0
2014-01-21  32.990  33.170   6272600.0
2014-01-22  33.250  33.440   3867800.0
2014-01-23  33.140  32.740   3525700.0
2014-01-24  32.500  31.680   6803300.0
2014-01-27  31.580  31.820   6264800.0
2014-01-28  31.800  32.310   4382900.0
2014-01-29  31.290  31.050   5818500.0
2014-01-30  32.170  30.730   8107500.0
2014-01-31  30.420  30.570   9149400.0
2014-02-03  30.450  29.530   9266000.0
2014-02-04  29.780  30.130   4244800.0
2014-02-05  29.970  31.750  14457300.0
2014-02-06  31.240  29.550  16985400.0
2014-02-07  29.750  30.430   7761000.0
2014-02-10  30.300  30.070   8295000.0
2014-02-11  30.230  30.310   3677000.0
2014-02-12  30.420  30.700   3476000.0
2014-02-13  30.260  30.890   4609000.0
2014-02-14  30.930  31.290   2958900.0
2014-02-18  31.390  31.200   3336000.0
2014-02-19  30.930  31.250   2865000.0
2014-02-20  31.200  31.570   2677800.0
2014-02-21  31.890  32.030   6953000.0
2014-02-24  32.180  32.310   8052700.0
2014-02-25  32.200  30.470   9851800.0
2014-02-26  30.510  30.330   5019600.0
2014-02-27  30.470  30.900   5270600.0
2014-02-28  30.810  30.500   3240900.0
2014-03-03  30.260  30.500   3578500.0
2014-03-04  30.980  31.790   6049100.0
2014-03-05  31.750  31.820   8843100.0
2014-03-06  31.920  31.310   5092900.0
2014-03-07  31.520  30.790   4597600.0
2014-03-10  30.750  30.970   3358600.0
2014-03-11  31.300  31.430   7458700.0
2014-03-12  31.110  31.620   3077600.0
2014-03-13  31.870  31.420   3324000.0
2014-03-14  31.190  31.320   2973800.0
2014-03-17  31.380  30.710   3628200.0
2014-03-18  30.740  31.200   3937400.0
2014-03-19  31.240  31.110   3547800.0
2014-03-20  31.030  32.170   5234600.0
2014-03-21  32.390  32.710   7255500.0
2014-03-24  32.660  32.700   3398100.0
2014-03-25  32.810  32.700   3690900.0
2014-03-26  32.780  32.010   3117900.0
2014-03-27  31.970  32.300   4460900.0
2014-03-28  32.400  32.600   3843300.0
2014-03-31  32.750  33.030   4637700.0
2014-04-01  33.120  33.480   2934800.0
2014-04-02  33.430  33.490   2327500.0
2014-04-03  33.580  33.250   3473600.0
2014-04-04  33.430  32.460   3650800.0
2014-04-07  32.450  30.760   7431300.0
2014-04-08  30.670  31.180   6909900.0
2014-04-09  31.300  31.710   3614200.0
2014-04-10  31.710  30.850   3219900.0
2014-04-11  30.700  30.010   3777800.0
2014-04-14  30.100  29.740   3843600.0
2014-04-15  29.630  29.190   5574700.0
2014-04-16  29.220  29.750   3264400.0
2014-04-17  29.660  30.400   5443800.0
2014-04-21  30.520  30.480   2433800.0
2014-04-22  30.590  30.990   3413500.0
2014-04-23  30.650  29.810   4159100.0
2014-04-24  29.930  29.390   2205800.0
2014-04-25  28.760  29.050   3691600.0
2014-04-28  29.260  28.100   4857800.0
2014-04-29  28.350  29.040   7209800.0
2014-04-30  29.160  29.290   5638600.0
2014-05-01  31.770  31.650  10340600.0
2014-05-02  31.340  32.000   7365300.0
2014-05-05  31.890  31.860   2330600.0
2014-05-06  31.720  31.170   2365700.0
2014-05-07  31.360  32.010   3966800.0
2014-05-08  31.880  31.730   4695200.0
2014-05-09  31.720  31.840   2002200.0
2014-05-12  31.990  32.300   2937300.0
2014-05-13  32.500  32.920   6538300.0
2014-05-14  32.960  32.840   3099400.0
2014-05-15  32.980  33.260   7524300.0
2014-05-16  33.150  33.090   5229300.0
2014-05-19  33.380  33.780   7010200.0
2014-05-20  33.560  33.300   4481400.0
2014-05-21  33.350  33.610   3183900.0
2014-05-22  33.090  33.450   3967100.0
2014-05-23  33.750  33.960   2940900.0
2014-05-27  34.000  34.320   3023300.0
2014-05-28  34.160  34.400   3632800.0
2014-05-29  34.950  34.860   5579000.0
2014-05-30  34.750  34.330   5575200.0
2014-06-02  34.160  34.550   3829100.0
2014-06-03  34.390  34.200   3582800.0
2014-06-04  34.070  34.280   2742200.0
2014-06-05  34.320  33.490  12043400.0
2014-06-06  33.640  33.770   7311500.0
2014-06-09  33.900  33.890   2122500.0
2014-06-10  33.830  33.340   3649500.0
2014-06-11  32.490  33.200   3491900.0
2014-06-12  32.870  33.020   2127500.0
2014-06-13  32.820  32.910   3763200.0
2014-06-16  32.900  32.960   1866500.0
2014-06-17  32.870  33.060   1496800.0
2014-06-18  33.060  32.680   2524600.0
2014-06-19  32.860  33.000   1896100.0
2014-06-20  33.250  33.160   4970200.0
2014-06-23  33.250  33.060   2195100.0
2014-06-24  32.960  32.770   2966100.0
2014-06-25  32.640  33.020   3121600.0
2014-06-26  33.010  33.280   2933700.0
2014-06-27  33.260  33.280   4190400.0
2014-06-30  33.300  33.620   2416900.0
2014-07-01  33.570  33.410   2627400.0
2014-07-02  32.960  33.350   1939500.0
2014-07-03  33.340  33.330   1695800.0
2014-07-07  33.260  32.990   2039200.0
2014-07-08  33.280  32.550   2269900.0
2014-07-09  32.760  33.030   4006700.0
2014-07-10  32.690  32.880   3080500.0
2014-07-11  32.790  33.500   6838900.0
2014-07-14  33.650  33.020   3132500.0
2014-07-15  32.970  32.100   7361300.0
2014-07-16  32.190  32.240   4020900.0
2014-07-17  32.060  31.960   1879800.0
2014-07-18  32.000  32.220   2042700.0
2014-07-21  32.040  31.790   1597100.0
2014-07-22  31.900  31.630   1190300.0
2014-07-23  31.730  31.500   5967100.0
2014-07-24  31.480  31.140   2088200.0
2014-07-25  31.170  31.190    907400.0
2014-07-28  31.280  31.150   2015600.0
2014-07-29  31.770  31.140   2941000.0
2014-07-30  31.300  30.940   2773100.0
2014-07-31  31.020  32.940  29254900.0
2014-08-01  33.000  33.420   8671500.0
2014-08-04  33.570  33.690   3946200.0
2014-08-05  33.790  33.910   8936100.0
2014-08-06  30.890  31.060  17733300.0
2014-08-07  31.190  29.860   9730800.0
2014-08-08  29.800  29.940   9255700.0
2014-08-11  30.280  29.440   5299100.0
2014-08-12  29.400  29.610   3889100.0
2014-08-13  29.610  29.140   5911500.0
2014-08-14  29.150  28.690   4318900.0
2014-08-15  28.870  29.060   4200000.0
2014-08-18  29.060  28.840   3497400.0
2014-08-19  29.020  28.950   4041500.0
2014-08-20  29.070  29.680   5064400.0
2014-08-21  29.650  29.160   4464400.0
2014-08-22  29.130  29.020   2258100.0
2014-08-25  29.150  29.230   5482300.0
2014-08-26  29.290  29.470   2840700.0
2014-08-27  29.600  29.440   1755100.0
2014-08-28  29.600  29.840   9914900.0
2014-08-29  30.090  30.080   3255100.0
2014-09-02  30.610  30.430   4712300.0
2014-09-03  30.650  30.480   4170000.0
2014-09-04  30.480  30.240   3823400.0
2014-09-05  30.200  30.670   7523700.0
2014-09-08  30.640  30.790   3330300.0
2014-09-09  30.830  30.280   3218600.0
2014-09-10  30.320  30.520   2644200.0
2014-09-11  30.680  30.450   4525300.0
2014-09-12  30.850  30.830   4846300.0
2014-09-15  30.940  30.380   4263400.0
2014-09-16  30.270  30.280   2130000.0
2014-09-17  30.310  30.430   2185600.0
2014-09-18  30.510  30.480   2011400.0
2014-09-19  30.600  30.070   5542800.0
2014-09-22  29.960  28.980   6386003.0
2014-09-23  29.000  28.440   6349842.0
2014-09-24  28.530  28.890   5282357.0
2014-09-25  28.770  28.490   5679702.0
2014-09-26  28.500  28.900   5362216.0
2014-09-29  28.650  28.980   2781632.0
2014-09-30  28.980  28.870   3910472.0
2014-10-01  28.760  28.110   4451870.0
2014-10-02  28.130  28.800  10532987.0
2014-10-03  29.080  29.080   3374350.0
2014-10-06  29.370  29.330   2881937.0
2014-10-07  29.270  28.830   2252196.0
2014-10-08  28.790  28.940   4868739.0
2014-10-09  28.660  28.390   4550341.0
2014-10-10  28.700  27.610   4252748.0
2014-10-13  28.000  26.920  10159575.0
2014-10-14  27.060  26.410   7123082.0
2014-10-15  26.020  25.740   8843560.0
2014-10-16  25.170  25.670   5208144.0
2014-10-17  25.940  26.110   3510427.0
2014-10-20  26.550  26.960   3600677.0
2014-10-21  27.090  27.360   4321663.0
2014-10-22  27.430  27.050   7577818.0
2014-10-23  27.090  27.770   4430748.0
2014-10-24  27.770  28.120   3212374.0
2014-10-27  28.060  27.990   4876106.0
2014-10-28  28.400  28.850   7744801.0
2014-10-29  28.830  28.590   4279232.0
2014-10-30  28.600  28.850   4250980.0
2014-10-31  29.130  29.190   4119251.0
2014-11-03  29.060  29.310   7142217.0
2014-11-04  28.550  28.450   4398846.0
2014-11-05  28.670  28.540   2820641.0
2014-11-06  28.530  28.160   3441621.0
2014-11-07  28.140  28.340   1785019.0
2014-11-10  28.500  28.800   7314638.0
2014-11-11  28.860  28.530   1502212.0
2014-11-12  28.450  28.360   1829585.0
2014-11-13  28.340  27.970   1865914.0
2014-11-14  28.100  28.550   2798097.0
2014-11-17  28.430  27.950   5679886.0
2014-11-18  27.990  27.870   1788226.0
2014-11-19  27.820  27.450   4513492.0
2014-11-20  27.470  27.920   2702709.0
2014-11-21  28.040  28.520   2713591.0
2014-11-24  28.610  28.880   3884729.0
2014-11-25  28.850  28.940   3876552.0
2014-11-26  29.000  29.240   2110169.0
2014-11-28  29.120  29.190   1171672.0
2014-12-01  28.990  28.560   1811885.0
2014-12-02  28.400  27.980   4542162.0
2014-12-03  28.080  28.300   9278886.0
2014-12-04  28.270  28.440   2057212.0
2014-12-05  28.290  28.190   1165837.0
2014-12-08  28.020  28.200   1953200.0
2014-12-09  26.980  25.850  21050882.0
2014-12-10  25.950  25.340  18858140.0
2014-12-11  25.430  25.640   7557082.0
2014-12-12  25.300  25.310   5952021.0
2014-12-15  25.400  25.250   6530656.0
2014-12-16  25.120  24.570   5776495.0
2014-12-17  24.500  25.100   9133665.0
2014-12-18  25.570  25.910   5891741.0
2014-12-19  25.850  26.450   5024180.0
2014-12-22  26.490  26.680   2839895.0
2014-12-23  26.740  26.600   3158038.0
2014-12-24  26.610  26.670    801167.0
2014-12-26  26.710  27.030    870548.0
2014-12-29  27.000  27.490   3715956.0
2014-12-30  27.340  27.000   4606431.0
2014-12-31  27.100  26.940   3668892.0
2015-01-02  27.100  27.300   3515420.0
2015-01-05  27.120  26.930   3477281.0
2015-01-06  27.030  26.870   4237104.0
2015-01-07  27.250  28.250   7528308.0
2015-01-08  28.320  29.020   6715873.0
2015-01-09  29.160  29.250  10103443.0
2015-01-12  29.350  29.270   5193502.0
2015-01-13  29.450  29.470   6198193.0
2015-01-14  29.210  29.570   3494585.0
2015-01-15  29.650  29.180   4313824.0
2015-01-16  29.150  29.140   7985012.0
2015-01-20  29.980  29.540   7038727.0
2015-01-21  29.540  30.080   6771770.0
2015-01-22  30.270  30.500  10036265.0
2015-01-23  30.420  30.160   2640231.0
2015-01-26  30.020  30.660   3105253.0
2015-01-27  30.320  30.660   3082723.0
2015-01-28  30.910  30.090   3030397.0
2015-01-29  30.110  29.550   5676041.0
2015-01-30  29.400  30.180   8199834.0
2015-02-02  30.550  30.340   4652052.0
2015-02-03  30.560  30.890   4736758.0
2015-02-04  30.820  30.750   3830853.0
2015-02-05  30.780  31.210   2479595.0
2015-02-06  31.200  31.310   2761235.0
2015-02-09  31.180  31.080   5798790.0
2015-02-10  31.240  31.300   2304075.0
2015-02-11  31.360  31.260   4624165.0
2015-02-12  31.510  31.590   3305178.0
2015-02-13  31.680  31.750   3152703.0
2015-02-17  31.750  31.760   2960789.0
2015-02-18  31.720  31.000   5232766.0
2015-02-19  32.440  31.850  11834012.0
2015-02-20  31.960  31.950   4371574.0
2015-02-23  31.750  31.360   4533391.0
2015-02-24  31.240  31.590   3582266.0
2015-02-25  31.580  32.190   2377128.0
2015-02-26  32.560  32.480   5132855.0
2015-02-27  32.800  33.030   4415066.0
2015-03-02  32.820  32.960   2802965.0
2015-03-03  32.960  32.760   3285275.0
2015-03-04  33.100  32.680   6560027.0
2015-03-05  32.790  32.800   5114621.0
2015-03-06  32.680  32.720   2875819.0
2015-03-09  32.720  33.020   5665066.0
2015-03-10  32.890  32.360   4341333.0
2015-03-11  32.330  32.110   2977148.0
2015-03-12  32.130  32.150   2459358.0
2015-03-13  32.050  32.040   2176077.0
2015-03-16  32.210  32.470   1939033.0
2015-03-17  32.310  32.670   1847674.0
2015-03-18  32.620  32.860   5059264.0
2015-03-19  32.870  33.200   4074826.0
2015-03-20  33.290  33.140   3455828.0
2015-03-23  33.060  33.150   2017912.0
2015-03-24  33.180  32.980   2383022.0
2015-03-25  33.000  32.340   1859502.0
2015-03-26  32.220  32.460   3032593.0
2015-03-27  32.460  32.380   2129883.0
2015-03-30  32.470  32.300   1594566.0
2015-03-31  32.220  31.690   2000134.0
2015-04-01  31.760  31.640   2296468.0
2015-04-02  31.710  32.960   3745064.0
2015-04-06  32.810  33.080   1795014.0
2015-04-07  33.110  32.980   2389423.0
2015-04-08  33.060  32.770   3240442.0
2015-04-09  32.770  32.380   1906072.0
2015-04-10  32.380  32.060   3079668.0
2015-04-13  32.070  31.490   1739366.0
2015-04-14  31.190  31.870   1757013.0
2015-04-15  32.030  32.010   2714860.0
2015-04-16  31.930  32.060   1901120.0
2015-04-17  31.840  32.090   2594356.0
2015-04-20  32.240  32.690   4813554.0
2015-04-21  32.910  33.350   3106801.0
2015-04-22  33.570  34.090   6788175.0
2015-04-23  34.080  34.440   3805326.0
2015-04-24  34.600  34.310   4244001.0
2015-04-27  34.510  34.060   7548155.0
2015-04-28  34.330  33.970  10221235.0
2015-04-29  33.940  34.620   5154857.0
2015-04-30  34.500  34.040   4402560.0
2015-05-01  34.120  33.850   2815725.0
2015-05-04  34.000  34.150   1878345.0
2015-05-05  34.110  33.800   3980334.0
2015-05-06  33.750  33.300   4407052.0
2015-05-07  33.200  33.300   2264333.0
2015-05-08  33.490  33.770   2636544.0
2015-05-11  33.710  33.970   3780930.0
2015-05-12  33.720  34.560   7012747.0
2015-05-13  34.720  33.930   6145762.0
2015-05-14  34.170  34.080   2803055.0
2015-05-15  34.110  34.400   2277950.0
2015-05-18  34.380  34.830   3232330.0
2015-05-19  34.730  34.400   2519485.0
2015-05-20  34.360  35.210   6234112.0
2015-05-21  35.310  36.250   8723635.0
2015-05-22  36.180  36.680   5645577.0
2015-05-26  36.550  38.550  13521281.0
2015-05-27  37.700  38.650  13287201.0
2015-05-28  38.490  38.320   8532959.0
2015-05-29  38.270  38.880   6655363.0
2015-06-01  39.040  38.890   5255122.0
2015-06-02  38.810  38.640   4384288.0
2015-06-03  38.760  38.330   4115714.0
2015-06-04  40.430  39.340  18957407.0
2015-06-05  39.310  40.240   9641304.0
2015-06-08  40.300  39.480   5255327.0
2015-06-09  39.480  38.790  11471970.0
2015-06-10  38.840  38.660   3154822.0
2015-06-11  37.600  38.120   6433969.0
2015-06-12  39.000  39.000   5796492.0
2015-06-15  38.590  38.960   2544898.0
2015-06-16  38.870  38.850   1387561.0
2015-06-17  39.590  39.770   7334192.0
2015-06-18  39.790  39.570   2769798.0
2015-06-19  39.510  39.160   2422336.0
2015-06-22  39.370  39.200   3372300.0
2015-06-23  39.180  39.500   2112858.0
2015-06-24  39.360  39.030   3027998.0
2015-06-25  39.310  39.300   2375269.0
2015-06-26  39.350  39.100   3780365.0
2015-06-29  38.760  38.680   2268646.0
2015-06-30  39.070  38.770   2606009.0
2015-07-01  38.950  38.630   2068391.0
2015-07-02  38.860  38.970   1804128.0
2015-07-06  38.730  38.550   1840654.0
2015-07-07  38.490  38.680   2132249.0
2015-07-08  38.510  38.470   5076335.0
2015-07-09  39.470  38.770   5942438.0
2015-07-10  39.160  39.030   2606789.0
2015-07-13  39.130  39.260   2686955.0
2015-07-14  39.200  39.440   2100444.0
2015-07-15  39.500  39.050   2116712.0
2015-07-16  39.350  38.620   5880309.0
2015-07-17  38.680  38.040   4434017.0
2015-07-20  38.100  38.080   1507616.0
2015-07-21  37.850  37.630   1845357.0
2015-07-22  37.450  37.730   4181088.0
2015-07-23  37.720  37.930   2385163.0
2015-07-24  37.900  37.400   2953834.0
2015-07-27  37.180  36.500   3027657.0
2015-07-28  36.550  36.920   3792104.0
2015-07-29  37.000  37.040   4825736.0
2015-07-30  37.750  38.860   7424756.0
2015-07-31  39.550  40.660  10469861.0
2015-08-03  40.690  41.490   5018503.0
2015-08-04  41.560  41.210   3666115.0
2015-08-05  41.250  40.740   5980706.0
2015-08-06  40.970  40.420   4279737.0
2015-08-07  40.300  40.360   2421116.0
2015-08-10  40.630  41.470   3455171.0
2015-08-11  41.220  40.950   2842597.0
2015-08-12  40.870  41.360   2798086.0
2015-08-13  41.340  41.230   3495026.0
2015-08-14  41.230  41.230   2123790.0
2015-08-17  41.170  42.000   3836128.0
2015-08-18  42.020  42.040   2347674.0
2015-08-19  42.020  41.860   2086557.0
2015-08-20  41.430  40.740   2273950.0
2015-08-21  40.450  40.130   2449403.0
2015-08-24  38.270  38.730   9109594.0
2015-08-25  39.710  38.130   4531753.0
2015-08-26  39.000  38.960   3306800.0
2015-08-27  39.420  39.940   3757961.0
2015-08-28  39.810  40.000   1780593.0
2015-08-31  39.830  39.610   2214065.0
2015-09-01  38.800  38.960   2349540.0
2015-09-02  39.260  39.320   2213741.0
2015-09-03  39.410  39.450   1825991.0
2015-09-04  39.110  39.220   1215168.0
2015-09-08  39.880  40.280   4158688.0
2015-09-09  40.780  39.440   2443531.0
2015-09-10  39.480  39.650   3158226.0
2015-09-11  39.360  39.820   2726685.0
2015-09-14  39.870  39.950   1636166.0
2015-09-15  40.100  41.310   4564151.0
2015-09-16  41.300  41.530   2736001.0
2015-09-17  41.350  42.470   4182447.0
2015-09-18  42.000  41.840   5410952.0
2015-09-21  42.000  42.810   4175310.0
2015-09-22  42.520  42.340   2371016.0
2015-09-23  42.480  43.030   3106283.0
2015-09-24  42.760  42.520   4490662.0
2015-09-25  43.000  42.730   5269373.0
2015-09-28  42.430  40.540   2875016.0
2015-09-29  40.600  39.560   4196531.0
2015-09-30  40.070  39.810   4120566.0
2015-10-01  39.950  40.130   2469665.0
2015-10-02  39.780  40.700   4610005.0
2015-10-05  40.870  40.960   2124003.0
2015-10-06  41.000  40.650   2699270.0
2015-10-07  40.810  40.370   3160894.0
2015-10-08  40.360  39.560   3530523.0
2015-10-09  39.450  39.610   2063526.0
2015-10-12  39.660  40.530   1114198.0
2015-10-13  40.610  40.180   2387133.0
2015-10-14  40.090  39.510   2868031.0
2015-10-15  39.670  39.940   2725661.0
2015-10-16  40.380  40.540   2274547.0
2015-10-19  40.510  41.210   2655972.0
2015-10-20  41.230  40.700   3493159.0
2015-10-21  40.890  40.220   4072688.0
2015-10-22  40.220  40.440   2263252.0
2015-10-23  40.910  41.270   3226371.0
2015-10-26  41.250  41.380   6084334.0
2015-10-27  41.110  39.020  11910765.0
2015-10-28  39.780  39.310   7325280.0
2015-10-29  39.000  37.480   8445583.0
2015-10-30  37.380  37.890   6103412.0
2015-11-02  37.660  38.290   5546484.0
2015-11-03  38.290  38.660   4013189.0
2015-11-04  38.780  38.860   4426417.0
2015-11-05  38.960  39.440   6708914.0
2015-11-06  39.020  39.110   3332883.0
2015-11-09  39.620  38.560   4809557.0
2015-11-10  38.160  37.030   7539713.0
2015-11-11  37.390  37.400   4900782.0
2015-11-12  37.360  37.970   4425070.0
2015-11-13  37.600  38.720   5966327.0
2015-11-16  38.230  37.870   3986656.0
2015-11-17  37.940  38.150   2786273.0
2015-11-18  37.610  37.320   5950975.0
2015-11-19  37.470  37.730   3223685.0
2015-11-20  37.990  38.440   3397209.0
2015-11-23  38.470  38.030   6175564.0
2015-11-24  38.010  38.390  10153419.0
2015-11-25  38.100  36.970   5883816.0
2015-11-27  37.100  36.890   1474576.0
2015-11-30  36.710  35.500   7733080.0
2015-12-01  35.860  36.180   5516399.0
2015-12-02  36.290  35.720   2817108.0
2015-12-03  35.530  34.560   5214675.0
2015-12-04  34.500  35.450   4572296.0
2015-12-07  35.220  36.590   5173389.0
2015-12-08  36.660  36.890   5038082.0
2015-12-09  36.430  36.070   7115915.0
2015-12-10  36.250  36.340   2494611.0
2015-12-11  35.960  36.000   5009786.0
2015-12-14  36.000  36.520   4805364.0
2015-12-15  36.580  38.160   5585643.0
2015-12-16  38.320  39.130   4712743.0
2015-12-17  39.180  39.200   4869448.0
2015-12-18  39.000  37.890  26892597.0
2015-12-21  38.040  38.980   3865303.0
2015-12-22  38.990  39.260   2642776.0
2015-12-23  39.490  40.130   2693484.0
2015-12-24  40.200  39.670    882270.0
2015-12-28  39.560  39.780   1310978.0
2015-12-29  39.900  40.120   1664039.0
2015-12-30  40.050  39.740   2650006.0
2015-12-31  39.530  39.120   3640748.0
2016-01-04  38.860  38.950   4614241.0
2016-01-05  38.900  40.220   5554070.0
2016-01-06  39.560  40.050   7243778.0
2016-01-07  39.380  40.510   8091327.0
2016-01-08  40.860  39.880   3512924.0
2016-01-11  39.960  39.680   3893059.0
2016-01-12  39.830  40.060   3859037.0
2016-01-13  40.160  38.850   3621485.0
2016-01-14  38.740  39.390   3440778.0
2016-01-15  37.990  37.790   5138388.0
2016-01-19  38.130  37.650   3051229.0
2016-01-20  37.150  37.360   4814351.0
2016-01-21  37.400  37.100   3829851.0
2016-01-22  37.860  37.850   3955756.0
2016-01-25  37.970  37.890   3027391.0
2016-01-26  38.170  39.430   2718628.0
2016-01-27  39.420  38.500   2304103.0
2016-01-28  38.640  38.670   1419050.0
2016-01-29  39.440  40.150   3566743.0
2016-02-01  40.040  40.590   3645991.0
2016-02-02  40.030  39.270   2974748.0
2016-02-03  39.550  38.340   5139654.0
2016-02-04  38.820  38.700   3778786.0
2016-02-05  39.050  35.660   7554588.0
2016-02-08  35.420  33.960   6731729.0
2016-02-09  33.750  33.890   8213983.0
2016-02-10  34.310  34.570   3776156.0
2016-02-11  33.780  34.030   3960539.0
2016-02-12  34.590  35.110   3200574.0
2016-02-16  35.780  36.450   4422525.0
2016-02-17  38.310  36.850   9705897.0
2016-02-18  37.110  36.630   4004846.0
2016-02-19  36.330  34.950   5286907.0
2016-02-22  35.560  35.830   4944571.0
2016-02-23  35.800  36.200   2826952.0
2016-02-24  36.160  36.780   7954498.0
2016-02-25  37.000  38.360   4313447.0
2016-02-26  37.360  37.470   4714902.0
2016-02-29  37.480  37.100   4386264.0
2016-03-01  37.030  38.650   4224342.0
2016-03-02  38.540  38.770   2544095.0
2016-03-03  39.500  38.970   6974775.0
2016-03-04  39.120  38.480   3446762.0
2016-03-07  38.240  38.640   4463354.0
2016-03-08  38.620  38.950   4638720.0
2016-03-09  39.000  38.200   6058677.0
2016-03-10  38.480  37.570   5178938.0
2016-03-11  37.840  37.750   6587091.0
2016-03-14  37.500  37.090   4344079.0
2016-03-15  36.760  36.770   3537235.0
2016-03-16  36.800  37.180   4939850.0
2016-03-17  37.180  37.160   4757040.0
2016-03-18  37.340  36.930   5395121.0
2016-03-21  37.430  37.350   2737929.0
2016-03-22  36.900  37.280   3132160.0
2016-03-23  37.170  37.070   3287677.0
2016-03-24  36.850  37.000   6775085.0
2016-03-28  36.980  37.040   2608088.0
2016-03-29  37.140  38.430   4809637.0
2016-03-30  38.540  38.440   2693715.0
2016-03-31  38.520  38.300   3831343.0
2016-04-01  38.060  39.360   6229218.0
2016-04-04  39.240  39.660   4075431.0
2016-04-05  39.340  39.140   3926212.0
2016-04-06  39.310  39.100   2772454.0
2016-04-07  38.750  38.820   4579519.0
2016-04-08  38.980  38.700   1873153.0
2016-04-11  38.770  38.640   1819210.0
2016-04-12  38.600  38.890   3305729.0
2016-04-13  39.120  38.850   2653282.0
2016-04-14  38.810  38.810   2068330.0
2016-04-15  38.990  39.290   6091534.0
2016-04-18  39.120  39.250   8172074.0
2016-04-19  39.360  39.845   8717664.0
2016-04-20  39.960  40.150   6149979.0
2016-04-21  40.100  40.250   4133764.0
2016-04-22  40.220  40.220   3651997.0
2016-04-25  40.300  41.180   6979698.0
2016-04-26  41.840  39.330  14907585.0
2016-04-27  39.450  39.700   7511814.0
2016-04-28  39.620  39.760   4344520.0
2016-04-29  39.400  39.280   5389105.0
2016-05-02  39.360  39.990   3703592.0
2016-05-03  39.830  39.660   3310492.0
2016-05-04  39.510  39.100   3750410.0
2016-05-05  39.100  39.250   3887762.0
2016-05-06  39.000  39.490   2565999.0
2016-05-09  39.580  39.900   2119034.0
2016-05-10  39.970  40.810   6717894.0
2016-05-11  40.660  40.820   3996967.0
2016-05-12  40.830  40.720   4033933.0
2016-05-13  40.560  40.640   3433979.0
2016-05-16  40.550  40.620   3023437.0
2016-05-17  40.420  40.720   7527063.0
2016-05-18  40.720  40.680   5051805.0
2016-05-19  40.420  40.810   3001343.0
2016-05-20  40.980  41.700   6966921.0
2016-05-23  41.560  41.640   4274307.0
2016-05-24  41.690  41.870   4371536.0
2016-05-25  41.930  42.120   2311671.0
2016-05-26  41.910  42.630   3565561.0
2016-05-27  42.510  42.540   2337578.0
2016-05-31  42.450  42.760   3858782.0
2016-06-01  42.500  42.620   4443732.0
2016-06-02  42.750  43.190   4664487.0
2016-06-03  43.180  43.630   3492011.0
2016-06-06  43.560  43.070   5356814.0
2016-06-07  43.250  43.740   2628548.0
2016-06-08  43.800  43.910   2524851.0
2016-06-09  43.620  43.080   3509668.0
2016-06-10  42.470  41.930   4821454.0
2016-06-13  41.700  42.070   4009722.0
2016-06-14  42.000  42.350   2958599.0
2016-06-15  42.200  41.660   4307447.0
2016-06-16  41.450  41.760   3057422.0
2016-06-17  41.870  41.770   4239432.0
2016-06-20  42.060  42.280   2461454.0
2016-06-21  42.220  42.920   2290544.0
2016-06-22  42.810  42.700   1908998.0
2016-06-23  43.180  43.670   1872207.0
2016-06-24  41.290  41.100   8258285.0
2016-06-27  40.850  41.200   4128870.0
2016-06-28  41.510  42.510   3883580.0
2016-06-29  42.700  43.450   4106013.0
2016-06-30  43.370  43.270   3439940.0
2016-07-01  43.160  42.990   2326132.0
2016-07-05  43.000  43.210   2467050.0
2016-07-06  43.090  43.150   3810151.0
2016-07-07  43.210  42.960   1517075.0
2016-07-08  43.200  43.580   2392363.0
2016-07-11  43.770  44.040   2739015.0
2016-07-12  44.100  43.640   2279682.0
2016-07-13  43.910  44.210   2429094.0
2016-07-14  44.500  44.030   2832404.0
2016-07-15  44.340  44.410   3031697.0
2016-07-18  44.640  44.370   1916224.0
2016-07-19  44.310  44.380   1321699.0
2016-07-20  44.290  44.540   1647663.0
2016-07-21  44.630  44.670   2910762.0
2016-07-22  44.930  45.440   2312377.0
2016-07-25  45.500  45.040   3872748.0
2016-07-26  45.000  44.980   3181005.0
2016-07-27  45.850  45.640   7307514.0
2016-07-28  45.610  46.220   3421991.0
2016-07-29  46.230  46.340   3236981.0
2016-08-01  46.540  47.070   3375732.0
2016-08-02  46.910  46.810   2175908.0
2016-08-03  46.800  47.210   3376704.0
2016-08-04  47.230  47.330   1852456.0
2016-08-05  47.400  47.780   2399110.0
2016-08-08  47.730  47.610   3054978.0
2016-08-09  47.840  47.640   1782839.0
2016-08-10  47.750  47.200   2064190.0
2016-08-11  47.110  46.830   2543713.0
2016-08-12  46.610  46.950   1703990.0
2016-08-15  47.130  46.770   1779081.0
2016-08-16  46.740  46.240   1726111.0
2016-08-17  46.340  46.380   3559987.0
2016-08-18  46.350  46.980   2964371.0
2016-08-19  46.800  46.270   1729003.0
2016-08-22  46.270  46.710   1408912.0
2016-08-23  46.960  46.830   1563806.0
2016-08-24  46.660  46.210   1615832.0
2016-08-25  46.310  46.280   1151146.0
2016-08-26  46.420  45.960   2051956.0
2016-08-29  46.640  46.730   2613159.0
2016-08-30  46.810  46.100   2569152.0
2016-08-31  46.000  46.340   2432764.0
2016-09-01  46.410  46.250   2643490.0
2016-09-02  46.750  47.290   2542395.0
2016-09-06  47.150  47.210   2507756.0
2016-09-07  46.980  46.730   2894633.0
2016-09-08  46.640  46.710   2426483.0
2016-09-09  46.090  44.640   3543724.0
2016-09-12  44.500  45.930   3798716.0
2016-09-13  45.700  45.340   3797037.0
2016-09-14  45.350  45.870   3987378.0
2016-09-15  46.000  47.180   2894639.0
2016-09-16  47.060  46.550   5424619.0
2016-09-19  46.610  45.930   1935882.0
2016-09-20  46.250  44.500   5297663.0
2016-09-21  45.010  45.880   3909842.0
2016-09-22  46.140  47.030   3308801.0
2016-09-23  46.980  47.290   2678939.0
2016-09-26  46.770  46.920   2069732.0
2016-09-27  46.890  46.900   3388538.0
2016-09-28  46.780  46.810   1720761.0
2016-09-29  46.710  46.460   2458982.0
2016-09-30  46.460  46.720   3805948.0
2016-10-03  46.540  46.880   2103536.0
2016-10-04  46.770  46.750   3490907.0
2016-10-05  46.940  46.065   2371946.0
2016-10-06  45.900  45.500   3072588.0
2016-10-07  45.740  45.270   2932624.0
2016-10-10  45.300  46.150   2226997.0
2016-10-11  46.180  45.610   1986144.0
2016-10-12  45.610  46.030   1394851.0
2016-10-13  45.590  46.010   3005415.0
2016-10-14  46.050  46.230   2230987.0
2016-10-17  46.090  46.520   1700147.0
2016-10-18  46.910  47.350   2835991.0
2016-10-19  47.090  47.320   2955732.0
2016-10-20  47.030  47.050   2372981.0
2016-10-21  46.860  46.750   5837889.0
2016-10-24  48.320  51.190  21198268.0
2016-10-25  51.170  49.600  11909604.0
2016-10-26  49.680  49.500  11194034.0
2016-10-27  49.550  49.500   4161665.0
2016-10-28  49.240  49.350   3227806.0
2016-10-31  49.630  49.730   3529141.0
2016-11-01  49.680  49.290   2804406.0
2016-11-02  49.250  49.180   3279680.0
2016-11-03  49.270  49.520   4088545.0
2016-11-04  48.790  49.350   3261021.0
2016-11-07  50.390  50.350   3851386.0
2016-11-08  50.460  50.460   1868022.0
2016-11-09  49.190  53.010   7569645.0
2016-11-10  53.000  52.180  10527963.0
2016-11-11  52.020  52.540   3596341.0
2016-11-14  51.870  52.920   6746755.0
2016-11-15  52.940  53.460   4366655.0
2016-11-16  52.640  52.730   4224108.0
2016-11-17  52.620  53.390   2805808.0
2016-11-18  53.130  53.590   1768395.0
2016-11-21  53.500  53.720   3442195.0
2016-11-22  53.650  54.240   3741148.0
2016-11-23  54.190  54.340   4273397.0
2016-11-25  54.300  54.590   1380976.0
2016-11-28  54.680  54.980   4236977.0
2016-11-29  54.980  55.390   3816919.0
2016-11-30  55.460  54.210   5207510.0
2016-12-01  54.110  54.260   4414072.0
2016-12-02  54.620  54.440   3087884.0
2016-12-05  54.600  55.020   1999547.0
2016-12-06  55.020  55.990   7616299.0
2016-12-07  56.690  58.390   7593989.0
2016-12-08  58.400  58.550   4156062.0
2016-12-09  58.580  56.740   3406193.0
2016-12-12  56.650  56.130   4155715.0
2016-12-13  56.560  56.650   3327214.0
2016-12-14  56.750  56.550   3298295.0
2016-12-15  56.850  57.250   3231897.0
2016-12-16  57.530  57.010   3430889.0
2016-12-19  57.230  57.800   1926807.0
2016-12-20  57.820  58.060   1410350.0
2016-12-21  58.480  57.820   1618065.0
2016-12-22  58.420  58.080   1103620.0
2016-12-23  57.760  58.020   1184187.0
2016-12-27  58.100  58.320   1609369.0
2016-12-28  58.430  58.000   1392483.0
2016-12-29  58.070  58.050   1671921.0
2016-12-30  57.860  57.510   2119966.0
2017-01-03  58.100  58.320   3004143.0
2017-01-04  58.360  58.820   5540609.0
2017-01-05  58.770  57.610   5427228.0
2017-01-06  57.870  56.770   4776635.0
2017-01-09  56.570  56.670   3329740.0
2017-01-10  55.720  58.740   5458290.0
2017-01-11  58.540  57.460   4718211.0
2017-01-12  57.400  57.150   2286344.0
2017-01-13  57.250  57.190   1973738.0
2017-01-17  57.250  57.050   4115157.0
2017-01-18  57.540  58.660   5317671.0
2017-01-19  58.520  60.070   6036421.0
2017-01-20  60.540  59.620   3911818.0
2017-01-23  60.770  60.240   3560521.0
2017-01-24  60.010  60.220   3903013.0
2017-01-25  60.200  60.740   4003285.0
2017-01-26  61.110  63.370  12440292.0
2017-01-27  63.680  62.420   6294873.0
2017-01-30  61.910  61.130   5359778.0
2017-01-31  61.250  62.270   4502211.0
2017-02-01  62.260  63.260   8937496.0
2017-02-02  62.890  61.150   6004409.0
2017-02-03  61.250  61.360   5141014.0
2017-02-06  61.130  60.960   3762045.0
2017-02-07  61.030  61.890   3369774.0
2017-02-08  61.500  61.890   5555094.0
2017-02-09  61.710  62.250   3171467.0
2017-02-10  62.160  62.390   3829662.0
2017-02-13  60.590  60.900  11670065.0
2017-02-14  61.240  61.600  17976424.0
2017-02-15  61.470  61.295   9362416.0
2017-02-16  61.190  60.610   3852075.0
2017-02-17  60.540  63.920  13430310.0
2017-02-21  63.410  63.200   5579085.0
2017-02-22  63.270  63.080   2655124.0
2017-02-23  63.220  62.070   5342185.0
2017-02-24  62.100  62.210   4570798.0
2017-02-27  61.310  62.170   6179957.0
2017-02-28  62.250  62.530   4297878.0
2017-03-01  62.660  62.340   3777302.0
2017-03-02  62.200  62.540   3688096.0
2017-03-03  62.220  63.560   4357562.0
2017-03-06  63.160  62.840   3363677.0
2017-03-07  62.530  61.630   3738761.0
2017-03-08  61.420  61.410   4697206.0
2017-03-09  61.480  61.140   6050280.0
2017-03-10  61.580  61.480   4446033.0
2017-03-13  61.510  61.840   3604188.0
2017-03-14  61.800  61.350   2309579.0
2017-03-15  61.610  62.990   5470720.0
2017-03-16  63.090  62.390   2882741.0
2017-03-17  62.990  63.500   4563006.0
2017-03-20  63.390  63.110   2092661.0
2017-03-21  62.980  62.470   3416426.0
2017-03-22  62.680  63.270   4034534.0
2017-03-23  63.140  63.120   2169075.0
2017-03-24  63.540  64.170   4322745.0
2017-03-27  63.920  64.220   2595963.0
2017-03-28  64.000  64.230   3404197.0
2017-03-29  64.390  64.740   3681697.0
2017-03-30  64.750  65.130   2954193.0
2017-03-31  64.950  64.590   4431770.0
2017-04-03  64.200  63.550   4087809.0
2017-04-04  63.320  63.680   2605265.0
2017-04-05  63.760  63.500   2958458.0
2017-04-06  62.350  63.240   6159983.0
2017-04-07  63.270  63.580   2507205.0
2017-04-10  63.890  63.890   2386227.0
2017-04-11  63.840  63.930   2524360.0
2017-04-12  63.770  63.920   1549193.0
2017-04-13  64.150  64.040   2275266.0
2017-04-17  64.500  64.940   2387784.0
2017-04-18  64.820  64.610   1977813.0
2017-04-19  65.050  65.130   3405602.0
2017-04-20  65.210  64.810   2612092.0
2017-04-21  65.240  64.700   4858289.0
2017-04-24  65.030  65.930   5525634.0
2017-04-25  66.000  67.350   6519918.0
2017-04-26  67.690  67.580   3529156.0
2017-04-27  67.660  67.740   2839573.0
2017-04-28  67.790  67.270   3660666.0
2017-05-01  67.830  68.310   3455471.0
2017-05-02  68.560  66.940   3682526.0
2017-05-03  66.820  65.350   6259821.0
2017-05-04  65.480  65.480   3221936.0
2017-05-05  65.790  66.490   2677006.0
2017-05-08  66.840  66.150   3794369.0
2017-05-09  65.980  65.500   3383498.0
2017-05-10  66.940  66.000   5932190.0
2017-05-11  66.060  65.810   3021643.0
2017-05-12  66.830  65.550   3729776.0
2017-05-15  65.610  65.690   3101791.0
2017-05-16  65.650  65.910   3090244.0
2017-05-17  65.440  63.910   5942789.0
2017-05-18  63.750  65.720   4931614.0
2017-05-19  66.710  66.370   4970022.0
2017-05-22  66.330  67.220   2729319.0
2017-05-23  67.530  67.620   2099038.0
2017-05-24  67.820  67.890   2475678.0
2017-05-25  67.830  67.860   2217004.0
2017-05-26  67.880  67.800   2276364.0
2017-05-30  67.610  67.080   2823098.0
2017-05-31  67.080  67.420   5080444.0
2017-06-01  67.420  67.900   1928601.0
2017-06-02  67.930  68.320   1824990.0
2017-06-05  68.310  67.400   3120275.0
2017-06-06  67.200  66.110   4339009.0
2017-06-07  66.350  65.920   3009679.0
2017-06-08  66.040  65.690   5008669.0
2017-06-09  65.710  63.840   6314249.0
2017-06-12  63.560  64.670   3511221.0
2017-06-13  64.760  64.010   4471250.0
2017-06-14  63.910  63.270   2986171.0
2017-06-15  62.770  63.600   3851590.0
2017-06-16  63.270  63.130   7304382.0
2017-06-19  63.600  64.010   2930186.0
2017-06-20  63.800  63.980   6202068.0
2017-06-21  63.850  63.570   3193795.0
2017-06-22  63.630  63.560   4179772.0
2017-06-23  63.480  63.400   1767655.0
2017-06-26  63.600  63.150   1580398.0
2017-06-27  61.250  61.010  10246628.0
2017-06-28  61.010  61.480   3138927.0
2017-06-29  61.190  60.300   7177451.0
2017-06-30  60.880  60.620   4165450.0
2017-07-03  60.740  60.000   1637424.0
2017-07-05  59.880  59.950   6169319.0
2017-07-06  59.560  59.450   5477825.0
2017-07-07  59.450  60.010   3266657.0
2017-07-10  60.070  60.800   3961223.0
2017-07-11  60.740  61.230   3144362.0
2017-07-12  61.700  61.510   3039508.0
2017-07-13  61.500  60.910   2415526.0
2017-07-14  61.210  61.240   4877566.0
2017-07-17  61.040  61.380   3233328.0
2017-07-18  61.610  61.390   4481926.0
2017-07-19  61.510  61.970   5647018.0
2017-07-20  63.850  61.120  13480994.0
2017-07-21  61.280  62.580   6933738.0
2017-07-24  62.390  62.530   3529208.0
2017-07-25  62.500  62.360   3971780.0
2017-07-26  62.340  62.390   2679527.0
2017-07-27  62.390  61.620   3158499.0
2017-07-28  61.410  61.780   2751969.0
2017-07-31  62.250  61.660   3569586.0
2017-08-01  62.100  63.070   5472355.0
2017-08-02  63.220  63.630   3350601.0
2017-08-03  63.720  63.730   3092617.0
2017-08-04  63.940  64.520   3293148.0
2017-08-07  64.850  64.260   3518315.0
2017-08-08  64.040  63.900   1853097.0
2017-08-09  63.630  63.800   2127804.0
2017-08-10  63.310  62.470   2976867.0
2017-08-11  62.450  63.610   2442200.0
2017-08-14  64.190  63.780   2386885.0
2017-08-15  63.790  63.880   2352476.0
2017-08-16  63.750  64.280   2034684.0
2017-08-17  64.000  62.990   2374311.0
2017-08-18  62.870  63.000   1411329.0
2017-08-21  63.490  62.830   2133493.0
2017-08-22  63.210  64.355   2429386.0
2017-08-23  64.200  64.000   1720119.0
2017-08-24  63.960  63.970   1973068.0
2017-08-25  64.120  63.740   2189550.0
2017-08-28  64.000  63.720   1192080.0
2017-08-29  63.310  63.470   1240913.0
2017-08-30  63.470  64.250   1341090.0
2017-08-31  64.250  64.710   2277302.0
2017-09-01  64.780  64.160   1413543.0
2017-09-05  64.170  63.640   2164004.0
2017-09-06  63.810  63.790   2639164.0
2017-09-07  64.010  63.340   1785721.0
2017-09-08  63.400  62.740   2048919.0
2017-09-11  63.160  63.030   2150190.0
2017-09-12  63.010  62.980   1504511.0
2017-09-13  62.930  62.800   2410669.0
2017-09-14  62.470  61.170   4857224.0
2017-09-15  61.330  61.170   5431888.0
2017-09-18  60.950  61.800   4715770.0
2017-09-19  62.010  65.420  11696179.0
2017-09-20  65.320  63.520   4539189.0
2017-09-21  63.740  63.390   1882327.0
2017-09-22  63.850  64.060   6618504.0
2017-09-25  64.110  62.890   5962941.0
2017-09-26  63.060  63.030   2941362.0
2017-09-27  63.030  62.390   3780501.0
2017-09-28  62.120  61.920   4316164.0
2017-09-29  62.130  61.660   4957589.0
2017-10-02  61.340  61.520   3483175.0
2017-10-03  61.560  61.680   3890108.0
2017-10-04  61.420  61.500   5678057.0
2017-10-05  61.510  61.520   3926840.0
2017-10-06  61.630  62.410   4124683.0
2017-10-09  62.310  61.560   3145566.0
2017-10-10  61.690  61.230   3246630.0
2017-10-11  61.150  61.180   4402801.0
2017-10-12  61.070  61.280   2501246.0
2017-10-13  61.290  61.390   2388754.0
2017-10-16  61.520  60.970   1489268.0
2017-10-17  60.930  60.940   1316564.0
2017-10-18  60.870  60.680   3114213.0
2017-10-19  60.440  61.510   4417631.0
2017-10-20  61.970  60.460   3794216.0
2017-10-23  61.100  61.470   6733382.0
2017-10-24  61.740  62.280   3517525.0
2017-10-25  61.950  61.930   4030212.0
2017-10-26  62.180  61.730   2828406.0
2017-10-27  61.470  62.950   3031792.0
2017-10-30  62.670  59.580  14183594.0
2017-10-31  59.640  59.770   7255753.0
2017-11-01  60.140  59.750   3176312.0
2017-11-02  59.760  58.300   5771088.0
2017-11-03  59.010  58.910   3927089.0
2017-11-06  56.200  55.540  16904727.0
2017-11-07  55.780  55.360   8539916.0
2017-11-09  56.500  56.000   4905470.0
2017-11-10  55.690  56.800   5425384.0
2017-11-13  56.800  56.440   3248949.0
2017-11-14  56.390  56.540   5034511.0
2017-11-15  56.800  56.690   3486954.0
2017-11-16  56.810  59.800  10197981.0
2017-11-17  59.550  60.020   6789590.0
2017-11-20  59.745  60.300   4200849.0
2017-11-21  61.100  60.410   5157880.0
2017-11-22  60.410  61.350   6581035.0
2017-11-24  60.810  61.680   2129277.0
2017-11-27  62.200  62.780   5099149.0
2017-11-28  62.340  61.380   5456124.0
2017-11-29  61.560  61.830   3654350.0
2017-11-30  61.890  61.070   7071650.0
2017-12-01  60.350  60.900   4920470.0
2017-12-04  61.200  60.240   3892787.0
2017-12-05  60.500  60.960   3623681.0
2017-12-06  60.530  62.120   5126825.0
2017-12-07  61.580  61.920   4452452.0
2017-12-08  62.470  62.540   3694255.0
2017-12-11  62.560  63.070   3237657.0
2017-12-12  63.050  63.480   3602604.0
2017-12-13  63.740  63.830   4527653.0
2017-12-14  64.050  62.560   6867327.0
2017-12-15  62.470  62.660   6479956.0
2017-12-18  62.670  63.470   3287205.0
2017-12-19  63.520  63.640   5395375.0
2017-12-20  63.920  62.900   5524048.0
2017-12-21  63.350  63.520   2946668.0
2017-12-22  63.490  63.620   1771333.0
2017-12-26  62.950  63.790   1515401.0
2017-12-27  64.010  64.110   1508070.0
2017-12-28  64.240  64.350   1596099.0
2017-12-29  64.100  63.510   1823611.0
2018-01-02  63.900  64.040   2174091.0
2018-01-03  63.890  63.610   2603398.0
2018-01-04  63.890  63.000   2247636.0
2018-01-05  63.540  64.600   3289224.0
2018-01-08  64.460  65.100   3603010.0
2018-01-09  66.000  65.600   5276121.0
2018-01-10  65.180  63.890   3507639.0
2018-01-11  63.940  63.840   3065517.0
2018-01-12  64.160  63.680   3045557.0
2018-01-16  64.140  62.970   4642898.0
2018-01-17  63.400  63.760   2858750.0
2018-01-18  63.840  62.880   4011399.0
2018-01-19  62.750  63.710   4685529.0
2018-01-22  63.750  63.940   2344109.0
2018-01-23  64.020  64.530   2184409.0
2018-01-24  64.590  65.000   2748361.0
2018-01-25  65.400  64.390   2523092.0
2018-01-26  64.600  65.280   2003866.0
2018-01-29  64.750  64.600   2504705.0
2018-01-30  64.800  64.760   1893309.0
2018-01-31  64.540  65.100   2115985.0
2018-02-01  64.700  63.790   4206410.0
2018-02-02  63.840  63.600   2600802.0
2018-02-05  63.460  61.700   3147677.0
2018-02-06  60.030  60.850   5614479.0
2018-02-07  60.960  62.130   7283775.0
2018-02-08  61.000  58.900   7576785.0
2018-02-09  60.100  59.170   4627264.0
2018-02-12  59.660  58.120   4814674.0
2018-02-13  57.680  57.690   5253767.0
2018-02-14  57.350  58.620   6138077.0
2018-02-15  59.320  60.440   5915305.0
2018-02-16  60.630  60.060   4343288.0
2018-02-20  60.000  60.510   2927578.0
2018-02-21  61.090  59.420   2724212.0
2018-02-22  59.750  58.730   2837275.0
2018-02-23  59.390  60.060   3891296.0
2018-02-26  60.000  61.110   4216922.0
2018-02-27  61.040  59.940   3850873.0
2018-02-28  60.520  60.610   3876112.0
2018-03-01  60.780  61.900   5373176.0
2018-03-02  61.580  62.470   5207885.0
2018-03-05  62.010  62.950   3381000.0
2018-03-06  63.300  63.560   3791932.0
2018-03-07  63.570  64.560   6485533.0
2018-03-08  65.000  65.060   2846566.0
2018-03-09  65.300  65.250   3643074.0
2018-03-12  65.510  64.550   2958938.0
2018-03-13  65.100  64.980   4414580.0
2018-03-14  65.230  64.780   3280924.0
2018-03-15  64.710  64.710   2674418.0
2018-03-16  64.440  64.760   5560312.0
2018-03-19  64.680  63.220   3648635.0
2018-03-20  63.320  62.780   2528233.0
2018-03-21  62.600  62.590   2537296.0
2018-03-22  61.840  61.250   4094351.0
2018-03-23  61.420  59.740   4818088.0
2018-03-26  60.700  61.380   3001089.0
2018-03-27  61.660  60.340   2260424.0