date      open     close      volume
                                         
2013-01-02   35.0000   35.3600   1194800.0
2013-01-03   35.1800   34.7700    742000.0
2013-01-04   34.8000   34.4000    674000.0
2013-01-07   34.8000   34.3400    442000.0
2013-01-08   34.5000   33.6800   1284000.0
2013-01-09   34.0100   33.6400    698000.0
2013-01-10   33.8700   33.5300    922500.0
2013-01-11   34.0400   32.9100   1563200.0
2013-01-14   33.0800   33.2600    925100.0
2013-01-15   33.1100   33.9000   1624200.0
2013-01-16   33.8500   34.1000   1378200.0
2013-01-17   34.1600   34.3800   1436700.0
2013-01-18   34.7400   34.5200   3555100.0
2013-01-22   34.5600   35.1900   1920200.0
2013-01-23   35.0200   36.0000   1564300.0
2013-01-24   36.0000   36.9900   1970400.0
2013-01-25   37.0000   36.9800   1287800.0
2013-01-28   36.8600   38.0300   1986000.0
2013-01-29   38.1000   37.9500   1426600.0
2013-01-30   37.8500   37.5200    968100.0
2013-01-31   37.8700   37.5100    901400.0
2013-02-01   38.1700   38.3000   1100600.0
2013-02-04   38.4000   37.7400   1128000.0
2013-02-05   38.0000   38.1300   1310200.0
2013-02-06   38.1800   39.1700   1893200.0
2013-02-07   39.1900   39.4800   1196600.0
2013-02-08   39.4500   39.2400   1139800.0
2013-02-11   37.9800   38.4200   3266300.0
2013-02-12   38.4500   37.8900   2261300.0
2013-02-13   38.3000   38.4500    966800.0
2013-02-14   38.6400   38.3000    990700.0
2013-02-15   38.5000   37.0400   2017600.0
2013-02-19   37.3600   39.2800   2701400.0
2013-02-20   39.3000   38.5400   3122000.0
2013-02-21   36.4900   35.1600   9037800.0
2013-02-22   35.7200   36.1100   2547300.0
2013-02-25   36.1500   34.3800   2889400.0
2013-02-26   34.4600   34.4300   2762900.0
2013-02-27   34.4100   35.1000   1959200.0
2013-02-28   35.8900   34.8300   1964900.0
2013-03-01   35.0000   34.6500   1546600.0
2013-03-04   34.7700   35.5800   1757700.0
2013-03-05   36.0000   36.6500   2087000.0
2013-03-06   37.0100   37.6900   1150000.0
2013-03-07   37.7300   38.2300   1158300.0
2013-03-08   38.0600   38.4700    912100.0
2013-03-11   38.8700   39.1000   1579500.0
2013-03-12   38.9000   39.1200   1275100.0
2013-03-13   39.0000   38.9800    822000.0
2013-03-14   38.9000   36.8500   2021000.0
2013-03-15   36.6400   35.2900   3279600.0
2013-03-18   35.3000   35.1500   1316100.0
2013-03-19   35.2500   35.0800   1098500.0
2013-03-20   35.2600   35.9500   1423000.0
2013-03-21   35.9500   36.0100   1146300.0
2013-03-22   36.2000   36.6200    440200.0
2013-03-25   37.1000   37.5300   2378800.0
2013-03-26   37.9800   37.8600   1808200.0
2013-03-27   37.9400   38.1600   1296300.0
2013-03-28   38.2300   37.8900   1158700.0
2013-04-01   42.3600   43.9300  14098500.0
2013-04-02   43.6000   44.3400   6652400.0
2013-04-03   43.1000   41.1000   5643600.0
2013-04-04   41.1100   42.0100   2264800.0
2013-04-05   42.0000   41.3700   1552400.0
2013-04-08   41.9700   41.8300   1679000.0
2013-04-09   41.8000   40.5000   1696100.0
2013-04-10   40.7000   41.8600   2121100.0
2013-04-11   42.0600   43.5900   3447400.0
2013-04-12   43.2500   43.7500   3149400.0
2013-04-15   43.5000   43.3000   1681400.0
2013-04-16   44.1900   45.5900   3180400.0
2013-04-17   45.5000   45.4500   2118500.0
2013-04-18   45.9800   46.9700   3367900.0
2013-04-19   47.4600   47.8300   3011700.0
2013-04-22   48.6000   50.1900   3939400.0
2013-04-23   51.0000   51.0100   3733800.0
2013-04-24   50.9000   50.4300   2630000.0
2013-04-25   50.5000   52.0000   2795900.0
2013-04-26   53.1300   51.2000   3622100.0
2013-04-29   51.7600   54.9400   3639700.0
2013-04-30   56.0000   53.9900   5522600.0
2013-05-01   55.9900   53.2800   2742800.0
2013-05-02   53.8500   54.1100   3050400.0
2013-05-03   56.4700   54.5500   3378700.0
2013-05-06   56.3900   59.5000   4366700.0
2013-05-07   62.0000   55.5100   9991000.0
2013-05-08   57.5000   55.7865   6769900.0
2013-05-09   70.1200   69.4000  28605000.0
2013-05-10   69.6500   76.7640  25082600.0
2013-05-13   80.9900   87.8000  22416900.0
2013-05-14   94.2200   83.2400  37163900.0
2013-05-15   81.8000   84.8420  16878700.0
2013-05-16   94.7000   92.2480  21614000.0
2013-05-17   92.5000   91.5000  19002200.0
2013-05-20   91.1200   89.9400   8348400.0
2013-05-21   88.5000   87.5900   8998200.0
2013-05-22   86.3700   87.2400   8568000.0
2013-05-23   84.8050   92.7300  12022200.0
2013-05-24   92.6000   97.0800  16124200.0
2013-05-28  101.5500  110.3340  19691900.0
2013-05-29  113.5500  104.6290  25099500.0
2013-05-30  102.4600  104.9500  16133700.0
2013-05-31  106.2600   97.7600  15172000.0
2013-06-03   97.6200   92.5900  19139600.0
2013-06-04   92.7500   94.8400   8856100.0
2013-06-05   93.6600   95.3700  12224800.0
2013-06-06   95.2500   97.3500   9510900.0
2013-06-07   98.0000  102.0400  10711600.0
2013-06-10   98.9300  100.0500   9228600.0
2013-06-11   98.1800   94.4700   7394000.0
2013-06-12   96.8000   97.7300   9192700.0
2013-06-13   99.0000   98.1800   5961600.0
2013-06-14  100.0000  100.3000   6564700.0
2013-06-17  103.6000  102.2000   7066200.0
2013-06-18  101.7500  103.3900   8795300.0
2013-06-19  102.0600  104.6800   8578900.0
2013-06-20  104.6500  100.6500  10106500.0
2013-06-21  103.7000   99.5500  11718600.0
2013-06-24   96.5000  101.4900   7119800.0
2013-06-25  103.1000  102.4000   5848700.0
2013-06-26  103.8000  105.7200   6602600.0
2013-06-27  106.7500  109.2500   8744900.0
2013-06-28  108.5700  107.3600   5748600.0
2013-07-01  109.3600  117.1790  10903600.0
2013-07-02  118.2550  117.8200  12064100.0
2013-07-03  118.0000  115.2400   4806700.0
2013-07-05  118.3200  120.0900   6818700.0
2013-07-08  121.3700  121.6100   7814200.0
2013-07-09  124.6400  123.4500   8603300.0
2013-07-10  123.1900  122.2700   5600100.0
2013-07-11  124.8800  125.6100   7483600.0
2013-07-12  125.5000  129.9000  11344000.0
2013-07-15  133.0300  127.2600   9922400.0
2013-07-16  126.2800  109.0500  32371900.0
2013-07-17  106.5200  120.2500  26029000.0
2013-07-18  120.9700  119.0300  11398100.0
2013-07-19  118.5000  119.6800   5890300.0
2013-07-22  119.8900  122.4300   9797800.0
2013-07-23  124.0000  122.7400   7736400.0
2013-07-24  124.4700  121.7000   6869000.0
2013-07-25  120.4000  124.0700   5284300.0
2013-07-26  128.1400  129.3900   9633100.0
2013-07-29  129.3200  134.6200   9678900.0
2013-07-30  134.8000  131.7400  13127000.0
2013-07-31  132.5700  134.2800   6351700.0
2013-08-01  135.0000  135.5500   5323600.0
2013-08-02  134.5900  138.0000   6269900.0
2013-08-05  140.0100  144.6800  10200700.0
2013-08-06  144.7500  142.1500   9254500.0
2013-08-07  141.8900  134.2300  18212200.0
2013-08-08  154.3550  153.4800  27246800.0
2013-08-09  152.4000  153.0000   8927700.0
2013-08-12  149.4300  147.3800  14912200.0
2013-08-13  149.5000  145.4300   8748900.0
2013-08-14  142.7200  139.3600  11693800.0
2013-08-15  136.4301  139.6700  10179200.0
2013-08-16  141.6300  142.0000   7108100.0
2013-08-19  143.4269  144.9000   8037700.0
2013-08-20  148.6500  149.5800   6418200.0
2013-08-21  150.0000  147.8600   6266300.0
2013-08-22  149.2200  157.1000  10592400.0
2013-08-23  157.0000  161.8390  12931900.0
2013-08-26  165.1500  164.2200  24171100.0
2013-08-27  162.3000  167.0100  17566900.0
2013-08-28  169.0600  166.4500  14740100.0
2013-08-29  164.2150  166.0600   9436000.0
2013-08-30  166.3700  169.0000  11028400.0
2013-09-03  173.4000  168.9400  12061100.0
2013-09-04  169.7700  170.6220  11475700.0
2013-09-05  170.1000  169.9300   6685300.0
2013-09-06  168.5700  166.9700   8619700.0
2013-09-09  163.1200  160.7000  14344500.0
2013-09-10  161.4500  166.3700   8967800.0
2013-09-11  166.4100  163.5200   5832500.0
2013-09-12  164.0000  164.9300   6160000.0
2013-09-13  162.7700  165.5400   5401200.0
2013-09-16  168.0000  166.5800   7574900.0
2013-09-17  165.0800  166.2300   5496900.0
2013-09-18  167.0700  166.2180   5439700.0
2013-09-19  170.8000  177.9200  15594600.0
2013-09-20  178.9000  183.3900  13401700.0
2013-09-23  184.4800  181.1100   8173400.0
2013-09-24  179.1401  182.3300   6273400.0
2013-09-25  183.5600  185.2380   8252700.0
2013-09-26  186.7000  188.6400   6614400.0
2013-09-27  187.5200  190.9000   5916400.0
2013-09-30  189.0000  193.3700   8924700.0
2013-10-01  193.9600  193.0000   7755900.0
2013-10-02  188.5900  180.9500  20775400.0
2013-10-03  175.0450  173.3100  23816500.0
2013-10-04  176.4000  180.9800  14414000.0
2013-10-07  182.4600  183.0700  11485600.0
2013-10-08  184.4000  174.7300  13757200.0
2013-10-09  174.7300  168.7800  15316500.0
2013-10-10  173.0900  172.9300   8883900.0
2013-10-11  172.7500  178.7000   8311100.0
2013-10-14  175.0000  179.7200   7769600.0
2013-10-15  185.2800  183.9400  10978500.0
2013-10-16  184.9000  183.5600   8205400.0
2013-10-17  183.5400  182.8020   6705000.0
2013-10-18  184.1500  183.4000   5930800.0
2013-10-21  183.2800  172.6000  11532100.0
2013-10-22  170.5000  171.5400  11386700.0
2013-10-23  168.9100  164.5000  13320400.0
2013-10-24  165.0000  173.1500  10825700.0
2013-10-25  174.2100  169.6600   7595500.0
2013-10-28  170.1800  162.8600   7841700.0
2013-10-29  162.7600  164.4700  14111700.0
2013-10-30  164.6300  159.2200   8401800.0
2013-10-31  155.6700  159.9400   9333800.0
2013-11-01  163.0000  162.1700   7180600.0
2013-11-04  165.0000  175.2000  13120400.0
2013-11-05  180.0000  176.8100  22467100.0
2013-11-06  154.8100  151.1600  31071700.0
2013-11-07  144.1900  139.7720  22284700.0
2013-11-08  136.4800  137.9500  22477900.0
2013-11-11  141.0000  144.6980  13997600.0
2013-11-12  144.6900  137.8000  14985200.0
2013-11-13  140.8400  138.7000  12658300.0
2013-11-14  138.9200  137.6000  12203700.0
2013-11-15  136.8500  135.4500   9900200.0
2013-11-18  135.2700  121.5800  23138200.0
2013-11-19  119.4300  126.0900  19816200.0
2013-11-20  126.0800  121.1100  13849600.0
2013-11-21  122.8900  122.1000  11903800.0
2013-11-22  121.5800  121.3800  11096700.0
2013-11-25  124.5000  120.8400  10267300.0
2013-11-26  119.3800  120.5000  13885500.0
2013-11-27  121.6000  126.9400  12367600.0
2013-11-29  129.7700  127.2800   9716200.0
2013-12-02  126.3500  124.1700   7751200.0
2013-12-03  132.6800  144.7000  25682400.0
2013-12-04  144.3200  138.9500  13147700.0
2013-12-05  140.1500  140.4800   9288400.0
2013-12-06  141.5100  137.3600   7909600.0
2013-12-09  137.0000  141.6000   9061500.0
2013-12-10  140.0500  142.1900  10748200.0
2013-12-11  141.8800  139.6500   7137800.0
2013-12-12  139.7000  147.4700  10767800.0
2013-12-13  148.0500  147.6540  10591900.0
2013-12-16  148.4800  147.9400   6675300.0
2013-12-17  147.5800  152.4600  10495000.0
2013-12-18  152.2400  147.9800  11581900.0
2013-12-19  146.9000  140.7200  12740000.0
2013-12-20  141.5800  143.2400   7412600.0
2013-12-23  144.8500  143.5500   5385500.0
2013-12-24  150.0000  151.4100   9941500.0
2013-12-26  155.0400  155.5000   7129500.0
2013-12-27  155.3000  151.1200   5460200.0
2013-12-30  151.1200  152.4400   4467500.0
2013-12-31  152.3200  150.4290   4262400.0
2014-01-02  149.8000  150.1000   6188400.0
2014-01-03  150.0000  149.5600   4695000.0
2014-01-06  150.0000  147.0000   5361100.0
2014-01-07  147.6200  149.3600   5034100.0
2014-01-08  148.8500  151.2800   6163200.0
2014-01-09  152.5000  147.5300   5382000.0
2014-01-10  148.4600  145.7199   7446100.0
2014-01-13  145.7800  139.3400   6316100.0
2014-01-14  140.5000  161.2700  27607000.0
2014-01-15  168.4500  164.1300  20465600.0
2014-01-16  162.5000  170.9700  11959400.0
2014-01-17  170.1900  170.0100   9206200.0
2014-01-21  171.2400  176.6800   9734700.0
2014-01-22  177.8100  178.5600   7022600.0
2014-01-23  177.2300  181.5000   7867400.0
2014-01-24  177.8500  174.6000   7664300.0
2014-01-27  175.1600  169.6200   8716400.0
2014-01-28  171.5000  178.3800   6093400.0
2014-01-29  175.3000  175.2300   5935500.0
2014-01-30  178.0000  182.8400   8565000.0
2014-01-31  178.8500  181.4100   6508800.0
2014-02-03  182.8900  177.1100   6764900.0
2014-02-04  180.7000  178.7300   4686300.0
2014-02-05  178.3000  174.4200   7268000.0
2014-02-06  176.3000  178.3800   5841600.0
2014-02-07  181.0100  186.5300   8928500.0
2014-02-10  189.3400  196.5600  12970700.0
2014-02-11  199.1900  196.6200  10709900.0
2014-02-12  195.7800  195.3200   5173700.0
2014-02-13  193.3400  199.6300   8029300.0
2014-02-14  198.1000  198.2300   6158000.0
2014-02-18  205.2440  203.7000   9332800.0
2014-02-19  203.7000  193.6400  16169000.0
2014-02-20  215.0100  209.9700  18002300.0
2014-02-21  211.6400  209.6000   7818800.0
2014-02-24  208.7599  217.6500   8278400.0
2014-02-25  230.0000  248.0000  32681700.0
2014-02-26  258.5800  253.0000  24604600.0
2014-02-27  261.2500  252.5400  17945800.0
2014-02-28  249.6500  244.8100  14589800.0
2014-03-03  237.2600  250.5600  13089300.0
2014-03-04  258.4800  254.8400   8745600.0
2014-03-05  256.7200  252.6600   5935700.0
2014-03-06  254.1400  252.9400   7361100.0
2014-03-07  252.9400  246.2100   7812300.0
2014-03-10  242.7000  238.8400   7728100.0
2014-03-11  236.5000  234.4100   8810100.0
2014-03-12  231.5000  241.4900   9754400.0
2014-03-13  243.7900  237.7900   6236300.0
2014-03-14  235.2900  230.9700   8289700.0
2014-03-17  234.9500  233.9800   5912600.0
2014-03-18  236.9500  240.0400   6242300.0
2014-03-19  241.3900  235.8400   5071300.0
2014-03-20  236.1600  234.9100   3817900.0
2014-03-21  236.0200  228.8900   8216900.0
2014-03-24  229.7500  220.1700  11328800.0
2014-03-25  224.1400  220.4400   7865400.0
2014-03-26  221.9500  212.9600   6907300.0
2014-03-27  212.3700  207.3200   9495700.0
2014-03-28  212.8000  212.3700   9684800.0
2014-03-31  216.5000  208.4500   8380000.0
2014-04-01  209.0200  216.9700   7371400.0
2014-04-02  220.0000  230.2900  10782300.0
2014-04-03  230.3000  225.4000  10923700.0
2014-04-04  226.0100  212.2250  11345600.0
2014-04-07  205.8100  207.5200   9855500.0
2014-04-08  210.0500  215.4600   6889300.0
2014-04-09  216.7600  216.9300   5157900.0
2014-04-10  216.8200  204.1900   7211500.0
2014-04-11  200.6100  203.7800   9067200.0
2014-04-14  207.6000  198.0900   7703000.0
2014-04-15  199.0900  193.9100  13659300.0
2014-04-16  197.0000  199.1100   7202200.0
2014-04-17  199.6100  198.1200   5926800.0
2014-04-21  197.0800  204.3800   5258200.0
2014-04-22  206.3600  218.6400   9804700.0
2014-04-23  216.3300  207.9900   7295600.0
2014-04-24  210.8100  207.8600   5495200.0
2014-04-25  202.0000  199.8500   6996700.0
2014-04-28  200.0000  198.5100   7042000.0
2014-04-29  198.2100  206.9200   5779100.0
2014-04-30  203.6000  207.8900   4440600.0
2014-05-01  207.0800  207.7300   5439900.0
2014-05-02  208.6000  210.9100   4086800.0
2014-05-05  209.4800  216.6100   5147000.0
2014-05-06  216.6000  207.2800   5636700.0
2014-05-07  209.6400  201.3500  10179300.0
2014-05-08  182.0000  178.5900  20056600.0
2014-05-09  179.8600  182.2600   8495200.0
2014-05-12  183.8700  184.6700   7002300.0
2014-05-13  183.7600  190.1600   7097200.0
2014-05-14  188.9500  190.6200   5406700.0
2014-05-15  189.9800  188.5900   6040400.0
2014-05-16  188.9500  191.5600   4487700.0
2014-05-19  190.7200  196.0900   4571700.0
2014-05-20  196.9400  195.3000   5546100.0
2014-05-21  196.1800  199.4500   5285400.0
2014-05-22  200.3500  204.8800   6214500.0
2014-05-23  204.5300  207.3000   4006800.0
2014-05-27  208.5200  211.5600   5341100.0
2014-05-28  210.0200  210.2400   5495100.0
2014-05-29  210.5700  210.2400   3692500.0
2014-05-30  210.3000  207.7700   5581100.0
2014-06-02  207.3300  204.7000   4655100.0
2014-06-03  203.4900  204.9400   3860800.0
2014-06-04  204.3500  203.9900   3427400.0
2014-06-05  204.4700  206.9000   4054600.0
2014-06-06  209.7500  208.1710   3073800.0
2014-06-09  207.9500  205.3100   2805700.0
2014-06-10  204.4300  202.3000   3514700.0
2014-06-11  201.5000  204.4700   3977500.0
2014-06-12  205.1000  203.5200   5993700.0
2014-06-13  204.7800  206.4200   3544300.0
2014-06-16  206.7600  224.6100  13193100.0
2014-06-17  224.1100  231.6700  13246700.0
2014-06-18  231.5000  227.1200   6940200.0
2014-06-19  228.8800  227.7900   8793100.0
2014-06-20  228.5200  229.5900   4903900.0
2014-06-23  229.5100  237.2200   7791100.0
2014-06-24  238.9700  232.5000   8075900.0
2014-06-25  233.0500  236.8910   5801600.0
2014-06-26  237.1700  235.6000   5121400.0
2014-06-27  234.6900  239.0600   5635000.0
2014-06-30  239.5500  240.0600   4828600.0
2014-07-01  242.4600  239.7200   4336100.0
2014-07-02  240.6600  229.4250   8027400.0
2014-07-03  231.2900  229.2500   5166700.0
2014-07-07  227.5000  222.6600   5893700.0
2014-07-08  218.6500  219.0700   7836200.0
2014-07-09  221.2700  223.0600   4115400.0
2014-07-10  217.1800  219.4600   4863900.0
2014-07-11  220.6100  218.1300   3302300.0
2014-07-14  219.9900  226.7000   7203200.0
2014-07-15  226.7300  219.5800   5718500.0
2014-07-16  221.8200  217.1600   4044500.0
2014-07-17  216.1600  215.4000   4649400.0
2014-07-18  215.9500  220.0201   4253700.0
2014-07-21  217.2500  220.5400   3822200.0
2014-07-22  222.1900  219.5800   2730000.0
2014-07-23  220.0100  222.4900   3083300.0
2014-07-24  223.2500  223.5400   3245500.0
2014-07-25  222.7200  223.5700   3087100.0
2014-07-28  224.2500  224.8200   6514300.0
2014-07-29  226.6100  225.0100   3382400.0
2014-07-30  221.9200  228.9200   4917600.0
2014-07-31  229.2600  223.3000   7678300.0
2014-08-01  226.0900  233.2700  11895800.0
2014-08-04  234.3800  238.5200   5959700.0
2014-08-05  237.4700  238.4900   5371300.0
2014-08-06  238.9000  248.9301   9235500.0
2014-08-07  250.1200  252.3900   7464700.0
2014-08-08  251.1600  248.1300   5090100.0
2014-08-11  255.4800  259.3200   8072500.0
2014-08-12  258.0800  259.9600   6382300.0
2014-08-13  262.0100  260.3100   6919000.0
2014-08-14  262.4900  261.3800   4122800.0
2014-08-15  261.4800  262.0100   3857500.0
2014-08-18  263.2500  259.9400   5836800.0
2014-08-19  258.8700  256.7600   5334800.0
2014-08-20  254.6700  255.7100   3015500.0
2014-08-21  256.5200  254.3400   2915600.0
2014-08-22  254.5400  256.7800   2833400.0
2014-08-25  258.1900  262.5500   4308000.0
2014-08-26  264.9800  261.7400   3818000.0
2014-08-27  263.5000  263.2500   2985100.0
2014-08-28  261.8900  263.8600   2844900.0
2014-08-29  268.7000  269.7000   6447100.0
2014-09-02  275.5000  284.1200   9804100.0
2014-09-03  287.6700  281.1900   6772300.0
2014-09-04  284.0100  286.0400   8315700.0
2014-09-05  282.5500  277.3900  11169900.0
2014-09-08  277.6200  282.1100   5501600.0
2014-09-09  282.9900  278.4800   4558800.0
2014-09-10  279.5000  281.1000   3781300.0
2014-09-11  280.4600  280.3100   3766100.0
2014-09-12  280.5000  279.2000   3324600.0
2014-09-15  274.3700  253.8600  16455400.0
2014-09-16  255.1500  260.7400   8300100.0
2014-09-17  262.4100  261.3800   5177700.0
2014-09-18  263.3600  263.8200   3692600.0
2014-09-19  257.9900  259.3200   6810900.0
2014-09-22  255.0000  250.0300   8214100.0
2014-09-23  245.2200  250.4100   5658700.0
2014-09-24  251.1200  252.1400   3739005.0
2014-09-25  252.5200  246.9500   4828483.0
2014-09-26  248.2500  246.6000   3798841.0
2014-09-29  244.0000  245.2600   4854687.0
2014-09-30  246.9200  242.6800   4248127.0
2014-10-01  242.2000  240.2400   5946510.0
2014-10-02  250.2000  251.4200   9002001.0
2014-10-03  253.0600  255.2100   5408665.0
2014-10-06  259.1300  260.6200   7719055.0
2014-10-07  258.5300  259.5700   4491569.0
2014-10-08  260.1000  259.2800   5062615.0
2014-10-09  262.2500  257.0100   7361316.0
2014-10-10  244.6400  236.9100  12898275.0
2014-10-13  238.5700  224.5900  11276552.0
2014-10-14  228.2500  227.0600   7112339.0
2014-10-15  220.0000  229.7000   9151648.0
2014-10-16  219.7200  226.3500   5404565.0
2014-10-17  233.3800  227.4800  10551850.0
2014-10-20  226.7200  230.4700   3499686.0
2014-10-21  234.2700  235.3400   4130345.0
2014-10-22  233.1900  231.1000   4123397.0
2014-10-23  234.6550  235.2900   3499882.0
2014-10-24  236.2700  235.2400   3466927.0
2014-10-27  234.2500  221.6700   9553348.0
2014-10-28  229.6000  242.7700  10516297.0
2014-10-29  241.1300  238.1000   4967640.0
2014-10-30  238.1400  238.6600   3228371.0
2014-10-31  242.5100  241.7000   3775327.0
2014-11-03  243.0000  242.5900   4207268.0
2014-11-04  240.4900  238.9300   3682572.0
2014-11-05  241.0000  230.9700   9045925.0
2014-11-06  234.4900  241.2200  15354717.0
2014-11-07  242.1900  240.2000   5161023.0
2014-11-10  239.1100  241.9300   4577208.0
2014-11-11  242.5500  251.0800   7952565.0
2014-11-12  249.7200  249.1000   5870818.0
2014-11-13  250.6200  251.7000   6236036.0
2014-11-14  250.0000  258.6800   6101145.0
2014-11-17  257.4900  253.9800   4025695.0
2014-11-18  255.8600  257.7000   4474294.0
2014-11-19  250.6100  247.7400   7918486.0
2014-11-20  247.9500  248.7100   3587220.0
2014-11-21  252.2100  242.7800   7485059.0
2014-11-24  245.2000  246.7200   4789708.0
2014-11-25  247.3500  248.0900   3159804.0
2014-11-26  248.3400  248.4400   1981819.0
2014-11-28  245.3500  244.5200   2119688.0
2014-12-01  241.1600  231.6400   8619351.0
2014-12-02  234.5700  231.4300   5887046.0
2014-12-03  226.2500  229.3000   5307733.0
2014-12-04  228.6000  228.2800   3879208.0
2014-12-05  228.6700  223.7100   6063619.0
2014-12-08  221.5400  214.3600   9225619.0
2014-12-09  209.3400  216.8900   9431502.0
2014-12-10  214.1300  209.8400   7314139.0
2014-12-11  210.5300  208.8800   6694398.0
2014-12-12  204.8200  207.0000   7173782.0
2014-12-15  209.2900  204.0400   5218252.0
2014-12-16  200.8900  197.8100   8426105.0
2014-12-17  193.0600  205.8200   7367834.0
2014-12-18  212.3800  218.2600   7483349.0
2014-12-19  220.1900  219.2900   6910461.0
2014-12-22  220.0000  222.6000   4806917.0
2014-12-23  223.8100  220.9700   4513321.0
2014-12-24  219.7700  222.2600   1333518.0
2014-12-26  221.5100  227.8200   3327016.0
2014-12-29  226.9000  225.7100   2811828.0
2014-12-30  223.9900  222.2300   2903242.0
2014-12-31  223.0900  222.4100   2402097.0
2015-01-02  222.8700  219.3100   4764443.0
2015-01-05  214.5500  210.0900   5368477.0
2015-01-06  210.0600  211.2800   6261936.0
2015-01-07  213.3500  210.9500   2968390.0
2015-01-08  212.8100  210.6150   3442509.0
2015-01-09  208.9200  206.6600   4580722.0
2015-01-12  203.0500  202.2100   5950280.0
2015-01-13  203.3200  204.2500   4477320.0
2015-01-14  185.8300  192.6900  11551855.0
2015-01-15  194.4900  191.8700   5216524.0
2015-01-16  190.7000  193.0700   3603158.0
2015-01-20  193.8700  191.9300   4503182.0
2015-01-21  189.5500  196.5700   4153043.0
2015-01-22  197.0000  201.6200   4116905.0
2015-01-23  200.2900  201.2900   3442371.0
2015-01-26  201.8300  206.5500   3234522.0
2015-01-27  204.4200  205.9800   2781024.0
2015-01-28  206.1100  199.3700   3149606.0
2015-01-29  201.0700  205.2000   3548106.0
2015-01-30  203.9600  203.6000   3006959.0
2015-02-02  203.9700  210.9400   4149186.0
2015-02-03  213.2200  218.3600   4826244.0
2015-02-04  218.2900  218.5500   3305377.0
2015-02-05  219.8800  220.9900   3522947.0
2015-02-06  222.0000  217.3600   3243931.0
2015-02-09  215.3800  217.4800   3472423.0
2015-02-10  217.5500  216.2900   5390542.0
2015-02-11  212.2100  212.8000   9769102.0
2015-02-12  193.5700  202.8800  15649607.0
2015-02-13  202.9000  203.7700   6191003.0
2015-02-17  205.7000  204.3500   3979647.0
2015-02-18  204.1700  204.4600   2713598.0
2015-02-19  205.0000  211.7050   5154148.0
2015-02-20  210.7800  217.1100   5982089.0
2015-02-23  215.6600  207.3350   8499775.0
2015-02-24  207.2900  204.1100   6603560.0
2015-02-25  204.9400  203.7600   3909520.0
2015-02-26  204.0000  207.1900   6472855.0
2015-02-27  206.9000  203.3400   3882084.0
2015-03-02  202.7000  197.3250   7922065.0
2015-03-03  196.8100  199.5600   4432329.0
2015-03-04  199.2500  202.4350   4221962.0
2015-03-05  202.8500  200.6300   4877015.0
2015-03-06  199.2100  193.8800   6712438.0
2015-03-09  194.3900  190.8800   6736724.0
2015-03-10  188.4600  190.3200   5579691.0
2015-03-11  191.1500  193.7400   4974871.0
2015-03-12  193.7500  191.0700   4149294.0
2015-03-13  188.9500  188.6800   5434298.0
2015-03-16  192.0000  195.7000   5628783.0
2015-03-17  195.4300  194.7300   4894052.0
2015-03-18  194.9600  200.7100   4820936.0
2015-03-19  202.0000  195.6500   8475244.0
2015-03-20  197.4500  198.0800   4269467.0
2015-03-23  198.5000  199.6300   2631626.0
2015-03-24  201.5800  201.7200   3649860.0
2015-03-25  198.2700  194.3000   5730389.0
2015-03-26  193.9200  190.4050   4127956.0
2015-03-27  189.0700  185.0000   8604947.0
2015-03-30  185.8500  190.5700  10089516.0
2015-03-31  193.5300  188.7700   5026569.0
2015-04-01  188.7000  187.5900   3794621.0
2015-04-02  190.2300  191.0000   5010368.0
2015-04-06  198.0000  203.1000  12455811.0
2015-04-07  202.5100  203.2500   4347864.0
2015-04-08  208.2000  207.6700   6303117.0
2015-04-09  208.4300  210.0900   3800225.0
2015-04-10  209.8500  210.9000   4067676.0
2015-04-13  210.4350  209.7800   3758230.0
2015-04-14  208.5700  207.4600   3025963.0
2015-04-15  207.4600  207.8300   1952378.0
2015-04-16  207.7000  206.7000   1659059.0
2015-04-17  204.9900  206.7900   2469926.0
2015-04-20  206.7800  205.2700   2559251.0
2015-04-21  205.8000  209.4100   3432541.0
2015-04-22  212.5000  219.4400   7863037.0
2015-04-23  218.2700  218.6000   4411184.0
2015-04-24  220.5000  218.4250   2427843.0
2015-04-27  222.5600  231.5500  11672627.0
2015-04-28  234.7500  230.4800   6085379.0
2015-04-29  230.0500  232.4500   3936077.0
2015-04-30  230.3900  226.0500   3911857.0
2015-05-01  229.9400  226.0300   5281689.0
2015-05-04  228.1800  230.5100   4434596.0
2015-05-05  237.7600  232.9500   5796873.0
2015-05-06  234.1000  230.4300   5270933.0
2015-05-07  221.0000  236.8000   9455909.0
2015-05-08  235.9900  236.6100   4668236.0
2015-05-11  236.2900  239.4900   5672262.0
2015-05-12  240.1100  244.7400   6363429.0
2015-05-13  247.6100  243.1800   5440165.0
2015-05-14  244.8200  244.1000   2895936.0
2015-05-15  243.9300  248.8400   4527563.0
2015-05-18  247.0000  248.7500   3353212.0
2015-05-19  248.4300  247.1400   3674231.0
2015-05-20  247.1300  244.3500   3755569.0
2015-05-21  243.0300  245.6200   1970643.0
2015-05-22  245.3800  247.7300   2223089.0
2015-05-26  247.6800  247.4550   3498682.0
2015-05-27  248.5100  247.4300   3408200.0
2015-05-28  247.0300  251.4500   3647283.0
2015-05-29  251.0000  250.8000   3789283.0
2015-06-01  251.4100  249.4500   2505057.0
2015-06-02  248.9200  248.3500   2134809.0
2015-06-03  248.2000  248.9900   1781505.0
2015-06-04  247.5000  245.9200   2453615.0
2015-06-05  246.0000  249.1400   3022026.0
2015-06-08  250.8500  256.2900   5016997.0
2015-06-09  255.4000  256.0000   2611146.0
2015-06-10  251.9000  250.7000   3454453.0
2015-06-11  253.2600  251.4100   2044058.0
2015-06-12  250.2100  250.6900   1422335.0
2015-06-15  249.7000  250.3800   2186175.0
2015-06-16  250.1300  253.1200   1984678.0
2015-06-17  252.1700  260.4100   5512920.0
2015-06-18  262.0000  261.8900   2782703.0
2015-06-19  262.4000  262.5100   2463013.0
2015-06-22  262.1500  259.7900   4561079.0
2015-06-23  260.3200  267.6700   3870818.0
2015-06-24  266.9800  265.1700   2412293.0
2015-06-25  266.4500  268.7900   2849204.0
2015-06-26  268.8900  267.0900   3838434.0
2015-06-29  261.9500  262.0200   3478909.0
2015-06-30  264.8000  268.2600   3086935.0
2015-07-01  271.1100  269.1500   2101224.0
2015-07-02  280.1950  280.0200   7163930.0
2015-07-06  278.8800  279.7200   4121933.0
2015-07-07  275.0000  267.8800   6105126.0
2015-07-08  259.3200  254.9600   6221077.0
2015-07-09  259.0800  257.9200   3334077.0
2015-07-10  262.2200  259.1500   2610858.0
2015-07-13  262.2500  262.1600   2960319.0
2015-07-14  262.1000  265.6500   1907641.0
2015-07-15  266.7400  263.1400   2021621.0
2015-07-16  264.2200  266.6800   1615961.0
2015-07-17  272.5000  274.6600   5004099.0
2015-07-20  275.0000  282.2600   4978454.0
2015-07-21  270.0500  266.7700   6108686.0
2015-07-22  261.2700  267.8700   3104960.0
2015-07-23  269.6500  267.2000   2227239.0
2015-07-24  267.3800  265.4100   2836498.0
2015-07-27  262.4300  253.0100   4694192.0
2015-07-28  255.7500  264.8200   3895808.0
2015-07-29  264.2700  263.8200   2790095.0
2015-07-30  262.6900  266.7900   2034560.0
2015-07-31  267.6000  266.1500   2222552.0
2015-08-03  266.2900  259.9900   2553474.0
2015-08-04  260.0100  266.2800   2352530.0
2015-08-05  263.5800  270.1300   4798058.0
2015-08-06  249.5400  246.1300  14623754.0
2015-08-07  243.5800  242.5100   5073390.0
2015-08-10  238.1500  241.1400   4185860.0
2015-08-11  237.1500  237.3700   4264939.0
2015-08-12  235.0000  238.1700   3739157.0
2015-08-13  239.8600  242.5100   4689182.0
2015-08-14  247.2400  243.1500   4364810.0
2015-08-17  255.5600  254.9900   7176690.0
2015-08-18  255.3800  260.7200   4195035.0
2015-08-19  260.3300  255.2500   3604282.0
2015-08-20  252.0600  242.1800   4905757.0
2015-08-21  236.0000  230.7700   6590234.0
2015-08-24  202.7900  218.8700   9581585.0
2015-08-25  230.5200  220.0300   4327294.0
2015-08-26  227.9300  224.8400   4963042.0
2015-08-27  231.0000  242.9900   7655959.0
2015-08-28  241.8600  248.4800   5513673.0
2015-08-31  245.7700  249.0600   4700232.0
2015-09-01  240.3400  238.6300   5454765.0
2015-09-02  245.1400  247.6900   4629174.0
2015-09-03  252.0600  245.5700   4194772.0
2015-09-04  240.8900  241.9300   3689153.0
2015-09-08  245.0500  248.1700   3138231.0
2015-09-09  252.0500  248.9100   3390788.0
2015-09-10  247.2300  248.4800   2709024.0
2015-09-11  247.6400  250.2400   2350844.0
2015-09-14  251.1000  253.1900   2890851.0
2015-09-15  252.7500  253.5700   2933466.0
2015-09-16  253.0400  262.2500   4417081.0
2015-09-17  263.9600  262.0700   3585812.0
2015-09-18  257.9600  260.6200   3763064.0
2015-09-21  263.9800  264.2000   6120155.0
2015-09-22  259.0300  260.9400   3664353.0
2015-09-23  261.9500  261.0600   2600778.0
2015-09-24  259.5300  263.1200   3448191.0
2015-09-25  266.6100  256.9100   3773392.0
2015-09-28  257.3500  248.4300   4881802.0
2015-09-29  250.4600  246.6500   3703154.0
2015-09-30  252.0000  248.4000   4879816.0
2015-10-01  247.5100  239.8800   4572964.0
2015-10-02  235.6000  247.5700   4423982.0
2015-10-05  248.8400  246.1500   3689865.0
2015-10-06  240.0000  241.4600   5235897.0
2015-10-07  236.6300  231.9600   6813959.0
2015-10-08  230.0800  226.7200   6133216.0
2015-10-09  220.9300  220.6900   6158370.0
2015-10-12  222.9900  215.5800   3836303.0
2015-10-13  213.2800  219.2500   5171535.0
2015-10-14  220.6700  216.8800   3104446.0
2015-10-15  216.4300  221.3100   2844233.0
2015-10-16  223.0400  227.0100   4334493.0
2015-10-19  226.5000  228.1000   2507895.0
2015-10-20  227.7200  213.0300  14900047.0
2015-10-21  211.9900  210.0900   4183471.0
2015-10-22  211.5600  211.7200   2825159.0
2015-10-23  215.0000  209.0900   4235462.0
2015-10-26  211.3800  215.2600   3391438.0
2015-10-27  214.8400  210.3500   3519449.0
2015-10-28  211.3100  212.9600   2728593.0
2015-10-29  211.7500  211.6300   1805032.0
2015-10-30  210.4000  206.9300   4438901.0
2015-11-02  208.9200  213.7900   3927944.0
2015-11-03  213.8500  208.3500   8332486.0
2015-11-04  227.0000  231.6300  12726366.0
2015-11-05  230.5800  231.7700   4496843.0
2015-11-06  230.7000  232.3600   2445293.0
2015-11-09  232.9900  225.3300   3850860.0
2015-11-10  223.4800  216.5000   4617007.0
2015-11-11  217.7700  219.0800   3347806.0
2015-11-12  217.8500  212.9400   2915900.0
2015-11-13  212.9500  207.1900   3430327.0
2015-11-16  206.0900  214.3100   2925395.0
2015-11-17  215.2000  214.0000   2148326.0
2015-11-18  214.5000  221.0700   2811900.0
2015-11-19  220.5400  221.8000   2504375.0
2015-11-20  223.4900  220.0100   4400722.0
2015-11-23  217.3500  217.7500   2526199.0
2015-11-24  215.3700  218.2500   2480293.0
2015-11-25  221.3400  229.6400   3990779.0
2015-11-27  231.0600  231.6100   1949353.0
2015-11-30  231.7900  230.2600   2659813.0
2015-12-01  231.0600  237.1900   3733955.0
2015-12-02  237.0000  231.9900   2981468.0
2015-12-03  235.4800  232.7100   2939564.0
2015-12-04  232.4600  230.3800   2573603.0
2015-12-07  227.7000  231.1300   3144223.0
2015-12-08  227.5200  226.7200   2687636.0
2015-12-09  226.7000  224.5200   3057753.0
2015-12-10  224.7100  227.0700   2071692.0
2015-12-11  225.2400  217.0200   3268726.0
2015-12-14  217.5100  218.5800   2831518.0
2015-12-15  221.8200  221.0900   2244424.0
2015-12-16  222.1000  234.5100   5104341.0
2015-12-17  233.9400  233.3900   3298638.0
2015-12-18  232.8900  230.4600   3014170.0
2015-12-21  231.6900  232.5600   1953174.0
2015-12-22  234.9900  229.9500   1961495.0
2015-12-23  232.1800  229.7000   1554979.0
2015-12-24  230.5600  230.5700    710277.0
2015-12-28  231.4900  228.9500   1901304.0
2015-12-29  230.0600  237.1900   2406290.0
2015-12-30  236.6000  238.0900   3697921.0
2015-12-31  238.5100  240.0100   2715038.0
2016-01-04  230.7200  223.4100   6827146.0
2016-01-05  226.3600  223.4300   3186752.0
2016-01-06  220.0000  219.0400   3779128.0
2016-01-07  214.1900  215.6500   3554251.0
2016-01-08  217.8600  211.0000   3628058.0
2016-01-11  214.0100  207.8500   4091422.0
2016-01-12  211.6000  209.9700   3091917.0
2016-01-13  212.0100  200.3100   4126416.0
2016-01-14  202.2100  206.1800   6490741.0
2016-01-15  198.9700  204.9900   5578640.0
2016-01-19  208.7100  204.7200   4038676.0
2016-01-20  199.4000  198.7000   5838608.0
2016-01-21  201.5500  199.9700   3166159.0
2016-01-22  204.8005  202.5500   3124055.0
2016-01-25  200.0600  196.3800   2698739.0
2016-01-26  196.7000  193.5600   4964180.0
2016-01-27  192.3800  188.0700   3617221.0
2016-01-28  190.7900  189.7000   4592754.0
2016-01-29  189.9500  191.2000   2852289.0
2016-02-01  188.7600  196.9400   5297639.0
2016-02-02  192.4200  182.7800   5773637.0
2016-02-03  183.5900  173.4800   7931362.0
2016-02-04  170.7000  175.3300   4385366.0
2016-02-05  171.3000  162.6000   9437591.0
2016-02-08  157.1050  147.9900   9312988.0
2016-02-09  142.3200  148.2500   8651648.0
2016-02-10  150.5000  143.6700  10406513.0
2016-02-11  152.0000  150.4700  14252364.0
2016-02-12  155.0000  151.0400   7235783.0
2016-02-16  158.7000  155.1700   5593794.0
2016-02-17  159.0000  168.6800   5825159.0
2016-02-18  172.4200  166.7700   3887574.0
2016-02-19  163.6600  166.5800   2959390.0
2016-02-22  170.1200  177.7400   5060051.0
2016-02-23  176.1600  177.2100   5984374.0
2016-02-24  172.7500  179.0000   5395609.0
2016-02-25  178.6500  187.4300   5750741.0
2016-02-26  188.7000  190.3400   6065117.0
2016-02-29  192.4000  191.9300   4498997.0
2016-03-01  194.2500  186.3500   6712159.0
2016-03-02  183.7300  188.3400   4862396.0
2016-03-03  188.2800  195.7400   4829018.0
2016-03-04  198.0000  201.0400   6489058.0
2016-03-07  197.6800  205.2900   5337072.0
2016-03-08  203.5000  202.6000   3978722.0
2016-03-09  204.5200  208.7200   3208554.0
2016-03-10  210.0000  205.1800   5192523.0
2016-03-11  207.9300  207.5000   3343077.0
2016-03-14  212.6500  215.1500   4065706.0
2016-03-15  214.2700  218.3400   3180452.0
2016-03-16  218.0000  221.9300   3516703.0
2016-03-17  221.4700  226.3800   3782891.0
2016-03-18  229.1000  232.7400   4711793.0
2016-03-21  235.3400  238.3200   5307822.0
2016-03-22  237.2100  234.2400   4315988.0
2016-03-23  232.3700  222.5800   4948841.0
2016-03-24  215.7800  227.7500   4960900.0
2016-03-28  231.6100  230.2600   3925685.0
2016-03-29  229.8900  230.1300   4014330.0
2016-03-30  235.0900  226.8900   4032982.0
2016-03-31  229.3400  229.7700   8012872.0
2016-04-01  244.8250  237.5900  15997509.0
2016-04-04  249.1200  246.9900  13475327.0
2016-04-05  240.5000  255.4700   9948699.0
2016-04-06  253.9700  265.4200  11705479.0
2016-04-07  266.4500  257.2000   8856171.0
2016-04-08  260.5000  250.0700   7363935.0
2016-04-11  251.0000  249.9200   9161693.0
2016-04-12  249.5000  247.8200   5763208.0
2016-04-13  248.5100  254.5300   4925595.0
2016-04-14  253.0000  251.8600   4132185.0
2016-04-15  251.3100  254.5100   3752366.0
2016-04-18  252.2300  253.8800   4271362.0
2016-04-19  253.1200  247.3700   6357526.0
2016-04-20  246.2600  249.9700   5194051.0
2016-04-21  248.9900  248.2900   2783059.0
2016-04-22  248.8900  253.7500   3786327.0
2016-04-25  253.0100  251.8200   3670348.0
2016-04-26  252.0500  253.7400   3223839.0
2016-04-27  252.7500  251.4700   3205808.0
2016-04-28  249.8500  247.7100   2518990.0
2016-04-29  248.1400  240.7600   5413787.0
2016-05-02  241.5000  241.8000   3843935.0
2016-05-03  237.3600  232.3200   4302222.0
2016-05-04  230.2900  222.5600   8700459.0
2016-05-05  228.4600  211.5300  11254827.0
2016-05-06  210.8700  214.9300   5685237.0
2016-05-09  215.7200  208.9200   4776383.0
2016-05-10  207.5500  208.6900   4070617.0
2016-05-11  207.5900  208.9600   5161864.0
2016-05-12  211.4400  207.2800   3650475.0
2016-05-13  207.7800  207.6100   2822781.0
2016-05-16  208.1500  208.2900   2949396.0
2016-05-17  209.0500  204.6600   2843597.0
2016-05-18  209.1500  211.1700   5617519.0
2016-05-19  213.6200  215.2100   6866321.0
2016-05-20  216.9900  220.2800   9007076.0
2016-05-23  219.8700  216.2200   5102479.0
2016-05-24  216.6000  217.9100   3013843.0
2016-05-25  217.9100  219.5800   3132615.0
2016-05-26  220.5000  225.1200   4072424.0
2016-05-27  224.9900  223.0400   3650272.0
2016-05-31  223.0400  223.2300   2789002.0
2016-06-01  221.4800  219.5600   2982695.0
2016-06-02  219.5900  218.9600   2032832.0
2016-06-03  220.0000  218.9900   2228970.0
2016-06-06  218.0000  220.6800   2249508.0
2016-06-07  222.2400  232.3400   6213573.0
2016-06-08  233.8000  235.5200   5971995.0
2016-06-09  234.9800  229.3600   4492075.0
2016-06-10  227.3900  218.7900   6026603.0
2016-06-13  219.5000  217.8700   4193022.0
2016-06-14  218.8800  214.9600   3580167.0
2016-06-15  216.9500  217.7000   2908522.0
2016-06-16  217.4200  217.9300   2440259.0
2016-06-17  217.8100  215.4700   3112620.0
2016-06-20  219.5000  219.7000   3555471.0
2016-06-21  220.6800  219.6100   4529005.0
2016-06-22  199.4700  196.6600  23742414.0
2016-06-23  195.6900  196.4000  10130748.0
2016-06-24  190.0500  193.1500   7026516.0
2016-06-27  190.8600  198.5500   7220323.0
2016-06-28  201.8900  201.7900   6212422.0
2016-06-29  205.1300  210.1900   5994908.0
2016-06-30  212.9700  212.2800   4843111.0
2016-07-01  206.1400  216.5000   5399951.0
2016-07-05  209.7300  213.9800   5175345.0
2016-07-06  210.0000  214.4400   4919855.0
2016-07-07  213.1000  215.9400   3612022.0
2016-07-08  217.8000  216.7800   4074785.0
2016-07-11  219.9600  224.7800   5429823.0
2016-07-12  224.1000  224.6500   4576165.0
2016-07-13  225.5000  222.5300   3567062.0
2016-07-14  223.1200  221.5300   2675834.0
2016-07-15  222.5200  220.4000   2234247.0
2016-07-18  219.6400  226.2500   3412055.0
2016-07-19  225.0000  225.2600   3115065.0
2016-07-20  226.4700  228.3600   2568498.0
2016-07-21  226.0000  220.5000   4428651.0
2016-07-22  221.9900  222.2700   2579692.0
2016-07-25  222.2700  230.0100   4490683.0
2016-07-26  227.6900  229.5100   3430042.0
2016-07-27  229.3400  228.4900   2889007.0
2016-07-28  227.9500  230.6100   2419059.0
2016-07-29  230.7000  234.7900   3070813.0
2016-08-01  235.5000  230.0100   4016284.0
2016-08-02  229.3700  227.2000   3934432.0
2016-08-03  227.3700  225.7900   3887759.0
2016-08-04  225.6900  230.6100   4146997.0
2016-08-05  230.0000  230.0300   3205215.0
2016-08-08  228.0000  226.1600   2263584.0
2016-08-09  226.8200  229.0800   2207833.0
2016-08-10  228.2400  225.6500   2338301.0
2016-08-11  226.1700  224.9100   1880936.0
2016-08-12  225.4100  225.6100   1813540.0
2016-08-15  226.0200  225.5900   2034328.0
2016-08-16  225.4900  223.6100   2267147.0
2016-08-17  224.3300  223.2400   1787127.0
2016-08-18  223.8200  223.5100   1714467.0
2016-08-19  223.5400  225.0000   1659530.0
2016-08-22  224.1700  222.9300   2065493.0
2016-08-23  224.3200  224.8400   4784418.0
2016-08-24  227.0500  222.6200   2570693.0
2016-08-25  223.1100  220.9600   1762519.0
2016-08-26  222.1400  219.9900   2238992.0
2016-08-29  220.1500  215.2000   3266334.0
2016-08-30  216.1100  211.3400   3168862.0
2016-08-31  210.4300  212.0100   3276548.0
2016-09-01  209.0100  200.7700   7943138.0
2016-09-02  202.3300  197.7800   5977413.0
2016-09-06  199.0200  202.8300   4390572.0
2016-09-07  205.5000  201.7100   3640923.0
2016-09-08  199.5500  197.3600   3377946.0
2016-09-09  199.0900  194.4700   3756992.0
2016-09-12  195.0000  198.3000   3715161.0
2016-09-13  197.0600  196.0500   3589379.0
2016-09-14  195.7500  196.4100   2259231.0
2016-09-15  196.4900  200.4200   3085115.0
2016-09-16  200.4200  205.4000   3107808.0
2016-09-19  207.0000  206.3400   2299498.0
2016-09-20  206.8500  204.6400   2410488.0
2016-09-21  206.3700  205.2200   2633503.0
2016-09-22  206.4000  206.4300   2382902.0
2016-09-23  205.9900  207.4500   2905229.0
2016-09-26  206.5000  208.9900   2394358.0
2016-09-27  209.6500  205.8100   3373180.0
2016-09-28  207.5100  206.2700   2088374.0
2016-09-29  205.6000  200.7000   2727029.0
2016-09-30  202.2100  204.0300   2586273.0
2016-10-03  212.3000  213.7000   5999892.0
2016-10-04  213.1000  211.4100   3541481.0
2016-10-05  212.2400  208.4600   1877534.0
2016-10-06  202.4600  201.0000   4703402.0
2016-10-07  201.0000  196.6100   3493018.0
2016-10-10  201.3500  200.9500   3316297.0
2016-10-11  201.8500  200.1000   2328422.0
2016-10-12  200.9500  201.5100   1970689.0
2016-10-13  200.5000  200.2400   2495413.0
2016-10-14  200.6600  196.5100   4269850.0
2016-10-17  197.0500  193.9600   4554080.0
2016-10-18  195.9900  199.1000   5680475.0
2016-10-19  199.7400  203.5600   6991183.0
2016-10-20  202.1200  199.1000   5072877.0
2016-10-21  198.6000  200.0900   2943402.0
2016-10-24  201.0000  202.7600   2751562.0
2016-10-25  202.9000  202.3400   2445014.0
2016-10-26  201.0000  202.2400   5632841.0
2016-10-27  211.3400  204.0100  13093744.0
2016-10-28  204.0000  199.9700   4280141.0
2016-10-31  202.4900  197.7300   4692273.0
2016-11-01  198.0400  190.7900   7060036.0
2016-11-02  190.0500  188.0200   4253382.0
2016-11-03  189.0000  187.4200   2653023.0
2016-11-04  189.0000  190.5600   5146043.0
2016-11-07  193.5900  193.2100   3870112.0
2016-11-08  193.7900  194.9400   3267580.0
2016-11-09  186.8750  190.0600   8173065.0
2016-11-10  191.0500  185.3500   6750341.0
2016-11-11  184.2400  188.5600   3988504.0
2016-11-14  188.0000  181.4500   6552205.0
2016-11-15  182.7800  183.7700   3902018.0
2016-11-16  182.6500  183.9300   3434437.0
2016-11-17  183.4900  188.6600   4887067.0
2016-11-18  190.6500  185.0200   5210347.0
2016-11-21  185.0400  184.5200   4361043.0
2016-11-22  185.8400  191.1700   5603361.0
2016-11-23  190.6100  193.1400   4891893.0
2016-11-25  193.6400  196.6500   2366098.0
2016-11-28  195.4800  196.1200   4529182.0
2016-11-29  195.5600  189.5700   4439256.0
2016-11-30  191.0000  189.4000   3547104.0
2016-12-01  188.2500  181.8800   5126401.0
2016-12-02  182.8800  181.4700   4042324.0
2016-12-05  182.5100  186.8000   4072239.0
2016-12-06  185.5200  185.8500   3391622.0
2016-12-07  186.1500  193.1500   5461851.0
2016-12-08  192.0500  192.2900   3194148.0
2016-12-09  190.8700  192.1800   2722505.0
2016-12-12  192.8000  192.4300   2438876.0
2016-12-13  193.1800  198.1500   6823884.0
2016-12-14  198.7400  198.6900   4150927.0
2016-12-15  198.4100  197.5800   3219567.0
2016-12-16  198.0800  202.4900   3796889.0
2016-12-19  202.4900  202.7300   3488071.0
2016-12-20  203.0500  208.7900   4689071.0
2016-12-21  208.4500  207.7000   5207622.0
2016-12-22  208.2200  208.4500   3111108.0
2016-12-23  208.0000  213.3400   4670464.0
2016-12-27  214.8800  219.5300   5915732.0
2016-12-28  221.5300  219.7400   3782456.0
2016-12-29  218.5600  214.6800   4044968.0
2016-12-30  216.3000  213.6900   4642620.0
2017-01-03  214.8600  216.9900   5923254.0
2017-01-04  214.7500  226.9900  11213471.0
2017-01-05  226.4200  226.7500   5911695.0
2017-01-06  226.9300  229.0100   5527893.0
2017-01-09  228.9700  231.2800   3979484.0
2017-01-10  232.0000  229.8700   3659955.0
2017-01-11  229.0700  229.7300   3650825.0
2017-01-12  229.0600  229.5900   3790229.0
2017-01-13  230.0000  237.7500   6092960.0
2017-01-17  236.7000  235.5800   4617522.0
2017-01-18  236.6500  238.3600   3768967.0
2017-01-19  247.2500  243.7600   7732303.0
2017-01-20  245.4600  244.7300   4204275.0
2017-01-23  245.8500  248.9200   6262938.0
2017-01-24  250.0000  254.6100   4965451.0
2017-01-25  257.3100  254.4700   5146361.0
2017-01-26  254.2900  252.5100   3152123.0
2017-01-27  251.3800  252.9500   3166336.0
2017-01-30  252.5300  250.6300   3801074.0
2017-01-31  249.2400  251.9300   4116104.0
2017-02-01  253.0500  249.2400   3958829.0
2017-02-02  248.3400  251.5500   2499775.0
2017-02-03  251.9100  251.3300   2186723.0
2017-02-06  251.0000  257.7700   3562517.0
2017-02-07  258.1900  257.4800   4244775.0
2017-02-08  257.3500  262.0800   3933014.0
2017-02-09  266.2500  269.2000   7820222.0
2017-02-10  269.7900  269.2300   3619739.0
2017-02-13  270.7400  280.6000   7029605.0
2017-02-14  279.0300  280.9800   7345224.0
2017-02-15  280.0000  279.7600   4947856.0
2017-02-16  277.6000  268.9500   7077322.0
2017-02-17  265.8000  272.2300   6257149.0
2017-02-21  275.4500  277.3900   5676747.0
2017-02-22  280.3100  273.5100   8754975.0
2017-02-23  264.0000  255.9900  14915249.0
2017-02-24  252.6600  257.0000   8171626.0
2017-02-27  248.1700  246.2300  11460810.0
2017-02-28  244.1900  249.9900   6078145.0
2017-03-01  254.1800  250.0200   4809488.0
2017-03-02  249.7100  250.4800   3351833.0
2017-03-03  250.7400  251.5700   2929234.0
2017-03-06  247.9100  251.2100   3355500.0
2017-03-07  251.9200  248.5900   3459470.0
2017-03-08  247.0000  246.8700   3728649.0
2017-03-09  247.6300  244.9000   3879293.0
2017-03-10  246.2100  243.6900   3066272.0
2017-03-13  244.8200  246.1700   3022625.0
2017-03-14  246.1100  258.0000   7598446.0
2017-03-15  257.0000  255.7300   5330806.0
2017-03-16  262.4000  262.0500   7132153.0
2017-03-17  264.0000  261.5000   6497496.0
2017-03-20  260.6000  261.9200   3614294.0
2017-03-21  262.8300  250.6800   6908554.0
2017-03-22  251.5600  255.0100   4059297.0
2017-03-23  255.3900  254.7800   3320245.0
2017-03-24  255.7000  263.1600   5647253.0
2017-03-27  260.6000  270.2200   6230795.0
2017-03-28  277.0200  277.4500   7987604.0
2017-03-29  278.3400  277.3800   3676157.0
2017-03-30  278.0400  277.9200   4148426.0
2017-03-31  278.7300  278.3000   3294640.0
2017-04-03  286.9000  298.5200  13888618.0
2017-04-04  296.8900  303.7000  10134556.0
2017-04-05  302.0400  295.0000   7880938.0
2017-04-06  296.8800  298.7000   5520588.0
2017-04-07  297.5000  302.5400   4562929.0
2017-04-10  309.1500  312.3900   7664458.0
2017-04-11  313.3800  308.7100   5724577.0
2017-04-12  306.3400  296.8400   6050682.0
2017-04-13  296.7000  304.0000   9284634.0
2017-04-17  302.7000  301.4400   4138736.0
2017-04-18  299.7000  300.2500   3035698.0
2017-04-19  302.4600  305.5200   3898024.0
2017-04-20  306.5100  302.5100   6149352.0
2017-04-21  302.0000  305.6000   4509756.0
2017-04-24  309.2200  308.0300   5077561.0
2017-04-25  308.0000  313.7900   6666406.0
2017-04-26  312.3700  310.1700   4184186.0
2017-04-27  311.6900  308.6050   3430245.0
2017-04-28  309.8300  314.0025   4447619.0
2017-05-01  314.8800  322.8300   8480546.0
2017-05-02  324.0000  318.8900   5242868.0
2017-05-03  317.6700  310.7650   6278906.0
2017-05-04  307.4350  295.4600  14039582.0
2017-05-05  298.0000  308.3500   8084153.0
2017-05-08  310.9000  307.0000   6981229.0
2017-05-09  309.3800  321.3592   9596356.0
2017-05-10  321.5600  325.2200   5681214.0
2017-05-11  323.4000  323.1000   4693235.0
2017-05-12  325.4800  324.8100   4114166.0
2017-05-15  318.3800  315.8800   7568594.0
2017-05-16  317.5900  317.0100   4121619.0
2017-05-17  314.3900  306.1100   6675795.0
2017-05-18  307.0000  313.0600   5590416.0
2017-05-19  315.5000  310.8300   4639506.0
2017-05-22  312.8000  310.3500   4279615.0
2017-05-23  310.4600  303.8600   4304658.0
2017-05-24  306.5100  310.2200   5016931.0
2017-05-25  311.0200  316.8300   4819412.0
2017-05-26  317.2800  325.1400   7705715.0
2017-05-30  326.0000  335.1000   7663064.0
2017-05-31  337.6900  341.0100   9863176.0
2017-06-01  344.0000  340.3700   7580447.0
2017-06-02  339.7700  339.8500   5570256.0
2017-06-05  338.5000  347.3200   6737855.0
2017-06-06  344.7000  352.8500  10951473.0
2017-06-07  356.3400  359.6500   9287888.0
2017-06-08  363.7500  370.0000   8975028.0
2017-06-09  374.4200  357.3200  17160231.0
2017-06-12  357.9900  359.0100  10476833.0
2017-06-13  367.6200  375.9500  11693404.0
2017-06-14  381.0850  380.6600  12731997.0
2017-06-15  372.5000  375.3400  10371559.0
2017-06-16  377.9750  371.4000   6259666.0
2017-06-19  375.0000  369.8000   6392331.0
2017-06-20  376.6700  372.2400   7396357.0
2017-06-21  374.3500  376.4000   4900356.0
2017-06-22  377.9900  382.6100   7485677.0
2017-06-23  382.4500  383.4500   6176578.0
2017-06-26  386.6900  377.4900   6575285.0
2017-06-27  376.4000  362.3700   6884529.0
2017-06-28  366.6800  371.2400   6245040.0
2017-06-29  370.6100  360.7500   8180408.0
2017-06-30  363.7100  361.6100   5759458.0
2017-07-03  370.2400  352.6200   6297330.0
2017-07-05  347.2000  327.0900  16883496.0
2017-07-06  317.2600  308.8900  19189195.0
2017-07-07  313.5000  313.2200  14053750.0
2017-07-10  312.9000  316.0500  13702080.0
2017-07-11  316.0000  327.2200  11400054.0
2017-07-12  330.4000  329.5200  10297839.0
2017-07-13  330.1100  323.4100   8540442.0
2017-07-14  323.1900  327.7800   5590393.0
2017-07-17  325.5400  319.5700   9784200.0
2017-07-18  317.5000  328.2400   6326961.0
2017-07-19  328.2300  325.2600   6300735.0
2017-07-20  326.9000  329.9200   5098707.0
2017-07-21  329.4600  328.4000   4826383.0
2017-07-24  330.2400  342.5200   8552012.0
2017-07-25  345.0000  339.6000   6958889.0
2017-07-26  340.3600  343.8500   4750198.0
2017-07-27  346.0000  334.4600   8259202.0
2017-07-28  336.8900  335.0700   4841257.0
2017-07-31  335.5000  323.4700   8499335.0
2017-08-01  323.0000  319.5700   8247544.0
2017-08-02  318.9400  325.8900   9911432.0
2017-08-03  345.3300  347.0900  13448583.0
2017-08-04  347.0000  356.9100   9151520.0
2017-08-07  357.3500  355.1700   6265570.0
2017-08-08  357.5300  365.2200   7363033.0
2017-08-09  361.0000  363.5250   6847245.0
2017-08-10  361.6000  355.1300   7035192.0
2017-08-11  356.9700  357.7150   4318835.0
2017-08-14  364.6300  363.8000   4461215.0
2017-08-15  365.2000  362.3300   3048074.0
2017-08-16  363.0000  362.9100   3328576.0
2017-08-17  361.2100  351.9200   4969222.0
2017-08-18  352.9100  347.4600   5335793.0
2017-08-21  345.8200  337.8600   6458812.0
2017-08-22  341.1300  341.3500   4288367.0
2017-08-23  338.9900  352.7700   4914201.0
2017-08-24  352.5200  352.9300   4540652.0
2017-08-25  354.2400  348.0500   3461744.0
2017-08-28  347.2800  345.6600   3718108.0
2017-08-29  339.4800  347.3600   4032825.0
2017-08-30  349.6700  353.1800   3390055.0
2017-08-31  353.5500  355.9000   4019065.0
2017-09-01  356.1200  355.4000   3028578.0
2017-09-05  353.8000  349.5900   3813862.0
2017-09-06  349.5000  344.5300   4058983.0
2017-09-07  345.9800  350.6100   4219997.0
2017-09-08  348.9900  343.4000   3248803.0
2017-09-11  351.3500  363.6900   7610309.0
2017-09-12  364.4900  362.7500   5929289.0
2017-09-13  363.8200  366.2300   4161382.0
2017-09-14  364.3300  377.6400   7141663.0
2017-09-15  374.5100  379.8100   5338678.0
2017-09-18  380.2500  385.0000   7149295.0
2017-09-19  380.0000  375.1000   6256035.0
2017-09-20  373.0000  373.9100   4892872.0
2017-09-21  374.9000  366.4800   4605428.0
2017-09-22  366.4900  351.0900   8105653.0
2017-09-25  353.1500  344.9900   7542161.0
2017-09-26  350.9300  345.2500   7126550.0
2017-09-27  349.9000  340.9700   6010631.0
2017-09-28  339.8800  339.6000   5279310.0
2017-09-29  341.8600  341.1000   5062297.0
2017-10-02  342.5200  341.5300   4901453.0
2017-10-03  335.9000  348.1400   9981885.0
2017-10-04  351.2500  355.0100   8120353.0
2017-10-05  356.0000  355.3300   4102286.0
2017-10-06  353.1000  356.8800   4171789.0
2017-10-09  349.6500  342.9400   7406324.0
2017-10-10  346.8000  355.5900   6914972.0
2017-10-11  353.8900  354.6000   4476769.0
2017-10-12  352.9500  355.6800   4047318.0
2017-10-13  356.9800  355.5700   3528413.0
2017-10-16  353.7600  350.6000   5353262.0
2017-10-17  350.9100  355.7500   3280670.0
2017-10-18  355.9700  359.6500   4898808.0
2017-10-19  355.5600  351.8100   5032884.0
2017-10-20  352.6900  345.1000   4888221.0
2017-10-23  349.8800  337.0200   5715817.0
2017-10-24  338.8000  337.3400   4463807.0
2017-10-25  336.7000  325.8400   8547764.0
2017-10-26  327.7800  326.1700   4980316.0
2017-10-27  319.7500  320.8700   6942493.0
2017-10-30  319.1800  320.0800   4236029.0
2017-10-31  320.2300  331.5300   5532647.0
2017-11-01  332.2500  321.0800   7028856.0
2017-11-02  300.1300  299.2600  19731322.0
2017-11-03  299.5000  306.0900   8835157.0
2017-11-06  307.0000  302.7800   6463227.0
2017-11-07  301.0200  306.0500   5209573.0
2017-11-09  302.5000  302.9900   5419497.0
2017-11-10  302.5000  302.9900   4600097.0
2017-11-13  300.1300  315.4000   7536669.0
2017-11-14  315.0000  308.7000   5641615.0
2017-11-15  306.0100  311.3000   5909055.0
2017-11-16  313.9900  312.5000   5757709.0
2017-11-17  325.6700  315.0500  13682753.0
2017-11-20  313.7900  308.7400   8220759.0
2017-11-21  310.8600  317.8100   7230570.0
2017-11-22  316.7700  312.6000   4890091.0
2017-11-24  313.7900  315.5500   3242220.0
2017-11-27  313.2500  316.8100   4524921.0
2017-11-28  316.3600  317.5500   4916555.0
2017-11-29  317.3000  307.5400   8732941.0
2017-11-30  308.5600  308.8500   4288221.0
2017-12-01  305.4400  306.5300   4256030.0
2017-12-04  306.5000  305.2000   5811205.0
2017-12-05  302.0000  303.7000   4628462.0
2017-12-06  300.1000  313.2600   7160938.0
2017-12-07  312.0000  311.2400   4705140.0
2017-12-08  314.6000  315.1300   3442898.0
2017-12-11  314.6300  328.9100   7867288.0
2017-12-12  330.4500  341.0300   8648534.0
2017-12-13  340.9300  339.0300   6189204.0
2017-12-14  341.0100  337.8900   5744750.0
2017-12-15  342.0400  343.4500   6832071.0
2017-12-18  344.9000  338.8700   5441450.0
2017-12-19  340.2600  331.1000   6792009.0
2017-12-20  332.6900  328.9800   5937684.0
2017-12-21  329.5900  331.6600   4344701.0
2017-12-22  329.5100  325.2000   4186131.0
2017-12-26  323.8300  317.2900   4321909.0
2017-12-27  316.0000  311.6400   4645441.0
2017-12-28  311.7500  315.3600   4294689.0
2017-12-29  316.1800  311.3500   3727621.0
2018-01-02  312.0000  320.5300   4326988.0
2018-01-03  321.0000  317.2500   4185665.0
2018-01-04  312.8700  314.6200   9915932.0
2018-01-05  316.6200  316.5800   4578729.0
2018-01-08  316.0000  336.4100   9777059.0
2018-01-09  335.1600  333.6900   7109115.0
2018-01-10  332.2000  334.8000   4236168.0
2018-01-11  335.2400  337.9500   6619082.0
2018-01-12  338.6300  336.2200   4805025.0
2018-01-16  337.5400  340.0600   6392397.0
2018-01-17  340.4700  347.1600   7062337.0
2018-01-18  345.6700  344.5700   5619990.0
2018-01-19  345.0000  350.0200   4812052.0
2018-01-22  349.4000  351.5600   6157941.0
2018-01-23  360.0000  352.7900   5428872.0
2018-01-24  354.5800  345.7404   5251654.0
2018-01-25  348.2700  337.6400   6640964.0
2018-01-26  341.5000  342.8500   4515013.0
2018-01-29  339.8500  349.5300   4722025.0
2018-01-30  345.1400  345.8200   4696465.0
2018-01-31  347.5100  354.4200   6076998.0
2018-02-01  351.0000  349.2500   4163194.0
2018-02-02  348.4400  343.7900   3674909.0
2018-02-05  337.9700  333.7000   4053777.0
2018-02-06  325.2100  333.6300   4937928.0
2018-02-07  338.9900  345.0000   5846823.0
2018-02-08  343.3100  315.3600   9996464.0
2018-02-09  319.9300  310.1100  12795099.0
2018-02-12  316.1300  315.7300   6166161.0
2018-02-13  315.0200  323.6600   4506915.0
2018-02-14  320.8400  322.3100   3930911.0
2018-02-15  324.5000  334.0650   5892048.0
2018-02-16  332.5000  335.4900   5585810.0
2018-02-20  334.4700  334.7700   3996951.0
2018-02-21  336.0300  333.3000   3181755.0
2018-02-22  335.5300  346.1700   6940349.0
2018-02-23  347.8300  352.0500   5790795.0
2018-02-26  353.5000  357.4200   4312871.0
2018-02-27  356.2500  350.9900   4761537.0
2018-02-28  352.5700  343.0600   6042895.0
2018-03-01  345.0100  330.9300   6885601.0
2018-03-02  326.9800  335.1200   5092829.0
2018-03-05  332.3900  333.3500   3823769.0
2018-03-06  333.7500  328.2000   4285744.0
2018-03-07  325.4400  332.3000   5007297.0
2018-03-08  332.8600  329.1000   3476944.0
2018-03-09  324.1000  327.1700   5479716.0
2018-03-12  328.6100  345.5100   8212156.0
2018-03-13  344.9200  341.8400   5932110.0
2018-03-14  336.7600  326.6300   7932511.0
2018-03-15  329.3800  325.6000   6366922.0
2018-03-16  325.9600  321.3500   6058612.0
2018-03-19  316.5000  313.5600   7440766.0
2018-03-20  314.8700  310.5500   4726182.0
2018-03-21  310.2500  316.5300   5927881.0
2018-03-22  313.8900  309.1000   4914307.0
2018-03-23  311.2500  301.5400   6600538.0
2018-03-26  307.3400  304.1800   8324639.0
2018-03-27  304.0000  279.1800  13696168.0