date     open   close      volume
                                      
2013-01-02   54.880   54.54   5358100.0
2013-01-03   53.440   51.99  14413200.0
2013-01-04   52.200   52.09  10458000.0
2013-01-07   51.884   52.09   7804500.0
2013-01-08   52.000   51.40   8196200.0
2013-01-09   51.590   52.37   5154300.0
2013-01-10   52.520   53.11   6506500.0
2013-01-11   53.400   52.82  10182500.0
2013-01-14   52.870   53.36   7119900.0
2013-01-15   53.220   53.62   5802900.0
2013-01-16   53.640   53.66   6474500.0
2013-01-17   53.760   54.40  14438900.0
2013-01-18   54.400   54.56   7023900.0
2013-01-22   54.650   56.02   9330000.0
2013-01-23   56.110   55.91   6665700.0
2013-01-24   56.030   56.22   4221700.0
2013-01-25   56.360   56.04   5604700.0
2013-01-28   56.420   55.81   5736900.0
2013-01-29   55.750   56.28   7317600.0
2013-01-30   56.250   56.08   6269200.0
2013-01-31   55.840   55.21   6957500.0
2013-02-01   55.740   55.77   6369500.0
2013-02-04   55.320   55.75   4795700.0
2013-02-05   57.070   57.77   8645500.0
2013-02-06   57.440   57.38   5266100.0
2013-02-07   57.360   57.05   6050700.0
2013-02-08   57.160   57.74   4554600.0
2013-02-11   57.560   57.12   4166800.0
2013-02-12   57.200   57.01   4448600.0
2013-02-13   57.010   57.23   4261200.0
2013-02-14   57.010   57.05   5173800.0
2013-02-15   57.060   57.32   5750400.0
2013-02-19   54.200   56.66  14566200.0
2013-02-20   56.510   55.21   7542900.0
2013-02-21   55.570   55.24   6357300.0
2013-02-22   55.400   54.47   8400700.0
2013-02-25   54.690   53.30   6807800.0
2013-02-26   53.510   53.05   6325100.0
2013-02-27   52.960   53.87   5133800.0
2013-02-28   53.820   53.45   5879800.0
2013-03-01   53.340   53.52   6972100.0
2013-03-04   53.310   53.32   4783000.0
2013-03-05   53.430   53.50   4911700.0
2013-03-06   53.560   53.61   5562600.0
2013-03-07   53.760   53.80   4455700.0
2013-03-08   53.970   53.81   4584400.0
2013-03-11   53.830   54.21   4008700.0
2013-03-12   54.170   54.83   5466300.0
2013-03-13   54.680   54.48   4343000.0
2013-03-14   54.580   54.73   5066800.0
2013-03-15   54.630   54.73   7888300.0
2013-03-18   54.300   55.00   5974200.0
2013-03-19   55.000   55.17   5486600.0
2013-03-20   55.470   54.88   4528800.0
2013-03-21   54.690   55.06   4953700.0
2013-03-22   55.140   54.46   5415900.0
2013-03-25   54.650   54.86   5142500.0
2013-03-26   55.140   55.65   6059700.0
2013-03-27   55.550   56.62   8525800.0
2013-03-28   56.660   57.21   5685400.0
2013-04-01   57.160   58.97   9006100.0
2013-04-02   61.630   61.74  22664600.0
2013-04-03   62.410   61.67  10140400.0
2013-04-04   61.750   62.03   7648400.0
2013-04-05   61.920   62.10   6841300.0
2013-04-08   62.070   61.89   4545600.0
2013-04-09   62.090   62.18   4405900.0
2013-04-10   62.320   62.41   4400600.0
2013-04-11   62.390   62.98   4738900.0
2013-04-12   62.830   63.03   4162000.0
2013-04-15   62.720   61.59   4625600.0
2013-04-16   62.180   62.81   4976400.0
2013-04-17   62.390   62.03   8429000.0
2013-04-18   59.390   59.69  14015000.0
2013-04-19   59.940   60.04   6524600.0
2013-04-22   59.990   59.22   6020900.0
2013-04-23   59.470   58.54   6277700.0
2013-04-24   58.900   58.79   5883000.0
2013-04-25   59.130   59.34   5669100.0
2013-04-26   59.260   59.48   5798100.0
2013-04-29   59.950   60.01   4861600.0
2013-04-30   60.140   59.93   5701800.0
2013-05-01   59.960   59.72   4897800.0
2013-05-02   59.710   59.48   6072500.0
2013-05-03   59.790   58.92   5149500.0
2013-05-06   59.380   60.20   5609600.0
2013-05-07   60.080   60.50   4830700.0
2013-05-08   60.320   62.51  10032800.0
2013-05-09   62.250   62.01   6416700.0
2013-05-10   62.040   62.91   5015700.0
2013-05-13   62.670   62.39   3490400.0
2013-05-14   62.300   61.73   5390300.0
2013-05-15   61.520   61.61   6808200.0
2013-05-16   61.300   62.14   6904800.0
2013-05-17   62.250   62.84   5840800.0
2013-05-20   62.730   62.56   2688200.0
2013-05-21   62.570   62.87   3248400.0
2013-05-22   62.000   62.28   6317500.0
2013-05-23   62.090   62.36   4479100.0
2013-05-24   62.020   62.06   4697900.0
2013-05-28   62.490   63.34   5341000.0
2013-05-29   63.320   63.35   5009100.0
2013-05-30   63.430   64.66   5671300.0
2013-05-31   64.450   62.63   5888300.0
2013-06-03   62.890   62.80   3756200.0
2013-06-04   62.600   62.36   5151100.0
2013-06-05   63.010   61.75   5380100.0
2013-06-06   61.750   61.92   4711400.0
2013-06-07   62.270   62.57   5214700.0
2013-06-10   62.580   63.68   5256600.0
2013-06-11   63.150   63.93   6063400.0
2013-06-12   64.240   63.83   3891100.0
2013-06-13   63.700   64.15   4379500.0
2013-06-14   64.130   63.80   3122600.0
2013-06-17   64.290   64.37   4975000.0
2013-06-18   64.900   65.68   5183300.0
2013-06-19   65.700   65.26   6370200.0
2013-06-20   64.800   63.80   5748300.0
2013-06-21   64.190   63.90   7806500.0
2013-06-24   63.490   64.65   5717100.0
2013-06-25   65.030   63.73   4959100.0
2013-06-26   64.030   64.78   4851700.0
2013-06-27   65.060   66.09   4483600.0
2013-06-28   65.620   65.48   6867800.0
2013-07-01   65.890   65.63   3736500.0
2013-07-02   65.430   65.27   4484800.0
2013-07-03   64.950   65.54   2271100.0
2013-07-05   65.960   66.17   2356500.0
2013-07-08   66.950   67.56   6192500.0
2013-07-09   68.020   67.97   4275700.0
2013-07-10   68.000   67.69   4383900.0
2013-07-11   68.270   68.36   6588900.0
2013-07-12   68.570   68.00   4645600.0
2013-07-15   68.130   67.62   3813600.0
2013-07-16   67.240   66.91   5459600.0
2013-07-17   67.010   66.23   8904300.0
2013-07-18   69.350   70.55  14082900.0
2013-07-19   70.610   71.45   7504900.0
2013-07-22   71.560   72.18   5038000.0
2013-07-23   72.210   72.69   3934300.0
2013-07-24   72.810   72.53   6023300.0
2013-07-25   72.080   72.62   3840600.0
2013-07-26   72.130   72.21   3826000.0
2013-07-29   72.110   72.79   3835300.0
2013-07-30   72.880   72.27   5375400.0
2013-07-31   72.470   72.85   5964700.0
2013-08-01   73.230   73.16   3254000.0
2013-08-02   73.030   72.26   3622500.0
2013-08-05   72.360   73.34   2871000.0
2013-08-06   73.180   73.24   3089500.0
2013-08-07   73.180   72.92   2807300.0
2013-08-08   73.150   73.18   2171600.0
2013-08-09   73.200   72.93   2556900.0
2013-08-12   72.410   72.39   3043300.0
2013-08-13   72.430   73.35   2627400.0
2013-08-14   73.190   72.49   3079000.0
2013-08-15   71.990   71.40   3402000.0
2013-08-16   71.150   71.43   3323600.0
2013-08-19   71.530   71.71   2794800.0
2013-08-20   71.850   72.46   3110000.0
2013-08-21   72.180   71.85   3314200.0
2013-08-22   72.040   71.97   2959400.0
2013-08-23   72.010   72.54   3215600.0
2013-08-26   72.640   72.38   2797700.0
2013-08-27   71.950   71.52   3626200.0
2013-08-28   71.400   71.54   3297700.0
2013-08-29   71.340   72.44   5243500.0
2013-08-30   72.460   71.74   4186200.0
2013-09-03   71.810   72.56   3801500.0
2013-09-04   72.460   73.35   3333600.0
2013-09-05   73.340   74.04   2861600.0
2013-09-06   74.240   74.06   3584100.0
2013-09-09   74.110   74.25   2629600.0
2013-09-10   74.600   74.63   3925400.0
2013-09-11   74.580   75.18   3819200.0
2013-09-12   75.320   74.74   2823800.0
2013-09-13   74.920   74.48   3421000.0
2013-09-16   75.090   75.12   4224800.0
2013-09-17   75.110   74.31   5138100.0
2013-09-18   74.150   73.04   7725600.0
2013-09-19   73.090   70.84   8322900.0
2013-09-20   70.550   70.57   9088700.0
2013-09-23   70.800   71.82   4482500.0
2013-09-24   72.180   72.32   4855200.0
2013-09-25   72.300   71.98   4812900.0
2013-09-26   72.000   72.16   2413200.0
2013-09-27   71.700   71.99   3548000.0
2013-09-30   71.290   71.61   4183600.0
2013-10-01   71.740   72.58   4322300.0
2013-10-02   72.240   72.57   2705700.0
2013-10-03   72.500   72.52   5038300.0
2013-10-04   72.500   72.99   4297600.0
2013-10-07   72.590   72.17   4787000.0
2013-10-08   72.000   71.48   6049100.0
2013-10-09   71.710   71.38   4464100.0
2013-10-10   72.130   73.98   4894300.0
2013-10-11   73.930   74.27   2935800.0
2013-10-14   73.860   74.72   2562200.0
2013-10-15   74.510   73.87   2922900.0
2013-10-16   74.500   75.19   4368600.0
2013-10-17   71.770   71.37  21810200.0
2013-10-18   71.260   68.76  21080600.0
2013-10-21   68.650   68.20  11496900.0
2013-10-22   68.220   68.86   7647300.0
2013-10-23   68.510   68.01   8227700.0
2013-10-24   68.010   67.61   6352500.0
2013-10-25   67.510   67.62   6892500.0
2013-10-28   67.550   66.94   6989300.0
2013-10-29   66.880   68.08   5860000.0
2013-10-30   68.120   68.01   4360500.0
2013-10-31   68.400   68.26   4216700.0
2013-11-01   68.270   68.63   4459000.0
2013-11-04   68.780   68.95   3698700.0
2013-11-05   68.500   68.72   3328700.0
2013-11-06   68.870   70.29   5479400.0
2013-11-07   70.900   69.76   4497300.0
2013-11-08   69.700   70.50   3741900.0
2013-11-11   70.730   70.50   3082600.0
2013-11-12   70.470   69.95   3604800.0
2013-11-13   69.950   71.01   3879500.0
2013-11-14   71.340   71.44   3581200.0
2013-11-15   71.130   71.87   3872600.0
2013-11-18   71.970   71.68   3263700.0
2013-11-19   71.760   71.61   4260900.0
2013-11-20   71.880   71.98   5031300.0
2013-11-21   72.390   72.91   4368000.0
2013-11-22   72.910   73.74   3178400.0
2013-11-25   74.000   74.07   3773900.0
2013-11-26   74.210   74.52   4635400.0
2013-11-27   74.670   74.36   3640600.0
2013-11-29   74.590   74.48   2025600.0
2013-12-02   73.640   74.16   4276000.0
2013-12-03   74.140   73.73   5162400.0
2013-12-04   73.020   73.65   5548700.0
2013-12-05   73.320   72.75   4104700.0
2013-12-06   73.230   73.50   3886000.0
2013-12-09   73.500   73.72   3988600.0
2013-12-10   73.700   74.05   3741100.0
2013-12-11   74.080   72.14   7304300.0
2013-12-12   72.190   71.01   5815300.0
2013-12-13   71.200   70.48   4737000.0
2013-12-16   70.730   71.06   4369500.0
2013-12-17   71.220   70.73   4280100.0
2013-12-18   71.030   72.38   4975700.0
2013-12-19   72.170   72.39   4359200.0
2013-12-20   72.630   73.35   7511500.0
2013-12-23   73.840   74.35   3263100.0
2013-12-24   74.200   74.13   1253500.0
2013-12-26   74.440   74.85   2121000.0
2013-12-27   75.000   74.69   2859900.0
2013-12-30   74.850   74.78   1983800.0
2013-12-31   75.000   75.30   2280000.0
2014-01-02   74.910   74.57   3067000.0
2014-01-03   74.800   75.10   3206400.0
2014-01-06   75.420   74.24   3424500.0
2014-01-07   74.940   76.51   6542500.0
2014-01-08   76.330   75.62   6172200.0
2014-01-09   75.650   76.08   6291500.0
2014-01-10   76.200   74.70   6632200.0
2014-01-13   74.670   73.94   5248700.0
2014-01-14   74.050   74.02   5783900.0
2014-01-15   73.990   74.84   7043300.0
2014-01-16   74.130   72.76   8892800.0
2014-01-17   73.120   72.52   5551300.0
2014-01-21   72.720   73.16   6379300.0
2014-01-22   73.825   73.40   4864700.0
2014-01-23   72.700   73.20   5050300.0
2014-01-24   72.830   71.60   5523600.0
2014-01-27   71.310   71.65   4233600.0
2014-01-28   71.650   71.71   2932700.0
2014-01-29   71.390   71.26   6005100.0
2014-01-30   71.700   72.80   4254000.0
2014-01-31   71.870   72.28   4291500.0
2014-02-03   72.140   70.74   4526100.0
2014-02-04   70.800   70.51   4646100.0
2014-02-05   69.940   70.82   4394300.0
2014-02-06   70.770   70.87   4765600.0
2014-02-07   70.500   71.36   6902900.0
2014-02-10   70.910   69.74   7774000.0
2014-02-11   69.760   70.62   5543000.0
2014-02-12   70.910   70.24   4120600.0
2014-02-13   70.130   71.21   3788000.0
2014-02-14   71.160   73.52   6848800.0
2014-02-18   73.520   73.83   5538400.0
2014-02-19   73.550   73.55   3926500.0
2014-02-20   73.600   73.48   4134000.0
2014-02-21   73.430   73.81   4552300.0
2014-02-24   74.140   76.01   9559000.0
2014-02-25   75.980   75.32   3761800.0
2014-02-26   75.330   76.06   5433200.0
2014-02-27   75.780   76.02   4227300.0
2014-02-28   76.040   77.27   6176600.0
2014-03-03   76.700   77.10   3673400.0
2014-03-04   77.740   78.13   5164500.0
2014-03-05   78.260   77.99   3917600.0
2014-03-06   78.150   77.64   4200500.0
2014-03-07   78.010   77.40   3434700.0
2014-03-10   77.280   77.88   2986400.0
2014-03-11   77.910   77.78   3471200.0
2014-03-12   77.280   77.60   2875400.0
2014-03-13   77.760   77.01   3178600.0
2014-03-14   77.020   75.70   5128700.0
2014-03-17   76.140   76.76   3517900.0
2014-03-18   76.970   78.00   3670800.0
2014-03-19   78.070   79.96   9060100.0
2014-03-20   79.580   81.53   7786500.0
2014-03-21   82.190   81.34  11828100.0
2014-03-24   81.650   81.28   5306200.0
2014-03-25   81.590   81.10   4588800.0
2014-03-26   81.480   81.54   6910000.0
2014-03-27   81.580   81.02   5453900.0
2014-03-28   81.400   81.62   4787400.0
2014-03-31   82.080   81.99   3513700.0
2014-04-01   82.350   81.84   4339800.0
2014-04-02   81.540   81.61   3832100.0
2014-04-03   81.650   82.25   4214700.0
2014-04-04   82.690   81.53   4788100.0
2014-04-07   81.500   81.08   5286700.0
2014-04-08   81.070   80.66   4044900.0
2014-04-09   80.800   81.39   3308900.0
2014-04-10   81.420   79.99   4850000.0
2014-04-11   79.770   78.95   3418700.0
2014-04-14   79.440   79.18   4013700.0
2014-04-15   79.360   79.51   4719100.0
2014-04-16   79.490   78.19   8098100.0
2014-04-17   75.440   75.78  13427200.0
2014-04-21   75.700   74.95   6912500.0
2014-04-22   75.190   75.76   6199400.0
2014-04-23   75.810   75.33   4645700.0
2014-04-24   76.150   76.59   4604900.0
2014-04-25   76.570   75.66   5416200.0
2014-04-28   76.350   75.74   5346800.0
2014-04-29   75.950   75.20   4813200.0
2014-04-30   75.250   75.04   6435900.0
2014-05-01   75.050   74.95   4598000.0
2014-05-02   74.680   75.03   3794700.0
2014-05-05   74.830   75.23   4476100.0
2014-05-06   75.130   75.26   4728200.0
2014-05-07   75.590   77.91   6383500.0
2014-05-08   77.820   76.89   4943100.0
2014-05-09   76.820   76.95   3465600.0
2014-05-12   77.200   77.74   3110900.0
2014-05-13   77.860   78.04   3059000.0
2014-05-14   78.050   77.17   2635300.0
2014-05-15   77.160   76.48   3075200.0
2014-05-16   76.350   76.65   2974600.0
2014-05-19   76.420   77.20   2149100.0
2014-05-20   77.190   76.66   2806500.0
2014-05-21   76.710   77.72   2401200.0
2014-05-22   77.710   78.34   3146900.0
2014-05-23   78.650   78.77   2251500.0
2014-05-27   79.230   79.11   2645500.0
2014-05-28   78.970   78.58   2250900.0
2014-05-29   78.600   79.37   3526800.0
2014-05-30   79.240   79.63   5139900.0
2014-06-02   79.770   79.47   1986400.0
2014-06-03   79.310   79.88   2841100.0
2014-06-04   79.730   80.51   3552900.0
2014-06-05   80.480   79.80   3453700.0
2014-06-06   79.990   79.93   3286600.0
2014-06-09   80.050   79.76   2801700.0
2014-06-10   79.600   79.81   2459200.0
2014-06-11   79.760   80.17   2733500.0
2014-06-12   79.780   79.44   2560000.0
2014-06-13   79.340   79.18   2265200.0
2014-06-16   79.180   78.00   4542900.0
2014-06-17   77.900   78.17   3430900.0
2014-06-18   78.170   79.21   4823000.0
2014-06-19   79.350   80.51   4538600.0
2014-06-20   80.830   81.41   7366500.0
2014-06-23   81.390   81.49   3066900.0
2014-06-24   81.430   81.74   4685500.0
2014-06-25   81.350   82.34   3629200.0
2014-06-26   82.480   82.29   2915900.0
2014-06-27   81.690   82.00   4755600.0
2014-06-30   82.280   81.75   3916100.0
2014-07-01   81.740   81.89   5482400.0
2014-07-02   81.800   82.49   3693500.0
2014-07-03   82.590   83.35   2183400.0
2014-07-07   82.990   82.22   2558500.0
2014-07-08   82.020   81.93   2967300.0
2014-07-09   81.980   82.74   3079500.0
2014-07-10   81.280   82.08   3829400.0
2014-07-11   81.920   82.87   2758400.0
2014-07-14   83.330   84.27   3794500.0
2014-07-15   84.040   83.90   4356300.0
2014-07-16   84.070   83.76   3955200.0
2014-07-17   84.250   85.11   7117900.0
2014-07-18   85.470   85.52   3892100.0
2014-07-21   85.220   85.06   4025100.0
2014-07-22   85.520   86.05   4366900.0
2014-07-23   86.310   85.94   2596300.0
2014-07-24   85.450   85.68   4022400.0
2014-07-25   84.120   84.68   3362600.0
2014-07-28   85.030   85.75   2206900.0
2014-07-29   84.960   84.27   4897800.0
2014-07-30   84.760   82.95   7171800.0
2014-07-31   81.770   81.05   5345400.0
2014-08-01   81.590   82.27   4625100.0
2014-08-04   81.590   82.27   3197700.0
2014-08-05   81.830   80.99   4599500.0
2014-08-06   80.950   81.50   3311300.0
2014-08-07   81.000   79.26   5465400.0
2014-08-08   79.410   80.12   3713400.0
2014-08-11   80.390   79.87   3460000.0
2014-08-12   79.610   80.22   3206200.0
2014-08-13   80.620   81.51   3049900.0
2014-08-14   81.710   81.82   2241100.0
2014-08-15   82.210   81.47   2442700.0
2014-08-18   81.770   82.34   2795800.0
2014-08-19   82.490   83.47   3549300.0
2014-08-20   82.940   83.43   2579600.0
2014-08-21   83.610   83.77   2648500.0
2014-08-22   83.600   83.78   2089300.0
2014-08-25   84.390   84.24   1988100.0
2014-08-26   84.450   85.12   2267800.0
2014-08-27   85.180   86.38   5800700.0
2014-08-28   86.000   86.34   2749700.0
2014-08-29   86.750   86.68   3297500.0
2014-09-02   87.120   86.39   3726100.0
2014-09-03   86.780   86.79   2824400.0
2014-09-04   86.760   87.06   3650100.0
2014-09-05   86.950   87.75   3873500.0
2014-09-08   87.700   87.91   2298000.0
2014-09-09   88.000   88.56   4409400.0
2014-09-10   88.440   87.25   3355800.0
2014-09-11   86.760   87.08   3034500.0
2014-09-12   87.240   86.18   2582400.0
2014-09-15   86.300   86.03   2441800.0
2014-09-16   86.000   87.16   2973700.0
2014-09-17   86.950   86.99   3302700.0
2014-09-18   87.420   87.63   2584000.0
2014-09-19   88.510   87.80   6486300.0
2014-09-22   87.800   87.77   2333819.0
2014-09-23   87.320   86.59   2639414.0
2014-09-24   86.620   88.21   2545178.0
2014-09-25   87.790   86.18   3616309.0
2014-09-26   86.250   86.60   2260493.0
2014-09-29   85.580   86.51   3114772.0
2014-09-30   86.680   86.25   2843214.0
2014-10-01   86.000   84.88   4140232.0
2014-10-02   84.850   84.90   3046995.0
2014-10-03   85.370   86.02   3108068.0
2014-10-06   86.650   85.09   2596071.0
2014-10-07   84.900   84.19   3416980.0
2014-10-08   84.290   86.62   4791144.0
2014-10-09   86.350   84.94   4432816.0
2014-10-10   85.090   85.39   4036846.0
2014-10-13   85.220   83.95   3677943.0
2014-10-14   84.340   82.82   5929537.0
2014-10-15   82.170   82.16   8308870.0
2014-10-16   84.760   85.39  10233008.0
2014-10-17   86.850   88.18   8532850.0
2014-10-20   88.240   88.54   4895885.0
2014-10-21   89.160   90.95   5882126.0
2014-10-22   91.440   89.77   4290263.0
2014-10-23   90.940   90.66   3159178.0
2014-10-24   90.660   91.64   2977334.0
2014-10-27   91.430   92.13   3948931.0
2014-10-28   91.050   92.64   4751011.0
2014-10-29   92.900   92.96   4330718.0
2014-10-30   92.560   93.88   2836374.0
2014-10-31   95.000   95.01   5031542.0
2014-11-03   95.450   94.86   4001207.0
2014-11-04   94.990   94.98   4437644.0
2014-11-05   95.570   95.80   3454715.0
2014-11-06   96.040   96.21   3743249.0
2014-11-07   95.500   93.61   6155418.0
2014-11-10   93.680   94.75   4087673.0
2014-11-11   95.050   95.69   2291363.0
2014-11-12   95.230   95.68   2897642.0
2014-11-13   95.640   95.90   2767673.0
2014-11-14   96.020   95.11   2709453.0
2014-11-17   95.200   96.47   3297638.0
2014-11-18   96.990   98.19   4320839.0
2014-11-19   97.730   96.86   3433847.0
2014-11-20   96.460   96.85   3316654.0
2014-11-21   97.400   96.71   4408560.0
2014-11-24   97.270   96.90   3998787.0
2014-11-25   97.000   97.90   4066251.0
2014-11-26   97.990   98.11   2765874.0
2014-11-28   98.700   98.63   2177486.0
2014-12-01   98.750   99.06   4892834.0
2014-12-02   99.000   99.83   5297240.0
2014-12-03   99.880  100.80   6689029.0
2014-12-04  100.840   99.67   4089785.0
2014-12-05   99.810  100.33   3104852.0
2014-12-08  100.320   99.92   3085821.0
2014-12-09   99.040  101.02   3782705.0
2014-12-10  100.770   99.09   3908657.0
2014-12-11   99.390   99.73   2940571.0
2014-12-12   99.580   98.76   3086461.0
2014-12-15   98.800   98.27   3649272.0
2014-12-16   97.650   95.85   4843791.0
2014-12-17   96.550   99.14   6235009.0
2014-12-18  100.280  102.24   4681027.0
2014-12-19  102.000  102.49   7986510.0
2014-12-22  102.580  103.04   2398129.0
2014-12-23  103.720  102.85   3036241.0
2014-12-24  103.000  102.68    951739.0
2014-12-26  102.590  102.55   2019906.0
2014-12-29  102.380  102.33   1708084.0
2014-12-30  102.250  102.85   1767578.0
2014-12-31  103.120  101.09   2313864.0
2015-01-02  101.500  100.78   3070081.0
2015-01-05  100.300   99.12   4684055.0
2015-01-06   99.830   98.92   3468294.0
2015-01-07   98.960   99.93   3225790.0
2015-01-08  101.570  104.70   5346134.0
2015-01-09  104.420  103.72   3360459.0
2015-01-12  103.830  102.55   3051543.0
2015-01-13  103.940  103.07   3895630.0
2015-01-14  101.610  103.33   4725564.0
2015-01-15  103.560  104.46   5888889.0
2015-01-16  104.500  105.77   6045454.0
2015-01-20  106.200  105.62   6526243.0
2015-01-21  106.520  109.32   8293577.0
2015-01-22  109.750  113.85   8054998.0
2015-01-23  113.640  112.00   5255967.0
2015-01-26  112.000  111.61   4203420.0
2015-01-27  110.950  110.01   4718269.0
2015-01-28  110.570  108.46   6633549.0
2015-01-29  108.150  109.39   4911947.0
2015-01-30  108.620  106.25   5397460.0
2015-02-02  106.730  107.29   4656862.0
2015-02-03  107.350  107.81   4192622.0
2015-02-04  106.830  107.92   4768658.0
2015-02-05  108.320  108.82   3297694.0
2015-02-06  108.590  107.60   3661402.0
2015-02-09  106.930  106.49   3909714.0
2015-02-10  107.260  108.97   5437375.0
2015-02-11  108.730  109.85   3798377.0
2015-02-12  110.700  109.84   3378023.0
2015-02-13  109.690  109.44   3727640.0
2015-02-17  109.340  109.76   3430574.0
2015-02-18  109.000  109.77   2958530.0
2015-02-19  109.540  110.03   2674720.0
2015-02-20  109.960  112.62   4646968.0
2015-02-23  112.990  116.40   7059978.0
2015-02-24  116.260  115.43   3582753.0
2015-02-25  115.820  114.05   3845920.0
2015-02-26  114.410  113.66   3126809.0
2015-02-27  113.770  113.63   4016356.0
2015-03-02  113.770  114.40   2952183.0
2015-03-03  113.950  112.86   3163749.0
2015-03-04  112.250  113.82   3180942.0
2015-03-05  114.070  114.79   2941428.0
2015-03-06  115.160  112.88   3196855.0
2015-03-09  112.970  114.90   3942031.0
2015-03-10  114.260  112.46   3957926.0
2015-03-11  112.900  112.72   2593663.0
2015-03-12  113.320  114.88   3258580.0
2015-03-13  114.440  115.25   3066826.0
2015-03-16  116.000  118.52   4692162.0
2015-03-17  118.080  117.60   3303518.0
2015-03-18  117.430  119.96   5533519.0
2015-03-19  120.000  120.76   4032485.0
2015-03-20  121.350  119.14   7195722.0
2015-03-23  119.480  119.04   4576531.0
2015-03-24  118.900  118.12   3054684.0
2015-03-25  118.850  116.54   3385395.0
2015-03-26  116.070  116.25   2856404.0
2015-03-27  116.060  118.01   2608508.0
2015-03-30  122.320  121.00   5178347.0
2015-03-31  120.800  118.29   4573033.0
2015-04-01  119.520  117.45   4826179.0
2015-04-02  117.600  117.36   2497135.0
2015-04-06  116.020  117.70   2544720.0
2015-04-07  119.450  117.35   2528272.0
2015-04-08  117.780  118.19   2626960.0
2015-04-09  117.830  118.55   2247228.0
2015-04-10  118.550  119.00   2231886.0
2015-04-13  121.000  119.37   3961024.0
2015-04-14  119.340  119.92   3208819.0
2015-04-15  120.380  117.32   7343997.0
2015-04-16  121.930  121.60   7068037.0
2015-04-17  121.000  118.71   4389860.0
2015-04-20  119.850  118.58   4651035.0
2015-04-21  119.000  119.28   3379795.0
2015-04-22  119.540  117.81   3846609.0
2015-04-23  117.480  118.26   3244247.0
2015-04-24  118.280  118.69   3139223.0
2015-04-27  119.180  116.24   5174080.0
2015-04-28  116.890  117.59   4144626.0
2015-04-29  116.220  113.61   7120016.0
2015-04-30  113.530  111.40   6705005.0
2015-05-01  112.290  113.20   5805060.0
2015-05-04  113.700  114.56   3531225.0
2015-05-05  113.940  113.37   3960419.0
2015-05-06  114.000  113.49   3369777.0
2015-05-07  113.150  114.76   3300160.0
2015-05-08  115.925  115.68   3065739.0
2015-05-11  115.610  114.77   3376389.0
2015-05-12  114.230  114.64   3844554.0
2015-05-13  114.620  115.86   3667715.0
2015-05-14  117.180  118.53   4771211.0
2015-05-15  118.780  119.33   3083804.0
2015-05-18  119.220  119.80   2824605.0
2015-05-19  119.820  120.55   3554852.0
2015-05-20  120.730  121.24   3378970.0
2015-05-21  120.760  120.46   2983475.0
2015-05-22  120.300  119.59   2945924.0
2015-05-26  119.220  118.24   3014428.0
2015-05-27  118.880  119.45   2887650.0
2015-05-28  119.310  119.62   2873631.0
2015-05-29  120.060  120.21   6019926.0
2015-06-01  120.540  119.86   3876398.0
2015-06-02  119.490  117.75   4219453.0
2015-06-03  118.000  118.35   3438063.0
2015-06-04  117.920  116.65   3300333.0
2015-06-05  116.330  116.53   2724464.0
2015-06-08  116.380  116.91   3271253.0
2015-06-09  116.930  116.99   3047335.0
2015-06-10  117.030  118.55   4006416.0
2015-06-11  118.410  119.32   3815604.0
2015-06-12  118.840  117.65   3076621.0
2015-06-15  116.830  118.98   6809507.0
2015-06-16  119.140  121.55   7229358.0
2015-06-17  121.900  119.74   4805900.0
2015-06-18  120.390  120.89   3478319.0
2015-06-19  120.650  120.33   4176615.0
2015-06-22  121.630  120.25   4428497.0
2015-06-23  121.370  122.74   4991031.0
2015-06-24  122.800  119.17   4649925.0
2015-06-25  119.570  122.33   6145780.0
2015-06-26  123.790  123.25  16358025.0
2015-06-29  122.040  121.19   3603962.0
2015-06-30  122.420  122.00   4982584.0
2015-07-01  122.950  123.38   3269320.0
2015-07-02  123.820  121.81   3682344.0
2015-07-06  119.600  122.16   6522842.0
2015-07-07  122.360  120.70   6476201.0
2015-07-08  119.050  118.78   4009815.0
2015-07-09  120.040  119.34   3315646.0
2015-07-10  120.990  122.15   4033477.0
2015-07-13  123.100  122.45   3766898.0
2015-07-14  122.180  125.00   4192361.0
2015-07-15  124.950  125.86   5067255.0
2015-07-16  125.420  124.93   7216574.0
2015-07-17  124.700  123.85   3702647.0
2015-07-20  124.050  122.65   3199739.0
2015-07-21  122.570  120.86   4238693.0
2015-07-22  120.970  120.61   3385696.0
2015-07-23  121.630  119.33   4896078.0
2015-07-24  119.120  117.94   3840093.0
2015-07-27  117.880  117.88   3752304.0
2015-07-28  118.740  121.52   5216843.0
2015-07-29  121.820  121.52   3924387.0
2015-07-30  121.140  120.56   3732435.0
2015-07-31  120.470  121.40   3592980.0
2015-08-03  121.610  120.89   2541250.0
2015-08-04  121.580  120.84   2058219.0
2015-08-05  121.760  123.92   3803348.0
2015-08-06  124.370  122.04   3014845.0
2015-08-07  121.710  121.82   2276284.0
2015-08-10  122.500  122.48   2479950.0
2015-08-11  121.270  122.26   2755968.0
2015-08-12  121.260  121.20   3050323.0
2015-08-13  121.330  120.52   3248620.0
2015-08-14  120.570  121.02   2040515.0
2015-08-17  120.400  123.82   2951800.0
2015-08-18  123.880  125.50   4140190.0
2015-08-19  124.710  123.22   3411490.0
2015-08-20  122.240  119.79   3201606.0
2015-08-21  118.250  116.28   5627187.0
2015-08-24  110.860  110.43   8823364.0
2015-08-25  113.000  109.98   8109067.0
2015-08-26  112.560  113.46   7486648.0
2015-08-27  115.000  117.77   5781650.0
2015-08-28  117.530  117.28   3333129.0
2015-08-31  117.370  115.70   4086795.0
2015-09-01  113.500  112.63   4658118.0
2015-09-02  113.830  114.23   4522083.0
2015-09-03  114.740  113.99   3137062.0
2015-09-04  112.500  112.36   3395894.0
2015-09-08  114.130  116.09   3990602.0
2015-09-09  117.290  115.08   3753474.0
2015-09-10  114.850  116.77   5525458.0
2015-09-11  116.170  118.70   3752421.0
2015-09-14  119.030  117.80   2686455.0
2015-09-15  118.610  120.03   3072109.0
2015-09-16  120.270  121.15   3475624.0
2015-09-17  121.500  123.26   5466515.0
2015-09-18  122.210  122.47   7458385.0
2015-09-21  123.490  123.94   3476697.0
2015-09-22  121.440  122.93   4566806.0
2015-09-23  123.000  123.28   3131294.0
2015-09-24  122.350  121.09   4735625.0
2015-09-25  122.180  116.37   8060109.0
2015-09-28  115.550  112.70   5625811.0
2015-09-29  112.890  114.22   5142683.0
2015-09-30  115.390  116.01   4601644.0
2015-10-01  115.940  116.61   3767995.0
2015-10-02  115.140  118.83   3520669.0
2015-10-05  119.670  119.65   3491193.0
2015-10-06  119.460  116.05   4652024.0
2015-10-07  116.460  116.43   4293891.0
2015-10-08  116.430  116.08   3646546.0
2015-10-09  115.990  119.27   4485089.0
2015-10-12  119.010  122.51   5840042.0
2015-10-13  123.160  123.99   6655729.0
2015-10-14  123.850  122.07   5592107.0
2015-10-15  119.000  120.17   8012435.0
2015-10-16  120.850  119.98   4416084.0
2015-10-19  119.780  120.73   3707510.0
2015-10-20  120.640  120.42   3278381.0
2015-10-21  120.690  118.11   5338969.0
2015-10-22  118.210  113.81  10474871.0
2015-10-23  114.450  115.92   5497462.0
2015-10-26  115.920  116.53   3377107.0
2015-10-27  116.390  119.37   4008360.0
2015-10-28  119.760  119.78   4405528.0
2015-10-29  119.790  119.71   3257509.0
2015-10-30  119.930  117.78   4237848.0
2015-11-02  118.640  118.69   3874210.0
2015-11-03  118.170  117.66   2757279.0
2015-11-04  117.600  114.64   5396183.0
2015-11-05  114.980  116.23   4009060.0
2015-11-06  115.230  114.81   4106820.0
2015-11-09  114.130  114.26   2755074.0
2015-11-10  114.270  115.89   2842605.0
2015-11-11  116.350  114.54   2374191.0
2015-11-12  113.760  112.82   3341095.0
2015-11-13  112.490  111.41   3767250.0
2015-11-16  110.900  113.82   2449664.0
2015-11-17  113.730  114.39   1981353.0
2015-11-18  114.250  117.25   3319376.0
2015-11-19  109.790  110.63  15730925.0
2015-11-20  110.890  112.97   7059415.0
2015-11-23  112.970  112.16   3780416.0
2015-11-24  111.380  113.19   3244841.0
2015-11-25  113.470  114.41   2959195.0
2015-11-27  114.490  114.34   1740503.0
2015-11-30  114.560  112.71   4602953.0
2015-12-01  113.530  116.26   5466961.0
2015-12-02  116.240  117.64   6070833.0
2015-12-03  117.800  115.00   4287079.0
2015-12-04  115.590  117.74   3588162.0
2015-12-07  117.890  115.91   3164319.0
2015-12-08  114.950  115.88   3551921.0
2015-12-09  115.400  115.05   3839106.0
2015-12-10  115.050  116.21   3202586.0
2015-12-11  115.050  115.98   3830793.0
2015-12-14  115.880  115.85   3867188.0
2015-12-15  116.870  117.61   3124083.0
2015-12-16  118.300  118.83   3516798.0
2015-12-17  118.830  119.22   3945750.0
2015-12-18  118.610  115.82   7557689.0
2015-12-21  116.570  117.41   3185166.0
2015-12-22  118.190  117.44   2821566.0
2015-12-23  117.900  118.69   2479615.0
2015-12-24  118.530  118.34    900064.0
2015-12-28  118.260  118.33   1582598.0
2015-12-29  118.870  119.82   2027597.0
2015-12-30  120.030  118.92   1747681.0
2015-12-31  118.640  117.64   2372492.0
2016-01-04  116.910  116.46   4990855.0
2016-01-05  116.720  116.68   2816727.0
2016-01-06  115.780  115.49   2677303.0
2016-01-07  113.630  112.09   5276916.0
2016-01-08  112.350  110.16   4422365.0
2016-01-11  110.510  109.58   4525815.0
2016-01-12  110.360  112.26   4037787.0
2016-01-13  112.410  109.23   3434267.0
2016-01-14  108.740  110.76   4238172.0
2016-01-15  109.080  109.27   6356945.0
2016-01-19  111.490  112.58   7122232.0
2016-01-20  112.090  114.79   8380500.0
2016-01-21  114.670  113.50   5413190.0
2016-01-22  114.670  114.33   3622152.0
2016-01-25  114.520  113.38   2908450.0
2016-01-26  112.910  113.96   4593148.0
2016-01-27  114.430  112.33   4719874.0
2016-01-28  112.290  111.38   3525521.0
2016-01-29  111.930  115.16   5280844.0
2016-02-01  114.830  115.89   4333531.0
2016-02-02  114.950  113.88   2997694.0
2016-02-03  114.370  112.75   3462331.0
2016-02-04  112.670  114.20   3608238.0
2016-02-05  114.070  111.72   3330817.0
2016-02-08  110.500  110.02   5050159.0
2016-02-09  109.365  111.16   3680202.0
2016-02-10  111.330  112.74   3023348.0
2016-02-11  111.320  110.62   3955031.0
2016-02-12  111.200  111.82   2552095.0
2016-02-16  112.630  115.15   3445698.0
2016-02-17  115.500  118.30   4465264.0
2016-02-18  118.500  117.45   3847147.0
2016-02-19  117.500  117.68   4481125.0
2016-02-22  119.120  121.27   5054758.0
2016-02-23  120.640  121.15   2804371.0
2016-02-24  119.930  120.20   2559687.0
2016-02-25  120.200  121.20   2281481.0
2016-02-26  121.480  121.33   2877828.0
2016-02-29  121.100  119.10   4526052.0
2016-03-01  119.490  121.67   3295498.0
2016-03-02  121.230  121.27   2670930.0
2016-03-03  120.860  121.82   3064146.0
2016-03-04  121.320  121.80   2873930.0
2016-03-07  121.080  121.76   2315423.0
2016-03-08  121.280  121.66   2507343.0
2016-03-09  121.880  121.10   2094097.0
2016-03-10  121.200  122.09   2638429.0
2016-03-11  122.470  125.10   3765960.0
2016-03-14  124.800  125.22   2856220.0
2016-03-15  124.540  124.85   2610268.0
2016-03-16  124.390  124.90   2140906.0
2016-03-17  124.610  124.53   3911441.0
2016-03-18  124.860  126.72   6948407.0
2016-03-21  126.240  126.74   2667008.0
2016-03-22  126.650  128.02   3984005.0
2016-03-23  128.150  129.79   6166362.0
2016-03-24  128.970  128.59   4153996.0
2016-03-28  128.820  128.92   1955202.0
2016-03-29  129.270  129.83   2463118.0
2016-03-30  130.090  129.68   2578505.0
2016-03-31  129.640  128.90   3181784.0
2016-04-01  128.690  129.92   3901675.0
2016-04-04  130.500  129.49   2811778.0
2016-04-05  128.950  127.04   4439814.0
2016-04-06  127.230  128.03   3021346.0
2016-04-07  127.510  126.87   3186604.0
2016-04-08  127.190  125.68   3642689.0
2016-04-11  125.830  126.33   3119234.0
2016-04-12  126.300  126.80   2887244.0
2016-04-13  127.650  127.76   2592359.0
2016-04-14  127.720  127.98   1674578.0
2016-04-15  127.890  127.33   2835230.0
2016-04-18  126.880  127.81   2717084.0
2016-04-19  130.090  130.50   4340035.0
2016-04-20  131.290  133.93   7320974.0
2016-04-21  133.560  132.96   3785921.0
2016-04-22  133.720  134.13   2782268.0
2016-04-25  133.710  133.78   2702128.0
2016-04-26  133.970  134.24   2637466.0
2016-04-27  134.340  132.80   3358722.0
2016-04-28  132.790  132.07   3330317.0
2016-04-29  131.060  131.68   4161071.0
2016-05-02  132.610  132.10   2887782.0
2016-05-03  131.370  132.46   3632324.0
2016-05-04  131.020  132.03   2909277.0
2016-05-05  132.050  132.31   2054691.0
2016-05-06  132.090  132.04   2618614.0
2016-05-09  131.750  132.67   2191779.0
2016-05-10  132.920  133.57   2223527.0
2016-05-11  133.740  130.69   3450778.0
2016-05-12  131.000  129.74   3210422.0
2016-05-13  129.100  129.00   3137335.0
2016-05-16  128.750  130.64   2466033.0
2016-05-17  130.570  129.56   2294547.0
2016-05-18  129.110  130.51   2253759.0
2016-05-19  129.690  130.00   2756045.0
2016-05-20  130.630  130.94   2538163.0
2016-05-23  130.125  130.42   3036471.0
2016-05-24  130.760  132.59   2702419.0
2016-05-25  133.210  133.42   2211337.0
2016-05-26  133.500  132.98   1499328.0
2016-05-27  132.980  134.00   1833441.0
2016-05-31  134.600  133.67   3634146.0
2016-06-01  133.580  134.53   2618138.0
2016-06-02  134.260  136.04   4015018.0
2016-06-03  135.610  136.84   3625603.0
2016-06-06  136.920  138.15   2960016.0
2016-06-07  138.160  136.94   2943165.0
2016-06-08  137.270  140.40   6180785.0
2016-06-09  140.490  140.68   3682416.0
2016-06-10  140.250  139.24   2805779.0
2016-06-13  139.000  138.09   2813615.0
2016-06-14  137.880  137.87   2970571.0
2016-06-15  137.740  137.26   2369365.0
2016-06-16  137.210  138.66   3176122.0
2016-06-17  138.760  137.69   4430918.0
2016-06-20  139.220  138.52   3731651.0
2016-06-21  139.200  138.19   2021426.0
2016-06-22  138.450  137.90   2375253.0
2016-06-23  139.350  139.19   2646815.0
2016-06-24  135.660  137.29   4474516.0
2016-06-27  136.150  137.11   4026435.0
2016-06-28  138.210  138.71   4160163.0
2016-06-29  139.800  140.52   3704526.0
2016-06-30  140.680  141.20   4730819.0
2016-07-01  141.160  140.86   2882458.0
2016-07-05  140.150  141.56   3749293.0
2016-07-06  140.980  142.38   4083326.0
2016-07-07  142.370  140.80   3515540.0
2016-07-08  141.700  141.27   3605502.0
2016-07-11  141.270  140.32   4083998.0
2016-07-12  140.890  139.86   4310126.0
2016-07-13  140.960  141.48   3161194.0
2016-07-14  142.390  140.84   3000678.0
2016-07-15  141.650  141.33   3746354.0
2016-07-18  141.760  140.75   4166243.0
2016-07-19  140.750  142.59   5325629.0
2016-07-20  143.470  143.02   5489502.0
2016-07-21  142.710  142.87   3502312.0
2016-07-22  143.690  143.69   2697500.0
2016-07-25  143.550  141.73   2725566.0
2016-07-26  141.940  141.70   2668125.0
2016-07-27  141.170  141.68   2681628.0
2016-07-28  141.360  142.76   2517003.0
2016-07-29  141.850  143.20   3269716.0
2016-08-01  143.420  143.51   2494774.0
2016-08-02  143.810  143.17   2679144.0
2016-08-03  143.330  142.88   1963586.0
2016-08-04  143.100  142.71   1890871.0
2016-08-05  143.330  142.99   2000143.0
2016-08-08  142.610  142.13   1846428.0
2016-08-09  142.550  141.82   2140652.0
2016-08-10  141.870  142.19   1866291.0
2016-08-11  142.240  142.63   1857522.0
2016-08-12  142.160  142.88   1787907.0
2016-08-15  142.960  141.62   2369632.0
2016-08-16  141.150  141.08   1688497.0
2016-08-17  141.290  141.71   1849066.0
2016-08-18  141.670  142.17   1572687.0
2016-08-19  141.650  142.04   1950174.0
2016-08-22  142.110  142.09   1588064.0
2016-08-23  142.730  142.01   2295478.0
2016-08-24  142.000  139.87   2529814.0
2016-08-25  139.750  137.30   3891024.0
2016-08-26  137.670  136.62   3082388.0
2016-08-29  137.200  137.27   2315890.0
2016-08-30  137.010  136.87   2026603.0
2016-08-31  136.550  136.05   2837267.0
2016-09-01  136.820  135.74   2765361.0
2016-09-02  136.500  136.61   2390452.0
2016-09-06  136.620  135.97   2242382.0
2016-09-07  135.000  134.99   2816745.0
2016-09-08  134.470  135.44   2826741.0
2016-09-09  134.710  133.62   3322258.0
2016-09-12  132.710  135.53   3457351.0
2016-09-13  134.240  133.95   3331542.0
2016-09-14  133.870  133.69   4592442.0
2016-09-15  133.030  135.61   3332592.0
2016-09-16  135.610  138.47   7421705.0
2016-09-19  138.680  137.68   3239511.0
2016-09-20  138.130  137.47   2425739.0
2016-09-21  138.200  139.91   3506621.0
2016-09-22  140.490  141.04   3018312.0
2016-09-23  141.020  140.51   2801957.0
2016-09-26  139.950  139.72   2636458.0
2016-09-27  139.990  140.79   3048640.0
2016-09-28  141.130  140.41   1990377.0
2016-09-29  140.180  138.32   2200954.0
2016-09-30  139.180  140.00   4164080.0
2016-10-03  139.350  138.49   2724399.0
2016-10-04  138.690  138.16   2452575.0
2016-10-05  138.210  137.60   4625613.0
2016-10-06  137.310  136.47   4025313.0
2016-10-07  137.210  136.66   2568603.0
2016-10-10  136.970  138.08   2585956.0
2016-10-11  137.320  134.75   3353588.0
2016-10-12  134.980  135.10   4287859.0
2016-10-13  134.650  134.19   3425680.0
2016-10-14  134.780  133.92   3452918.0
2016-10-17  134.060  134.13   3602532.0
2016-10-18  139.200  143.39  10141914.0
2016-10-19  143.820  144.37   5796032.0
2016-10-20  144.490  145.07   5203669.0
2016-10-21  144.260  145.37   3331766.0
2016-10-24  146.000  144.69   2929259.0
2016-10-25  144.880  143.78   3095334.0
2016-10-26  143.750  142.23   3267632.0
2016-10-27  142.720  141.94   3358006.0
2016-10-28  141.660  140.35   4033636.0
2016-10-31  140.800  141.33   3761070.0
2016-11-01  141.510  139.43   3391410.0
2016-11-02  139.020  138.98   3149707.0
2016-11-03  139.180  137.83   2989689.0
2016-11-04  138.450  137.71   3520737.0
2016-11-07  139.600  141.93   3896555.0
2016-11-08  141.350  142.90   4389113.0
2016-11-09  139.540  141.90   8042434.0
2016-11-10  142.340  146.13   6075529.0
2016-11-11  146.710  146.42   4475449.0
2016-11-14  147.320  152.28   5740425.0
2016-11-15  153.510  152.23   4910721.0
2016-11-16  151.990  151.50   3899008.0
2016-11-17  151.820  150.77   4683031.0
2016-11-18  151.050  149.45   5664818.0
2016-11-21  149.720  150.41   3867791.0
2016-11-22  151.080  152.26   4992120.0
2016-11-23  152.010  153.54   2838847.0
2016-11-25  153.930  152.81   1664542.0
2016-11-28  152.740  152.11   5029589.0
2016-11-29  156.940  157.59   5827435.0
2016-11-30  157.470  158.32   7142359.0
2016-12-01  159.120  160.94   5250119.0
2016-12-02  161.000  160.73   3480032.0
2016-12-05  160.190  157.63   5854226.0
2016-12-06  158.170  157.32   3216730.0
2016-12-07  157.890  159.40   4552337.0
2016-12-08  159.410  159.32   3407518.0
2016-12-09  159.520  160.12   4007213.0
2016-12-12  158.830  159.49   3471430.0
2016-12-13  160.400  160.54   3868877.0
2016-12-14  161.140  159.86   3885004.0
2016-12-15  159.870  160.62   4422949.0
2016-12-16  161.380  163.94   7605227.0
2016-12-19  163.090  161.54   4732617.0
2016-12-20  161.710  161.59   3131151.0
2016-12-21  161.420  161.33   2768116.0
2016-12-22  161.390  161.58   2741699.0
2016-12-23  161.560  163.03   2044472.0
2016-12-27  163.260  162.64   1343946.0
2016-12-28  162.160  161.44   1669083.0
2016-12-29  161.920  161.04   2476270.0
2016-12-30  161.370  160.04   2855596.0
2017-01-03  161.130  161.45   3540336.0
2017-01-04  162.350  161.91   2695217.0
2017-01-05  161.750  162.18   2961043.0
2017-01-06  161.750  162.41   3081255.0
2017-01-09  162.000  161.95   3041495.0
2017-01-10  161.270  161.58   3500741.0
2017-01-11  161.300  161.89   3330608.0
2017-01-12  161.690  162.36   2555823.0
2017-01-13  162.160  161.80   3182390.0
2017-01-17  162.610  160.66   5475764.0
2017-01-18  161.060  157.74   6591459.0
2017-01-19  157.740  158.70   4976871.0
2017-01-20  159.020  158.66   3578965.0
2017-01-23  158.620  159.07   4062438.0
2017-01-24  159.360  160.43   3514096.0
2017-01-25  160.820  161.24   3605753.0
2017-01-26  161.860  162.75   4201682.0
2017-01-27  163.500  162.99   3110360.0
2017-01-30  162.940  162.09   2784550.0
2017-01-31  161.620  162.10   3036991.0
2017-02-01  162.750  162.71   3718557.0
2017-02-02  162.520  160.76   4714006.0
2017-02-03  161.130  161.87   2762478.0
2017-02-06  161.510  160.51   3478970.0
2017-02-07  161.050  160.53   2942701.0
2017-02-08  160.000  160.31   2339728.0
2017-02-09  160.340  160.44   3056783.0
2017-02-10  160.120  160.75   1905884.0
2017-02-13  160.690  161.99   3275839.0
2017-02-14  161.450  163.13   2969704.0
2017-02-15  162.580  164.29   4537859.0
2017-02-16  164.780  163.65   3191646.0
2017-02-17  159.000  157.62  12032677.0
2017-02-21  157.620  160.57   5418758.0
2017-02-22  160.910  160.57   2725286.0
2017-02-23  161.330  162.60   2460188.0
2017-02-24  162.670  163.06   2715668.0
2017-02-27  163.160  165.38   4071564.0
2017-02-28  165.470  165.38   4382037.0
2017-03-01  166.720  167.94   3514174.0
2017-03-02  168.320  167.31   1889729.0
2017-03-03  167.370  168.20   2254393.0
2017-03-06  167.430  168.70   2576499.0
2017-03-07  168.450  168.30   2702284.0
2017-03-08  167.610  167.91   2048154.0
2017-03-09  168.150  168.01   3631873.0
2017-03-10  168.420  169.98   3716433.0
2017-03-13  169.990  170.21   3130164.0
2017-03-14  169.660  169.06   2522844.0
2017-03-15  169.360  171.78   2807585.0
2017-03-16  172.070  171.30   3138566.0
2017-03-17  171.090  169.70   5622866.0
2017-03-20  169.930  168.00   3928639.0
2017-03-21  168.670  167.70   4953057.0
2017-03-22  168.130  167.03   2999769.0
2017-03-23  166.230  165.29   3947412.0
2017-03-24  166.200  165.00   5243877.0
2017-03-27  163.990  164.60   4383024.0
2017-03-28  164.580  165.35   7327109.0
2017-03-29  164.660  163.44   5900387.0
2017-03-30  163.650  164.99   2993828.0
2017-03-31  164.640  164.01   3496122.0
2017-04-03  164.620  165.59   3473710.0
2017-04-04  165.870  164.97   2885973.0
2017-04-05  165.760  165.37   3541623.0
2017-04-06  165.450  165.34   2923993.0
2017-04-07  164.960  166.02   2928086.0
2017-04-10  166.190  165.48   3234913.0
2017-04-11  164.890  165.83   3172925.0
2017-04-12  166.320  165.56   2978737.0
2017-04-13  164.950  164.96   1979846.0
2017-04-17  164.990  167.18   4396665.0
2017-04-18  170.060  168.59   5526173.0
2017-04-19  169.590  169.25   4703352.0
2017-04-20  169.520  171.54   3652113.0
2017-04-21  172.130  171.16   2982272.0
2017-04-24  172.660  172.33   2830275.0
2017-04-25  173.500  174.05   2636422.0
2017-04-26  174.090  174.38   2806907.0
2017-04-27  174.070  174.63   2405299.0
2017-04-28  174.610  174.88   2003313.0
2017-05-01  175.000  174.59   2709651.0
2017-05-02  174.910  174.14   4947320.0
2017-05-03  173.750  172.54   3622176.0
2017-05-04  173.050  174.02   2583702.0
2017-05-05  174.540  174.12   2047335.0
2017-05-08  173.930  174.44   2505936.0
2017-05-09  174.100  173.24   1651328.0
2017-05-10  173.040  173.39   1568702.0
2017-05-11  172.760  173.32   1850982.0
2017-05-12  172.640  171.81   2301607.0
2017-05-15  171.790  171.53   2829728.0
2017-05-16  170.670  168.12   4340371.0
2017-05-17  166.960  168.86   4432867.0
2017-05-18  168.250  171.45   3901173.0
2017-05-19  172.300  172.59   3867235.0
2017-05-22  172.730  174.70   3480347.0
2017-05-23  174.440  175.22   2471494.0
2017-05-24  175.450  175.59   1612319.0
2017-05-25  176.320  178.05   3208724.0
2017-05-26  177.680  177.50   1577632.0
2017-05-30  177.540  176.59   2274810.0
2017-05-31  176.890  175.18   3205206.0
2017-06-01  175.780  179.58   2803855.0
2017-06-02  179.920  179.39   2608165.0
2017-06-05  179.530  179.37   2640579.0
2017-06-06  179.190  180.82   3438468.0
2017-06-07  182.000  183.21   3783593.0
2017-06-08  183.340  181.69   3065022.0
2017-06-09  181.840  181.46   2392197.0
2017-06-12  181.010  179.25   3701213.0
2017-06-13  179.210  181.05   2454889.0
2017-06-14  180.940  182.36   2039269.0
2017-06-15  181.750  180.38   3076040.0
2017-06-16  180.830  181.63   4463175.0
2017-06-19  182.300  183.02   3781848.0
2017-06-20  182.750  183.27   2671943.0
2017-06-21  183.490  184.92   2782295.0
2017-06-22  184.900  186.50   3693779.0
2017-06-23  186.270  185.25   3373013.0
2017-06-26  185.130  185.12   2327361.0
2017-06-27  185.720  184.60   2680374.0
2017-06-28  185.680  185.70   2351634.0
2017-06-29  185.820  185.27   2186565.0
2017-06-30  185.150  185.42   2352397.0
2017-07-03  186.290  186.65   2087013.0
2017-07-05  186.140  188.25   2583483.0
2017-07-06  188.120  186.94   1829507.0
2017-07-07  187.350  187.96   2130041.0
2017-07-10  187.330  186.95   2568117.0
2017-07-11  187.000  185.95   2662647.0
2017-07-12  186.790  186.69   3339421.0
2017-07-13  187.000  185.48   2353497.0
2017-07-14  185.810  186.90   2625745.0
2017-07-17  187.070  186.35   2433714.0
2017-07-18  186.950  186.85   4227671.0
2017-07-19  187.510  189.19   3388430.0
2017-07-20  189.410  191.50   3057503.0
2017-07-21  191.380  191.78   4885618.0
2017-07-24  191.790  190.89   2315160.0
2017-07-25  192.130  190.40   1916424.0
2017-07-26  190.020  190.75   2668795.0
2017-07-27  190.240  188.93   2623376.0
2017-07-28  189.110  191.15   1894880.0
2017-07-31  191.590  191.81   3767109.0
2017-08-01  193.400  192.23   3317312.0
2017-08-02  192.140  193.00   2463792.0
2017-08-03  193.260  194.77   2868930.0
2017-08-04  194.950  194.88   2782057.0
2017-08-07  194.810  194.78   2057507.0
2017-08-08  194.680  194.90   1725334.0
2017-08-09  194.900  194.83   2005300.0
2017-08-10  194.260  192.57   2642601.0
2017-08-11  193.910  193.02   2210718.0
2017-08-14  194.600  193.71   2310272.0
2017-08-15  194.470  194.50   1563243.0
2017-08-16  194.810  193.77   1860924.0
2017-08-17  193.750  192.70   2362101.0
2017-08-18  192.840  190.82   2845508.0
2017-08-21  190.880  192.03   1705822.0
2017-08-22  192.150  194.79   1970087.0
2017-08-23  194.500  194.24   1534775.0
2017-08-24  194.550  194.75   1901514.0
2017-08-25  195.330  194.36   1370564.0
2017-08-28  194.590  195.09   1957259.0
2017-08-29  194.830  196.73   2067299.0
2017-08-30  196.380  195.88   1480807.0
2017-08-31  196.930  198.90   2981661.0
2017-09-01  199.790  199.75   2241797.0
2017-09-05  199.200  199.31   2700827.0
2017-09-06  199.540  198.38   2977448.0
2017-09-07  197.770  198.17   2662250.0
2017-09-08  198.430  197.75   2192230.0
2017-09-11  199.250  199.58   3225105.0
2017-09-12  199.440  197.47   2541492.0
2017-09-13  197.800  198.33   2359284.0
2017-09-14  197.950  197.73   2362027.0
2017-09-15  198.520  198.18   4090952.0
2017-09-18  198.170  198.19   1915203.0
2017-09-19  198.440  194.65   3811489.0
2017-09-20  195.020  195.75   2748704.0
2017-09-21  195.630  195.21   1881452.0
2017-09-22  195.110  193.03   5543547.0
2017-09-25  193.270  191.75   3060480.0
2017-09-26  192.310  192.70   2774465.0
2017-09-27  193.200  194.49   3177192.0
2017-09-28  194.250  196.10   2075015.0
2017-09-29  195.820  195.85   2631669.0
2017-10-02  196.590  197.44   2584903.0
2017-10-03  197.500  198.63   2528871.0
2017-10-04  199.030  200.48   2275969.0
2017-10-05  199.930  197.90   3841544.0
2017-10-06  197.900  198.06   2753930.0
2017-10-09  198.010  196.30   3294497.0
2017-10-10  196.260  194.68   2499112.0
2017-10-11  194.630  195.26   2838542.0
2017-10-12  195.010  192.92   2836379.0
2017-10-13  189.590  192.52   5393000.0
2017-10-16  192.480  193.20   2915690.0
2017-10-17  196.800  203.89   8882178.0
2017-10-18  203.800  205.23   4794606.0
2017-10-19  205.470  203.25   3363266.0
2017-10-20  204.260  207.49   5111152.0
2017-10-23  207.580  207.01   2254429.0
2017-10-24  206.380  208.15   3016787.0
2017-10-25  208.320  207.54   2198422.0
2017-10-26  207.920  209.15   4279385.0
2017-10-27  209.150  212.60   4380408.0
2017-10-30  212.210  209.39   2365906.0
2017-10-31  209.390  210.22   3678228.0
2017-11-01  211.620  209.53   1878630.0
2017-11-02  210.110  211.10   2812244.0
2017-11-03  210.720  212.87   2196909.0
2017-11-06  211.910  212.12   2239061.0
2017-11-07  212.740  212.70   1777825.0
2017-11-09  210.590  211.56   1838784.0
2017-11-10  211.460  211.07   1300918.0
2017-11-13  210.310  212.66   2608814.0
2017-11-14  212.210  211.71   1865458.0
2017-11-15  210.880  209.86   1807113.0
2017-11-16  210.380  211.13   1910335.0
2017-11-17  210.460  209.90   1881773.0
2017-11-20  210.000  210.25   2039326.0
2017-11-21  211.130  212.60   2327220.0
2017-11-22  212.260  211.22   2257764.0
2017-11-24  212.000  212.51    743961.0
2017-11-27  212.250  212.40   2852856.0
2017-11-28  213.880  216.14   2888884.0
2017-11-29  217.700  222.88   4230151.0
2017-11-30  223.830  228.17   6681885.0
2017-12-01  228.890  226.78   3325755.0
2017-12-04  229.260  221.42   5366261.0
2017-12-05  221.000  220.09   3140492.0
2017-12-06  221.020  219.94   2390893.0
2017-12-07  220.590  220.15   2658247.0
2017-12-08  220.550  223.91   2207110.0
2017-12-11  224.160  222.77   1587344.0
2017-12-12  222.310  222.49   2291684.0
2017-12-13  221.740  224.35   3042354.0
2017-12-14  225.500  221.25   2782512.0
2017-12-15  222.960  221.82   5901705.0
2017-12-18  223.645  222.67   2875223.0
2017-12-19  222.760  222.04   2332940.0
2017-12-20  222.745  222.38   2566610.0
2017-12-21  222.900  221.69   2926894.0
2017-12-22  221.010  220.00   1956539.0
2017-12-26  219.090  219.60   1481453.0
2017-12-27  219.980  220.42   1576592.0
2017-12-28  221.460  222.77   1451334.0
2017-12-29  223.950  220.46   2263645.0
2018-01-02  221.020  221.16   3276075.0
2018-01-03  221.620  223.48   2353723.0
2018-01-04  224.340  224.45   2643607.0
2018-01-05  225.190  228.73   2385007.0
2018-01-08  228.130  224.76   2730381.0
2018-01-09  224.760  225.88   2624009.0
2018-01-10  224.830  224.20   2310727.0
2018-01-11  224.180  225.39   2542128.0
2018-01-12  227.450  228.64   3914459.0
2018-01-16  233.370  232.90   6845209.0
2018-01-17  234.670  238.43   5090707.0
2018-01-18  239.260  243.16   6108385.0
2018-01-19  244.180  243.35   4289381.0
2018-01-22  243.590  243.56   3721744.0
2018-01-23  242.990  245.21   3024557.0
2018-01-24  246.010  244.85   2619808.0
2018-01-25  244.750  245.18   2350862.0
2018-01-26  245.000  248.47   2497081.0
2018-01-29  249.280  247.41   2475392.0
2018-01-30  232.880  236.65  11516549.0
2018-01-31  242.840  236.78   5145057.0
2018-02-01  235.260  235.22   4255635.0
2018-02-02  233.000  231.88   3830714.0
2018-02-05  230.790  220.02   6094954.0
2018-02-06  212.200  225.18   6859988.0
2018-02-07  222.330  225.82   5458395.0
2018-02-08  225.330  216.46   4875622.0
2018-02-09  218.000  220.96   6208110.0
2018-02-12  222.440  225.69   4901754.0
2018-02-13  223.150  226.64   3319842.0
2018-02-14  224.950  228.78   2871040.0
2018-02-15  229.270  226.02   4526099.0
2018-02-16  225.990  229.37   3602311.0
2018-02-20  227.910  226.66   2972753.0
2018-02-21  226.150  225.13   3359289.0
2018-02-22  226.300  227.09   2767850.0
2018-02-23  227.900  230.16   2349926.0
2018-02-26  231.640  234.06   3081532.0
2018-02-27  234.400  232.52   2897948.0
2018-02-28  234.420  226.16   4329325.0
2018-03-01  225.700  224.45   3514589.0
2018-03-02  223.210  225.19   2613605.0
2018-03-05  223.370  228.38   2627307.0
2018-03-06  228.920  226.18   2650237.0
2018-03-07  224.350  227.27   3242203.0
2018-03-08  227.930  224.73   3454916.0
2018-03-09  226.110  225.43   4805255.0
2018-03-12  226.210  222.77   3112794.0
2018-03-13  223.530  226.94   3313748.0
2018-03-14  227.130  225.38   2929437.0
2018-03-15  225.830  229.48   3191807.0
2018-03-16  229.660  227.86   5316977.0
2018-03-19  227.310  225.05   3308958.0
2018-03-20  225.160  226.78   3393616.0
2018-03-21  226.450  222.82   3408998.0
2018-03-22  221.650  215.21   5553756.0
2018-03-23  215.750  212.55   5514827.0
2018-03-26  215.190  219.07   3355677.0
2018-03-27  220.320  217.96   3661781.0