date     open    close      volume
                                       
2014-10-06  105.060  104.220   2981920.0
2014-10-07  103.840  101.420   5991772.0
2014-10-08  101.700  102.630   6249413.0
2014-10-09  102.250   99.940   6739600.0
2014-10-10   99.990   99.940   6678094.0
2014-10-13  100.050   99.310   5112757.0
2014-10-14   99.710  100.120   4573027.0
2014-10-15   99.060   99.170   7105041.0
2014-10-16   98.160   99.230   6099346.0
2014-10-17  100.300  101.530   7281991.0
2014-10-20  101.420  101.480   6396725.0
2014-10-21  104.120  101.980  12554107.0
2014-10-22  103.110  101.180   6181644.0
2014-10-23  102.870  103.180   5691471.0
2014-10-24  103.160  103.820   3657901.0
2014-10-27  103.790  104.190   2957515.0
2014-10-28  104.960  106.270   4173606.0
2014-10-29  106.720  105.850   4060698.0
2014-10-30  105.210  106.340   2890467.0
2014-10-31  107.830  107.000   4461135.0
2014-11-03  107.420  106.300   4587849.0
2014-11-04  107.000  106.880   3992367.0
2014-11-05  107.550  107.930   6698836.0
2014-11-06  107.900  108.580   3581276.0
2014-11-07  108.490  109.080   3253547.0
2014-11-10  109.050  109.000   3523644.0
2014-11-11  109.000  108.260   2951164.0
2014-11-12  107.670  108.140   3182452.0
2014-11-13  108.320  108.140   4211737.0
2014-11-14  107.920  107.450   2935483.0
2014-11-17  107.210  107.370   2394470.0
2014-11-18  107.700  108.800   2679269.0
2014-11-19  108.550  108.660   2271154.0
2014-11-20  108.000  108.820   2195714.0
2014-11-21  110.170  110.300   3572062.0
2014-11-24  108.960  108.790   9706549.0
2014-11-25  110.090  111.710   8103369.0
2014-11-26  111.790  110.160   5268960.0
2014-11-28  110.640  110.080   2121495.0
2014-12-01  109.060  109.690   3458765.0
2014-12-02  109.830  109.680   2753739.0
2014-12-03  109.900  110.990   3411382.0
2014-12-04  110.470  111.210   4645176.0
2014-12-05  111.480  111.290   3021664.0
2014-12-08  112.250  113.050   6357441.0
2014-12-09  112.230  114.990   5880846.0
2014-12-10  114.500  113.500   7863458.0
2014-12-11  114.100  114.040   5282715.0
2014-12-12  110.540  112.150   5867261.0
2014-12-15  112.660  111.910   4605749.0
2014-12-16  112.230  113.230   5146387.0
2014-12-17  113.510  113.900   5032075.0
2014-12-18  115.150  116.960   4739778.0
2014-12-19  116.280  115.590   7871628.0
2014-12-22  115.280  117.140   3057974.0
2014-12-23  117.500  117.210   2715751.0
2014-12-24  117.660  116.910   1019932.0
2014-12-26  117.520  117.240   1596708.0
2014-12-29  116.350  116.860   2490666.0
2014-12-30  116.890  116.200   2177995.0
2014-12-31  116.600  115.000   2363504.0
2015-01-02  115.140  115.040   3143323.0
2015-01-05  114.550  113.120   4765317.0
2015-01-06  112.270  111.520   5772347.0
2015-01-07  112.350  112.730   3102188.0
2015-01-08  113.920  114.650   3899798.0
2015-01-09  114.930  114.020   3805702.0
2015-01-12  114.460  114.450   5016167.0
2015-01-13  115.530  114.340   4196389.0
2015-01-14  113.170  113.520   3508767.0
2015-01-15  114.170  113.520   3170579.0
2015-01-16  113.190  116.150   5773180.0
2015-01-20  116.575  117.530   5451523.0
2015-01-21  117.360  119.030   7087774.0
2015-01-22  119.760  120.450   6562889.0
2015-01-23  120.370  119.980   4298407.0
2015-01-26  119.830  118.750   5692698.0
2015-01-27  116.500  119.160   7328147.0
2015-01-28  119.380  116.920   4340384.0
2015-01-29  116.880  116.450   6328453.0
2015-01-30  115.020  114.780   4622641.0
2015-02-02  115.170  116.580   3516846.0
2015-02-03  117.580  118.890   4491456.0
2015-02-04  118.750  117.790   3208352.0
2015-02-05  118.260  120.110   4687296.0
2015-02-06  120.000  119.810   2829579.0
2015-02-09  119.440  119.320   2560723.0
2015-02-10  119.890  119.400   2559971.0
2015-02-11  118.510  118.690   2707605.0
2015-02-12  119.170  119.590   2896974.0
2015-02-13  119.340  121.250   3802107.0
2015-02-17  121.000  121.320   3241217.0
2015-02-18  121.320  121.990   3474401.0
2015-02-19  121.580  122.910   3407031.0
2015-02-20  122.990  124.110   4062155.0
2015-02-23  123.630  123.720   2737285.0
2015-02-24  123.420  123.790   2455405.0
2015-02-25  123.850  123.370   2872904.0
2015-02-26  123.320  122.670   2498163.0
2015-02-27  122.550  121.910   3085284.0
2015-03-02  121.830  123.190   2325874.0
2015-03-03  121.980  121.700   3187492.0
2015-03-04  121.250  121.040   2123219.0
2015-03-05  121.290  120.790   1928310.0
2015-03-06  119.400  119.430   3663073.0
2015-03-09  119.290  121.750   4127954.0
2015-03-10  120.550  117.400   5583789.0
2015-03-11  117.780  118.340   3739380.0
2015-03-12  120.350  121.240   4907836.0
2015-03-13  120.760  118.740   7361394.0
2015-03-16  119.250  120.070   4674643.0
2015-03-17  119.520  119.860   3822816.0
2015-03-18  119.280  120.310   5280210.0
2015-03-19  120.040  119.380   2880840.0
2015-03-20  119.810  119.460   8206972.0
2015-03-23  119.460  118.680   4934569.0
2015-03-24  119.040  118.920   4033815.0
2015-03-25  119.200  116.460   4456442.0
2015-03-26  115.960  116.040   4389728.0
2015-03-27  116.140  116.900   2803961.0
2015-03-30  117.680  118.830   3000806.0
2015-03-31  117.670  117.200   3525431.0
2015-04-01  117.370  115.920   3426211.0
2015-04-02  116.590  117.130   4227259.0
2015-04-06  115.930  117.860   2857161.0
2015-04-07  117.760  117.490   2268293.0
2015-04-08  117.710  117.840   2484096.0
2015-04-09  117.700  117.880   2088375.0
2015-04-10  118.140  118.460   2254656.0
2015-04-13  117.970  117.410   3030384.0
2015-04-14  117.050  117.690   2606397.0
2015-04-15  118.080  117.870   2774671.0
2015-04-16  117.350  117.480   2905076.0
2015-04-17  116.310  115.110   4318546.0
2015-04-20  116.020  116.510   4007514.0
2015-04-21  118.730  116.950   4584964.0
2015-04-22  116.990  116.960   2792901.0
2015-04-23  116.420  117.260   2632790.0
2015-04-24  117.440  116.160   3523148.0
2015-04-27  116.660  115.740   3920342.0
2015-04-28  115.200  116.080   2746660.0
2015-04-29  115.580  115.380   2893819.0
2015-04-30  114.930  113.750   3899183.0
2015-05-01  114.590  115.440   2781683.0
2015-05-04  115.780  116.450   3923990.0
2015-05-05  116.010  115.070   3028194.0
2015-05-06  116.560  115.080   3690253.0
2015-05-07  115.130  116.040   3155721.0
2015-05-08  117.710  118.430   3707837.0
2015-05-11  117.440  117.700   3023814.0
2015-05-12  117.050  117.360   2804104.0
2015-05-13  116.970  117.370   3039359.0
2015-05-14  117.820  119.140   2728783.0
2015-05-15  119.080  118.490   2964693.0
2015-05-18  118.530  118.510   2434881.0
2015-05-19  118.600  119.070   2808359.0
2015-05-20  119.660  118.870   2432506.0
2015-05-21  118.810  119.120   2121214.0
2015-05-22  119.000  118.620   2389585.0
2015-05-26  118.550  116.870   3434629.0
2015-05-27  117.400  117.640   3365087.0
2015-05-28  117.270  117.690   2904413.0
2015-05-29  117.510  117.170   5061360.0
2015-06-01  117.230  117.000   2341643.0
2015-06-02  116.730  117.340   3503334.0
2015-06-03  118.030  118.510   3129869.0
2015-06-04  117.830  117.140   3581637.0
2015-06-05  116.590  117.000   2667353.0
2015-06-08  116.540  116.180   3237071.0
2015-06-09  116.510  116.300   2499461.0
2015-06-10  117.500  117.500   3145776.0
2015-06-11  117.990  118.320   2707484.0
2015-06-12  117.460  117.600   2345293.0
2015-06-15  115.210  114.610   5972871.0
2015-06-16  114.510  114.940   4936232.0
2015-06-17  115.280  115.070   3799425.0
2015-06-18  114.290  115.900   3753366.0
2015-06-19  115.600  114.890   4206268.0
2015-06-22  115.400  115.280   2970621.0
2015-06-23  115.170  115.230   3632782.0
2015-06-24  114.700  113.970   4271194.0
2015-06-25  114.240  113.300   3786178.0
2015-06-26  113.470  113.520   3667704.0
2015-06-29  112.740  111.530   4160407.0
2015-06-30  112.240  110.930   5910599.0
2015-07-01  112.030  110.820   4126835.0
2015-07-02  111.330  109.560   5159473.0
2015-07-06  108.360  109.360   4195070.0
2015-07-07  109.540  110.090   4732109.0
2015-07-08  108.760  108.670   3806260.0
2015-07-09  110.000  108.920   2554982.0
2015-07-10  110.380  110.180   4310680.0
2015-07-13  111.190  111.580   3892878.0
2015-07-14  111.500  111.510   2987466.0
2015-07-15  111.500  111.250   2844499.0
2015-07-16  112.320  111.260   3063780.0
2015-07-17  111.260  110.740   3465140.0
2015-07-20  110.970  110.480   7485565.0
2015-07-21  104.350  102.710  19539510.0
2015-07-22  102.260  101.550   9432978.0
2015-07-23  102.180  101.140   5926087.0
2015-07-24  101.000   99.310   6588011.0
2015-07-27   98.780   98.870   7560365.0
2015-07-28   99.030   98.970   5583042.0
2015-07-29   99.090   99.360  11935751.0
2015-07-30   99.380  100.730   6739131.0
2015-07-31  100.920  100.310   7217241.0
2015-08-03  100.310   99.420   7123642.0
2015-08-04  100.030   99.030   5557563.0
2015-08-05   99.970   98.870   3891079.0
2015-08-06   98.990   98.980   4198449.0
2015-08-07   98.720   98.290   2897961.0
2015-08-10   98.850   99.550   6068411.0
2015-08-11   98.680   98.610   7671375.0
2015-08-12   97.250   98.690   4641927.0
2015-08-13   98.540   98.380   4689944.0
2015-08-14   98.110   98.700   4413308.0
2015-08-17   98.130   99.360   4228442.0
2015-08-18   98.960   99.410   4730399.0
2015-08-19   98.700   98.210   3619805.0
2015-08-20   97.500   95.820   6083989.0
2015-08-21   94.960   93.010   7624420.0
2015-08-24   88.670   90.870  10754789.0
2015-08-25   93.360   88.800   8283432.0
2015-08-26   90.690   91.560   7379837.0
2015-08-27   92.580   93.270   7473651.0
2015-08-28   93.010   93.240   5230788.0
2015-08-31   91.030   91.610   7073447.0
2015-09-01   89.470   89.720   6786583.0
2015-09-02   90.630   91.240   5641132.0
2015-09-03   92.000   91.910   4534600.0
2015-09-04   90.820   90.680   4563300.0
2015-09-08   92.150   92.820   4814817.0
2015-09-09   93.650   91.850   4783514.0
2015-09-10   92.040   91.400   6120698.0
2015-09-11   91.200   92.330   4490228.0
2015-09-14   92.300   91.830   3279192.0
2015-09-15   92.620   92.680   4107739.0
2015-09-16   92.720   93.940   3504279.0
2015-09-17   93.890   93.310   5205771.0
2015-09-18   92.410   91.070  10468818.0
2015-09-21   91.330   91.550   2981185.0
2015-09-22   88.980   88.200   7878441.0
2015-09-23   88.150   86.960   7324239.0
2015-09-24   85.750   86.820   7126823.0
2015-09-25   87.630   87.300   7447583.0
2015-09-28   86.600   86.830   5339546.0
2015-09-29   86.580   87.980   4117576.0
2015-09-30   88.640   88.990   5051598.0
2015-10-01   88.900   88.360   3668556.0
2015-10-02   87.490   89.770   4624219.0
2015-10-05   90.440   92.260   4912526.0
2015-10-06   92.150   92.550   3386596.0
2015-10-07   94.000   93.510   3781988.0
2015-10-08   92.860   94.330   4051836.0
2015-10-09   94.670   95.370   4099876.0
2015-10-12   94.940   95.430   3194881.0
2015-10-13   94.170   94.280   4079277.0
2015-10-14   94.270   92.170   5608256.0
2015-10-15   92.710   93.180   3829826.0
2015-10-16   94.000   93.000   3148393.0
2015-10-19   92.500   92.050   5513849.0
2015-10-20   94.330   95.620   9005216.0
2015-10-21   96.240   97.970  10657164.0
2015-10-22   98.290   99.790   5722374.0
2015-10-23  100.460  100.620   5032930.0
2015-10-26  100.620  100.230   2701235.0
2015-10-27   99.800   98.880   3396511.0
2015-10-28   99.370   99.320   3829906.0
2015-10-29   99.240   99.050   3287397.0
2015-10-30   99.030   98.410   4010857.0
2015-11-02   98.820   99.390   3067463.0
2015-11-03   99.380  100.000   3089882.0
2015-11-04  100.420  100.330   3116072.0
2015-11-05  100.430  100.800   2832875.0
2015-11-06  100.040  100.800   2735083.0
2015-11-09  100.600   99.660   3164717.0
2015-11-10   98.830   98.680   2738471.0
2015-11-11   99.040   98.260   2172819.0
2015-11-12   97.260   99.220   8808020.0
2015-11-13   98.720   96.480   6217140.0
2015-11-16   96.560   97.830   5099023.0
2015-11-17   98.170   97.550   4528758.0
2015-11-18   97.630   97.710   4201972.0
2015-11-19   97.970   98.300   4366641.0
2015-11-20   98.640   98.220   4898188.0
2015-11-23   98.180   98.090   4177131.0
2015-11-24   97.570   97.360   5344059.0
2015-11-25   97.410   97.270   4336420.0
2015-11-27   97.010   96.800   1919808.0
2015-11-30   97.060   96.050   5559553.0
2015-12-01   96.040   96.700   4595649.0
2015-12-02   96.460   95.250   3892531.0
2015-12-03   95.300   94.700   6082505.0
2015-12-04   94.990   95.730   9228851.0
2015-12-07   95.620   95.910   4681213.0
2015-12-08   94.980   94.230   7011800.0
2015-12-09   93.580   94.160   6911403.0
2015-12-10   94.070   93.870   5813462.0
2015-12-11   93.010   93.300   9942579.0
2015-12-14   93.300   93.030   6748213.0
2015-12-15   93.680   93.260   6618064.0
2015-12-16   93.970   95.130   9868283.0
2015-12-17   95.130   93.870   4802328.0
2015-12-18   93.310   92.340   8657623.0
2015-12-21   93.020   93.610   8708814.0
2015-12-22   94.310   94.870   4644056.0
2015-12-23   95.500   96.300   4677198.0
2015-12-24   95.890   96.300   1382707.0
2015-12-28   95.980   96.090   3606828.0
2015-12-29   96.670   97.270   3291434.0
2015-12-30   96.920   96.900   3161684.0
2015-12-31   96.410   96.070   2950974.0
2016-01-04   94.450   95.570   5381803.0
2016-01-05   95.140   95.720   4253225.0
2016-01-06   93.900   93.120   8300557.0
2016-01-07   91.470   91.900   6984129.0
2016-01-08   91.570   90.400   7501187.0
2016-01-11   91.090   90.500   7185441.0
2016-01-12   90.990   90.500   7697058.0
2016-01-13   90.670   88.830   8588783.0
2016-01-14   89.080   89.010   7395903.0
2016-01-15   86.990   85.630  10467639.0
2016-01-19   86.350   85.240   7469993.0
2016-01-20   84.440   84.830   9601004.0
2016-01-21   84.830   85.570   5741604.0
2016-01-22   86.950   86.350   4647160.0
2016-01-25   85.980   84.900  10444034.0
2016-01-26   85.290   85.650   7393368.0
2016-01-27   85.700   85.810   8083806.0
2016-01-28   86.300   86.450   5757240.0
2016-01-29   86.870   87.690   7887111.0
2016-02-01   87.060   87.560   5036876.0
2016-02-02   86.170   85.420   7397025.0
2016-02-03   85.990   85.960   8305503.0
2016-02-04   86.090   88.120   5921626.0
2016-02-05   88.040   87.840   5216664.0
2016-02-08   87.340   86.780   6858385.0
2016-02-09   86.260   87.240   7360909.0
2016-02-10   87.360   86.960   3618823.0
2016-02-11   85.390   84.660   7711795.0
2016-02-12   84.990   85.950   5886307.0
2016-02-16   87.340   86.480   6960391.0
2016-02-17   86.710   88.120   5139794.0
2016-02-18   88.550   88.360   4997125.0
2016-02-19   88.350   88.230  11817546.0
2016-02-22   89.190   92.370  21823038.0
2016-02-23   92.230   91.600  11567653.0
2016-02-24   91.110   93.610  16990999.0
2016-02-25   93.910   98.070  16862819.0
2016-02-26  100.210   97.690  14654682.0
2016-02-29   97.430   96.620   8854108.0
2016-03-01   92.220   95.050  12353851.0
2016-03-02   94.760   95.530   5447292.0
2016-03-03   95.200   96.110   4597920.0
2016-03-04   96.170   97.000   4674083.0
2016-03-07   96.550   96.920   6307585.0
2016-03-08   96.140   96.900   5341928.0
2016-03-09   97.320   96.600   4158952.0
2016-03-10   96.600   96.180   4807461.0
2016-03-11   97.180   96.750   4031096.0
2016-03-14   96.300   96.830   3974535.0
2016-03-15   96.060   96.290   2750288.0
2016-03-16   96.200   97.490   4598262.0
2016-03-17   97.820   98.840   4166050.0
2016-03-18   99.210   99.050   9506094.0
2016-03-21   99.080   99.170   3996675.0
2016-03-22   98.680   98.660   3510444.0
2016-03-23   98.770   99.110   3235349.0
2016-03-24   98.150   99.060   2847303.0
2016-03-28   98.960   98.910   2279663.0
2016-03-29   98.410  100.120   3766598.0
2016-03-30  100.820  100.250   3010504.0
2016-03-31  100.080  100.100   3832524.0
2016-04-01   99.390   99.970   4038090.0
2016-04-04  100.300  100.270   3707366.0
2016-04-05   99.750   99.860   3120370.0
2016-04-06   99.590  100.370   5070353.0
2016-04-07   99.900  100.890   3844721.0
2016-04-08  101.440  101.320   2755510.0
2016-04-11  101.580  102.140   4583468.0
2016-04-12  102.290  103.080   3188744.0
2016-04-13  103.630  104.610   3664535.0
2016-04-14  105.000  104.680   5217336.0
2016-04-15  104.470  104.570   3764691.0
2016-04-18  104.630  105.130   2809194.0
2016-04-19  105.600  105.000   3850497.0
2016-04-20  105.420  105.530   3823375.0
2016-04-21  105.560  105.430   2628426.0
2016-04-22  105.730  105.700   3061856.0
2016-04-25  105.190  105.200   2768030.0
2016-04-26  105.450  104.800   5514951.0
2016-04-27  106.320  105.890   6338490.0
2016-04-28  105.150  104.230   4669595.0
2016-04-29  103.530  104.370   3054310.0
2016-05-02  103.890  104.370   4223633.0
2016-05-03  103.460  102.130   4790492.0
2016-05-04  101.390  100.670   5628264.0
2016-05-05  101.120  100.290   3530355.0
2016-05-06  100.260  101.120   3745483.0
2016-05-09  100.330  100.090   3834217.0
2016-05-10  100.300  102.160   3671994.0
2016-05-11  102.550  101.600   2795901.0
2016-05-12  101.780  101.460   2866992.0
2016-05-13  101.240  100.270   3280548.0
2016-05-16  100.050  101.820   3469388.0
2016-05-17  101.660  100.060   4191014.0
2016-05-18   99.450   99.290   3340400.0
2016-05-19   98.670   98.510   3138885.0
2016-05-20   99.150   99.100   4312062.0
2016-05-23   98.950   98.900   2658813.0
2016-05-24   99.490   99.910   2953704.0
2016-05-25  100.290  100.320   2354235.0
2016-05-26  100.440  100.410   2503780.0
2016-05-27  100.490  100.760   2670264.0
2016-05-31  100.770  100.580   5265587.0
2016-06-01  100.090  100.350   2806933.0
2016-06-02  100.250  100.790   2468534.0
2016-06-03  100.750  100.430   2251459.0
2016-06-06  100.740  101.360   3769349.0
2016-06-07  101.780  101.450   2539712.0
2016-06-08  101.450  102.070   2567119.0
2016-06-09  101.570  102.320   3608910.0
2016-06-10  101.550  102.000   3601667.0
2016-06-13  101.980  101.210   4494522.0
2016-06-14  101.210  101.190   3705473.0
2016-06-15  101.500  100.540   4480034.0
2016-06-16  100.290  101.120   4550347.0
2016-06-17  100.850  101.200   5691890.0
2016-06-20  102.020  101.700   4447854.0
2016-06-21  101.990  101.570   3318897.0
2016-06-22  101.770  101.350   2634635.0
2016-06-23  102.500  102.330   3074784.0
2016-06-24   99.420   98.890   7446187.0
2016-06-27   98.000   97.210   6248133.0
2016-06-28   98.150   99.030   5583189.0
2016-06-29   99.980  100.470   4737288.0
2016-06-30  100.870  102.550   5837739.0
2016-07-01  102.480  102.730   6578877.0
2016-07-05  102.100  100.620   4311132.0
2016-07-06  100.550  101.380   5227517.0
2016-07-07  101.530  101.970   3051601.0
2016-07-08  102.910  103.660   3502925.0
2016-07-11  103.660  103.960   3317075.0
2016-07-12  104.230  104.500   3748873.0
2016-07-13  105.070  105.090   2950086.0
2016-07-14  105.980  105.140   3307870.0
2016-07-15  105.350  105.500   2836777.0
2016-07-18  105.480  105.490   2185307.0
2016-07-19  104.990  105.620   3493871.0
2016-07-20  105.690  106.040   2987486.0
2016-07-21  106.370  105.850   3827718.0
2016-07-22  104.770  105.130   3513913.0
2016-07-25  105.050  104.650   3460507.0
2016-07-26  107.040  107.890   4414666.0
2016-07-27  108.060  107.690   3995355.0
2016-07-28  107.690  107.580   2807288.0
2016-07-29  107.500  107.650   3232646.0
2016-08-01  107.460  106.940   3061617.0
2016-08-02  106.490  106.270   2384080.0
2016-08-03  106.270  106.290   2985179.0
2016-08-04  106.550  106.360   1862915.0
2016-08-05  106.850  107.740   2676078.0
2016-08-08  107.740  107.790   3020855.0
2016-08-09  108.010  108.340   2213590.0
2016-08-10  108.460  108.120   1658719.0
2016-08-11  108.500  109.180   2005188.0
2016-08-12  109.020  108.870   1808404.0
2016-08-15  109.170  109.690   2044462.0
2016-08-16  109.210  109.160   2413657.0
2016-08-17  108.548  108.940   2208694.0
2016-08-18  109.050  109.330   1959750.0
2016-08-19  109.010  109.140   2388773.0
2016-08-22  108.520  108.500   2450484.0
2016-08-23  109.000  108.000   3064066.0
2016-08-24  108.020  107.960   2444669.0
2016-08-25  107.750  107.720   1793640.0
2016-08-26  107.940  107.310   2511122.0
2016-08-29  107.580  107.970   1793053.0
2016-08-30  107.870  107.350   2390925.0
2016-08-31  106.990  106.430   3349179.0
2016-09-01  106.740  106.720   3231547.0
2016-09-02  107.190  106.930   3066733.0
2016-09-06  107.000  106.010   3670706.0
2016-09-07  105.720  105.850   2524173.0
2016-09-08  105.610  105.750   2810189.0
2016-09-09  105.000  102.680   4258155.0
2016-09-12  102.200  104.030   3851781.0
2016-09-13  103.070  102.320   3543276.0
2016-09-14  102.190  101.660   4092204.0
2016-09-15  101.440  102.710   3158944.0
2016-09-16  102.570  100.100   7724226.0
2016-09-19  100.500  100.440   3316129.0
2016-09-20  100.772  100.240   3110706.0
2016-09-21  100.650  101.960   3144780.0
2016-09-22  102.730  103.000   3574599.0
2016-09-23  102.100  102.560   2646428.0
2016-09-26  102.160  102.230   3354625.0
2016-09-27  102.080  102.350   4299266.0
2016-09-28  102.680  102.350   5010726.0
2016-09-29  102.780  101.060   3720014.0
2016-09-30  101.420  101.600   5053486.0
2016-10-03  101.600  102.430   3971655.0
2016-10-04  102.570  101.430   3204196.0
2016-10-05  101.700  102.250   2744070.0
2016-10-06  102.110  102.080   3651677.0
2016-10-07  100.960  100.580   3938697.0
2016-10-10  100.160   99.980   4517801.0
2016-10-11   99.550   98.770   4314741.0
2016-10-12   98.810   98.930   3818167.0
2016-10-13   98.400   99.850   3768190.0
2016-10-14  100.420  100.160   3172007.0
2016-10-17  100.130   99.710   2452355.0
2016-10-18  100.490   99.990   3043815.0
2016-10-19  100.260   99.760   4014029.0
2016-10-20   99.750   99.290   3876682.0
2016-10-21   98.380   98.670   4094992.0
2016-10-24   99.340   99.520   4287658.0
2016-10-25  101.110  101.360   6752210.0
2016-10-26  101.000  101.010   3734107.0
2016-10-27  101.480  100.070   3549976.0
2016-10-28  100.520  101.840   4449945.0
2016-10-31  102.010  102.200   4014477.0
2016-11-01  102.410  102.010   4044502.0
2016-11-02  101.850  101.540   4115453.0
2016-11-03  101.800  101.050   2444223.0
2016-11-04  101.240  101.330   2607789.0
2016-11-07  102.970  103.050   4226225.0
2016-11-08  103.230  103.370   2524464.0
2016-11-09  101.090  104.810   5003877.0
2016-11-10  105.380  108.410   6105567.0
2016-11-11  107.900  108.860   4149869.0
2016-11-14  109.420  107.860   4138518.0
2016-11-15  107.850  107.680   3795579.0
2016-11-16  106.620  106.960   2707456.0
2016-11-17  107.030  106.700   2226541.0
2016-11-18  106.660  106.500   2677456.0
2016-11-21  106.850  106.850   2177429.0
2016-11-22  107.210  106.940   2640683.0
2016-11-23  107.370  108.110   2384904.0
2016-11-25  108.630  108.780   1008723.0
2016-11-28  108.500  108.450   2453510.0
2016-11-29  108.670  108.840   3133853.0
2016-11-30  109.030  107.720   4111844.0
2016-12-01  108.000  107.480   4055589.0
2016-12-02  108.040  108.220   3124277.0
2016-12-05  108.720  107.420   3077760.0
2016-12-06  107.300  107.430   2179451.0
2016-12-07  107.500  109.680   4261795.0
2016-12-08  109.670  108.430   3168580.0
2016-12-09  108.540  109.790   3429005.0
2016-12-12  109.420  110.390   4477629.0
2016-12-13  110.880  110.310   3807583.0
2016-12-14  110.350  109.270   2761222.0
2016-12-15  109.040  108.130   3611088.0
2016-12-16  108.410  108.520   7986205.0
2016-12-19  109.570  110.820   3838276.0
2016-12-20  110.930  110.650   2255958.0
2016-12-21  110.940  110.490   2078706.0
2016-12-22  110.580  110.460   2087923.0
2016-12-23  110.350  110.650   1303561.0
2016-12-27  111.040  110.980   1067267.0
2016-12-28  111.000  110.190   1894831.0
2016-12-29  110.280  110.550   2903926.0
2016-12-30  110.590  109.620   2200540.0
2017-01-03  110.390  110.830   2739627.0
2017-01-04  111.460  110.900   3091396.0
2017-01-05  111.170  111.350   3344795.0
2017-01-06  111.420  112.550   2622291.0
2017-01-09  112.700  111.500   2434178.0
2017-01-10  111.750  111.260   1800921.0
2017-01-11  111.620  111.000   2746199.0
2017-01-12  111.140  110.820   2644682.0
2017-01-13  110.930  110.220   2880618.0
2017-01-17  109.780  109.970   2240147.0
2017-01-18  110.200  110.420   2600332.0
2017-01-19  111.030  110.730   2828243.0
2017-01-20  110.950  110.790   3134293.0
2017-01-23  110.840  110.340   2296594.0
2017-01-24  110.680  111.610   3240027.0
2017-01-25  111.870  110.960   5054022.0
2017-01-26  110.800  110.360   3996150.0
2017-01-27  110.150  109.700   2829980.0
2017-01-30  109.310  109.170   2909899.0
2017-01-31  109.040  109.670   3945675.0
2017-02-01  109.630  108.180   4670018.0
2017-02-02  108.080  108.360   4714506.0
2017-02-03  108.530  109.650   3411707.0
2017-02-06  109.810  110.680   4229522.0
2017-02-07  111.380  111.250   2774382.0
2017-02-08  111.090  110.400   2072853.0
2017-02-09  110.280  110.090   2653958.0
2017-02-10  110.250  111.050   2679214.0
2017-02-13  111.610  112.020   2831001.0
2017-02-14  111.990  111.570   2771931.0
2017-02-15  111.130  111.910   2624996.0
2017-02-16  112.140  112.070   2802060.0
2017-02-17  111.930  112.150   2531804.0
2017-02-21  112.190  112.500   2136895.0
2017-02-22  112.350  112.660   2205614.0
2017-02-23  112.700  112.090   3471711.0
2017-02-24  111.820  112.460   2917947.0
2017-02-27  112.590  112.810   2731287.0
2017-02-28  112.970  112.550   2942482.0
2017-03-01  113.640  113.680   5085491.0
2017-03-02  113.830  112.690   2880797.0
2017-03-03  112.830  112.340   3108508.0
2017-03-06  111.830  111.660   3772184.0
2017-03-07  111.860  112.280   2457237.0
2017-03-08  112.480  111.750   2585009.0
2017-03-09  111.870  111.930   2919791.0
2017-03-10  112.390  112.140   3218687.0
2017-03-13  112.560  112.310   2976331.0
2017-03-14  111.880  111.830   2195323.0
2017-03-15  112.120  113.080   3169053.0
2017-03-16  112.770  112.340   2933831.0
2017-03-17  112.680  113.450   7442342.0
2017-03-20  113.400  113.510   3057832.0
2017-03-21  113.660  112.160   3572132.0
2017-03-22  112.370  111.930   2127037.0
2017-03-23  111.930  111.840   2288027.0
2017-03-24  111.980  111.800   2249660.0
2017-03-27  111.080  111.830   2490820.0
2017-03-28  111.410  112.740   3257682.0
2017-03-29  112.550  112.060   1998809.0
2017-03-30  111.960  112.450   1481596.0
2017-03-31  112.500  112.210   2483734.0
2017-04-03  112.280  111.930   2123043.0
2017-04-04  112.270  112.990   2970932.0
2017-04-05  113.140  112.500   3011928.0
2017-04-06  112.570  112.410   2185654.0
2017-04-07  112.630  112.990   2063924.0
2017-04-10  112.990  112.880   2097453.0
2017-04-11  112.500  113.140   2393450.0
2017-04-12  112.780  112.240   2605103.0
2017-04-13  112.050  112.090   2260869.0
2017-04-17  112.530  113.270   3503844.0
2017-04-18  112.950  113.560   2722107.0
2017-04-19  113.950  112.920   2566694.0
2017-04-20  112.960  113.940   2472394.0
2017-04-21  114.000  114.990   5658923.0
2017-04-24  115.990  116.320   3155205.0
2017-04-25  116.760  116.840   3096157.0
2017-04-26  117.340  118.200   5091214.0
2017-04-27  118.360  118.780   3402473.0
2017-04-28  119.190  118.990   4466987.0
2017-05-01  119.040  118.920   2536306.0
2017-05-02  118.950  119.320   2969498.0
2017-05-03  119.300  120.300   3606382.0
2017-05-04  120.630  121.000   3164074.0
2017-05-05  120.210  121.350   2419661.0
2017-05-08  121.370  121.080   2686687.0
2017-05-09  121.460  121.460   1942182.0
2017-05-10  121.170  121.020   2131674.0
2017-05-11  120.340  121.280   2679798.0
2017-05-12  121.010  120.830   2434261.0
2017-05-15  120.800  120.920   2155779.0
2017-05-16  121.090  121.400   2019457.0
2017-05-17  119.770  119.580   3347643.0
2017-05-18  119.500  119.370   2583540.0
2017-05-19  119.750  121.160   3200515.0
2017-05-22  121.560  121.660   2183114.0
2017-05-23  121.660  122.070   3376303.0
2017-05-24  122.100  122.080   2410547.0
2017-05-25  122.430  122.250   2735034.0
2017-05-26  122.310  121.850   2124905.0
2017-05-30  121.800  121.270   2659039.0
2017-05-31  121.560  121.280   4087353.0
2017-06-01  121.200  121.790   3087809.0
2017-06-02  122.070  122.120   2394880.0
2017-06-05  122.270  120.980   3202233.0
2017-06-06  120.370  120.120   2981748.0
2017-06-07  120.630  119.780   1796222.0
2017-06-08  119.300  119.940   3536625.0
2017-06-09  120.170  120.640   2129200.0
2017-06-12  120.250  119.880   3064216.0
2017-06-13  119.930  120.060   2353327.0
2017-06-14  120.060  120.010   1769109.0
2017-06-15  119.830  120.750   1943183.0
2017-06-16  121.110  120.430   4534368.0
2017-06-19  121.230  121.850   3291928.0
2017-06-20  121.560  121.510   2679863.0
2017-06-21  121.970  121.750   2617211.0
2017-06-22  121.830  122.170   3014809.0
2017-06-23  122.010  122.220   3708142.0
2017-06-26  122.410  121.870   1644496.0
2017-06-27  121.920  121.590   1703094.0
2017-06-28  122.070  122.500   1790565.0
2017-06-29  122.420  121.650   2356216.0
2017-06-30  122.010  122.110   2384102.0
2017-07-03  122.610  122.080   1156229.0
2017-07-05  122.370  122.790   1735551.0
2017-07-06  122.560  121.890   3044229.0
2017-07-07  122.280  122.610   1668048.0
2017-07-10  122.730  123.060   1928687.0
2017-07-11  123.160  123.540   1951987.0
2017-07-12  124.020  123.710   2374249.0
2017-07-13  123.670  123.070   2686485.0
2017-07-14  123.440  123.410   1743113.0
2017-07-17  123.730  123.110   1842376.0
2017-07-18  122.820  122.630   1881667.0
2017-07-19  123.050  123.080   1546764.0
2017-07-20  122.860  122.450   1807397.0
2017-07-21  122.290  123.490   2451488.0
2017-07-24  123.490  123.130   3675811.0
2017-07-25  121.900  120.420   4786752.0
2017-07-26  120.420  119.540   2991805.0
2017-07-27  119.370  118.690   4257291.0
2017-07-28  118.790  118.870   2149320.0
2017-07-31  119.160  118.570   2159018.0
2017-08-01  119.000  118.880   1551243.0
2017-08-02  118.800  120.350   2333372.0
2017-08-03  120.380  121.100   2024758.0
2017-08-04  121.220  121.490   1796823.0
2017-08-07  119.310  118.520   4957855.0
2017-08-08  118.450  118.190   2759844.0
2017-08-09  118.570  117.200   3163825.0
2017-08-10  116.890  116.760   3149419.0
2017-08-11  117.000  116.890   2090943.0
2017-08-14  117.300  117.150   1839666.0
2017-08-15  117.120  115.960   2251333.0
2017-08-16  115.920  118.000   3436632.0
2017-08-17  117.780  116.100   2655939.0
2017-08-18  116.040  115.480   2750451.0
2017-08-21  115.620  115.280   1751822.0
2017-08-22  115.580  115.690   2354822.0
2017-08-23  115.410  117.030   6177278.0
2017-08-24  117.210  115.300   4321848.0
2017-08-25  115.780  115.070   2083018.0
2017-08-28  115.290  115.330   3438700.0
2017-08-29  115.060  118.700   5541539.0
2017-08-30  118.950  119.600   5186938.0
2017-08-31  119.630  119.720   3964154.0
2017-09-01  119.740  117.920   2642086.0
2017-09-05  115.590  111.210  13910852.0
2017-09-06  111.000  109.610   8974254.0
2017-09-07  109.760  109.980   5086139.0
2017-09-08  110.110  109.550   4386801.0
2017-09-11  110.010  109.640   5542998.0
2017-09-12  110.070  109.860   3952164.0
2017-09-13  110.150  110.280   3802752.0
2017-09-14  110.270  113.140   6999781.0
2017-09-15  113.730  113.080   6374962.0
2017-09-18  113.400  112.770   3928099.0
2017-09-19  113.000  113.650   3308980.0
2017-09-20  113.230  114.100   3399873.0
2017-09-21  114.180  114.500   2419153.0
2017-09-22  114.420  115.010   2673240.0
2017-09-25  114.920  114.290   3683538.0
2017-09-26  114.580  114.720   3636730.0
2017-09-27  114.860  117.180   5498355.0
2017-09-28  116.990  115.840   6018193.0
2017-09-29  115.320  116.080   3261731.0
2017-10-02  116.140  117.580   2177467.0
2017-10-03  118.000  117.710   2208316.0
2017-10-04  117.870  117.630   2798998.0
2017-10-05  117.630  118.170   2618832.0
2017-10-06  117.900  118.230   1790057.0
2017-10-09  118.290  118.630   1648796.0
2017-10-10  118.610  118.120   2664644.0
2017-10-11  118.310  117.750   3070341.0
2017-10-12  117.670  118.820   2325063.0
2017-10-13  119.070  118.720   3472476.0
2017-10-16  118.840  119.010   2161809.0
2017-10-17  118.630  119.360   2017500.0
2017-10-18  119.500  119.180   1854362.0
2017-10-19  119.100  119.490   1623364.0
2017-10-20  119.960  120.930   2407474.0
2017-10-23  120.760  120.890   2574786.0
2017-10-24  119.950  119.740   5371206.0
2017-10-25  119.710  119.005   3144019.0
2017-10-26  119.450  119.930   3268486.0
2017-10-27  119.620  119.070   2839502.0
2017-10-30  119.410  119.830   4425694.0
2017-10-31  120.040  119.760   3335332.0
2017-11-01  120.550  120.120   2666834.0
2017-11-02  120.090  121.460   1955370.0
2017-11-03  121.750  121.070   2391279.0
2017-11-06  121.260  120.390   2225963.0
2017-11-07  120.670  120.750   1853601.0
2017-11-09  120.280  118.370   2805507.0
2017-11-10  118.000  118.110   3122513.0
2017-11-13  117.950  117.070   2216900.0
2017-11-14  117.070  118.800   2857899.0
2017-11-15  118.270  117.570   2624018.0
2017-11-16  117.300  117.890   2121574.0
2017-11-17  117.490  116.530   2540725.0
2017-11-20  116.830  116.380   2626460.0
2017-11-21  116.470  117.040   2325475.0
2017-11-22  117.000  116.730   2860632.0
2017-11-24  117.000  116.910   1486366.0
2017-11-27  116.820  117.120   2567525.0
2017-11-28  117.450  117.710   2560751.0
2017-11-29  117.840  118.160   2754136.0
2017-11-30  118.930  121.450   5057630.0
2017-12-01  121.660  120.120   3827592.0
2017-12-04  121.180  120.040   2751863.0
2017-12-05  121.990  120.290   3033009.0
2017-12-06  120.690  121.200   2576626.0
2017-12-07  121.320  122.400   3602358.0
2017-12-08  122.400  122.810   2788784.0
2017-12-11  122.930  123.300   2966515.0
2017-12-12  123.530  123.480   3525742.0
2017-12-13  123.500  124.300   5180351.0
2017-12-14  124.580  123.760   3028022.0
2017-12-15  124.270  126.170   5711955.0
2017-12-18  126.740  126.710   4183199.0
2017-12-19  126.560  126.780   3630380.0
2017-12-20  127.415  127.000   3147553.0
2017-12-21  127.130  127.310   2998334.0
2017-12-22  127.170  127.230   1594599.0
2017-12-26  127.450  127.140   1052653.0
2017-12-27  127.460  127.580   1387478.0
2017-12-28  127.730  128.120   1374770.0
2017-12-29  128.320  127.570   1789153.0
2018-01-02  127.900  128.160   2775710.0
2018-01-03  129.490  130.040   5005423.0
2018-01-04  130.820  130.450   3601028.0
2018-01-05  131.100  131.570   3625439.0
2018-01-08  135.190  132.820   6608270.0
2018-01-09  133.320  134.270   4194323.0
2018-01-10  134.120  134.900   3281770.0
2018-01-11  134.750  134.990   4803210.0
2018-01-12  135.610  136.580   5196648.0
2018-01-16  137.730  133.970   5169405.0
2018-01-17  134.660  134.420   3878023.0
2018-01-18  134.550  134.610   3102294.0
2018-01-19  135.060  135.900   3218292.0
2018-01-22  134.970  135.210   4023997.0
2018-01-23  135.820  136.030   5686986.0
2018-01-24  135.020  135.680   5515121.0
2018-01-25  136.830  137.750   4541468.0
2018-01-26  138.170  137.980   3128087.0
2018-01-29  138.050  136.670   3412770.0
2018-01-30  136.000  136.500   3545162.0
2018-01-31  137.120  138.010   5883197.0
2018-02-01  136.990  138.320   4198061.0
2018-02-02  137.440  134.610   4627081.0