date   open    close      volume
                                     
2013-01-02  53.86  56.0100   5236500.0
2013-01-03  56.10  56.4500   4478600.0
2013-01-04  56.51  57.5100   4544100.0
2013-01-07  57.02  56.2900   3638700.0
2013-01-08  55.96  57.0400   2993200.0
2013-01-09  57.13  57.8000   4049800.0
2013-01-10  58.05  58.5000   4465900.0
2013-01-11  58.79  57.7800   4027600.0
2013-01-14  57.01  57.7600   3850700.0
2013-01-15  57.32  57.8200   2347600.0
2013-01-16  57.36  57.1700   3069500.0
2013-01-17  57.14  57.5900   3653300.0
2013-01-18  57.57  57.8800   3582300.0
2013-01-22  59.31  58.9300   3743400.0
2013-01-23  57.87  59.0000   2821700.0
2013-01-24  59.12  58.5600   2941800.0
2013-01-25  59.05  59.0200   2402900.0
2013-01-28  58.98  58.7300   1725100.0
2013-01-29  58.31  58.7600   2398200.0
2013-01-30  58.83  59.3300   3609100.0
2013-01-31  59.51  60.3500   5392300.0
2013-02-01  60.23  60.5400   4743300.0
2013-02-04  60.13  59.1500   3845000.0
2013-02-05  59.56  59.3500   3112500.0
2013-02-06  58.50  59.2000   4545500.0
2013-02-07  58.40  58.8900   3402600.0
2013-02-08  59.15  59.2800   2486000.0
2013-02-11  59.33  59.3100   1613200.0
2013-02-12  58.92  59.1200   1998400.0
2013-02-13  59.37  59.5500   2372100.0
2013-02-14  59.20  59.9500   2300100.0
2013-02-15  59.80  59.4600   3781300.0
2013-02-19  59.85  60.1600   2180400.0
2013-02-20  60.09  58.8000   2629400.0
2013-02-21  58.53  58.0600   2834100.0
2013-02-22  58.41  59.0200   2364500.0
2013-02-25  59.34  57.3100   2606000.0
2013-02-26  57.58  57.2800   3087200.0
2013-02-27  57.59  57.8600   4036000.0
2013-02-28  57.97  58.5000   4849800.0
2013-03-01  58.17  59.6400   3508600.0
2013-03-04  59.30  59.5500   3096800.0
2013-03-05  59.98  60.6900   3698600.0
2013-03-06  60.95  60.3400   2169200.0
2013-03-07  60.60  60.8500   2246700.0
2013-03-08  61.00  61.9100   2697700.0
2013-03-11  61.63  61.8500   1786800.0
2013-03-12  61.79  61.9500   2003500.0
2013-03-13  61.60  62.3500   3271400.0
2013-03-14  62.66  63.8700   4277000.0
2013-03-15  63.40  63.1400   5225200.0
2013-03-18  62.47  62.5200   2532700.0
2013-03-19  62.60  61.4200   3446600.0
2013-03-20  62.02  61.8100   2131600.0
2013-03-21  61.23  61.2400   1823300.0
2013-03-22  61.59  61.9400   1839900.0
2013-03-25  62.23  61.3100   2393500.0
2013-03-26  59.33  61.3400   1967600.0
2013-03-27  60.81  61.3600   1679200.0
2013-03-28  61.35  61.4800   2537700.0
2013-04-01  61.77  61.7200   2435300.0
2013-04-02  62.08  61.7100   2314000.0
2013-04-03  62.29  62.1300   4002100.0
2013-04-04  62.18  62.9600   2872600.0
2013-04-05  61.72  63.0500   3810000.0
2013-04-08  63.15  65.4900   5471000.0
2013-04-09  65.78  64.6000   4605900.0
2013-04-10  63.76  65.7000   2260000.0
2013-04-11  65.69  66.1500   2785000.0
2013-04-12  66.30  66.5000   2029400.0
2013-04-15  66.04  64.0200   3078600.0
2013-04-16  64.42  66.1900   4038700.0
2013-04-17  65.86  65.5600   2846300.0
2013-04-18  65.76  65.0500   1878600.0
2013-04-19  64.34  66.1850   2094200.0
2013-04-22  66.35  66.5200   1600100.0
2013-04-23  66.33  65.5500   4946700.0
2013-04-24  65.69  65.0050   2910900.0
2013-04-25  65.05  64.4900   3755100.0
2013-04-26  64.60  63.6200   3371800.0
2013-04-29  63.87  63.6500   4293800.0
2013-04-30  63.55  63.9900   4946400.0
2013-05-01  65.74  65.9000   6591200.0
2013-05-02  66.30  67.5200   4107300.0
2013-05-03  68.18  67.2700   3248000.0
2013-05-06  67.32  67.4500   2258400.0
2013-05-07  67.43  67.7300   2113500.0
2013-05-08  67.69  68.5800   2942300.0
2013-05-09  68.60  68.6200   2598700.0
2013-05-10  68.48  69.0000   1825100.0
2013-05-13  68.71  68.5700   1951700.0
2013-05-14  68.72  68.7000   2152900.0
2013-05-15  68.81  69.6200   2366100.0
2013-05-16  69.31  68.7700   2436700.0
2013-05-17  69.22  69.7200   2747200.0
2013-05-20  69.46  69.0100   2331500.0
2013-05-21  69.08  69.5800   2384200.0
2013-05-22  69.28  69.5600   3147600.0
2013-05-23  68.99  69.0900   2338000.0
2013-05-24  68.53  68.9600   1877300.0
2013-05-28  69.46  69.3600   3021800.0
2013-05-29  68.85  68.4300   2064000.0
2013-05-30  68.63  67.9500   2352700.0
2013-05-31  67.84  65.8900   4927600.0
2013-06-03  65.61  66.9300   2461800.0
2013-06-04  67.28  67.0400   2841700.0
2013-06-05  66.85  66.2100   2669100.0
2013-06-06  66.12  66.3200   2455400.0
2013-06-07  66.73  67.8100   2610800.0
2013-06-10  67.80  67.5400   2251300.0
2013-06-11  66.71  67.0200   2748400.0
2013-06-12  67.14  65.2600   3383500.0
2013-06-13  65.52  66.9500   2830000.0
2013-06-14  66.69  66.7700   1840000.0
2013-06-17  67.05  67.2800   2065800.0
2013-06-18  67.09  67.5950   1780900.0
2013-06-19  67.79  66.8700   2029100.0
2013-06-20  66.35  65.2500   2443800.0
2013-06-21  65.77  65.7200   4962500.0
2013-06-24  65.26  65.2000   3235500.0
2013-06-25  65.69  65.6200   2624600.0
2013-06-26  66.39  67.1200   2210100.0
2013-06-27  67.46  67.6600   1807800.0
2013-06-28  67.27  68.0300   4486600.0
2013-07-01  68.52  67.7900   1915800.0
2013-07-02  67.51  67.5400   2659900.0
2013-07-03  66.85  68.4400   1039400.0
2013-07-05  68.74  69.3100   1780300.0
2013-07-08  69.60  69.8200   2030500.0
2013-07-09  70.01  69.0800   3224900.0
2013-07-10  69.15  70.1500   1668900.0
2013-07-11  71.13  70.8300   2882500.0
2013-07-12  70.99  72.0100   2447400.0
2013-07-15  71.99  72.3200   1965200.0
2013-07-16  72.19  71.9400   1748800.0
2013-07-17  72.26  72.6700   1903000.0
2013-07-18  72.96  74.0800   3076100.0
2013-07-19  74.83  74.3550   3240900.0
2013-07-22  74.89  73.3200   2447900.0
2013-07-23  74.90  73.7200   1681500.0
2013-07-24  74.01  72.6100   2208900.0
2013-07-25  72.92  72.8700   2541100.0
2013-07-26  72.10  73.0400   1811400.0
2013-07-29  72.84  72.2800   1597500.0
2013-07-30  72.79  72.1400   2731900.0
2013-07-31  72.42  72.7700   1720300.0
2013-08-01  73.52  74.3600   2887300.0
2013-08-02  79.05  79.1700   9805700.0
2013-08-05  78.57  78.7500   5352700.0
2013-08-06  78.36  78.8500   3954100.0
2013-08-07  78.42  79.4300   3960400.0
2013-08-08  80.01  80.1000   3432100.0
2013-08-09  79.75  80.1500   2497600.0
2013-08-12  79.88  79.5900   2715700.0
2013-08-13  79.94  79.7400   3085500.0
2013-08-14  79.64  79.5600   2344100.0
2013-08-15  78.93  78.1700   2980200.0
2013-08-16  77.85  78.5100   2892900.0
2013-08-19  77.75  77.6800   3246600.0
2013-08-20  78.05  78.2400   3011000.0
2013-08-21  78.05  77.9300   3153800.0
2013-08-22  77.86  79.5900   2240000.0
2013-08-23  78.14  79.4300   2585100.0
2013-08-26  79.13  79.5100   2836300.0
2013-08-27  78.65  78.3200   3702000.0
2013-08-28  78.47  79.4100   3054300.0
2013-08-29  78.95  79.4100   2416400.0
2013-08-30  79.43  79.5600   2741700.0
2013-09-03  80.74  79.9100   3528700.0
2013-09-04  79.69  80.1000   3737800.0
2013-09-05  78.74  79.9100   3020600.0
2013-09-06  80.53  80.2900   3263100.0
2013-09-09  80.37  80.3900   3165200.0
2013-09-10  81.00  80.7500   3415400.0
2013-09-11  81.77  82.0500   3871900.0
2013-09-12  81.84  82.5500   4094200.0
2013-09-13  82.49  82.2700   2761300.0
2013-09-16  83.58  82.7500   2812200.0
2013-09-17  84.60  83.1400   2940100.0
2013-09-18  83.26  83.2000   3144300.0
2013-09-19  83.26  83.2000   3164200.0
2013-09-20  83.44  83.1400   6294700.0
2013-09-23  82.66  83.3800   2933800.0
2013-09-24  83.70  82.9400   2872300.0
2013-09-25  82.81  82.9100   3068900.0
2013-09-26  82.88  83.8100   2649700.0
2013-09-27  83.24  84.4200   3276700.0
2013-09-30  83.80  83.5800   2632100.0
2013-10-01  83.78  84.3300   2024200.0
2013-10-02  83.52  82.8300   3280800.0
2013-10-03  82.40  82.1500   2349500.0
2013-10-04  82.40  83.2000   1893600.0
2013-10-07  82.44  82.3400   1557300.0
2013-10-08  82.33  80.5900   2936300.0
2013-10-09  80.86  80.1700   3511200.0
2013-10-10  81.10  81.0500   3922800.0
2013-10-11  79.82  82.0000   2691500.0
2013-10-14  81.67  82.8400   1512200.0
2013-10-15  82.80  82.5500   1922100.0
2013-10-16  82.92  82.4700   2739900.0
2013-10-17  82.14  83.1200   2266900.0
2013-10-18  83.48  83.6400   2841400.0
2013-10-21  83.47  83.8600   1791300.0
2013-10-22  84.21  84.6500   2086900.0
2013-10-23  83.96  84.3700   1925600.0
2013-10-24  84.28  84.3900   1581300.0
2013-10-25  85.24  84.9400   2147600.0
2013-10-28  84.57  84.5300   1839200.0
2013-10-29  84.66  84.7100   1775000.0
2013-10-30  86.06  83.4900   1638000.0
2013-10-31  83.54  83.2900   2404900.0
2013-11-01  83.67  83.5500   1798900.0
2013-11-04  83.96  83.0700   2059700.0
2013-11-05  82.29  84.1500   2752700.0
2013-11-06  84.70  83.7900   2936600.0
2013-11-07  84.16  80.9100   3245800.0
2013-11-08  81.05  82.2900   2575800.0
2013-11-11  82.27  82.3600   1334400.0
2013-11-12  81.84  82.1200   2076600.0
2013-11-13  79.20  83.1300   2730500.0
2013-11-14  82.00  80.8000   7294900.0
2013-11-15  81.20  80.5100   5026500.0
2013-11-18  80.65  79.5400   3927700.0
2013-11-19  79.89  79.6300   3314800.0
2013-11-20  79.64  80.1200   5411500.0
2013-11-21  80.09  80.1600   2910200.0
2013-11-22  80.05  79.6300   7886900.0
2013-11-25  80.12  79.5900   3169100.0
2013-11-26  79.74  79.2500   3794400.0
2013-11-27  79.76  79.8500   2773500.0
2013-11-29  80.05  80.1700   1432000.0
2013-12-02  81.00  80.8200   3317900.0
2013-12-03  80.58  81.2000   3440800.0
2013-12-04  80.79  81.5300   2963100.0
2013-12-05  81.39  81.6200   2208100.0
2013-12-06  82.59  82.2000   2380300.0
2013-12-09  82.54  82.1700   2715100.0
2013-12-10  81.90  82.6100   2859800.0
2013-12-11  82.30  81.0300   2593100.0
2013-12-12  80.81  80.7200   1777000.0
2013-12-13  81.19  81.2000   1914700.0
2013-12-16  81.67  82.0400   2718000.0
2013-12-17  82.00  82.2400   2512500.0
2013-12-18  82.29  83.5500   3437500.0
2013-12-19  83.57  84.1200   3757300.0
2013-12-20  84.06  84.1600   7198300.0
2013-12-23  84.70  85.4700   2577300.0
2013-12-24  85.61  85.6000   1019000.0
2013-12-26  85.79  85.8400   1685700.0
2013-12-27  85.98  86.0500   1276000.0
2013-12-30  86.25  87.1500   2344100.0
2013-12-31  87.27  87.3400   1971500.0
2014-01-02  87.45  86.9500   1613300.0
2014-01-03  86.89  86.6000   1554200.0
2014-01-06  87.13  85.7300   2331100.0
2014-01-07  86.16  86.3300   1806000.0
2014-01-08  86.19  86.6700   2257400.0
2014-01-09  87.07  86.0000   1422200.0
2014-01-10  85.97  85.4000   2186900.0
2014-01-13  85.34  84.4200   2575200.0
2014-01-14  84.46  84.6300   2246500.0
2014-01-15  84.56  84.9600   2933200.0
2014-01-16  84.43  84.9400   1512700.0
2014-01-17  84.27  83.0800   4233300.0
2014-01-21  83.76  82.5500   2939400.0
2014-01-22  82.55  84.3200   2892100.0
2014-01-23  83.54  83.5200   2464800.0
2014-01-24  83.20  81.4100   2697800.0
2014-01-27  81.36  81.0400   2893700.0
2014-01-28  80.63  82.2600   2493200.0
2014-01-29  81.38  80.9700   3424700.0
2014-01-30  83.00  84.0100   5672600.0
2014-01-31  82.08  82.1000   6061200.0
2014-02-03  82.15  78.8000   4095900.0
2014-02-04  79.31  79.6200   3360300.0
2014-02-05  79.15  79.9500   2582200.0
2014-02-06  79.87  80.7300   1882900.0
2014-02-07  81.05  81.9200   2103300.0
2014-02-10  82.07  82.5700   1775500.0
2014-02-11  82.81  83.1700   2127000.0
2014-02-12  83.58  84.2700   2362400.0
2014-02-13  83.46  84.7100   3183800.0
2014-02-14  84.42  85.4800   2113700.0
2014-02-18  85.73  85.7500   1960800.0
2014-02-19  85.45  86.0200   2023700.0
2014-02-20  88.17  86.5100   1782900.0
2014-02-21  87.30  86.8600   1759300.0
2014-02-24  86.92  86.9800   2444500.0
2014-02-25  87.20  86.4300   1898600.0
2014-02-26  86.76  86.1400   1978000.0
2014-02-27  86.09  86.8600   2130900.0
2014-02-28  87.01  87.7300   3059100.0
2014-03-03  87.33  85.9000   2857200.0
2014-03-04  86.79  86.9400   2429600.0
2014-03-05  87.39  87.1300   1979800.0
2014-03-06  86.91  87.9700   2353800.0
2014-03-07  88.44  88.2700   2412200.0
2014-03-10  88.00  88.9000   2856300.0
2014-03-11  88.96  88.2200   2526600.0
2014-03-12  87.20  88.2000   2210100.0
2014-03-13  88.56  87.1000   1950500.0
2014-03-14  86.77  87.0800   2372800.0
2014-03-17  88.00  88.2400   1665000.0
2014-03-18  88.59  88.4100   1762300.0
2014-03-19  88.56  87.8500   1832100.0
2014-03-20  87.70  87.5200   1823500.0
2014-03-21  88.68  87.0300   4107700.0
2014-03-24  86.88  85.8600   2600200.0
2014-03-25  85.95  85.4200   2906700.0
2014-03-26  85.89  84.6700   2336300.0
2014-03-27  84.46  84.0000   2331400.0
2014-03-28  83.89  84.6900   2014600.0
2014-03-31  85.20  84.9900   1660600.0
2014-04-01  86.04  86.7200   2740800.0
2014-04-02  87.43  87.3700   3017300.0
2014-04-03  87.73  87.1600   2039200.0
2014-04-04  87.41  84.7400   2801500.0
2014-04-07  84.53  82.7700   2996600.0
2014-04-08  82.67  83.6300   3938700.0
2014-04-09  83.74  85.8900   2375500.0
2014-04-10  85.71  82.8300   2608100.0
2014-04-11  82.22  81.9400   2263500.0
2014-04-14  82.81  82.7300   2082200.0
2014-04-15  83.06  82.2400   2275500.0
2014-04-16  83.57  83.2500   2233200.0
2014-04-17  82.85  84.0500   2097800.0
2014-04-21  84.05  84.3000   1089100.0
2014-04-22  84.30  84.0100   1335200.0
2014-04-23  84.09  84.3500   1601500.0
2014-04-24  85.67  84.8400   1348000.0
2014-04-25  84.38  83.4400   1446100.0
2014-04-28  84.13  83.7700   2250000.0
2014-04-29  84.75  83.7100   1842900.0
2014-04-30  83.25  84.9800   3743600.0
2014-05-01  83.26  83.5000   3736300.0
2014-05-02  83.83  84.1500   1846600.0
2014-05-05  83.33  84.2400   1623200.0
2014-05-06  84.10  83.1500   1571300.0
2014-05-07  83.30  83.2400   1973800.0
2014-05-08  83.23  83.8600   1740200.0
2014-05-09  83.64  83.3800   1876200.0
2014-05-12  83.95  84.5600   2344500.0
2014-05-13  84.39  83.6900   1876200.0
2014-05-14  83.49  83.1300   2239800.0
2014-05-15  82.86  83.0600   2166200.0
2014-05-16  83.40  83.8300   2821900.0
2014-05-19  83.61  84.2500   1843900.0
2014-05-20  83.84  83.2900   2133600.0
2014-05-21  83.59  84.4600   1867300.0
2014-05-22  84.47  84.6700   1614600.0
2014-05-23  84.07  84.9900   2412600.0
2014-05-27  85.10  85.3500   1591900.0
2014-05-28  85.09  85.6100   2074400.0
2014-05-29  85.91  85.6200   1803000.0
2014-05-30  85.81  85.3300   2135400.0
2014-06-02  85.42  86.7000   1730700.0
2014-06-03  86.66  87.1000   1887500.0
2014-06-04  86.55  87.0000   1042500.0
2014-06-05  86.89  87.4800   1626600.0
2014-06-06  87.92  87.6600   1443900.0
2014-06-09  87.63  87.8500   1344800.0
2014-06-10  87.58  87.3700   1769100.0
2014-06-11  86.38  86.6000   1696500.0
2014-06-12  86.47  85.9500   1932100.0
2014-06-13  86.09  85.9100   1263500.0
2014-06-16  85.66  86.4700   1767600.0
2014-06-17  86.22  86.3500   1416800.0
2014-06-18  86.50  87.0000   1859700.0
2014-06-19  87.55  87.0000   1834000.0
2014-06-20  87.37  85.7600   4262100.0
2014-06-23  85.95  85.4200   1325800.0
2014-06-24  85.25  85.1200   1482400.0
2014-06-25  84.40  85.0600   3042300.0
2014-06-26  85.00  85.4300   1501000.0
2014-06-27  85.18  86.3700   2728800.0
2014-06-30  86.41  86.7300   2181700.0
2014-07-01  86.88  86.8500   1860900.0
2014-07-02  86.25  87.3200   1356700.0
2014-07-03  87.37  87.4800   1030200.0
2014-07-07  87.47  87.2700   1013700.0
2014-07-08  87.09  86.6500   1679800.0
2014-07-09  86.35  86.5100   3231000.0
2014-07-10  86.00  86.2950   2229800.0
2014-07-11  86.32  85.3700   2722100.0
2014-07-14  85.81  85.0300   2393600.0
2014-07-15  85.03  84.6000   2502500.0
2014-07-16  87.00  87.3700   6800600.0
2014-07-17  87.01  87.6350   3613900.0
2014-07-18  88.00  88.3600   2938000.0
2014-07-21  87.84  87.3000   1659700.0
2014-07-22  87.66  87.1000   1661400.0
2014-07-23  85.96  85.6200   2828000.0
2014-07-24  85.96  85.6200   3414000.0
2014-07-25  85.68  86.1400   1846400.0
2014-07-28  85.88  85.9800   1774300.0
2014-07-29  86.00  85.5100   1560700.0
2014-07-30  85.86  84.8900   2849500.0
2014-07-31  84.25  82.6700   2816500.0
2014-08-01  82.81  82.2500   2651200.0
2014-08-04  82.25  82.3900   3406100.0
2014-08-05  81.65  81.7700   2699600.0
2014-08-06  81.23  80.3100   4975700.0
2014-08-07  80.06  79.7300   3671900.0
2014-08-08  80.07  80.4400   2783300.0
2014-08-11  80.57  81.0800   2784900.0
2014-08-12  81.18  80.3800   1996300.0
2014-08-13  80.41  80.2400   2131400.0
2014-08-14  80.22  80.8200   1678200.0
2014-08-15  80.97  81.4800   3453100.0
2014-08-18  81.82  82.1550   1570400.0
2014-08-19  82.20  81.2200   3041900.0
2014-08-20  81.23  81.2300   2003700.0
2014-08-21  81.07  80.7500   2221400.0
2014-08-22  81.05  80.7000   1841000.0
2014-08-25  81.00  80.5100   1869000.0
2014-08-26  80.54  80.4400   1291600.0
2014-08-27  80.32  80.8100   1420000.0
2014-08-28  80.48  80.7700   1621300.0
2014-08-29  81.19  81.1500   1936200.0
2014-09-02  81.15  81.4600   3292600.0
2014-09-03  81.48  80.8600   2240900.0
2014-09-04  80.92  81.0900   1841800.0
2014-09-05  80.89  81.3600   2472600.0
2014-09-08  81.29  80.8700   1782300.0
2014-09-09  80.67  79.2000   3075000.0
2014-09-10  79.12  80.2400   3052400.0
2014-09-11  79.82  79.9150   2169200.0
2014-09-12  79.78  79.5150   2592800.0
2014-09-15  79.26  79.2800   2224800.0
2014-09-16  79.39  80.0050   2222900.0
2014-09-17  80.14  79.4800   2211900.0
2014-09-18  79.89  80.4600   2273600.0
2014-09-19  80.99  80.8700   6025300.0
2014-09-22  80.53  79.4200   2683200.0
2014-09-23  79.27  77.5100   4452000.0
2014-09-24  78.00  78.1300   3654499.0
2014-09-25  78.10  76.9700   1971775.0
2014-09-26  76.86  77.1700   1997143.0
2014-09-29  76.63  76.8200   1642422.0
2014-09-30  76.86  76.9400   2236379.0
2014-10-01  76.67  75.2200   2907184.0
2014-10-02  74.91  74.6000   3345359.0
2014-10-03  74.75  75.0900   2833246.0
2014-10-06  75.41  74.5500   2018863.0
2014-10-07  74.24  73.7800   2123303.0
2014-10-08  73.67  74.6100   2617801.0
2014-10-09  74.34  72.0600   3072820.0
2014-10-10  71.90  70.4400   3492516.0
2014-10-13  70.14  68.2200   3937136.0
2014-10-14  68.88  68.9800   3367936.0
2014-10-15  68.00  68.2000   5115230.0
2014-10-16  65.93  68.2300   4682613.0
2014-10-17  69.91  69.3100   2530776.0
2014-10-20  69.15  69.0000   3456447.0
2014-10-21  69.42  71.8400   3781818.0
2014-10-22  71.97  70.4300   3230756.0
2014-10-23  70.92  71.4700   2587332.0
2014-10-24  71.62  71.6100   1841911.0
2014-10-27  71.52  71.8900   3112035.0
2014-10-28  72.24  72.9300   2507049.0
2014-10-29  72.87  73.0000   2795266.0
2014-10-30  72.69  72.7200   3203117.0
2014-10-31  73.53  72.6800   2698933.0
2014-11-03  72.67  72.8300   2960296.0
2014-11-04  72.46  69.6300   4583440.0
2014-11-05  70.13  70.4800   4022055.0
2014-11-06  70.64  70.7900   3139120.0
2014-11-07  70.96  70.6300   3054423.0
2014-11-10  70.51  70.0900   3835214.0
2014-11-11  70.02  69.5300   3029079.0
2014-11-12  68.78  69.2500   4114299.0
2014-11-13  69.94  71.2000   6310269.0
2014-11-14  71.39  72.9600   4958054.0
2014-11-17  72.98  74.1000   5636736.0
2014-11-18  74.04  73.7500   3397873.0
2014-11-19  73.68  73.4800   4267754.0
2014-11-20  73.41  73.8000   3002271.0
2014-11-21  74.94  73.7100   4088570.0
2014-11-24  73.94  74.4950   3661194.0
2014-11-25  74.50  74.9500   4283596.0
2014-11-26  74.86  75.2300   2810586.0
2014-11-28  75.58  75.6300   1267533.0
2014-12-01  75.36  74.1600   3775386.0
2014-12-02  74.30  74.1400   3129565.0
2014-12-03  74.03  75.0500   4591103.0
2014-12-04  74.88  74.7350   5174333.0
2014-12-05  74.88  76.9000   6836643.0
2014-12-08  76.56  75.1100   3052961.0
2014-12-09  74.28  74.6100   2382328.0
2014-12-10  74.20  73.0000   2728127.0
2014-12-11  73.24  72.9700   2365616.0
2014-12-12  72.14  72.9600   3476164.0
2014-12-15  73.36  73.0800   4443239.0
2014-12-16  72.89  72.2600   4397927.0
2014-12-17  72.41  73.5700   3162013.0
2014-12-18  74.81  75.7400   3415858.0
2014-12-19  75.62  75.9200   5833491.0
2014-12-22  75.96  76.3800   2114436.0
2014-12-23  76.84  77.2700   2532824.0
2014-12-24  77.59  76.8900   1150390.0
2014-12-26  76.99  76.9100   1435903.0
2014-12-29  76.74  76.8800   2167719.0
2014-12-30  76.75  76.3900   1544013.0
2014-12-31  76.83  75.2500   2740357.0
2015-01-02  75.83  75.4000   1976737.0
2015-01-05  74.80  73.3000   3142907.0
2015-01-06  73.46  71.8500   3568991.0
2015-01-07  72.35  71.3000   3639112.0
2015-01-08  71.72  72.2900   3710929.0
2015-01-09  72.47  71.6700   2897962.0
2015-01-12  71.83  72.4000   2981735.0
2015-01-13  73.09  72.6300   3169162.0
2015-01-14  71.28  67.8000   9048200.0
2015-01-15  68.10  66.4800   8232368.0
2015-01-16  66.81  68.0700   5164188.0
2015-01-20  67.88  66.3600   5429378.0
2015-01-21  66.36  67.4800   3366266.0
2015-01-22  67.88  68.6100   2811154.0
2015-01-23  68.30  67.8000   2173152.0
2015-01-26  67.48  67.4800   2311828.0
2015-01-27  66.57  67.1400   2718168.0
2015-01-28  67.28  66.5000   4338859.0
2015-01-29  66.84  67.4900   5472614.0
2015-01-30  66.50  64.4200   5959176.0
2015-02-02  64.47  65.1300   5749516.0
2015-02-03  65.39  66.7700   5533931.0
2015-02-04  66.88  66.0800   4305214.0
2015-02-05  66.25  66.2500   4114161.0
2015-02-06  66.18  67.0700   5345322.0
2015-02-09  66.76  68.2400   3667462.0
2015-02-10  68.83  68.1400   2523168.0
2015-02-11  67.69  67.1550   3625611.0
2015-02-12  67.50  67.7100   2569261.0
2015-02-13  67.94  68.9800   3087071.0
2015-02-17  68.87  69.3400   2215012.0
2015-02-18  69.34  68.0900   2702695.0
2015-02-19  68.16  69.3050   2845171.0
2015-02-20  69.30  69.7100   2313667.0
2015-02-23  69.44  70.3200   4257712.0
2015-02-24  70.37  70.9300   4536303.0
2015-02-25  70.84  70.3500   3806588.0
2015-02-26  70.14  69.6100   3787282.0
2015-02-27  70.21  69.9400   4442975.0
2015-03-02  70.00  70.7500   3070908.0
2015-03-03  70.63  71.4800   3358323.0
2015-03-04  71.48  70.8600   3452138.0
2015-03-05  71.21  70.3400   2495584.0
2015-03-06  69.97  70.3200   2702909.0
2015-03-09  70.24  71.2800   3659148.0
2015-03-10  70.81  69.8500   3907238.0
2015-03-11  69.44  69.1200   2317649.0
2015-03-12  69.30  69.7100   2911949.0
2015-03-13  69.43  68.1300   4093986.0
2015-03-16  68.59  69.3200   3435321.0
2015-03-17  68.81  68.8000   3313021.0
2015-03-18  68.71  68.8700   3991908.0
2015-03-19  68.84  68.8100   2521499.0
2015-03-20  69.13  69.7600   5251338.0
2015-03-23  69.97  70.4000   3360685.0
2015-03-24  70.16  69.0700   3127584.0
2015-03-25  69.00  67.7300   3114170.0
2015-03-26  67.40  67.2500   2695192.0
2015-03-27  67.38  67.8500   2021848.0
2015-03-30  68.17  68.1400   1910632.0
2015-03-31  67.87  68.3000   2905725.0
2015-04-01  67.69  67.3100   4556481.0
2015-04-02  67.37  67.5900   2390705.0
2015-04-06  67.14  68.6000   2502228.0
2015-04-07  67.91  67.2800   5375576.0
2015-04-08  67.63  68.2300   3266319.0
2015-04-09  67.69  69.3200   2515711.0
2015-04-10  69.59  69.2650   2029135.0
2015-04-13  69.72  69.5400   4148997.0
2015-04-14  69.37  69.6100   1797953.0
2015-04-15  69.55  70.4500   2903095.0
2015-04-16  70.14  70.9100   2502123.0
2015-04-17  70.22  69.1400   3586706.0
2015-04-20  69.47  70.3500   1877739.0
2015-04-21  70.54  70.3850   2311875.0
2015-04-22  70.46  70.4200   1199507.0
2015-04-23  70.18  70.7000   2565524.0
2015-04-24  70.79  70.7400   1973765.0
2015-04-27  70.74  69.9500   2528724.0
2015-04-28  70.98  71.3100   3418826.0
2015-04-29  71.20  72.2400   4046857.0
2015-04-30  71.67  69.4500   6690712.0
2015-05-01  69.77  69.1700   3458434.0
2015-05-04  69.54  69.8300   1918146.0
2015-05-05  69.91  68.8800   2382659.0
2015-05-06  69.38  67.7600   2345983.0
2015-05-07  67.51  66.6800   4378898.0
2015-05-08  67.44  66.4400   3944533.0
2015-05-11  66.53  65.4300   3518168.0
2015-05-12  65.23  64.4800   5411409.0
2015-05-13  64.54  64.3900   2600703.0
2015-05-14  64.80  65.1000   1975757.0
2015-05-15  65.08  65.5700   2277910.0
2015-05-18  65.40  65.7600   1815280.0
2015-05-19  65.67  65.5800   2750812.0
2015-05-20  65.67  65.9200   2788141.0
2015-05-21  65.94  66.9100   2150144.0
2015-05-22  66.95  66.8000   2271828.0
2015-05-26  66.65  65.9400   2243538.0
2015-05-27  66.24  68.3500   4755044.0
2015-05-28  67.98  67.3400   2974352.0
2015-05-29  67.05  66.8800   2997931.0
2015-06-01  67.35  66.7100   2268970.0
2015-06-02  66.55  66.0900   2982380.0
2015-06-03  66.60  68.2150   4930673.0
2015-06-04  67.77  68.0600   4662452.0
2015-06-05  68.18  68.0550   2705994.0
2015-06-08  67.69  67.1200   2829344.0
2015-06-09  67.05  66.7400   2988816.0
2015-06-10  67.03  67.1500   2597162.0
2015-06-11  67.12  67.4300   2905688.0
2015-06-12  67.07  66.4000   3446522.0
2015-06-15  65.93  66.0500   2956688.0
2015-06-16  65.47  66.8200   2797255.0
2015-06-17  66.93  66.8800   2995914.0
2015-06-18  67.14  67.4400   3319113.0
2015-06-19  67.48  67.6100   4598678.0
2015-06-22  67.69  68.2400   2174520.0
2015-06-23  68.20  67.5200   1868508.0
2015-06-24  67.32  66.7400   1690627.0
2015-06-25  66.91  66.4600   1743618.0
2015-06-26  66.73  66.4300   5858934.0
2015-06-29  66.05  64.3900   2099122.0
2015-06-30  64.92  64.6400   2353939.0
2015-07-01  64.92  64.6100   1828722.0
2015-07-02  64.65  64.2000   1505396.0
2015-07-06  63.55  63.2400   2371116.0
2015-07-07  63.46  63.0500   3643254.0
2015-07-08  62.46  61.1700   2795913.0
2015-07-09  62.27  61.3600   3265104.0
2015-07-10  62.07  61.8000   2443673.0
2015-07-13  62.24  62.5000   2195027.0
2015-07-14  62.27  61.7100   2649707.0
2015-07-15  61.67  61.2500   1782744.0
2015-07-16  61.82  61.7900   2031706.0
2015-07-17  61.57  60.7800   2351986.0
2015-07-20  61.01  60.0500   2131464.0
2015-07-21  60.19  59.7300   1981117.0
2015-07-22  59.67  58.4100   5809604.0
2015-07-23  58.62  58.2300   3389578.0
2015-07-24  58.13  56.4100   4162992.0
2015-07-27  56.18  56.3900   5664649.0
2015-07-28  56.54  56.6900   2362059.0
2015-07-29  56.29  56.6000   2109343.0
2015-07-30  56.25  56.3600   2735438.0
2015-07-31  56.80  57.0000   3141307.0
2015-08-03  57.14  56.1400   2453673.0
2015-08-04  56.28  55.6000   1882183.0
2015-08-05  55.10  51.4100   8429226.0
2015-08-06  48.99  44.1000  33191205.0
2015-08-07  45.40  45.4700  11475865.0
2015-08-10  45.97  47.0200   6637250.0
2015-08-11  46.49  46.0000   6164075.0
2015-08-12  45.47  46.0500   4312996.0
2015-08-13  45.79  45.7500   5285831.0
2015-08-14  45.63  43.6700   6623411.0
2015-08-17  43.27  44.1600   4463440.0
2015-08-18  43.94  43.2400   4958249.0
2015-08-19  42.99  43.1300   3239707.0
2015-08-20  42.67  40.4200   5546269.0
2015-08-21  40.03  39.8700   7871607.0
2015-08-24  37.56  38.1500   9424392.0
2015-08-25  39.80  38.5800   9417562.0
2015-08-26  39.70  38.6100   7108563.0
2015-08-27  39.05  39.2500   6461302.0
2015-08-28  39.17  40.9100   7218216.0
2015-08-31  40.23  40.7700   5877480.0
2015-09-01  39.99  40.3900   8508505.0
2015-09-02  41.08  41.7400  10553495.0
2015-09-03  41.73  43.1500   7405057.0
2015-09-04  42.45  43.3400   7696995.0
2015-09-08  44.31  44.0200   7979991.0
2015-09-09  44.85  44.3200   9248181.0
2015-09-10  44.23  44.7000   6165114.0
2015-09-11  43.97  44.2800   4569116.0
2015-09-14  44.23  43.8100   5365554.0
2015-09-15  44.18  44.4200   6593813.0
2015-09-16  44.51  45.4500   3988586.0
2015-09-17  45.39  45.2600   5256431.0
2015-09-18  44.72  45.6800   9146903.0
2015-09-21  45.76  44.8800   4228393.0
2015-09-22  44.41  44.1400   8331140.0
2015-09-23  44.25  43.6100   7026074.0
2015-09-24  43.23  43.6000   6377865.0
2015-09-25  43.78  43.5200   6198536.0
2015-09-28  43.18  43.2200   5943773.0
2015-09-29  43.19  42.8300   7146829.0
2015-09-30  43.26  43.1300   5488887.0
2015-10-01  43.56  42.8300   6700589.0
2015-10-02  42.47  44.3300   6748826.0
2015-10-05  44.03  45.4600   3797509.0
2015-10-06  45.52  46.7900   4772884.0
2015-10-07  47.12  47.4500   8075750.0
2015-10-08  47.36  47.9200   4361229.0
2015-10-09  47.99  47.4800   5520441.0
2015-10-12  47.56  46.5000   5069330.0
2015-10-13  46.31  46.5200   3077232.0
2015-10-14  46.57  47.0800   2815077.0
2015-10-15  47.23  49.2400   4876479.0
2015-10-16  49.32  49.7500   4777910.0
2015-10-19  49.45  48.9000   4832684.0
2015-10-20  48.95  49.3300   3176470.0
2015-10-21  49.58  48.5200   3022670.0
2015-10-22  48.79  49.6500   3388305.0
2015-10-23  50.00  50.3400   3813295.0
2015-10-26  50.44  49.7400   2932230.0
2015-10-27  49.53  49.0500   2241521.0
2015-10-28  49.48  49.6500   4023390.0
2015-10-29  49.44  49.2100   3437355.0
2015-10-30  49.31  49.3100   4962382.0
2015-11-02  49.34  50.7100   3986268.0
2015-11-03  50.80  51.2900   4058398.0
2015-11-04  51.19  47.9200  10030978.0
2015-11-05  47.88  46.7800   6931905.0
2015-11-06  46.76  47.7100   4850728.0
2015-11-09  47.61  47.7800   4296341.0
2015-11-10  47.70  48.4000   2944597.0
2015-11-11  48.75  49.3500   6200897.0
2015-11-12  49.97  49.7900   9513565.0
2015-11-13  49.29  49.9900   4306716.0
2015-11-16  50.06  51.9700   5444213.0
2015-11-17  51.71  50.9800   3511387.0
2015-11-18  50.93  53.1100   4820913.0
2015-11-19  51.91  52.2100   2968889.0
2015-11-20  52.63  52.7100   3207896.0
2015-11-23  52.35  50.8500   4124242.0
2015-11-24  50.69  50.9100   3017282.0
2015-11-25  51.02  52.3500   2865454.0
2015-11-27  52.16  51.1600   2456240.0
2015-11-30  51.16  49.7900   4893318.0
2015-12-01  49.99  49.6900   3435447.0
2015-12-02  49.29  47.6500   5525304.0
2015-12-03  47.50  46.7300   8419570.0
2015-12-04  46.75  46.2200   4005427.0
2015-12-07  46.18  47.1500   6285084.0
2015-12-08  46.79  44.7100   5339637.0
2015-12-09  44.63  43.9700   4764166.0
2015-12-10  44.28  43.9300   3484010.0
2015-12-11  42.66  41.5900   3956066.0
2015-12-14  41.68  40.7400   5314750.0
2015-12-15  40.92  40.9800   5095600.0
2015-12-16  41.34  41.5100   4715855.0
2015-12-17  41.65  39.8000   2996669.0
2015-12-18  39.64  39.0600   5889431.0
2015-12-21  39.32  39.2200   3228804.0
2015-12-22  39.60  40.7800   5218832.0
2015-12-23  41.00  41.1800   4720019.0
2015-12-24  41.11  41.1100    886966.0
2015-12-28  40.92  41.1700   2736737.0
2015-12-29  41.63  41.3300   2629071.0
2015-12-30  41.49  40.8600   2087678.0
2015-12-31  40.73  41.1600   2822361.0
2016-01-04  40.60  40.8200   3810552.0
2016-01-05  40.77  40.5600   3015077.0
2016-01-06  39.98  40.0600   3661140.0
2016-01-07  39.94  38.8900   3653456.0
2016-01-08  39.14  40.9800   6538978.0
2016-01-11  40.87  40.9700   3869480.0
2016-01-12  41.37  41.6900   3063875.0
2016-01-13  41.80  40.7900   4378193.0
2016-01-14  40.70  41.4300   2601882.0
2016-01-15  40.00  39.8500   5284437.0
2016-01-19  40.87  41.7200   6902376.0
2016-01-20  41.07  40.6700   4700569.0
2016-01-21  40.85  41.5800   4386578.0
2016-01-22  42.56  43.2100   4969028.0
2016-01-25  42.87  42.0300   3292572.0
2016-01-26  42.06  43.8600   6049528.0
2016-01-27  43.72  43.7800   3439325.0
2016-01-28  44.18  44.5400   3815022.0
2016-01-29  45.34  45.6400   4766911.0
2016-02-01  45.33  46.0500   3602757.0
2016-02-02  45.31  43.7500   4285555.0
2016-02-03  44.52  44.6700   4821361.0
2016-02-04  46.98  45.3400  10346297.0
2016-02-05  45.34  43.2400   4498190.0
2016-02-08  42.70  41.8500   5153441.0
2016-02-09  40.04  32.8600  15731400.0
2016-02-10  32.59  31.3800  11200944.0
2016-02-11  30.94  32.2500   9131734.0
2016-02-12  32.15  32.8100   5522266.0
2016-02-16  33.76  34.2900   6290838.0
2016-02-17  34.27  35.8500   5069958.0
2016-02-18  35.98  35.7100   4161506.0
2016-02-19  35.53  35.2800   3292236.0
2016-02-22  35.61  36.8600   3657390.0
2016-02-23  36.34  37.0100   7575386.0
2016-02-24  36.59  37.2200   4065344.0
2016-02-25  37.71  37.1100   4036473.0
2016-02-26  37.39  36.2300   5249208.0
2016-02-29  36.17  36.8500   4375202.0
2016-03-01  37.24  37.5600   3576665.0
2016-03-02  37.56  37.4800   3009118.0
2016-03-03  37.33  39.0200   3558377.0
2016-03-04  39.08  38.8200   3704586.0
2016-03-07  38.49  40.0700   3128218.0
2016-03-08  39.96  39.0800   3411982.0
2016-03-09  38.83  38.8800   2645767.0
2016-03-10  38.89  38.1700   3225217.0
2016-03-11  38.72  39.2900   2640767.0
2016-03-14  39.21  39.7600   1625414.0
2016-03-15  39.37  38.8200   2279708.0
2016-03-16  38.56  40.2600   2595721.0
2016-03-17  40.35  41.4800   3657306.0
2016-03-18  41.70  41.4600   5530915.0
2016-03-21  41.81  40.9600   1958108.0
2016-03-22  40.90  40.7800   1849463.0
2016-03-23  40.57  39.7000   2552948.0
2016-03-24  39.32  39.6800   1923058.0
2016-03-28  39.95  40.3700   1652024.0
2016-03-29  40.17  40.1400   1590784.0
2016-03-30  40.59  40.1100   1634015.0
2016-03-31  40.04  41.2800   2774461.0
2016-04-01  40.75  41.1700   2388133.0
2016-04-04  40.95  39.5600   2749290.0
2016-04-05  39.14  38.7500   3892444.0
2016-04-06  38.43  39.4400   2127874.0
2016-04-07  39.30  38.2700   4202855.0
2016-04-08  38.31  37.9900   3632126.0
2016-04-11  38.12  38.1300   3020020.0
2016-04-12  38.26  38.5900   2899314.0
2016-04-13  38.89  39.8200   2445903.0
2016-04-14  39.96  38.4500   2600585.0
2016-04-15  38.51  38.2700   2162677.0
2016-04-18  38.15  38.8700   2354984.0
2016-04-19  39.37  35.6400  13501783.0
2016-04-20  35.43  37.3800  17831882.0
2016-04-21  37.25  42.5600  18011287.0
2016-04-22  42.60  43.7800  12493018.0
2016-04-25  43.70  43.2500   4321452.0
2016-04-26  43.25  43.4000   3288095.0
2016-04-27  43.74  43.7900   5012479.0
2016-04-28  42.00  42.4000   7453402.0
2016-04-29  42.19  40.9000   5724280.0
2016-05-02  40.77  41.9800   3335420.0
2016-05-03  41.64  41.4500   3070279.0
2016-05-04  41.21  41.1700   2965224.0
2016-05-05  41.54  41.4300   2912245.0
2016-05-06  41.10  41.3200   1859731.0
2016-05-09  41.31  40.4300   2479230.0
2016-05-10  40.55  41.0400   2389136.0
2016-05-11  40.62  40.4700   1791298.0
2016-05-12  40.84  39.9300   1669416.0
2016-05-13  39.83  39.5300   1656877.0
2016-05-16  39.60  39.3300   2500856.0
2016-05-17  39.30  39.4200   2128541.0
2016-05-18  39.20  38.8600   2386861.0
2016-05-19  38.56  38.4100   1971718.0
2016-05-20  38.49  39.0500   1858871.0
2016-05-23  40.01  39.9500   4090651.0
2016-05-24  40.20  41.3000   3797217.0
2016-05-25  41.44  41.9900   3373801.0
2016-05-26  42.03  42.5300   3282245.0
2016-05-27  42.73  44.2400   5533954.0
2016-05-31  44.24  44.3700   4947649.0
2016-06-01  44.09  44.5800   3170668.0
2016-06-02  44.64  45.0900   2685977.0
2016-06-03  44.79  45.0000   2751660.0
2016-06-06  45.00  45.4300   3603117.0
2016-06-07  45.33  44.7200   3311219.0
2016-06-08  44.73  44.5700   1989591.0
2016-06-09  44.10  44.4100   2914928.0
2016-06-10  43.81  42.0200   5641961.0
2016-06-13  41.82  41.2400   2865087.0
2016-06-14  41.20  41.2100   3236328.0
2016-06-15  41.41  42.2000   3516960.0
2016-06-16  42.18  45.0500  10593469.0
2016-06-17  45.00  44.4200  10633659.0
2016-06-20  44.63  44.8500   4583825.0
2016-06-21  44.71  43.5300   4916593.0
2016-06-22  43.78  44.0300   2278349.0
2016-06-23  44.27  43.4700   3559796.0
2016-06-24  41.87  40.9700   9996377.0
2016-06-27  40.42  38.8800   5245778.0
2016-06-28  39.58  40.0300   3302964.0
2016-06-29  40.18  40.3600   5294244.0
2016-06-30  40.50  41.4700   3575160.0
2016-07-01  41.32  41.5300   1997526.0
2016-07-05  41.33  41.0700   2878198.0
2016-07-06  40.79  41.3800   3246122.0
2016-07-07  41.30  43.0400   4511822.0
2016-07-08  43.57  45.2000   5876019.0
2016-07-11  44.68  44.3600   5482084.0
2016-07-12  44.70  45.4400   2997809.0
2016-07-13  45.35  44.8000   3291820.0
2016-07-14  45.52  44.8000   3054271.0
2016-07-15  45.00  44.2800   2928653.0
2016-07-18  44.21  44.7000   1818740.0
2016-07-19  44.66  44.6500   2109672.0
2016-07-20  44.73  44.7500   1498594.0
2016-07-21  44.80  45.3000   2329029.0
2016-07-22  45.85  45.5700   1734565.0
2016-07-25  45.41  45.3400   1325376.0
2016-07-26  45.23  45.5500   2057871.0
2016-07-27  45.53  45.8100   3279838.0
2016-07-28  45.69  45.9700   3596527.0
2016-07-29  45.97  45.4700   3179335.0
2016-08-01  45.50  44.3500   4095578.0
2016-08-02  44.16  43.6500   4292642.0
2016-08-03  43.48  43.9900   2581177.0
2016-08-04  43.30  43.5600   3999499.0
2016-08-05  43.52  43.6800   3530219.0
2016-08-08  43.80  42.5200   2731243.0
2016-08-09  42.52  42.2900   2103758.0
2016-08-10  42.34  41.7400   2732671.0
2016-08-11  41.93  42.6100   3094787.0
2016-08-12  42.53  42.9100   2727272.0
2016-08-15  42.91  42.8200   1692697.0
2016-08-16  42.58  42.8400   1938588.0
2016-08-17  43.00  43.7400   4173746.0
2016-08-18  43.63  42.8400   1849527.0
2016-08-19  43.29  43.4900   3736673.0
2016-08-22  43.19  41.7400   6045877.0
2016-08-23  41.90  41.7000   2251064.0
2016-08-24  41.78  41.3400   2225257.0
2016-08-25  41.21  41.4100   2458546.0
2016-08-26  41.49  41.1100   3065672.0
2016-08-29  41.22  41.4600   2310805.0
2016-08-30  41.53  40.8500   2106059.0
2016-08-31  40.77  40.3400   2772270.0
2016-09-01  40.42  39.7700   2962530.0
2016-09-02  40.01  39.9000   2304677.0
2016-09-06  39.95  39.5400   2092081.0
2016-09-07  39.50  40.5400   3994421.0
2016-09-08  40.43  39.5100   4184948.0
2016-09-09  39.10  37.1600   5858013.0
2016-09-12  37.10  38.0800   5313080.0
2016-09-13  38.49  36.8000   5824684.0
2016-09-14  38.99  37.4400   5303123.0
2016-09-15  37.30  37.2700   5200680.0
2016-09-16  37.35  37.0000   4220438.0
2016-09-19  36.34  36.7700   4978707.0
2016-09-20  37.02  36.1600   4010015.0
2016-09-21  36.02  36.0500   8853656.0
2016-09-22  36.10  35.8200   4082329.0
2016-09-23  35.82  35.5000   3662279.0
2016-09-26  35.51  34.8400   3228882.0
2016-09-27  34.71  35.4700   3837465.0
2016-09-28  35.40  36.5600  10654744.0
2016-09-29  36.45  37.7700  11396997.0
2016-09-30  37.93  38.1000   8302775.0
2016-10-03  37.66  37.6900   4147140.0
2016-10-04  37.60  37.5800   4974582.0
2016-10-05  37.86  37.7400   4279233.0
2016-10-06  37.61  36.6200   5910673.0
2016-10-07  36.55  36.2700   3722323.0
2016-10-10  36.45  36.2600   2277075.0
2016-10-11  36.16  35.7300   3767501.0
2016-10-12  35.61  35.1200   2675414.0
2016-10-13  36.02  35.8200   6843845.0
2016-10-14  36.10  36.0000   4680586.0
2016-10-17  36.34  36.0900   4127121.0
2016-10-18  36.36  36.1400   4753568.0
2016-10-19  36.08  36.3700   3059016.0
2016-10-20  36.25  36.5000   4619281.0
2016-10-21  36.41  37.5100   7257413.0
2016-10-24  37.66  37.4500   3647618.0
2016-10-25  37.13  37.4300   2780352.0
2016-10-26  37.51  37.7500   2547156.0
2016-10-27  37.80  37.7200   3003707.0
2016-10-28  37.74  37.6000   2272420.0
2016-10-31  37.74  37.5600   2817351.0
2016-11-01  37.56  36.6800   3127208.0
2016-11-02  36.63  35.8700   3799125.0
2016-11-03  36.00  36.6800   3069062.0
2016-11-04  36.35  36.5600   3315860.0
2016-11-07  37.31  37.5600   2921430.0
2016-11-08  37.56  37.3500   3430915.0
2016-11-09  36.25  37.9800   4043226.0
2016-11-10  37.90  38.0100   3421033.0
2016-11-11  37.90  38.4200   2826072.0
2016-11-14  38.33  38.8600   2209592.0
2016-11-15  38.68  38.6100   2872272.0
2016-11-16  38.59  38.5800   2089016.0
2016-11-17  38.41  38.6100   2212933.0
2016-11-18  38.58  37.7700   2745200.0
2016-11-21  37.82  37.2100   2711424.0
2016-11-22  37.36  37.2300   4249240.0
2016-11-23  37.16  37.2500   1751484.0
2016-11-25  36.68  37.6400   1324504.0
2016-11-28  37.46  36.7900   2223075.0
2016-11-29  36.73  36.9500   3379995.0
2016-11-30  37.00  37.4800   4317147.0
2016-12-01  37.47  37.2600   3677662.0
2016-12-02  37.20  36.5200   2542698.0
2016-12-05  36.83  36.6300   3927307.0
2016-12-06  36.63  36.5400   3020229.0
2016-12-07  36.46  38.0100   4700765.0
2016-12-08  38.10  38.8000   4834321.0
2016-12-09  38.75  38.6200   3251687.0
2016-12-12  36.55  34.9900  14901686.0
2016-12-13  34.38  34.9600   6635990.0
2016-12-14  34.95  34.6000   4827378.0
2016-12-15  34.91  34.9100   4900668.0
2016-12-16  35.15  35.2200   7332905.0
2016-12-19  35.20  34.4900   3749212.0
2016-12-20  34.51  34.6300   2227735.0
2016-12-21  34.46  35.2500   4045317.0
2016-12-22  35.11  35.1500   3630943.0
2016-12-23  35.09  35.1500   2102785.0
2016-12-27  35.06  35.7900   4023515.0
2016-12-28  35.89  35.5200   2008646.0
2016-12-29  35.50  35.2800   1824743.0
2016-12-30  35.40  35.1000   2542744.0
2017-01-03  35.50  35.9000   4696627.0
2017-01-04  35.92  36.6000   5208353.0
2017-01-05  36.94  37.4800   5433241.0
2017-01-06  37.97  37.7900   4167326.0
2017-01-09  38.08  38.3400   5021063.0
2017-01-10  38.54  38.4000   4369066.0
2017-01-11  38.55  38.9000   7388492.0
2017-01-12  38.77  38.5300   3140673.0
2017-01-13  38.54  38.7000   3001769.0
2017-01-17  38.54  38.6900   3414910.0
2017-01-18  38.90  39.7600   5689258.0
2017-01-19  39.73  39.8000   5876377.0
2017-01-20  40.02  40.2300   6330731.0
2017-01-23  40.20  40.3200   3902575.0
2017-01-24  40.46  41.1100   3661727.0
2017-01-25  41.29  40.9900   3411171.0
2017-01-26  41.02  41.8500   4514906.0
2017-01-27  41.96  41.9700   3432715.0
2017-01-30  42.25  42.4600   4507022.0
2017-01-31  42.40  42.1400   4849765.0
2017-02-01  42.18  41.6500   3164620.0
2017-02-02  41.54  41.5800   2523001.0
2017-02-03  41.58  41.9000   2601233.0
2017-02-06  41.68  41.8200   2951189.0
2017-02-07  41.94  41.6700   2593252.0
2017-02-08  41.67  42.0700   4087979.0
2017-02-09  44.65  43.8900  14598275.0
2017-02-10  43.86  43.6500   6258805.0
2017-02-13  43.66  43.4500   4105522.0
2017-02-14  43.37  44.2500   6119258.0
2017-02-15  44.06  44.6600   4021106.0
2017-02-16  44.75  44.1600   3283384.0
2017-02-17  44.09  43.9900   3286468.0
2017-02-21  43.91  44.7000   3423451.0
2017-02-22  44.35  44.5100   3338751.0
2017-02-23  44.54  43.8600   3341514.0
2017-02-24  43.84  43.8900   2690414.0
2017-02-27  43.92  43.5000   2778126.0
2017-02-28  43.70  43.4500   3077908.0
2017-03-01  43.79  43.7600   3329457.0
2017-03-02  43.84  42.1200   6928189.0
2017-03-03  42.14  42.3100   3672165.0
2017-03-06  42.09  42.1900   2735245.0
2017-03-07  42.13  42.9300   5958200.0
2017-03-08  43.19  44.0000   6047520.0
2017-03-09  43.89  44.4400   5638202.0
2017-03-10  44.26  43.7300   4597720.0
2017-03-13  43.72  43.1500   3497055.0
2017-03-14  43.15  43.3600   2369287.0
2017-03-15  43.57  43.9600   3685393.0
2017-03-16  43.96  44.0400   2823406.0
2017-03-17  44.10  43.4000   5573065.0
2017-03-20  42.99  42.8700   3344922.0
2017-03-21  43.14  42.1000   2979497.0
2017-03-22  42.28  42.5700   3215510.0
2017-03-23  42.65  42.9600   2469369.0
2017-03-24  43.13  43.0600   3699654.0
2017-03-27  43.55  44.3100   4425941.0
2017-03-28  44.43  44.9100   4502297.0
2017-03-29  44.89  45.3000   3141898.0
2017-03-30  45.23  46.3600   4677665.0
2017-03-31  46.26  46.6200   5201405.0
2017-04-03  46.61  45.7100   4786905.0
2017-04-04  45.78  45.5500   2398432.0
2017-04-05  45.82  45.3200   2746325.0
2017-04-06  45.24  45.5800   4051990.0
2017-04-07  45.59  45.2700   2719858.0
2017-04-10  45.52  44.8300   3248343.0
2017-04-11  44.92  44.7900   2595230.0
2017-04-12  44.62  44.3400   2193110.0
2017-04-13  44.54  43.7700   2033672.0
2017-04-17  43.77  43.9600   2287015.0
2017-04-18  43.72  44.0900   1955463.0
2017-04-19  44.18  44.3100   3314682.0
2017-04-20  44.45  44.3300   2148672.0
2017-04-21  44.31  43.1000   2824788.0
2017-04-24  43.57  42.7500   3963757.0
2017-04-25  42.82  42.9500   3314171.0
2017-04-26  43.05  43.3800   4413706.0
2017-04-27  43.10  43.3100   3797678.0
2017-04-28  43.36  42.5600   6398102.0
2017-05-01  42.63  42.6000   3068360.0
2017-05-02  42.82  42.4600   3949762.0
2017-05-03  44.12  39.2600  11947496.0
2017-05-04  37.00  36.4600  23098909.0
2017-05-05  37.10  36.8200   8929668.0
2017-05-08  36.79  36.4100   6153036.0
2017-05-09  36.30  36.2300   4620397.0
2017-05-10  35.69  34.9500  10552284.0
2017-05-11  34.85  34.5200   5618152.0
2017-05-12  34.50  34.6100   4377238.0
2017-05-15  34.57  33.7600   6778199.0
2017-05-16  34.07  33.8700   6993966.0
2017-05-17  33.57  33.6500   5431283.0
2017-05-18  33.63  33.9900   4939367.0
2017-05-19  33.92  35.2000   6790550.0
2017-05-22  35.21  35.2400   5282334.0
2017-05-23  35.35  34.3200   3573561.0
2017-05-24  34.45  34.7400   3361907.0
2017-05-25  34.73  34.9200   7794127.0
2017-05-26  34.92  35.1300   4694993.0
2017-05-30  35.08  35.0500   3498717.0
2017-05-31  35.00  34.7900   6449902.0
2017-06-01  34.79  35.3100   2840948.0
2017-06-02  35.26  35.2500   2671567.0
2017-06-05  35.22  35.2100   3147272.0
2017-06-06  35.14  35.0700   3396551.0
2017-06-07  35.13  34.8500   4136801.0
2017-06-08  34.81  35.2600   3244035.0
2017-06-09  35.20  35.4000   4346703.0
2017-06-12  35.51  36.0900   6308375.0
2017-06-13  35.89  35.5800   4478487.0
2017-06-14  35.75  34.9000   3879648.0
2017-06-15  34.59  34.9600   7163703.0
2017-06-16  34.96  35.0700   9074304.0
2017-06-19  35.29  35.4300   4109236.0
2017-06-20  35.35  34.2100   4017357.0
2017-06-21  34.26  34.5700   4363753.0
2017-06-22  34.63  34.1200   2669979.0
2017-06-23  34.09  34.1100   5807418.0
2017-06-26  34.22  35.0900   5164568.0
2017-06-27  35.10  35.4100   3773808.0
2017-06-28  35.50  35.0700   3767585.0
2017-06-29  35.04  34.3500   4819062.0
2017-06-30  34.28  33.5700   8460620.0
2017-07-03  33.68  34.1200   2404424.0
2017-07-05  34.14  33.0000   5554726.0
2017-07-06  32.96  33.0700   7507416.0
2017-07-07  33.13  33.2000   2918687.0
2017-07-10  33.20  34.0000   3821189.0
2017-07-11  34.02  34.1400   2925293.0
2017-07-12  34.42  34.5000   3427724.0
2017-07-13  34.50  34.5000   4414551.0
2017-07-14  34.59  34.9300   3212145.0
2017-07-17  34.96  35.3200   3996988.0
2017-07-18  35.24  35.4600   3993975.0
2017-07-19  36.00  36.2000   6049254.0
2017-07-20  36.42  35.8900   4043294.0
2017-07-21  35.81  36.0400   2271986.0
2017-07-24  36.14  36.2200   3096651.0
2017-07-25  36.50  35.0100   4835219.0
2017-07-26  34.86  34.3700   8896851.0
2017-07-27  35.19  35.5100   8258083.0
2017-07-28  35.43  35.6600   3356903.0
2017-07-31  35.72  34.9200   5434546.0
2017-08-01  35.04  35.5300   3729464.0
2017-08-02  35.24  34.0900   6472132.0
2017-08-03  34.08  35.0375   5148920.0
2017-08-04  32.15  30.2200  24190379.0
2017-08-07  30.44  30.5800   8582078.0
2017-08-08  30.75  30.7700   5195758.0
2017-08-09  30.29  30.1700   7147367.0
2017-08-10  30.11  30.0700   4743293.0
2017-08-11  29.88  30.6600   3644492.0
2017-08-14  30.74  30.2300   5104445.0
2017-08-15  30.27  30.0800   2982330.0
2017-08-16  30.13  29.8200   4052557.0
2017-08-17  29.78  29.2100   3919088.0
2017-08-18  29.09  28.5900   6907722.0
2017-08-21  28.63  28.1100   4810657.0
2017-08-22  28.28  28.4600   4982117.0
2017-08-23  28.45  28.6203   3638442.0
2017-08-24  28.54  28.6500   3291410.0
2017-08-25  28.75  29.1900   4106287.0
2017-08-28  29.16  29.4300   3864122.0
2017-08-29  29.31  29.2800   3341418.0
2017-08-30  29.25  29.1300   3569967.0
2017-08-31  29.20  28.6000   6484886.0
2017-09-01  28.80  28.5200   4808214.0
2017-09-05  28.24  27.4300   7904186.0
2017-09-06  27.45  28.2200   5024826.0
2017-09-07  28.26  27.2000   6921422.0
2017-09-08  27.09  27.2700   6174435.0
2017-09-11  27.43  27.1900   4053099.0
2017-09-12  27.28  27.1100   5309207.0
2017-09-13  27.12  27.9100   6293808.0
2017-09-14  27.73  27.3600   4749332.0
2017-09-15  27.36  27.6700   5366676.0
2017-09-18  27.69  27.3200   4253787.0
2017-09-19  27.29  27.1400   4550652.0
2017-09-20  27.15  27.7200   3942473.0
2017-09-21  27.72  27.4000   2415585.0
2017-09-22  27.42  27.6400   2073427.0
2017-09-25  27.57  27.9000   3027126.0
2017-09-26  27.93  27.5900   2589858.0
2017-09-27  27.66  27.9300   2090573.0
2017-09-28  27.81  27.8500   3558883.0
2017-09-29  27.85  27.8400   3142966.0
2017-10-02  27.92  27.4100   4960667.0
2017-10-03  27.51  27.5500   5126238.0
2017-10-04  27.60  28.1400   5346215.0
2017-10-05  28.15  27.3000   4865869.0
2017-10-06  27.28  27.1500   3602007.0
2017-10-09  26.39  25.4200  10188253.0
2017-10-10  25.41  25.5600   5603607.0
2017-10-11  25.54  25.2100   6238017.0
2017-10-12  24.44  24.5700  17913831.0
2017-10-13  24.74  26.0000   9470991.0
2017-10-16  26.09  26.2600   7614968.0
2017-10-17  26.13  26.5700   5146064.0
2017-10-18  26.68  25.8200   9409447.0
2017-10-19  25.83  26.5300   4487183.0
2017-10-20  26.64  26.7000   3660210.0
2017-10-23  26.60  26.3100   3805363.0
2017-10-24  26.13  25.6500   3588277.0
2017-10-25  25.40  25.4800   2630445.0
2017-10-26  25.47  25.3000   5706928.0
2017-10-27  25.15  24.6600   8883263.0
2017-10-30  24.53  24.2300   4158125.0
2017-10-31  24.27  24.0300   6873585.0
2017-11-01  24.27  24.7800   5213897.0
2017-11-02  24.54  23.4000   6745981.0
2017-11-03  23.51  23.2700   5865363.0
2017-11-06  23.20  24.1800   6235252.0
2017-11-07  24.41  24.7800   6266207.0
2017-11-09  24.23  24.7800   4653647.0
2017-11-10  25.06  24.8900   4993174.0
2017-11-13  24.88  24.7200   5383294.0
2017-11-14  24.62  24.5400   3839225.0
2017-11-15  25.15  24.6100   5859776.0
2017-11-16  22.22  23.6900  17648333.0
2017-11-17  23.94  26.1500  14752585.0
2017-11-20  26.41  26.1700  11559918.0
2017-11-21  25.93  27.2600   9133053.0
2017-11-22  27.29  26.6800   4793650.0
2017-11-24  26.72  26.2900   2141425.0
2017-11-27  26.26  26.5400   4620201.0
2017-11-28  26.54  27.0300   5192671.0
2017-11-29  27.11  28.4200   7096150.0
2017-11-30  28.41  28.3200   7934969.0
2017-12-01  28.23  28.4000   4451746.0
2017-12-04  28.64  29.1800   8298820.0
2017-12-05  29.17  28.9400   5793178.0
2017-12-06  28.87  28.9400   4550211.0
2017-12-07  28.94  29.6400   4763242.0
2017-12-08  29.97  29.2900   4164250.0
2017-12-11  29.29  29.4600   3002237.0
2017-12-12  29.56  29.5900   2798436.0
2017-12-13  29.61  29.5200   3246484.0
2017-12-14  29.59  29.7100   4633376.0
2017-12-15  29.71  30.2400  13806842.0
2017-12-18  30.38  30.6600   4734642.0
2017-12-19  30.75  30.9300   3181267.0
2017-12-20  30.96  31.1900   4261557.0
2017-12-21  31.08  31.7600   5886401.0
2017-12-22  31.80  32.2300   4020772.0
2017-12-26  32.17  31.8700   2760343.0
2017-12-27  31.96  30.9800   3304089.0
2017-12-28  31.00  30.8100   2748048.0
2017-12-29  30.82  30.8100   2286750.0
2018-01-02  30.51  31.1900   4223939.0
2018-01-03  31.35  29.9500   4439206.0
2018-01-04  30.08  29.5600   5289881.0
2018-01-05  29.81  29.1000   5206376.0
2018-01-08  29.17  29.1750   4174321.0
2018-01-09  29.14  29.0400   3190443.0
2018-01-10  28.98  29.1600   7082136.0
2018-01-11  29.11  30.8100   6293498.0
2018-01-12  30.90  33.7600  12233631.0
2018-01-16  32.66  31.3800   9581127.0
2018-01-17  31.46  31.9600   8017097.0
2018-01-18  32.21  33.9500  10357094.0
2018-01-19  33.87  33.3600   5860113.0
2018-01-22  33.00  33.9400   4414324.0
2018-01-23  33.90  33.3900   3643725.0
2018-01-24  33.48  33.1300   2667843.0
2018-01-25  33.21  33.6100   4000746.0
2018-01-26  33.64  34.0900   2312665.0
2018-01-29  34.09  33.7100   3910513.0
2018-01-30  33.56  32.9400   2822251.0
2018-01-31  33.19  33.4200   4441632.0
2018-02-01  33.35  33.2100   4657903.0
2018-02-02  33.23  32.2150   5226163.0
2018-02-05  32.09  31.2300   6252322.0
2018-02-06  30.60  31.2500   6618449.0
2018-02-07  31.37  30.5050   6830896.0
2018-02-08  32.79  32.7200  10859029.0
2018-02-09  33.20  32.8600   6739242.0
2018-02-12  33.10  32.8800   4392829.0
2018-02-13  32.71  33.1000   4147231.0
2018-02-14  33.35  33.9300   4728246.0
2018-02-15  34.00  33.9300   4494023.0
2018-02-16  33.98  33.5000   3483196.0
2018-02-20  33.48  33.9800   3118039.0
2018-02-21  33.93  33.0200   3685825.0
2018-02-22  33.12  32.9300   2473402.0
2018-02-23  33.07  33.7400   2529091.0
2018-02-26  33.89  33.8800   2030328.0
2018-02-27  33.79  33.2100   2205436.0
2018-02-28  33.63  33.3400   4799028.0
2018-03-01  33.34  33.1300   3696678.0
2018-03-02  32.79  34.0900   3031865.0
2018-03-05  33.98  34.2800   2993459.0
2018-03-06  34.49  34.2100   2076254.0
2018-03-07  34.04  33.6500   2505913.0
2018-03-08  33.65  32.8500   2468910.0
2018-03-09  32.89  32.7200   4804612.0
2018-03-12  32.80  32.8200   2223041.0
2018-03-13  32.92  32.8000   2840146.0
2018-03-14  32.69  32.6400   2748983.0
2018-03-15  33.31  32.8300   2333401.0
2018-03-16  32.74  31.6500   3717116.0
2018-03-19  31.68  31.3600   2054308.0
2018-03-20  31.54  30.9900   1941296.0
2018-03-21  31.04  31.3000   1962845.0
2018-03-22  31.09  30.6300   2086261.0
2018-03-23  30.69  30.1400   2272378.0
2018-03-26  30.41  30.0900   3302145.0
2018-03-27  30.18  30.7300   3018007.0