date    open   close      volume
                                     
2014-10-06  49.950  50.080  11034363.0
2014-10-07  49.990  49.680  17252110.0
2014-10-08  49.150  49.870  15516084.0
2014-10-09  49.780  48.930  14907317.0
2014-10-10  49.000  48.940  19412103.0
2014-10-13  49.050  48.370  19600483.0
2014-10-14  48.480  48.220  18526969.0
2014-10-15  47.740  47.920  27895541.0
2014-10-16  47.410  47.670  19074639.0
2014-10-17  47.800  48.070  18086282.0
2014-10-20  48.060  48.480  13043989.0
2014-10-21  48.090  48.690  22563217.0
2014-10-22  48.690  48.310  13311859.0
2014-10-23  48.580  48.220  15039092.0
2014-10-24  48.220  48.770  13549327.0
2014-10-27  48.780  49.420  13089753.0
2014-10-28  49.700  49.960  13254560.0
2014-10-29  50.050  49.830  11724487.0
2014-10-30  49.630  49.900  11978880.0
2014-10-31  50.420  50.250  17778466.0
2014-11-03  50.490  50.390  11572877.0
2014-11-04  50.410  50.330  14041308.0
2014-11-05  50.690  50.340  11063697.0
2014-11-06  50.370  50.280  13292323.0
2014-11-07  50.330  50.860  14008697.0
2014-11-10  50.720  50.720  17367408.0
2014-11-11  50.940  50.610   9168951.0
2014-11-12  50.350  50.820   9888522.0
2014-11-13  50.660  51.200  11267141.0
2014-11-14  51.260  51.500  12741688.0
2014-11-17  51.410  51.400   6887136.0
2014-11-18  51.420  51.220   8995807.0
2014-11-19  51.000  50.490  15773051.0
2014-11-20  50.410  50.190   9855906.0
2014-11-21  50.530  50.210  19978948.0
2014-11-24  49.550  49.500  17756550.0
2014-11-25  49.340  49.340  13837213.0
2014-11-26  49.370  50.040  11962119.0
2014-11-28  50.200  50.590   9524572.0
2014-12-01  50.680  50.030  11949097.0
2014-12-02  49.800  49.110  18141045.0
2014-12-03  49.020  48.790  22429242.0
2014-12-04  48.730  48.780  14646572.0
2014-12-05  48.680  48.610  15512195.0
2014-12-08  48.770  48.900  14383689.0
2014-12-09  47.500  46.920  49733046.0
2014-12-10  46.950  46.180  33699905.0
2014-12-11  46.420  46.360  18373378.0
2014-12-12  46.010  45.580  23766908.0
2014-12-15  46.060  45.420  21712239.0
2014-12-16  45.250  45.530  22151943.0
2014-12-17  45.400  46.440  23696663.0
2014-12-18  47.350  47.050  22896459.0
2014-12-19  46.970  47.020  31316769.0
2014-12-22  47.090  47.510  15301839.0
2014-12-23  47.720  47.670  12254151.0
2014-12-24  47.670  47.670   7842569.0
2014-12-26  47.900  47.860   7038480.0
2014-12-29  47.620  47.550   8878417.0
2014-12-30  47.520  47.330   9989782.0
2014-12-31  47.080  46.780  14029543.0
2015-01-02  47.000  46.960  11421134.0
2015-01-05  47.080  46.570  18964458.0
2015-01-06  46.790  47.040  22947996.0
2015-01-07  46.920  46.190  20792953.0
2015-01-08  46.420  47.180  17592780.0
2015-01-09  47.230  46.760  12948793.0
2015-01-12  47.000  47.080  12729398.0
2015-01-13  47.480  47.180  13173908.0
2015-01-14  46.880  46.970  14794966.0
2015-01-15  47.260  47.100  12475290.0
2015-01-16  47.130  47.990  18050227.0
2015-01-20  48.140  48.180  16396376.0
2015-01-21  47.890  48.250  24878246.0
2015-01-22  48.120  47.800  38450712.0
2015-01-23  47.850  47.150  24312729.0
2015-01-26  46.980  46.960  15064320.0
2015-01-27  46.660  46.350  17008932.0
2015-01-28  46.830  46.050  19575070.0
2015-01-29  46.000  46.110  19161536.0
2015-01-30  45.830  45.710  22766611.0
2015-02-02  46.200  46.980  23172302.0
2015-02-03  47.250  47.830  21481795.0
2015-02-04  47.670  47.800  19936181.0
2015-02-05  48.050  47.860  18753192.0
2015-02-06  48.250  49.330  47422059.0
2015-02-09  49.050  49.090  21052924.0
2015-02-10  49.250  49.510  15100789.0
2015-02-11  49.390  49.810  19402767.0
2015-02-12  49.860  49.520  20447327.0
2015-02-13  49.430  49.310  14619565.0
2015-02-17  48.950  49.180  15363603.0
2015-02-18  49.220  48.940  13513381.0
2015-02-19  48.740  48.910  11609820.0
2015-02-20  48.840  48.970  13481502.0
2015-02-23  48.940  48.770  12255654.0
2015-02-24  48.670  49.220  16306982.0
2015-02-25  49.320  49.200  11398920.0
2015-02-26  49.060  49.370  13581411.0
2015-02-27  49.220  49.450  17571156.0
2015-03-02  49.120  49.470  10914428.0
2015-03-03  49.490  49.550  11381081.0
2015-03-04  49.560  49.070  13830179.0
2015-03-05  49.180  48.920   9653450.0
2015-03-06  48.490  48.290  15644855.0
2015-03-09  48.260  48.230  13118961.0
2015-03-10  48.110  47.510  18764680.0
2015-03-11  47.570  47.680  14382725.0
2015-03-12  47.940  48.730  15805989.0
2015-03-13  48.500  48.840  20716996.0
2015-03-16  48.960  49.270  16109413.0
2015-03-17  49.010  48.950  15678857.0
2015-03-18  48.750  49.540  17977470.0
2015-03-19  49.230  49.300  13624795.0
2015-03-20  49.340  49.560  26280768.0
2015-03-23  49.780  49.640  13131259.0
2015-03-24  49.540  49.410  11400857.0
2015-03-25  49.380  48.730  14915462.0
2015-03-26  48.620  48.420  17919373.0
2015-03-27  48.480  48.560  11715009.0
2015-03-30  48.730  49.120  11157568.0
2015-03-31  49.090  48.630  12785446.0
2015-04-01  48.450  48.920  13573569.0
2015-04-02  48.890  49.470  13344199.0
2015-04-06  49.540  49.630  14126200.0
2015-04-07  49.810  49.270  11498724.0
2015-04-08  48.750  49.130  15498623.0
2015-04-09  48.910  49.010  10803065.0
2015-04-10  49.040  49.220   9241607.0
2015-04-13  49.270  49.040  12235741.0
2015-04-14  49.200  49.180  11956544.0
2015-04-15  49.150  49.390  11055787.0
2015-04-16  49.260  49.270  11724095.0
2015-04-17  48.980  48.900  18098418.0
2015-04-20  49.150  49.380  17062483.0
2015-04-21  48.970  49.170  33469126.0
2015-04-22  49.460  49.570  18686971.0
2015-04-23  49.620  50.050  22580051.0
2015-04-24  49.940  50.030  17184197.0
2015-04-27  50.000  50.080  16562256.0
2015-04-28  50.340  50.550  16341838.0
2015-04-29  50.450  50.470  13678094.0
2015-04-30  50.470  50.440  15604397.0
2015-05-01  50.750  50.410  13872822.0
2015-05-04  50.420  50.520  12577723.0
2015-05-05  50.690  50.090  12646226.0
2015-05-06  50.070  49.640  15512542.0
2015-05-07  49.600  49.730  10831739.0
2015-05-08  50.190  50.140  13264053.0
2015-05-11  50.140  49.800   9900243.0
2015-05-12  49.400  49.620  20448777.0
2015-05-13  49.640  49.730  16200353.0
2015-05-14  49.900  49.970  12094477.0
2015-05-15  50.010  49.790  14083227.0
2015-05-18  49.780  49.600  15040724.0
2015-05-19  49.530  49.550  15675071.0
2015-05-20  49.570  49.690  13582782.0
2015-05-21  49.680  49.900  15667636.0
2015-05-22  49.760  49.610  12324413.0
2015-05-26  49.580  49.420  17436006.0
2015-05-27  49.450  49.570  14517373.0
2015-05-28  49.470  49.540   8432832.0
2015-05-29  49.500  49.440  14778305.0
2015-06-01  49.440  49.220  11967991.0
2015-06-02  49.220  49.140  11092713.0
2015-06-03  49.150  49.080  17697837.0
2015-06-04  47.880  48.100  38418872.0
2015-06-05  47.960  47.230  23574515.0
2015-06-08  47.250  47.440  16598593.0
2015-06-09  47.470  47.340  12295087.0
2015-06-10  47.560  47.470  13007281.0
2015-06-11  47.610  47.760  10029707.0
2015-06-12  47.750  47.250  10619101.0
2015-06-15  47.140  47.000  10875820.0
2015-06-16  46.990  47.420  10861975.0
2015-06-17  47.500  47.270  18216425.0
2015-06-18  47.420  47.770  14527255.0
2015-06-19  47.650  47.460  26832178.0
2015-06-22  47.630  47.530   9191874.0
2015-06-23  47.860  47.770  14411380.0
2015-06-24  47.600  47.290  17742318.0
2015-06-25  47.630  47.440  14412502.0
2015-06-26  47.590  47.620  18491306.0
2015-06-29  47.280  46.770  15031931.0
2015-06-30  47.140  46.610  15044104.0
2015-07-01  46.640  47.000  12545875.0
2015-07-02  47.230  47.200   9872374.0
2015-07-06  47.060  47.040  12050118.0
2015-07-07  47.220  47.250  18024911.0
2015-07-08  46.580  46.580  17859551.0
2015-07-09  47.010  46.260  16304497.0
2015-07-10  46.840  47.000  14726962.0
2015-07-13  47.380  47.200  10184438.0
2015-07-14  47.190  47.410   9973423.0
2015-07-15  47.480  47.330   9623960.0
2015-07-16  47.480  47.830  11011383.0
2015-07-17  47.780  47.590  10160293.0
2015-07-20  47.630  48.100  17244167.0
2015-07-21  46.980  46.970  31960708.0
2015-07-22  46.790  46.450  21023022.0
2015-07-23  46.460  46.350  13698195.0
2015-07-24  46.440  46.040  19528582.0
2015-07-27  45.940  45.830  15747835.0
2015-07-28  45.990  45.890  16147240.0
2015-07-29  46.000  46.560  15968698.0
2015-07-30  46.660  46.670   9592327.0
2015-07-31  46.850  46.790  12562865.0
2015-08-03  47.180  46.970  10320081.0
2015-08-04  47.020  46.670   9371905.0
2015-08-05  46.900  46.640  11900172.0
2015-08-06  46.590  46.630   9917150.0
2015-08-07  46.570  46.360  10538028.0
2015-08-10  46.520  47.230  13529412.0
2015-08-11  47.540  47.600  18511013.0
2015-08-12  47.300  47.850  16109076.0
2015-08-13  47.770  47.660  11167320.0
2015-08-14  47.620  47.490   8769469.0
2015-08-17  47.280  47.520   7784321.0
2015-08-18  47.560  47.460   8581419.0
2015-08-19  47.390  47.440  12577986.0
2015-08-20  47.050  46.880  13785851.0
2015-08-21  46.450  46.100  21299003.0
2015-08-24  44.350  44.740  36089885.0
2015-08-25  45.760  43.500  27844389.0
2015-08-26  44.380  45.160  30810015.0
2015-08-27  45.830  46.190  21487587.0
2015-08-28  46.050  46.070  12783802.0
2015-08-31  45.930  46.010  14780814.0
2015-09-01  45.040  44.900  21024936.0
2015-09-02  45.440  45.350  17197528.0
2015-09-03  45.630  45.720  12480781.0
2015-09-04  45.350  44.820  16045121.0
2015-09-08  45.580  45.880  14054957.0
2015-09-09  46.250  45.390  14423647.0
2015-09-10  45.370  45.460  16412853.0
2015-09-11  45.440  45.730  11227446.0
2015-09-14  45.780  45.650   9677786.0
2015-09-15  45.920  46.370  12023005.0
2015-09-16  46.440  46.190  11931467.0
2015-09-17  45.400  45.230  31674962.0
2015-09-18  45.160  44.570  26889303.0
2015-09-21  44.620  44.800  10581949.0
2015-09-22  44.430  44.430  12368468.0
2015-09-23  44.360  43.980  11670257.0
2015-09-24  43.790  44.090  14437585.0
2015-09-25  44.320  44.220  17512812.0
2015-09-28  44.010  43.740  15146661.0
2015-09-29  43.780  43.530  15652436.0
2015-09-30  43.830  43.510  20277728.0
2015-10-01  43.490  42.960  22322198.0
2015-10-02  42.550  42.840  22333344.0
2015-10-05  43.240  44.000  14484227.0
2015-10-06  44.000  44.060  15080076.0
2015-10-07  43.780  43.850  11975895.0
2015-10-08  43.680  44.230  10280940.0
2015-10-09  44.280  44.160  11981173.0
2015-10-12  44.180  44.300   9886668.0
2015-10-13  44.140  44.360  11566364.0
2015-10-14  44.260  43.990  19559119.0
2015-10-15  44.240  44.670  11774019.0
2015-10-16  44.920  44.700  15620814.0
2015-10-19  44.480  44.700  17547398.0
2015-10-20  44.920  45.240  19747381.0
2015-10-21  45.440  44.860  17103739.0
2015-10-22  44.980  45.890  15377212.0
2015-10-23  46.140  46.160  13285053.0
2015-10-26  46.320  46.360  10802497.0
2015-10-27  46.190  46.170   9540035.0
2015-10-28  46.440  46.480  11447254.0
2015-10-29  46.490  46.400   7902323.0
2015-10-30  46.430  46.880  14753237.0
2015-11-02  47.020  46.780  11689119.0
2015-11-03  46.700  46.450  11900782.0
2015-11-04  46.580  46.140   9701964.0
2015-11-05  46.200  46.200  11645939.0
2015-11-06  45.990  45.780  14142855.0
2015-11-09  45.530  45.300  10743135.0
2015-11-10  45.270  45.100   9996441.0
2015-11-11  45.360  45.320   7904016.0
2015-11-12  45.020  44.830  11052980.0
2015-11-13  44.730  44.230  12608957.0
2015-11-16  44.260  45.040  10112499.0
2015-11-17  45.010  45.080  10657470.0
2015-11-18  45.080  45.380  13585587.0
2015-11-19  45.440  45.760   9320319.0
2015-11-20  45.960  45.390  12226014.0
2015-11-23  45.310  44.990  10289047.0
2015-11-24  44.750  45.190  11127415.0
2015-11-25  45.110  44.920   7014483.0
2015-11-27  44.840  45.230   4108274.0
2015-11-30  45.250  45.450  19390731.0
2015-12-01  45.510  45.580  10579930.0
2015-12-02  45.450  44.920  12160359.0
2015-12-03  44.880  44.560  17077739.0
2015-12-04  44.740  45.710  14158510.0
2015-12-07  45.460  46.060  13191707.0
2015-12-08  45.670  45.700  13775478.0
2015-12-09  45.580  45.360  13467888.0
2015-12-10  45.470  45.320  10402438.0
2015-12-11  44.995  44.820  16481686.0
2015-12-14  44.840  45.450  16720559.0
2015-12-15  45.520  45.550  16742625.0
2015-12-16  45.930  46.510  18808162.0
2015-12-17  46.490  46.100  15508602.0
2015-12-18  45.900  45.560  31538739.0
2015-12-21  45.730  45.900  10360264.0
2015-12-22  46.200  46.340  11181413.0
2015-12-23  46.510  46.950  12685508.0
2015-12-24  46.910  46.710   4279919.0
2015-12-28  46.620  46.750   6255458.0
2015-12-29  46.980  47.210   7666536.0
2015-12-30  47.200  46.770   8970710.0
2015-12-31  46.520  46.220  11489639.0
2016-01-04  45.670  45.870  17821096.0
2016-01-05  46.200  46.500  15629504.0
2016-01-06  45.490  45.520  19082428.0
2016-01-07  45.120  45.270  19275201.0
2016-01-08  45.660  44.830  16594748.0
2016-01-11  45.110  45.090  14225157.0
2016-01-12  45.240  44.930  15121628.0
2016-01-13  45.110  44.150  19291024.0
2016-01-14  44.220  44.870  18433335.0
2016-01-15  44.040  44.430  27990110.0
2016-01-19  44.740  44.870  20360913.0
2016-01-20  44.380  44.420  28287262.0
2016-01-21  45.000  45.870  31351919.0
2016-01-22  46.410  47.040  23074450.0
2016-01-25  47.080  47.030  24298127.0
2016-01-26  47.130  48.250  22619802.0
2016-01-27  48.290  49.030  33791266.0
2016-01-28  49.060  49.010  20084971.0
2016-01-29  49.390  49.970  29081811.0
2016-02-01  49.940  50.760  28536429.0
2016-02-02  50.610  49.910  21606202.0
2016-02-03  50.250  50.620  20308743.0
2016-02-04  50.370  50.430  19593865.0
2016-02-05  50.320  50.970  25787362.0
2016-02-08  50.600  50.740  27057594.0
2016-02-09  50.060  50.150  22632413.0
2016-02-10  50.190  49.980  18632566.0
2016-02-11  49.600  49.390  30519992.0
2016-02-12  49.540  50.110  20990816.0
2016-02-16  50.240  50.240  16358077.0
2016-02-17  50.410  50.320  15228574.0
2016-02-18  50.120  50.940  19678274.0
2016-02-19  50.740  50.860  15605180.0
2016-02-22  51.020  51.070  12455198.0
2016-02-23  50.970  50.630  11594459.0
2016-02-24  50.270  50.820  11240801.0
2016-02-25  50.900  51.110  12358286.0
2016-02-26  51.150  51.020  13010225.0
2016-02-29  50.860  50.730  15954835.0
2016-03-01  50.990  51.460  12002466.0
2016-03-02  51.370  52.120  14790962.0
2016-03-03  52.140  51.890  15404478.0
2016-03-04  51.750  51.810  13957218.0
2016-03-07  51.530  52.210  14907414.0
2016-03-08  52.050  52.460  14225986.0
2016-03-09  52.550  52.340  15466618.0
2016-03-10  52.550  52.320  15111084.0
2016-03-11  52.650  52.530  15223768.0
2016-03-14  52.550  52.540  11729370.0
2016-03-15  52.240  52.670  11295734.0
2016-03-16  52.670  53.210  11866427.0
2016-03-17  53.280  53.630  16400622.0
2016-03-18  53.810  53.240  23207899.0
2016-03-21  53.190  53.440  10678884.0
2016-03-22  53.420  53.210  10852024.0
2016-03-23  53.130  52.910   9716116.0
2016-03-24  52.740  53.560  15094723.0
2016-03-28  53.560  53.400   8527060.0
2016-03-29  53.510  54.050  10770474.0
2016-03-30  54.170  54.040  14528283.0
2016-03-31  54.010  54.080  12426088.0
2016-04-01  53.320  54.010  13806670.0
2016-04-04  54.030  54.420  11402636.0
2016-04-05  54.380  54.090  12978036.0
2016-04-06  53.616  53.520  12993580.0
2016-04-07  52.520  52.000  23072292.0
2016-04-08  52.200  52.180  12196939.0
2016-04-11  52.360  51.610  14975792.0
2016-04-12  51.660  51.950  12334862.0
2016-04-13  52.070  51.290  19752544.0
2016-04-14  51.280  51.360  10083000.0
2016-04-15  51.280  51.350  11860408.0
2016-04-18  51.370  51.730  14322856.0
2016-04-19  51.800  52.080  11392645.0
2016-04-20  52.150  51.750  15411619.0
2016-04-21  50.560  50.030  32168558.0
2016-04-22  50.150  50.550  17822775.0
2016-04-25  50.530  50.760  12439525.0
2016-04-26  50.980  50.440  10064034.0
2016-04-27  50.460  51.690  17012392.0
2016-04-28  51.300  51.020  13054587.0
2016-04-29  50.950  50.940  13684582.0
2016-05-02  51.220  51.320  11103773.0
2016-05-03  51.110  50.680  12900543.0
2016-05-04  50.480  50.840   9033324.0
2016-05-05  50.990  50.840  10788845.0
2016-05-06  50.910  51.120   9782309.0
2016-05-09  51.220  51.080   8719092.0
2016-05-10  51.380  51.540   7903323.0
2016-05-11  51.480  51.150   8508773.0
2016-05-12  51.220  51.470   9916583.0
2016-05-13  51.410  50.940   9561248.0
2016-05-16  50.770  51.230   7903413.0
2016-05-17  51.200  50.900  10466783.0
2016-05-18  50.920  50.390  10481764.0
2016-05-19  50.000  49.630  16022403.0
2016-05-20  49.800  49.660  15345780.0
2016-05-23  49.660  49.140  13262364.0
2016-05-24  49.360  49.580  11826571.0
2016-05-25  49.630  49.850   9497542.0
2016-05-26  49.850  50.160  11043917.0
2016-05-27  50.390  50.620  10648657.0
2016-05-31  50.880  50.900  15834250.0
2016-06-01  50.870  50.430  10670471.0
2016-06-02  50.470  50.770   8721138.0
2016-06-03  50.770  50.920   9500653.0
2016-06-06  51.060  50.710  10075220.0
2016-06-07  50.600  51.750  15210890.0
2016-06-08  51.510  51.520  10546166.0
2016-06-09  51.640  51.950   9790673.0
2016-06-10  51.860  52.670  15629030.0
2016-06-13  52.500  52.570  12472062.0
2016-06-14  52.370  52.990  10734932.0
2016-06-15  52.970  52.840  10288979.0
2016-06-16  52.840  53.460  11912787.0
2016-06-17  53.430  53.780  18836250.0
2016-06-20  54.000  53.760  14344319.0
2016-06-21  53.890  54.100  11892327.0
2016-06-22  54.230  54.030  12957682.0
2016-06-23  54.400  54.670  12326947.0
2016-06-24  54.470  54.430  43839462.0
2016-06-27  54.060  54.740  22581038.0
2016-06-28  54.760  54.820  17779672.0
2016-06-29  54.920  55.060  18184056.0
2016-06-30  55.270  55.840  22143337.0
2016-07-01  55.850  56.230  16091691.0
2016-07-05  56.320  56.530  20701937.0
2016-07-06  56.210  56.260  15760370.0
2016-07-07  56.100  55.380  13574093.0
2016-07-08  55.390  55.900  15946159.0
2016-07-11  55.750  55.930  12434536.0
2016-07-12  55.750  55.470  14897469.0
2016-07-13  55.580  56.000  11405273.0
2016-07-14  55.620  55.840  11098313.0
2016-07-15  56.050  55.840  13949251.0
2016-07-18  55.870  55.930   9623240.0
2016-07-19  55.960  55.700  10270107.0
2016-07-20  55.580  55.620  12008665.0
2016-07-21  55.530  55.370   9953912.0
2016-07-22  55.440  56.100  10973194.0
2016-07-25  56.100  55.870  10843809.0
2016-07-26  55.850  54.810  18752063.0
2016-07-27  54.950  55.320  17066109.0
2016-07-28  55.200  54.860  10672326.0
2016-07-29  54.990  55.410  15508926.0
2016-08-01  55.580  54.500  17434449.0
2016-08-02  54.450  54.000  18428217.0
2016-08-03  54.160  53.900  10429357.0
2016-08-04  54.000  53.930  11309513.0
2016-08-05  53.940  53.640  13460135.0
2016-08-08  53.640  53.590   9829729.0
2016-08-09  53.600  53.660   7906231.0
2016-08-10  53.820  53.810   8875724.0
2016-08-11  53.810  53.860   7824815.0
2016-08-12  53.960  53.650   7654804.0
2016-08-15  53.660  53.610   8250875.0
2016-08-16  53.500  52.760  13933073.0
2016-08-17  52.900  53.170  12930096.0
2016-08-18  52.950  52.870  11204892.0
2016-08-19  52.890  52.450  11990682.0
2016-08-22  52.580  52.550   8183851.0
2016-08-23  52.655  52.630   7775055.0
2016-08-24  52.550  52.530   8900724.0
2016-08-25  52.530  52.750   8680067.0
2016-08-26  52.640  52.070  15105303.0
2016-08-29  52.360  52.500  11960151.0
2016-08-30  52.580  52.270   9161865.0
2016-08-31  52.220  52.330  10390472.0
2016-09-01  52.140  52.560   9988839.0
2016-09-02  52.800  52.880  13275072.0
2016-09-06  53.090  53.510  17234527.0
2016-09-07  53.500  53.710  10611407.0
2016-09-08  53.600  53.600   9005335.0
2016-09-09  53.130  51.820  18258506.0
2016-09-12  51.750  52.570  15678641.0
2016-09-13  52.050  51.450  17602439.0
2016-09-14  51.590  51.490  11941487.0
2016-09-15  51.490  51.980  13047106.0
2016-09-16  51.890  51.880  19931774.0
2016-09-19  51.890  51.200  14578346.0
2016-09-20  51.600  51.270  14000668.0
2016-09-21  51.370  51.870  14434727.0
2016-09-22  52.150  52.350  12751595.0
2016-09-23  52.300  52.560  13014691.0
2016-09-26  52.450  52.150  10558519.0
2016-09-27  52.310  52.490   8259032.0
2016-09-28  52.310  52.060  13278593.0
2016-09-29  51.840  52.120  10803542.0
2016-09-30  52.430  51.980  13077552.0
2016-10-03  51.840  51.880   9120117.0
2016-10-04  51.770  51.260  13753265.0
2016-10-05  50.690  50.270  17190908.0
2016-10-06  50.320  50.260  11722944.0
2016-10-07  50.460  49.920  13816797.0
2016-10-10  50.230  50.190  10687665.0
2016-10-11  50.100  49.900  11737192.0
2016-10-12  49.960  50.300   8880104.0
2016-10-13  50.230  50.290  11156909.0
2016-10-14  50.340  50.280   8852787.0
2016-10-17  50.210  50.430  10724558.0
2016-10-18  50.610  50.270  10873857.0
2016-10-19  50.450  50.380  10364936.0
2016-10-20  49.540  49.140  27094589.0
2016-10-21  48.790  48.200  24776383.0
2016-10-24  48.710  48.210  19414549.0
2016-10-25  48.200  47.840  16440533.0
2016-10-26  47.740  47.630  15048987.0
2016-10-27  47.740  48.540  22330679.0
2016-10-28  48.560  48.210  10660111.0
2016-10-31  48.240  48.100  12459394.0
2016-11-01  48.320  47.660  13229078.0
2016-11-02  47.750  46.940  16487838.0
2016-11-03  46.980  46.870  12603596.0
2016-11-04  46.970  47.080  14409694.0
2016-11-07  47.390  47.460  14705231.0
2016-11-08  47.560  47.650   9481872.0
2016-11-09  47.010  47.860  20871873.0
2016-11-10  47.860  46.690  24310742.0
2016-11-11  46.700  46.690  16425481.0
2016-11-14  46.710  46.180  21820205.0
2016-11-15  46.510  47.370  18672172.0
2016-11-16  47.490  47.930  17318896.0
2016-11-17  47.950  47.840  12435580.0
2016-11-18  47.850  48.070  12820589.0
2016-11-21  48.060  48.310  10773257.0
2016-11-22  48.560  49.490  22029908.0
2016-11-23  49.300  50.230  21469535.0
2016-11-25  50.220  50.670   8087235.0
2016-11-28  50.470  51.120  15982434.0
2016-11-29  51.030  50.960  11532587.0
2016-11-30  50.550  49.900  20698891.0
2016-12-01  49.800  49.870  12982263.0
2016-12-02  50.000  49.810  10650696.0
2016-12-05  49.740  49.750  13074713.0
2016-12-06  50.150  50.360  13581523.0
2016-12-07  50.720  51.380  16280568.0
2016-12-08  51.230  51.130  11495256.0
2016-12-09  51.090  51.490  10101462.0
2016-12-12  51.540  51.760  16185213.0
2016-12-13  52.080  52.360  12211522.0
2016-12-14  52.460  51.630  19919591.0
2016-12-15  51.370  51.810  13963553.0
2016-12-16  52.060  52.270  21262325.0
2016-12-19  52.480  52.910  13406958.0
2016-12-20  52.930  53.120  10366942.0
2016-12-21  53.090  52.970   9656598.0
2016-12-22  52.850  53.650  11101449.0
2016-12-23  53.650  53.680   7201173.0
2016-12-27  53.690  53.640   6255316.0
2016-12-28  53.630  53.440   6849338.0
2016-12-29  53.590  53.740   7150762.0
2016-12-30  53.550  53.380  12440227.0
2017-01-03  53.960  54.580  22891725.0
2017-01-04  54.550  54.520  18315735.0
2017-01-05  54.780  54.640  13840040.0
2017-01-06  53.670  53.260  15615037.0
2017-01-09  53.220  52.680  14097045.0
2017-01-10  52.690  52.760  11787399.0
2017-01-11  52.620  52.460  16142843.0
2017-01-12  52.430  52.680  11052102.0
2017-01-13  52.720  52.550   9458640.0
2017-01-17  52.550  52.740  11383490.0
2017-01-18  52.520  52.250  12930855.0
2017-01-19  52.550  52.360  13286142.0
2017-01-20  52.600  52.720  15468202.0
2017-01-23  52.460  52.410  15695013.0
2017-01-24  50.255  50.120  43484680.0
2017-01-25  49.500  49.770  30398594.0
2017-01-26  48.750  49.120  37873151.0
2017-01-27  49.350  49.600  18361579.0
2017-01-30  49.490  49.370  12148650.0
2017-01-31  49.210  49.010  16843899.0
2017-02-01  49.340  48.390  25998820.0
2017-02-02  48.540  48.280  17787157.0
2017-02-03  48.450  48.580  15166338.0
2017-02-06  48.670  48.030  16149010.0
2017-02-07  48.130  48.040  12771352.0
2017-02-08  48.150  48.370  13961169.0
2017-02-09  48.520  48.810  13577346.0
2017-02-10  48.940  48.980  12317356.0
2017-02-13  48.270  48.550  18305342.0
2017-02-14  48.310  48.270  20846326.0
2017-02-15  48.000  48.080  19297054.0
2017-02-16  48.030  48.460  18706949.0
2017-02-17  48.310  49.190  23189694.0
2017-02-21  49.510  49.430  19203379.0
2017-02-22  49.500  49.670  13653423.0
2017-02-23  49.980  50.310  16211994.0
2017-02-24  50.280  50.600  14357916.0
2017-02-27  50.490  49.940  14028319.0
2017-02-28  49.960  49.630  17694874.0
2017-03-01  49.560  49.810  16095603.0
2017-03-02  49.690  49.980  10773347.0
2017-03-03  50.050  50.090  11075118.0
2017-03-06  50.030  50.030  10827336.0
2017-03-07  50.000  49.440  12895567.0
2017-03-08  49.300  49.160  14206492.0
2017-03-09  49.220  49.280  10590012.0
2017-03-10  49.500  49.350  11181573.0
2017-03-13  49.330  49.470  10488812.0
2017-03-14  49.440  49.360   8496589.0
2017-03-15  49.260  50.140  12660774.0
2017-03-16  50.020  50.040  10861242.0
2017-03-17  50.190  50.390  21071260.0
2017-03-20  50.420  50.240   9455972.0
2017-03-21  50.480  50.160  15196517.0
2017-03-22  50.130  49.710  14950443.0
2017-03-23  49.750  49.640   9644949.0
2017-03-24  49.700  49.680   9310365.0
2017-03-27  49.680  49.140  13270862.0
2017-03-28  49.010  49.300  12845463.0
2017-03-29  49.280  49.130  11160787.0
2017-03-30  49.000  49.060  11623010.0
2017-03-31  49.100  48.750  19299124.0
2017-04-03  48.730  49.180  14307094.0
2017-04-04  49.100  49.310   8952710.0
2017-04-05  49.430  49.020  14327569.0
2017-04-06  48.520  48.430  18456149.0
2017-04-07  48.480  48.660  17269451.0
2017-04-10  48.720  48.540  10859384.0
2017-04-11  48.510  48.700  13096137.0
2017-04-12  48.530  48.920  10455754.0
2017-04-13  48.800  48.620   9486987.0
2017-04-17  48.680  48.810  10507780.0
2017-04-18  48.620  49.220  19691292.0
2017-04-19  49.440  48.940  18837325.0
2017-04-20  47.920  48.410  30397732.0
2017-04-21  47.920  47.250  31278325.0
2017-04-24  47.130  47.050  23161886.0
2017-04-25  46.960  46.700  29709176.0
2017-04-26  46.750  47.360  29288084.0
2017-04-27  47.360  46.670  16684409.0
2017-04-28  46.640  45.910  25876156.0
2017-05-01  46.060  45.880  14450175.0
2017-05-02  46.000  45.910  12472211.0
2017-05-03  46.020  46.150  19411414.0
2017-05-04  46.180  45.880  20677304.0
2017-05-05  46.080  46.690  16406038.0
2017-05-08  46.720  46.630  15554224.0
2017-05-09  46.520  46.420  14287840.0
2017-05-10  46.400  46.380  12645647.0
2017-05-11  46.310  46.020  12292447.0
2017-05-12  46.120  45.840  14315364.0
2017-05-15  45.910  45.380  20278218.0
2017-05-16  45.340  45.310  14723156.0
2017-05-17  44.950  44.480  21202187.0
2017-05-18  44.500  45.040  15552680.0
2017-05-19  45.160  45.420  12697403.0
2017-05-22  45.390  45.480   9037374.0
2017-05-23  45.480  45.480   8048438.0
2017-05-24  45.450  45.040  15845971.0
2017-05-25  45.050  45.310  11194290.0
2017-05-26  45.250  45.320   5906538.0
2017-05-30  45.260  46.200  16430251.0
2017-05-31  46.430  46.640  22278577.0
2017-06-01  46.710  46.510  14145433.0
2017-06-02  46.630  46.440  18482943.0
2017-06-05  46.170  46.370   8480622.0
2017-06-06  46.370  46.440  11558524.0
2017-06-07  46.520  46.500   8648120.0
2017-06-08  46.500  46.190  11650763.0
2017-06-09  46.170  46.720  11692255.0
2017-06-12  46.800  47.190  18909827.0
2017-06-13  47.300  46.460  15114853.0
2017-06-14  46.630  46.690   9787972.0
2017-06-15  46.580  46.640  10891440.0
2017-06-16  46.860  46.630  22484736.0
2017-06-19  46.630  46.570   9619188.0
2017-06-20  46.400  45.940  16692690.0
2017-06-21  45.950  45.410  14986199.0
2017-06-22  45.470  45.420  10492604.0
2017-06-23  45.430  45.390   9039935.0
2017-06-26  45.450  45.750  10101772.0
2017-06-27  44.970  44.840  20143966.0
2017-06-28  44.980  44.840  18685527.0
2017-06-29  44.800  44.410  17890749.0
2017-06-30  44.620  44.660  13204705.0
2017-07-03  44.610  45.000   9731970.0
2017-07-05  45.050  44.650  14833241.0
2017-07-06  43.970  43.520  16809525.0
2017-07-07  43.530  43.480  11659548.0
2017-07-10  43.480  43.200  11815004.0
2017-07-11  43.210  42.890  13204185.0
2017-07-12  43.040  43.220  10984893.0
2017-07-13  43.150  43.490  12132370.0
2017-07-14  43.630  43.560  11754000.0
2017-07-17  43.630  43.660  10804191.0
2017-07-18  43.660  43.360  15397029.0
2017-07-19  43.350  43.450  13663503.0
2017-07-20  43.500  44.220  18858654.0
2017-07-21  44.230  44.230  11323346.0
2017-07-24  44.150  43.710  11559263.0
2017-07-25  43.900  43.980   9750033.0
2017-07-26  44.800  44.400  18776797.0
2017-07-27  46.260  47.810  44523938.0
2017-07-28  47.700  47.940  24974800.0
2017-07-31  47.850  48.400  28332210.0
2017-08-01  48.680  48.890  33358643.0
2017-08-02  48.900  48.210  19214485.0
2017-08-03  48.090  48.610  15182519.0
2017-08-04  48.550  48.910  13811577.0
2017-08-07  48.790  48.860  10423110.0
2017-08-08  48.750  48.600  10834618.0
2017-08-09  48.520  48.220  18867553.0
2017-08-10  48.180  48.020  12648295.0
2017-08-11  48.200  48.060  10349986.0
2017-08-14  48.170  48.780  11003672.0
2017-08-15  48.560  48.480  11048895.0
2017-08-16  48.370  48.410   9330532.0
2017-08-17  48.370  47.890  10329752.0
2017-08-18  47.850  47.690  16857109.0
2017-08-21  47.830  48.140   9851139.0
2017-08-22  48.130  48.350  10716731.0
2017-08-23  48.260  48.280   8814541.0
2017-08-24  48.350  48.310   8827740.0
2017-08-25  48.480  48.680   9808726.0
2017-08-28  48.650  48.610   6217961.0
2017-08-29  48.360  48.510   6026998.0
2017-08-30  48.330  48.120  10666511.0
2017-08-31  48.260  47.970  14184688.0
2017-09-01  48.020  47.920  11446907.0
2017-09-05  47.780  47.360   9962472.0
2017-09-06  47.470  46.910  13038966.0
2017-09-07  47.000  46.200  16452952.0
2017-09-08  46.180  46.110  14108024.0
2017-09-11  46.230  46.300  10841044.0
2017-09-12  46.500  46.790  11171242.0
2017-09-13  46.780  47.250  12603419.0
2017-09-14  47.240  47.180  11795777.0
2017-09-15  47.420  47.860  23467849.0
2017-09-18  47.910  48.090  18764300.0
2017-09-19  48.090  49.340  30704320.0
2017-09-20  49.300  49.480  18364373.0
2017-09-21  49.370  48.940  14272748.0
2017-09-22  49.190  49.900  20502636.0
2017-09-25  49.870  49.900  13197167.0
2017-09-26  49.960  49.510  10678869.0
2017-09-27  49.190  49.510  13699541.0
2017-09-28  49.240  49.410   8123980.0
2017-09-29  49.300  49.490  12677001.0
2017-10-02  49.390  49.360   9318056.0
2017-10-03  49.450  49.850  10172423.0
2017-10-04  49.640  49.900   9844644.0
2017-10-05  49.960  49.770  12220774.0
2017-10-06  49.040  48.810  13166820.0
2017-10-09  48.890  49.050  10693747.0
2017-10-10  49.280  49.140  10249882.0
2017-10-11  49.140  48.860  10057490.0
2017-10-12  48.440  48.350  16723138.0
2017-10-13  48.340  47.860  19938102.0
2017-10-16  47.900  48.090  10382351.0
2017-10-17  48.090  48.400  13551892.0
2017-10-18  48.330  48.650  20346013.0
2017-10-19  50.050  49.210  28651656.0
2017-10-20  49.450  49.530  15963778.0
2017-10-23  49.470  48.990  15615573.0
2017-10-24  49.160  48.940  11323112.0
2017-10-25  48.680  48.665  17399314.0
2017-10-26  48.860  48.890  14261705.0
2017-10-27  48.720  48.870  12376736.0
2017-10-30  48.880  47.830  24530229.0
2017-10-31  47.940  47.870  15503967.0
2017-11-01  48.150  47.830  11018387.0
2017-11-02  47.880  47.460  13088781.0
2017-11-03  47.660  47.420   8036241.0
2017-11-06  46.310  45.530  36192513.0
2017-11-07  45.210  45.570  25731873.0
2017-11-09  45.290  45.070  20797994.0
2017-11-10  45.110  44.880  16917883.0
2017-11-13  44.920  44.750  15906930.0
2017-11-14  44.690  44.220  19762034.0
2017-11-15  44.330  44.110  15539208.0
2017-11-16  44.210  44.770  13108858.0
2017-11-17  44.630  45.420  18732228.0
2017-11-20  45.800  46.200  18156724.0
2017-11-21  46.340  46.180  13510863.0
2017-11-22  46.250  47.100  15740531.0
2017-11-24  47.060  47.010   5096103.0
2017-11-27  47.370  47.660  17234932.0
2017-11-28  47.700  48.820  19895888.0
2017-11-29  48.840  49.900  30569565.0
2017-11-30  50.000  50.890  31763970.0
2017-12-01  50.900  51.250  23174225.0
2017-12-04  51.520  51.720  19071612.0
2017-12-05  51.750  50.920  17407676.0
2017-12-06  50.650  50.680  16813619.0
2017-12-07  50.590  50.420  11942554.0
2017-12-08  50.500  51.090  13556061.0
2017-12-11  51.220  51.840  13392668.0
2017-12-12  52.350  53.190  20867606.0
2017-12-13  52.990  52.890  17003593.0
2017-12-14  52.469  52.340  18766254.0
2017-12-15  52.560  52.670  24245276.0
2017-12-18  52.950  53.250  15775510.0
2017-12-19  53.400  52.830  13434831.0
2017-12-20  53.130  52.770  11516956.0
2017-12-21  52.920  53.010  12648067.0
2017-12-22  53.100  53.190  11144365.0
2017-12-26  53.130  53.220   6577277.0
2017-12-27  53.410  53.280   7597938.0
2017-12-28  53.410  53.430   6707437.0
2017-12-29  53.370  52.930   9916232.0
2018-01-02  53.160  53.530  15551884.0
2018-01-03  53.300  52.430  16567717.0
2018-01-04  52.370  52.600  11978465.0
2018-01-05  52.800  52.480  12752495.0
2018-01-08  52.560  52.390  16181486.0
2018-01-09  52.120  51.610  14528580.0
2018-01-10  51.390  51.690  12585191.0
2018-01-11  51.890  52.110  15420417.0
2018-01-12  51.940  51.860  17645569.0
2018-01-16  51.680  51.660  14522882.0
2018-01-17  51.810  51.720  11389658.0
2018-01-18  51.900  51.550  28490963.0
2018-01-19  51.740  51.910  23438266.0
2018-01-22  52.050  53.460  26506083.0
2018-01-23  54.600  53.230  32667352.0
2018-01-24  53.820  54.220  20021626.0
2018-01-25  54.280  54.290  18598691.0
2018-01-26  54.490  54.720  12623199.0
2018-01-29  53.580  54.130  16646760.0
2018-01-30  54.300  53.900  15141764.0
2018-01-31  53.990  54.070  16948107.0
2018-02-01  54.490  54.300  18605665.0
2018-02-02  54.270  52.980  14225765.0