date      open     close      volume
                                         
2013-01-02   43.5300   43.4400   4426300.0
2013-01-03   43.2100   43.0200   2978300.0
2013-01-04   43.1400   42.8800   2735500.0
2013-01-07   42.6200   42.9000   3268500.0
2013-01-08   42.6000   41.9800   3800600.0
2013-01-09   42.6000   43.8000   5765700.0
2013-01-10   43.7600   44.1600   4324500.0
2013-01-11   44.1900   43.9800   2774500.0
2013-01-14   43.9800   44.7000   4370600.0
2013-01-15   44.1600   44.8400   3326900.0
2013-01-16   44.5400   45.3100   3406800.0
2013-01-17   45.3100   45.2200   2678000.0
2013-01-18   45.2900   44.8100   4277900.0
2013-01-22   45.1200   47.3600   9540700.0
2013-01-23   47.4800   47.0700   6161300.0
2013-01-24   47.2500   47.7900   7070200.0
2013-01-25   47.8400   48.0800   3379100.0
2013-01-28   47.9500   48.6400   4522300.0
2013-01-29   47.3900   46.1100  10305000.0
2013-01-30   46.1800   46.8500   3911500.0
2013-01-31   46.3000   47.0000   3866300.0
2013-02-01   47.4000   46.7700   3446200.0
2013-02-04   46.6200   46.3800   2986700.0
2013-02-05   46.3700   46.6300   3175900.0
2013-02-06   46.5500   47.9900   3549700.0
2013-02-07   47.7000   47.6000   3157600.0
2013-02-08   47.7600   48.4900   2914100.0
2013-02-11   48.5800   48.6000   2358700.0
2013-02-12   48.4700   48.1800   1644400.0
2013-02-13   48.3600   48.6300   1590500.0
2013-02-14   48.5600   48.8100   2032600.0
2013-02-15   48.8900   48.5900   2287700.0
2013-02-19   48.5900   48.5700   2100800.0
2013-02-20   48.6800   46.5400   2234500.0
2013-02-21   46.4400   45.7400   3186100.0
2013-02-22   46.0900   45.9000   1650200.0
2013-02-25   46.1900   44.8100   2129000.0
2013-02-26   44.9900   45.8700   3207500.0
2013-02-27   45.8200   47.0100   2538900.0
2013-02-28   46.9100   47.1600   1564900.0
2013-03-01   47.0000   48.1800   2663100.0
2013-03-04   48.2000   47.8100   2354200.0
2013-03-05   48.1500   48.3700   2461100.0
2013-03-06   48.6300   48.8300   3130500.0
2013-03-07   48.7500   47.2700   4092900.0
2013-03-08   47.5700   47.6600   3138000.0
2013-03-11   47.4100   48.0100   1781200.0
2013-03-12   48.1500   49.9900   3903000.0
2013-03-13   50.0000   50.3900   3449100.0
2013-03-14   50.4300   50.7150   1936100.0
2013-03-15   50.5000   50.1600   2743200.0
2013-03-18   49.6200   49.6000   1607600.0
2013-03-19   49.6300   48.8600   2432600.0
2013-03-20   49.4800   49.3290   2173800.0
2013-03-21   49.0000   48.1000   2671600.0
2013-03-22   48.3900   47.9300   2007800.0
2013-03-25   48.2000   47.5300   1953400.0
2013-03-26   47.8400   48.6790   3987200.0
2013-03-27   48.7200   50.1400   3257500.0
2013-03-28   49.9900   50.2900   2586300.0
2013-04-01   50.4100   50.4000   2167900.0
2013-04-02   50.5500   50.0700   2439000.0
2013-04-03   50.2500   50.6000   2920300.0
2013-04-04   50.5950   50.7800   1654100.0
2013-04-05   50.0700   49.8000   2368800.0
2013-04-08   49.7500   50.2300   1667100.0
2013-04-09   50.3200   51.5700   2205700.0
2013-04-10   51.7500   53.2100   3715100.0
2013-04-11   52.3700   52.3900   6565800.0
2013-04-12   52.4100   52.3200   1712600.0
2013-04-15   52.2200   51.1600   2554300.0
2013-04-16   51.6800   52.0300   2287900.0
2013-04-17   51.6900   50.5700   2253900.0
2013-04-18   50.9800   49.2500   3543700.0
2013-04-19   49.0400   49.9300   3180900.0
2013-04-22   50.0000   50.5100   1616300.0
2013-04-23   50.9500   53.2400   3477900.0
2013-04-24   53.5900   52.9000   3674100.0
2013-04-25   55.0700   52.6000   7535200.0
2013-04-26   52.1800   53.2900   3638400.0
2013-04-29   53.1800   54.1200   3477700.0
2013-04-30   54.1800   55.2800   3617500.0
2013-05-01   55.2000   54.8000   3131000.0
2013-05-02   55.6500   56.6600   3421200.0
2013-05-03   57.3000   57.1500   2997400.0
2013-05-06   57.3600   58.1300   2791200.0
2013-05-07   57.7800   58.8300   3303100.0
2013-05-08   58.5500   59.0100   3767700.0
2013-05-09   58.0000   57.6800   4453700.0
2013-05-10   57.8800   58.4700   2158700.0
2013-05-13   58.3100   57.9100   2157900.0
2013-05-14   58.1200   59.2100   2340600.0
2013-05-15   59.3000   59.5700   3079400.0
2013-05-16   59.6100   59.0500   2765900.0
2013-05-17   59.4300   60.4600   2595300.0
2013-05-20   60.1800   59.4500   2212200.0
2013-05-21   59.8900   60.7200   1667100.0
2013-05-22   60.6900   60.4000   3242800.0
2013-05-23   59.8500   62.2600   3207000.0
2013-05-24   61.8300   62.3000   2017800.0
2013-05-28   62.8900   62.8600   1810300.0
2013-05-29   62.3300   63.7300   1798700.0
2013-05-30   63.9600   63.7900   2107100.0
2013-05-31   63.3100   63.3200   3177200.0
2013-06-03   63.0200   63.8000   2397800.0
2013-06-04   63.9500   63.4200   2664000.0
2013-06-05   63.0000   62.8100   2045900.0
2013-06-06   63.0000   63.8600   1747100.0
2013-06-07   64.0700   64.1500   1303300.0
2013-06-10   63.8000   64.6100   1723600.0
2013-06-11   63.9800   64.5400   2448300.0
2013-06-12   64.8600   63.9100   1613100.0
2013-06-13   64.1500   64.2600   1867100.0
2013-06-14   64.4800   63.8800   1466500.0
2013-06-17   64.5300   64.6500   1849000.0
2013-06-18   64.8700   64.6700   2286600.0
2013-06-19   64.6400   63.5700   4052600.0
2013-06-20   62.8400   61.4900   3366900.0
2013-06-21   61.3400   60.1900   4040100.0
2013-06-24   59.6100   58.5400   2394400.0
2013-06-25   59.3300   60.0600   2197100.0
2013-06-26   60.5100   60.7100   2457500.0
2013-06-27   61.8900   62.6200   2618700.0
2013-06-28   62.3200   62.0900   4392500.0
2013-07-01   62.0900   63.0600   1806000.0
2013-07-02   62.7600   63.1800   2157000.0
2013-07-03   62.8900   63.2100    951900.0
2013-07-05   63.8000   64.5100   1857000.0
2013-07-08   64.6100   65.2200   2364700.0
2013-07-09   66.0300   66.2000   2085900.0
2013-07-10   66.2300   67.2300   2491400.0
2013-07-11   68.0700   67.0200   2506300.0
2013-07-12   67.2600   67.8600   2299200.0
2013-07-15   67.9100   68.2400   1886600.0
2013-07-16   68.4500   67.8900   1317700.0
2013-07-17   68.4299   68.5500   1096500.0
2013-07-18   68.8500   69.6500   1742000.0
2013-07-19   69.5400   69.7900   1746800.0
2013-07-22   70.2600   70.0900   1832700.0
2013-07-23   70.4200   67.8300   2796000.0
2013-07-24   66.2700   67.5300   3289400.0
2013-07-25   63.5000   63.5300   5316200.0
2013-07-26   63.2100   62.6300   3384500.0
2013-07-29   62.9200   62.6000   2177400.0
2013-07-30   62.9200   65.0900   3383200.0
2013-07-31   65.3800   64.3800   2532300.0
2013-08-01   65.2500   66.4400   2132200.0
2013-08-02   66.0100   65.1600   1633700.0
2013-08-05   65.1500   64.8000   1287900.0
2013-08-06   64.5500   64.4600   1604300.0
2013-08-07   64.4000   63.6200   1880700.0
2013-08-08   64.2000   66.7210   2567800.0
2013-08-09   66.4900   67.5000   2631200.0
2013-08-12   67.0700   68.1700   1680100.0
2013-08-13   68.5600   68.4100   1935200.0
2013-08-14   68.3500   68.4900   1577200.0
2013-08-15   67.6700   66.0200   2235900.0
2013-08-16   65.8600   64.6000   2320800.0
2013-08-19   64.0900   64.2000   1820000.0
2013-08-20   64.2400   65.0000   1553700.0
2013-08-21   64.8500   66.3700   2847000.0
2013-08-22   66.6300   67.3000   1174500.0
2013-08-23   67.6100   65.4300   2776300.0
2013-08-26   65.5100   64.8000   1914800.0
2013-08-27   63.9300   61.4400   3187500.0
2013-08-28   61.6500   62.4600   1620200.0
2013-08-29   62.0200   60.7200   3930200.0
2013-08-30   60.9300   62.0000   2883100.0
2013-09-03   62.6800   63.2600   2793200.0
2013-09-04   63.3700   64.8500   2105000.0
2013-09-05   64.6000   65.1000   1496400.0
2013-09-06   65.1900   64.9900   1597100.0
2013-09-09   65.0000   65.4000   1830800.0
2013-09-10   65.7500   66.0900   2628600.0
2013-09-11   66.1100   65.8400   2317900.0
2013-09-12   65.6200   64.4800   1705000.0
2013-09-13   65.0600   64.3600   1327500.0
2013-09-16   65.9600   65.0200   1722600.0
2013-09-17   64.9900   65.0900   1460100.0
2013-09-18   65.0000   64.2800   3214000.0
2013-09-19   64.5700   64.3900   2490000.0
2013-09-20   64.3900   63.6800   2993600.0
2013-09-23   63.2400   63.2700   1051500.0
2013-09-24   63.5600   64.6800   2007900.0
2013-09-25   64.8800   65.4300   3011400.0
2013-09-26   65.7100   63.3200   2201200.0
2013-09-27   63.0400   63.3200   1367400.0
2013-09-30   62.5400   63.4000   1977100.0
2013-10-01   63.5600   64.0400   1674500.0
2013-10-02   63.6300   64.5400   2052100.0
2013-10-03   64.1100   64.1500   1710300.0
2013-10-04   64.1800   65.0300   1381400.0
2013-10-07   64.2400   64.4000   1504200.0
2013-10-08   64.5300   63.3800   1788000.0
2013-10-09   63.5200   63.1200   1312900.0
2013-10-10   63.9600   65.5300   1789400.0
2013-10-11   65.4000   66.7300   1788300.0
2013-10-14   66.3900   68.8990   2094800.0
2013-10-15   68.3500   68.3200   1958000.0
2013-10-16   68.7900   69.3150   2190700.0
2013-10-17   68.9800   70.4600   2078900.0
2013-10-18   70.5400   71.7600   1914700.0
2013-10-21   71.8600   72.3100   1796600.0
2013-10-22   72.8100   72.2300   2104200.0
2013-10-23   71.9200   70.1100   2151800.0
2013-10-24   70.1900   70.5400   2344600.0
2013-10-25   72.4500   72.6300   3249600.0
2013-10-28   72.6600   72.4300   1871700.0
2013-10-29   72.2300   72.7400   1743200.0
2013-10-30   72.9200   73.2100   1462200.0
2013-10-31   71.8700   69.6300   4259100.0
2013-11-01   68.8500   69.8500   7861300.0
2013-11-04   70.0100   72.0700   3099800.0
2013-11-05   71.6700   71.1900   2132800.0
2013-11-06   71.8100   71.3700   1387100.0
2013-11-07   71.7200   70.2320   2245300.0
2013-11-08   70.3400   71.6700   1543600.0
2013-11-11   71.2600   71.5600   1200800.0
2013-11-12   71.4900   72.1300   1634000.0
2013-11-13   71.2900   72.4400   1476500.0
2013-11-14   72.4300   75.8500   3573600.0
2013-11-15   75.9400   75.5500   2592600.0
2013-11-18   75.7400   74.2600   2228900.0
2013-11-19   73.5600   73.6100   2002200.0
2013-11-20   74.0800   73.9400   1368000.0
2013-11-21   74.3600   74.8300   1756100.0
2013-11-22   75.0400   75.1300   1716600.0
2013-11-25   75.3500   74.8050   1430600.0
2013-11-26   75.0900   74.8600   1441600.0
2013-11-27   75.4600   76.1900   1341800.0
2013-11-29   76.4700   75.0400    874200.0
2013-12-02   74.4500   75.4400   1605000.0
2013-12-03   75.1500   75.5300   1915400.0
2013-12-04   76.7200   77.5700   2955800.0
2013-12-05   77.3600   76.7800   1799200.0
2013-12-06   77.8000   78.9100   1812000.0
2013-12-09   78.8400   78.8000   2697900.0
2013-12-10   78.5100   79.3300   1657200.0
2013-12-11   79.5700   77.8500   2106100.0
2013-12-12   78.3400   78.8600   2062100.0
2013-12-13   79.6500   79.0500   2154600.0
2013-12-16   79.8000   81.6600   3162600.0
2013-12-17   82.4000   83.4000   3918800.0
2013-12-18   83.2800   82.1000   4281900.0
2013-12-19   82.1500   82.1000   2205900.0
2013-12-20   82.8000   82.6800   3949900.0
2013-12-23   83.4500   82.6300   1487500.0
2013-12-24   81.7500   82.5600    533700.0
2013-12-26   83.0200   83.0800    735600.0
2013-12-27   83.0900   82.8200    855500.0
2013-12-30   83.0100   83.5900    802700.0
2013-12-31   83.5300   83.9000   1253900.0
2014-01-02   83.7900   82.6800   1592600.0
2014-01-03   82.6300   83.2800   1576200.0
2014-01-06   83.4700   82.8900   1889000.0
2014-01-07   83.4100   85.6500   2360800.0
2014-01-08   85.9700   86.4100   3888700.0
2014-01-09   86.8700   84.9200   2300200.0
2014-01-10   85.3000   85.4600   2001500.0
2014-01-13   85.3700   84.6100   1921500.0
2014-01-14   84.7200   87.8900   1990300.0
2014-01-15   88.7000   88.9800   1833900.0
2014-01-16   89.3900   88.9500   2826000.0
2014-01-17   88.4700   88.8200   2933900.0
2014-01-21   90.0000   88.8600   3057700.0
2014-01-22   88.4700   88.0800   2538800.0
2014-01-23   86.8700   87.0500   4335500.0
2014-01-24   86.0800   85.0000   2560800.0
2014-01-27   85.0000   84.5900   2286500.0
2014-01-28   83.6700   83.3700   4462500.0
2014-01-29   82.9500   84.2000   2523100.0
2014-01-30   84.8700   86.9400   2931500.0
2014-01-31   85.4700   86.1700   2045600.0
2014-02-03   85.7000   83.5000   2532000.0
2014-02-04   84.0200   83.5000   1867300.0
2014-02-05   83.0500   82.7400   2264900.0
2014-02-06   83.3300   83.3500   1211400.0
2014-02-07   83.9700   84.6800   1926900.0
2014-02-10   84.4800   84.6900   1421200.0
2014-02-11   84.5400   84.8700   1278400.0
2014-02-12   85.0200   86.0700   1602700.0
2014-02-13   85.2900   86.6700   1453200.0
2014-02-14   87.0800   86.7100   1210900.0
2014-02-18   87.1100   86.3400   1413700.0
2014-02-19   85.9300   85.4500   1489900.0
2014-02-20   85.5500   86.2400   1641000.0
2014-02-21   86.5700   88.0100   2042500.0
2014-02-24   88.1100   88.6000   1780400.0
2014-02-25   88.5000   87.7900   1310700.0
2014-02-26   88.1400   89.2800   2267200.0
2014-02-27   88.9000   88.4200   1710500.0
2014-02-28   87.8800   86.9900   2704000.0
2014-03-03   86.2600   87.9000   1687500.0
2014-03-04   88.6400   88.7600   1619500.0
2014-03-05   88.6400   88.3300   1127200.0
2014-03-06   88.4200   86.7200   1902600.0
2014-03-07   87.3200   84.2500   2080500.0
2014-03-10   84.4800   85.1100   2213400.0
2014-03-11   85.2700   83.2100   1922600.0
2014-03-12   82.6200   84.1600   1310400.0
2014-03-13   84.4500   84.2100   2034700.0
2014-03-14   83.8100   85.0150   1685600.0
2014-03-17   85.3500   85.1400   2870600.0
2014-03-18   85.0900   86.3200   1336400.0
2014-03-19   86.2400   85.8700   1766400.0
2014-03-20   85.6600   87.9900   1978200.0
2014-03-21   88.9400   88.6200   3212400.0
2014-03-24   88.1300   87.9800   2321000.0
2014-03-25   87.9800   89.8500   2059900.0
2014-03-26   90.2600   89.3300   2191200.0
2014-03-27   89.0200   89.7000   2045800.0
2014-03-28   89.8500   89.4100   1557700.0
2014-03-31   89.7300   91.8200   2582200.0
2014-04-01   92.5600   93.5400   2137800.0
2014-04-02   93.7300   94.1400   1746700.0
2014-04-03   93.6400   93.4600   1619600.0
2014-04-04   94.3200   90.5000   2527700.0
2014-04-07   90.3900   89.6000   2455600.0
2014-04-08   89.7200   90.9800   2071300.0
2014-04-09   90.9500   91.2500   1984200.0
2014-04-10   91.4700   88.1700   2259200.0
2014-04-11   87.5900   88.2100   2250800.0
2014-04-14   88.7900   90.3500   1941200.0
2014-04-15   90.1600   89.3700   1820400.0
2014-04-16   90.0000   90.2800   1377600.0
2014-04-17   89.8500   91.0500   1666400.0
2014-04-21   91.7600   92.2600   1350800.0
2014-04-22   92.0700   92.0900   1360200.0
2014-04-23   91.7300   90.4400   1500600.0
2014-04-24   91.1500   89.8000   1717600.0
2014-04-25   89.2000   87.7700   1502100.0
2014-04-28   88.3200   87.5300   1970500.0
2014-04-29   88.3000   87.4500   2216200.0
2014-04-30   86.4800   88.0800   2283700.0
2014-05-01   85.5300   82.2800   5061900.0
2014-05-02   82.4800   83.6800   2902800.0
2014-05-05   83.1600   83.9000   1970300.0
2014-05-06   83.5900   84.4100   2014300.0
2014-05-07   83.9900   83.3500   2500100.0
2014-05-08   83.9000   83.5900   2337200.0
2014-05-09   83.4000   81.9500   3010800.0
2014-05-12   82.6800   82.4600   2209000.0
2014-05-13   82.5200   82.6000   1781300.0
2014-05-14   83.7200   85.3300   2901700.0
2014-05-15   85.0600   85.3000   2066700.0
2014-05-16   85.0800   85.9100   1712800.0
2014-05-19   85.7600   85.3100   2211700.0
2014-05-20   85.4900   83.8400   1967500.0
2014-05-21   84.0200   83.6600   1589800.0
2014-05-22   83.6500   83.6400   1867600.0
2014-05-23   83.9800   84.8300   1069000.0
2014-05-27   85.0600   87.4200   1797200.0
2014-05-28   87.4000   87.2000   1430800.0
2014-05-29   86.8100   87.1300   1081900.0
2014-05-30   87.2800   87.8500   2695800.0
2014-06-02   87.7900   87.6600   1359500.0
2014-06-03   87.2500   87.8900   1009700.0
2014-06-04   87.7800   89.1500   1749100.0
2014-06-05   89.8100   91.9500   4328900.0
2014-06-06   91.8900   92.1600   1659100.0
2014-06-09   91.9700   91.6400   1754500.0
2014-06-10   91.0700   90.7800   1854200.0
2014-06-11   90.5800   90.7000    874500.0
2014-06-12   90.3200   89.7400   1239800.0
2014-06-13   91.6900   92.1200   2333500.0
2014-06-16   91.8800   91.4600   1337200.0
2014-06-17   91.1900   92.3200   1142800.0
2014-06-18   91.9600   92.9900   1002900.0
2014-06-19   92.6000   91.2800   1764900.0
2014-06-20   91.6600   91.4600   2608600.0
2014-06-23   91.1500   91.5900    891200.0
2014-06-24   91.4500   90.6200   1526600.0
2014-06-25   90.5500   91.9400   1373500.0
2014-06-26   91.9700   91.8900    804600.0
2014-06-27   91.7800   92.9000   1509900.0
2014-06-30   92.6600   92.3000   1045300.0
2014-07-01   93.1600   94.4600   2260800.0
2014-07-02   94.2700   95.9200   1685100.0
2014-07-03   96.4100   96.5400   1247500.0
2014-07-07   96.0200   95.7300   2616100.0
2014-07-08   94.0500   94.3600   1850000.0
2014-07-09   93.5100   94.3000   1435600.0
2014-07-10   93.8000   95.4100   1662500.0
2014-07-11   95.0600   97.7700   3174600.0
2014-07-14   98.4600   98.4300   2434400.0
2014-07-15   98.1500   98.7100   2242300.0
2014-07-16  101.3000  101.2300   3518000.0
2014-07-17   99.7700   98.1500   3242200.0
2014-07-18   98.1800   99.4600   2841400.0
2014-07-21   99.4500   99.0300   1114600.0
2014-07-22   99.3800  100.1600   1276700.0
2014-07-23  100.3500   99.6000   1016000.0
2014-07-24   99.8300   99.6000   1591500.0
2014-07-25   99.2600   99.3600    971900.0
2014-07-28   99.4500  100.8100   1665600.0
2014-07-29  100.2300  100.7900   1714100.0
2014-07-30  101.1100  101.1700   2604300.0
2014-07-31   99.6600   99.8899   2213600.0
2014-08-01   98.7200  100.3000   2504500.0
2014-08-04  100.3000  102.1000   2318300.0
2014-08-05  101.3900  101.6500   1916300.0
2014-08-06  101.2000  101.8800   1511100.0
2014-08-07  102.0600  101.6000   1647000.0
2014-08-08  101.7100  101.3000   1340400.0
2014-08-11  101.4000  100.9400   1066300.0
2014-08-12  101.0300   99.5100   2506100.0
2014-08-13   98.9600  100.4000   1973800.0
2014-08-14  100.7400  100.3600   1467000.0
2014-08-15  101.0000  100.6200   1587600.0
2014-08-18  100.7100  100.8400   1000800.0
2014-08-19  100.9500  100.0100   1560500.0
2014-08-20   99.8200  100.2400   1109100.0
2014-08-21  100.1400  100.7000   1310700.0
2014-08-22  101.1500  101.0000   1016500.0
2014-08-25  101.4300  101.9100    821900.0
2014-08-26  101.6900  101.9500   1069800.0
2014-08-27  102.3600  102.7100   1363200.0
2014-08-28  101.6900  102.0700   1354000.0
2014-08-29  102.7700  103.0100   1316600.0
2014-09-02  103.0700  102.0000   1428600.0
2014-09-03  102.4300  101.7400   1361500.0
2014-09-04  101.7400  100.9500   1250500.0
2014-09-05  101.2200  100.9200   1342500.0
2014-09-08  101.1700  100.4400   1988100.0
2014-09-09  100.6200   99.8500   1570400.0
2014-09-10   99.7600   99.8900   1377500.0
2014-09-11   99.6500  100.0600   1117200.0
2014-09-12   99.5700   99.8900   1690000.0
2014-09-15   99.6900   97.5500   1610600.0
2014-09-16   97.3000   98.1000   1523100.0
2014-09-17   98.1200   97.8200   2347500.0
2014-09-18   97.9600   99.5800   2302800.0
2014-09-19   99.2000   98.5200   6097100.0
2014-09-22   98.5100   98.2000   1668000.0
2014-09-23   98.2600   97.0200   1383700.0
2014-09-24   96.9800   98.3500   1562679.0
2014-09-25   98.6100   96.1900   1585810.0
2014-09-26   96.1800   97.2900   1226975.0
2014-09-29   96.0300   96.2500   1595817.0
2014-09-30   96.2300   97.3200   1713892.0
2014-10-01   96.4800   94.5800   1912180.0
2014-10-02   94.6700   95.1100   1518413.0
2014-10-03   95.6500   95.4000   1356738.0
2014-10-06   95.9100   94.7000   1632200.0
2014-10-07   94.2400   93.3100   1519947.0
2014-10-08   93.3600   95.6600   1692100.0
2014-10-09   95.6800   93.3900   1645746.0
2014-10-10   93.7500   90.4600   2243237.0
2014-10-13   90.1200   86.4700   3346574.0
2014-10-14   87.2700   85.8700   2880974.0
2014-10-15   84.3900   85.1000   3431491.0
2014-10-16   83.6600   85.5800   1643612.0
2014-10-17   86.3900   86.8400   2276694.0
2014-10-20   87.0200   87.8300   1969523.0
2014-10-21   88.8100   90.6800   2319534.0
2014-10-22   90.7200   89.2700   1742023.0
2014-10-23   90.5000   90.5900   1821111.0
2014-10-24   91.0700   91.6800   1488677.0
2014-10-27   91.7600   92.9500   2292911.0
2014-10-28   93.2800   93.0800   2702407.0
2014-10-29   93.0000   95.7900   4290277.0
2014-10-30   95.2100   95.1900   2081106.0
2014-10-31   97.1800   98.3700   2665907.0
2014-11-03   98.7200  100.7500   2789848.0
2014-11-04  100.2300  100.0000   2100116.0
2014-11-05  100.7600  101.2800   1223022.0
2014-11-06  100.0000   97.8650   3240354.0
2014-11-07   97.9500   97.7000   5057158.0
2014-11-10   97.6200   97.6400   1858709.0
2014-11-11   97.6400   96.9500   1455850.0
2014-11-12   96.9800   97.6300   1578865.0
2014-11-13   97.4700   97.8300   1270108.0
2014-11-14   98.0100   98.4100   1115898.0
2014-11-17   98.2900   98.5400   1835639.0
2014-11-18   98.3800  100.3900   2022073.0
2014-11-19  100.2400   99.9050   1180814.0
2014-11-20  100.0100  101.7700   1199600.0
2014-11-21  102.6200  101.7000   2608396.0
2014-11-24  101.5300  102.7600   1230095.0
2014-11-25  103.0000  102.6300   2333443.0
2014-11-26  102.0000  103.6700   1465858.0
2014-11-28  103.5400  103.2700    862435.0
2014-12-01  103.1000  102.1500   1828672.0
2014-12-02  102.1800  102.7200   1289261.0
2014-12-03  102.9500  103.1400   1080134.0
2014-12-04  103.0400  103.7200   1462292.0
2014-12-05  104.0000  105.0700   2150892.0
2014-12-08  104.5500  105.0500   1681777.0
2014-12-09  103.6200  107.8000   3598540.0
2014-12-10  108.3800  107.2300   2947130.0
2014-12-11  108.1900  108.0400   1908958.0
2014-12-12  106.8400  105.6300   1605115.0
2014-12-15  105.9200  105.4000   1476269.0
2014-12-16  105.0300  104.4900   2370931.0
2014-12-17  104.8400  107.9500   2335174.0
2014-12-18  109.5100  112.3600   3202070.0
2014-12-19  112.7100  113.8800   3764466.0
2014-12-22  113.5800  114.2800   2155431.0
2014-12-23  114.3900  113.2950   2104317.0
2014-12-24  113.6300  113.1100    782950.0
2014-12-26  113.7900  113.0900    639139.0
2014-12-29  112.7800  113.0350   1002308.0
2014-12-30  112.2600  112.3100   1457884.0
2014-12-31  112.1650  110.7000   1090406.0
2015-01-02  111.8000  110.4300    966972.0
2015-01-05  110.2200  108.9700   1667975.0
2015-01-06  108.3900  106.5400   2022892.0
2015-01-07  107.5100  108.1400   1552708.0
2015-01-08  109.2400  110.3800   2533122.0
2015-01-09  110.9400  112.2200   2170359.0
2015-01-12  111.4500  110.3200   1518236.0
2015-01-13  111.0000  109.3800   1604566.0
2015-01-14  109.3100  108.7700   1330921.0
2015-01-15  109.2800  104.7000   2176346.0
2015-01-16  104.6000  106.3700   1876983.0
2015-01-20  107.1400  106.5900   1401691.0
2015-01-21  106.0500  106.6300   1037854.0
2015-01-22  106.5400  105.2900   3319433.0
2015-01-23  105.3000  106.1000   2250235.0
2015-01-26  101.4700  100.9800   5792227.0
2015-01-27   99.0900   97.6300   3305014.0
2015-01-28  104.2300   99.8300   5081896.0
2015-01-29  100.2500  101.0600   2533655.0
2015-01-30   99.8700   97.2300   2381021.0
2015-02-02   97.2600   98.4200   2317808.0
2015-02-03   98.4600  100.6850   2227024.0
2015-02-04  100.6900  104.0400   4537801.0
2015-02-05  103.8500  104.1100   1603135.0
2015-02-06  104.2500  103.4000   1747411.0
2015-02-09  103.2300  102.6000    964128.0
2015-02-10  103.1800  104.0800   1302009.0
2015-02-11  104.0000  106.0900   1872593.0
2015-02-12  106.4000  107.1900   1718155.0
2015-02-13  107.9600  107.6100   1246795.0
2015-02-17  105.5000  106.7700   1302750.0
2015-02-18  106.8300  109.0000   2778129.0
2015-02-19  109.1800  109.8400   2792051.0
2015-02-20  109.7100  111.3100   2268148.0
2015-02-23  111.6500  111.0900   1760328.0
2015-02-24  110.6000  108.9700   1651430.0
2015-02-25  108.2500  106.1500   2352055.0
2015-02-26  106.7500  107.3400   2215377.0
2015-02-27  107.4200  106.9800   1623806.0
2015-03-02  107.4200  108.7800   1821083.0
2015-03-03  108.1700  105.5700   1791818.0
2015-03-04  104.6100  105.3600   1649543.0
2015-03-05  105.6800  105.3800    881746.0
2015-03-06  104.6700  102.5300   1509786.0
2015-03-09  102.6800  102.5800   1682310.0
2015-03-10  101.4200   99.3900   2378578.0
2015-03-11   98.8500   97.8900   3293204.0
2015-03-12   95.3500   98.5600   2943692.0
2015-03-13   98.1800   97.1900   2210385.0
2015-03-16   97.9600   98.2000   1516180.0
2015-03-17   97.5300   96.6200   1500019.0
2015-03-18   97.6400   97.8800   2571975.0
2015-03-19   98.3400   99.3000   1942340.0
2015-03-20  100.0700  100.4400   2417931.0
2015-03-23  100.3900   99.6400   1784866.0
2015-03-24   99.4400   97.9400   1759557.0
2015-03-25   98.5400   94.6200   2150588.0
2015-03-26   92.7400   93.6400   3545982.0
2015-03-27   94.2600   92.7300   2014396.0
2015-03-30   93.3300   92.9300   1787331.0
2015-03-31   91.9300   91.0100   2408883.0
2015-04-01   90.5600   92.3500   2851922.0
2015-04-02   91.7900   93.0000   2081481.0
2015-04-06   92.1600   93.1900   1714700.0
2015-04-07   93.3900   94.1100   2018742.0
2015-04-08   94.4200   93.9100   2045632.0
2015-04-09   93.4900   94.0200   2041116.0
2015-04-10   94.6300   95.8900   2115271.0
2015-04-13   97.1300   95.5000   1771241.0
2015-04-14   96.6200   96.1600   1659631.0
2015-04-15   97.3000   99.0350   2538519.0
2015-04-16   97.8800   97.8300   2435417.0
2015-04-17   97.5500   99.4400   2986967.0
2015-04-20   99.4300  101.5800   2576183.0
2015-04-21  101.3300   99.6800   1930837.0
2015-04-22   99.8200  100.3100   1273772.0
2015-04-23   99.9600  100.2700   1178224.0
2015-04-24  100.5400   99.7500    962173.0
2015-04-27   99.5600   98.9000   1476005.0
2015-04-28   98.4600   97.9000   2479129.0
2015-04-29   94.4300   95.8300   4589591.0
2015-04-30   95.6200   97.7400   3637175.0
2015-05-01   98.1100   99.3300   2463994.0
2015-05-04   99.3800   99.5050   1953701.0
2015-05-05   98.8700   96.7900   2161809.0
2015-05-06   96.9200   94.8700   2469307.0
2015-05-07   94.4500   94.8400   1539090.0
2015-05-08   95.9000   96.5300   1164986.0
2015-05-11   96.7400   96.0450   1184108.0
2015-05-12   95.4800   95.9600   1537014.0
2015-05-13   96.4000   95.9600   1406821.0
2015-05-14   96.9500   98.4100   1297160.0
2015-05-15   98.6200   97.6700   2179072.0
2015-05-18   97.2100   97.8700   1103005.0
2015-05-19   97.7800   95.5900   2701004.0
2015-05-20   95.7800   94.8300   1380828.0
2015-05-21   95.1000   95.2500    978381.0
2015-05-22   95.0600   95.2300    886215.0
2015-05-26   95.2400   93.1950   1978141.0
2015-05-27   93.7000   94.3700   1344685.0
2015-05-28   97.5700   99.2300   3934153.0
2015-05-29   98.8700   97.3600   2975792.0
2015-06-01   97.6000   97.1300   1431956.0
2015-06-02   96.9900   96.9500   1027184.0
2015-06-03   97.6900   98.1400   1424361.0
2015-06-04   97.3000   95.4000   1847204.0
2015-06-05   95.4000   94.8700   1051534.0
2015-06-08   94.6500   92.6000   1755610.0
2015-06-09   92.5500   92.0400   1567256.0
2015-06-10   93.0200   93.6000   1825918.0
2015-06-11   93.5500   94.4600   1295210.0
2015-06-12   93.5300   93.0100   1508012.0
2015-06-15   92.2300   91.7500   1296970.0
2015-06-16   91.4800   91.0500   1412250.0
2015-06-17   91.4700   92.0200   1774889.0
2015-06-18   92.1100   92.4200   1863983.0
2015-06-19   92.3400   91.0200   2590536.0
2015-06-22   91.7100   91.6000   1113088.0
2015-06-23   91.0900   88.6200   2945324.0
2015-06-24   88.5400   87.7300   1932411.0
2015-06-25   88.1500   85.9500   2628827.0
2015-06-26   84.9500   84.4500   2916016.0
2015-06-29   83.3100   81.9600   3374501.0
2015-06-30   81.8000   78.4200   4307572.0
2015-07-01   79.1500   79.4400   3700744.0
2015-07-02   80.0000   80.8700   3301536.0
2015-07-06   79.8200   79.8150   3386899.0
2015-07-07   79.8400   79.8200   3355378.0
2015-07-08   79.3100   78.3100   2329725.0
2015-07-09   79.7300   77.3500   2106557.0
2015-07-10   78.4300   77.1000   1960616.0
2015-07-13   76.4000   77.7100   3047139.0
2015-07-14   77.9500   78.3600   3203009.0
2015-07-15   79.0400   78.6900   3341257.0
2015-07-16   78.9600   78.8900   2698974.0
2015-07-17   78.3400   78.9300   2242726.0
2015-07-20   78.8700   78.3800   1640832.0
2015-07-21   77.7500   78.6900   1695692.0
2015-07-22   78.6900   78.5200   2400143.0
2015-07-23   77.0800   77.9000   3644558.0
2015-07-24   78.3200   77.2600   1686157.0
2015-07-27   76.7700   76.4900   1956389.0
2015-07-28   76.8200   77.7400   3055769.0
2015-07-29   77.1800   78.7500   4279348.0
2015-07-30   85.4400   86.4400   7635138.0
2015-07-31   86.4000   86.0600   3930955.0
2015-08-03   86.2000   85.8500   2397108.0
2015-08-04   84.9600   84.3900   2759007.0
2015-08-05   84.2000   84.6900   2394230.0
2015-08-06   85.1100   84.1900   2005402.0
2015-08-07   84.4900   83.5100   1743539.0
2015-08-10   84.3400   84.9600   1630795.0
2015-08-11   84.1000   83.1900   2503568.0
2015-08-12   82.4400   83.1600   2922899.0
2015-08-13   82.6100   81.5700   1854823.0
2015-08-14   81.5800   82.5000   1230351.0
2015-08-17   82.0200   83.6000   1618998.0
2015-08-18   82.7700   83.3100   1695064.0
2015-08-19   82.0200   81.7100   2469260.0
2015-08-20   80.5300   79.7900   1982718.0
2015-08-21   78.8700   79.4400   3745885.0
2015-08-24   77.8300   76.9200   3932417.0
2015-08-25   78.9600   75.1600   2840554.0
2015-08-26   77.0900   78.6300   3900264.0
2015-08-27   79.6600   81.4100   2615401.0
2015-08-28   80.7500   81.2800   1758316.0
2015-08-31   81.2100   81.9600   1911267.0
2015-09-01   79.7400   80.4500   3070234.0
2015-09-02   82.2200   81.1500   2520929.0
2015-09-03   80.0000   81.8000   2032392.0
2015-09-04   80.2300   80.0200   1671867.0
2015-09-08   81.7300   83.9000   2321539.0
2015-09-09   83.8600   82.3900   1932393.0
2015-09-10   81.1600   81.2400   2262131.0
2015-09-11   80.4900   80.5300   2128731.0
2015-09-14   81.1000   80.6400   1796982.0
2015-09-15   80.9600   80.7400   2275102.0
2015-09-16   80.9800   81.1600   2089751.0
2015-09-17   80.7700   80.7300   1869020.0
2015-09-18   79.8700   75.8700   6578615.0
2015-09-21   76.2000   76.2600   2234286.0
2015-09-22   75.4400   72.0500   4133100.0
2015-09-23   72.0000   71.4400   2790661.0
2015-09-24   70.8400   71.4000   3099325.0
2015-09-25   72.0000   70.4700   2474159.0
2015-09-28   69.7400   68.2500   2696287.0
2015-09-29   68.9800   69.3700   3507671.0
2015-09-30   78.7900   79.4000  11605588.0
2015-10-01   79.8100   77.8900   4571710.0
2015-10-02   76.7800   79.4400   2406579.0
2015-10-05   80.2500   82.1400   2887731.0
2015-10-06   81.7800   83.0200   2575976.0
2015-10-07   83.8500   84.4900   3381289.0
2015-10-08   84.4400   85.2700   1955017.0
2015-10-09   85.4000   86.0000   2237927.0
2015-10-12   86.1800   85.0100   2157607.0
2015-10-13   84.3400   84.3700   1366622.0
2015-10-14   85.8500   83.1900   2629688.0
2015-10-15   80.2600   81.1200   7054035.0
2015-10-16   81.0000   79.5200   4116904.0
2015-10-19   82.2300   80.4800   5731967.0
2015-10-20   80.0000   74.8600   8053658.0
2015-10-21   72.7500   71.4400  15528530.0
2015-10-22   72.0000   69.9600   7425080.0
2015-10-23   70.7400   69.3400   6345833.0
2015-10-26   69.5800   67.1600   4299078.0
2015-10-27   67.7400   67.1700   4061676.0
2015-10-28   67.6000   67.5200   4865199.0
2015-10-29   67.6800   67.8200   4788186.0
2015-10-30   67.6700   66.8200   4350989.0
2015-11-02   66.8500   67.8400   3485980.0
2015-11-03   67.4600   68.5300   4750492.0
2015-11-04   68.4800   68.5500   4621807.0
2015-11-05   68.5800   67.8500   3844082.0
2015-11-06   67.8200   67.8900   2851252.0
2015-11-09   67.9000   66.6100   3277541.0
2015-11-10   66.0800   63.5800   6257561.0
2015-11-11   63.8400   62.6000   5417072.0
2015-11-12   62.4500   62.4000   4438620.0
2015-11-13   62.0500   60.2300   3633734.0
2015-11-16   60.4200   61.6500   3543906.0
2015-11-17   61.5800   62.4600   3678559.0
2015-11-18   62.9500   64.2400   3805508.0
2015-11-19   64.1900   62.0100   4416437.0
2015-11-20   62.1000   61.7100   3116110.0
2015-11-23   61.9900   61.3200   2436659.0
2015-11-24   60.9900   61.8300   2517598.0
2015-11-25   61.5200   61.6300   1774192.0
2015-11-27   61.7600   61.7300    756283.0
2015-11-30   62.0300   62.4100   2807983.0
2015-12-01   62.4300   63.9300   2739489.0
2015-12-02   63.7800   62.4000   4241176.0
2015-12-03   62.4100   63.6200   5064900.0
2015-12-04   63.7000   64.5800   3230493.0
2015-12-07   63.5900   63.3700   2201230.0
2015-12-08   62.5300   64.0000   2370338.0
2015-12-09   63.5700   62.9500   3192984.0
2015-12-10   62.9800   63.3500   2218240.0
2015-12-11   62.0000   62.0800   5042286.0
2015-12-14   62.1100   59.3750   4266221.0
2015-12-15   59.9100   60.8800   3384515.0
2015-12-16   61.5000   60.9600   2941756.0
2015-12-17   61.0400   59.4000   3050281.0
2015-12-18   59.0800   58.8600   4504271.0
2015-12-21   59.2200   59.0600   2612553.0
2015-12-22   59.0200   59.6900   4060913.0
2015-12-23   59.9800   60.3200   2933033.0
2015-12-24   60.5000   61.2200   1480151.0
2015-12-28   60.9100   60.3000   2235243.0
2015-12-29   60.4400   61.0600   1931131.0
2015-12-30   60.7500   61.0900   1572454.0
2015-12-31   61.0100   60.0500   1499812.0
2016-01-04   59.3200   60.4000   3024420.0
2016-01-05   60.7500   60.1400   1563237.0
2016-01-06   59.7300   58.8000   2910897.0
2016-01-07   57.4200   57.8300   3030842.0
2016-01-08   57.9600   55.3900   3829431.0
2016-01-11   55.8800   52.8000   5479528.0
2016-01-12   53.1900   52.3600   5217010.0
2016-01-13   52.3800   49.9900   7352871.0
2016-01-14   50.3300   49.2500   6007837.0
2016-01-15   47.8400   47.2400   7173772.0
2016-01-19   48.1300   46.4500   4642076.0
2016-01-20   45.5800   45.7900   6382494.0
2016-01-21   46.0900   43.9400   7295247.0
2016-01-22   45.2300   44.7500   5539086.0
2016-01-25   44.7400   42.4700   5467115.0
2016-01-26   42.6900   45.3400   7895045.0
2016-01-27   45.6200   43.6700   6026102.0
2016-01-28   44.1900   45.6900   6465546.0
2016-01-29   46.1500   47.9800  11064889.0
2016-02-01   47.6100   49.1900   6419228.0
2016-02-02   48.8500   46.8900   3661401.0
2016-02-03   47.2500   48.0400   4073407.0
2016-02-04   47.9200   49.1400   6379392.0
2016-02-05   48.8900   45.8600   5234483.0
2016-02-08   45.3700   41.9100   7397732.0
2016-02-09   41.8100   40.1800   6549346.0
2016-02-10   40.4800   40.2300   4508949.0
2016-02-11   39.7700   40.1000   4903098.0
2016-02-12   40.5100   41.0800   3818391.0
2016-02-16   41.6100   42.7800   4197360.0
2016-02-17   43.0800   43.2900   4520208.0
2016-02-18   43.4600   44.4100   4605997.0
2016-02-19   44.2300   44.1200   3958501.0
2016-02-22   44.7300   46.1000   4253608.0
2016-02-23   43.3100   42.7700   8429775.0
2016-02-24   42.5700   43.9200   5516096.0
2016-02-25   43.6800   43.9900   4806196.0
2016-02-26   44.3200   43.8900   3387825.0
2016-02-29   43.0700   43.5300   5454736.0
2016-03-01   44.1400   46.1000   6967065.0
2016-03-02   46.1800   47.3500   5748599.0
2016-03-03   47.3400   48.6600   4405160.0
2016-03-04   48.6200   48.8600   5019435.0
2016-03-07   48.2100   50.0700   6168261.0
2016-03-08   50.0000   46.4400   6816741.0
2016-03-09   46.7700   47.4400   4792668.0
2016-03-10   47.8800   47.8900   4642024.0
2016-03-11   48.8700   49.8800   5183923.0
2016-03-14   49.4300   48.1900   4357960.0
2016-03-15   47.8900   45.6100   5349182.0
2016-03-16   45.5200   46.1300   4990947.0
2016-03-17   45.8200   46.0000   4226105.0
2016-03-18   46.2900   49.0200  11777714.0
2016-03-21   49.1500   49.2900   4098881.0
2016-03-22   48.5300   51.3400   6943369.0
2016-03-23   51.2000   48.7200   6578824.0
2016-03-24   48.6300   48.1200   5932904.0
2016-03-28   47.6100   48.0800   4257662.0
2016-03-29   48.0000   48.3200   4850945.0
2016-03-30   48.2200   46.1400   9783250.0
2016-03-31   46.1100   47.2400   5202119.0
2016-04-01   46.8800   46.6000   4008106.0
2016-04-04   46.4100   46.2700   3553688.0
2016-04-05   45.7500   44.1300   6061641.0
2016-04-06   44.0300   44.7200   6531733.0
2016-04-07   44.1300   43.2500   7569678.0
2016-04-08   43.4000   43.1000   4781441.0
2016-04-11   43.8000   44.2300   5018025.0
2016-04-12   44.9400   43.9700   4192016.0
2016-04-13   43.8400   44.8000   4697298.0
2016-04-14   42.3500   41.8200  14682779.0
2016-04-15   41.6500   40.4900   8109702.0
2016-04-18   40.5000   41.0300   4456126.0
2016-04-19   41.3700   41.3200   5389903.0
2016-04-20   41.5100   43.2800   6500231.0
2016-04-21   44.0700   43.3500   4495171.0
2016-04-22   43.3600   43.6600   4439853.0
2016-04-25   43.6500   43.3400   3916141.0
2016-04-26   43.7700   44.5400   4072920.0
2016-04-27   44.5100   46.0800   6213867.0
2016-04-28   46.4200   46.0600   7236611.0
2016-04-29   42.5600   40.8650  19380444.0
2016-05-02   40.6100   40.8500   8391804.0
2016-05-03   40.5400   39.3600   8993499.0
2016-05-04   39.3100   39.6000  10122285.0
2016-05-05   39.9100   38.1300   7287309.0
2016-05-06   37.6400   37.2700   8372052.0
2016-05-09   37.4500   36.9600   4495532.0
2016-05-10   36.9600   38.3700  10761074.0
2016-05-11   38.3400   36.7400   7658508.0
2016-05-12   37.0100   36.3600   7567012.0
2016-05-13   35.4200   35.4400   8814609.0
2016-05-16   35.4300   35.5700   6621623.0
2016-05-17   35.5200   36.7500   6786310.0
2016-05-18   36.8300   38.4600   7455399.0
2016-05-19   38.4700   38.3700   5128435.0
2016-05-20   39.0100   39.5600   6077115.0
2016-05-23   39.5100   40.4600   4985716.0
2016-05-24   41.4000   42.2800   7162724.0
2016-05-25   43.6600   44.1500   8473409.0
2016-05-26   44.0100   44.3800   8142155.0
2016-05-27   43.6700   44.9900   8027237.0
2016-05-31   45.5300   46.5400   7898286.0
2016-06-01   46.9300   47.6300   6583662.0
2016-06-02   47.4800   48.3800   7597076.0
2016-06-03   48.5100   47.7700   4941873.0
2016-06-06   47.6600   48.0200   5781958.0
2016-06-07   48.7500   49.7400   6945691.0
2016-06-08   49.6800   49.2600   5097004.0
2016-06-09   49.0100   48.1700   5829685.0
2016-06-10   47.6900   46.8500   5876672.0
2016-06-13   46.6500   46.2800   4590998.0
2016-06-14   46.2500   46.4000   5465136.0
2016-06-15   46.4000   46.2600   3502950.0
2016-06-16   45.8200   46.4200   3287796.0
2016-06-17   46.5600   46.5900   5010302.0
2016-06-20   48.0400   47.6100   4669085.0
2016-06-21   47.7400   48.8700   5793038.0
2016-06-22   48.9500   48.3500   4285595.0
2016-06-23   49.3600   50.8100   7104361.0
2016-06-24   48.1900   47.8400   7480833.0
2016-06-27   47.4900   42.1800  10812168.0
2016-06-28   43.7700   44.1100  10216357.0
2016-06-29   44.5700   45.6000   7393457.0
2016-06-30   45.7200   47.2600   6241526.0
2016-07-01   46.7700   46.4700   4766476.0
2016-07-05   46.3700   44.7200   5728168.0
2016-07-06   44.3800   45.4600   4268631.0
2016-07-07   48.2800   47.6600   7831753.0
2016-07-08   48.0100   49.3500   7267243.0
2016-07-11   49.5000   49.4800   5546228.0
2016-07-12   51.6800   51.8400   8048773.0
2016-07-13   51.9200   52.0100   4005294.0
2016-07-14   52.8500   51.7500   3621887.0
2016-07-15   52.0400   51.6600   3136323.0
2016-07-18   51.6600   52.1200   2953540.0
2016-07-19   52.1400   51.2000   3817133.0
2016-07-20   51.5700   51.8700   4175849.0
2016-07-21   51.5100   51.6500   3142276.0
2016-07-22   51.8600   52.4000   3323266.0
2016-07-25   52.4000   52.0700   2944319.0
2016-07-26   52.3700   53.7400   5081589.0
2016-07-27   54.3200   53.4400   3625694.0
2016-07-28   53.3000   53.7000   5052241.0
2016-07-29   50.7700   47.5100  17658950.0
2016-08-01   47.6900   46.0700   7979097.0
2016-08-02   46.4000   45.0500   8604177.0
2016-08-03   44.0000   44.7800   5707449.0
2016-08-04   44.6200   44.3000   4199287.0
2016-08-05   44.3300   45.4200   4253828.0
2016-08-08   45.9800   45.3500   4222787.0
2016-08-09   45.4000   45.2800   2985460.0
2016-08-10   45.4200   43.1700   6036591.0
2016-08-11   43.3900   43.8900   3790223.0
2016-08-12   43.8800   44.3100   2743520.0
2016-08-15   44.4700   45.8400   4334239.0
2016-08-16   46.0800   45.7800   3247908.0
2016-08-17   45.0000   44.7300   4730129.0
2016-08-18   44.9800   45.8100   3701900.0
2016-08-19   45.6400   46.6000   3907337.0
2016-08-22   46.4400   46.1400   2942566.0
2016-08-23   46.1800   46.5000   3170715.0
2016-08-24   46.6200   45.4100   2757776.0
2016-08-25   45.3700   46.4400   4123789.0
2016-08-26   46.7700   46.9300   3363282.0
2016-08-29   46.9000   47.0800   2807468.0
2016-08-30   47.3000   47.1000   2469674.0
2016-08-31   46.8000   46.6700   3336967.0
2016-09-01   46.6700   46.3200   3015138.0
2016-09-02   46.8800   46.9700   2820645.0
2016-09-06   47.1000   47.5500   4514077.0
2016-09-07   49.5600   53.3000  18607084.0
2016-09-08   53.0900   53.4700   7121404.0
2016-09-09   52.9500   51.5900   6034300.0
2016-09-12   51.0000   52.3100   6534528.0
2016-09-13   52.5200   52.3700   5534048.0
2016-09-14   52.4000   51.9900   3859871.0
2016-09-15   52.1100   53.2800   3977542.0
2016-09-16   54.7300   54.9400   9507939.0
2016-09-19   55.3600   54.6300   4743886.0
2016-09-20   54.9200   54.4200   3054382.0
2016-09-21   54.4000   56.1300   4197423.0
2016-09-22   56.5200   56.0700   4564358.0
2016-09-23   55.9400   55.9300   3982669.0
2016-09-26   55.6000   57.0100   5901548.0
2016-09-27   56.7900   58.8600   7932465.0
2016-09-28   59.0000   58.0100   4878139.0
2016-09-29   58.4300   58.2700   5366641.0
2016-09-30   58.4300   58.4700   4396809.0
2016-10-03   59.0200   58.8600   5164389.0
2016-10-04   59.3500   58.6900   4601207.0
2016-10-05   58.4900   59.2400   4441993.0
2016-10-06   59.2000   58.0500   4964569.0
2016-10-07   57.9100   58.6700   3517186.0
2016-10-10   59.3400   59.2600   3761356.0
2016-10-11   59.2600   56.6200   6387849.0
2016-10-12   56.7500   56.4300   4292544.0
2016-10-13   55.6200   55.2800   4978106.0
2016-10-14   55.6200   54.8400   3832916.0
2016-10-17   54.8200   53.1800   6593534.0
2016-10-18   54.0700   53.9900   3133732.0
2016-10-19   52.7000   53.6000   3705863.0
2016-10-20   53.5900   53.8600   2215172.0
2016-10-21   53.5300   53.0700   2764605.0
2016-10-24   53.3200   53.5200   3157295.0
2016-10-25   54.0500   53.6300   3335186.0
2016-10-26   53.5200   56.5200   8825995.0
2016-10-27   58.5500   59.5800  15085521.0
2016-10-28   59.6800   59.2100   4760215.0
2016-10-31   59.2500   58.4400   3363161.0
2016-11-01   58.5100   57.2400   3821098.0
2016-11-02   57.1100   55.2000   4216225.0
2016-11-03   55.4300   55.1400   3192636.0
2016-11-04   54.7200   55.0200   2705620.0
2016-11-07   56.4100   57.6700   4502963.0
2016-11-08   57.3400   57.2600   2974875.0
2016-11-09   56.0800   57.4800   5819446.0
2016-11-10   57.9800   56.8400   4856342.0
2016-11-11   56.7200   58.8900   6219953.0
2016-11-14   58.6600   59.4800   4415563.0
2016-11-15   59.4900   59.7100   4047864.0
2016-11-16   59.5200   59.5300   2961160.0
2016-11-17   59.7100   58.8000   6615963.0
2016-11-18   58.9700   60.9300   4837313.0
2016-11-21   61.1000   61.1700   3887203.0
2016-11-22   61.4500   61.1900   2696428.0
2016-11-23   60.8000   61.0400   2201640.0
2016-11-25   60.9600   61.5900   1315405.0
2016-11-28   61.0300   62.2700   4726728.0
2016-11-29   62.2900   62.6700   5052997.0
2016-11-30   63.2600   63.6600   5383041.0
2016-12-01   63.8700   61.6100   5508385.0
2016-12-02   65.0000   63.3500   3496934.0
2016-12-05   64.1400   62.0900   6865574.0
2016-12-06   62.0700   63.8500   5049511.0
2016-12-07   67.9200   69.1500  15474985.0
2016-12-08   69.2300   68.2500   4771074.0
2016-12-09   68.4000   67.7100   3101065.0
2016-12-12   67.6900   66.2900   3637672.0
2016-12-13   66.5900   67.9000   3550223.0
2016-12-14   67.4500   67.1700   2558199.0
2016-12-15   67.3000   67.8900   2804080.0
2016-12-16   68.7800   67.1800   4851758.0
2016-12-19   67.3400   68.3600   2549476.0
2016-12-20   69.2100   68.9500   4286290.0
2016-12-21   69.0100   69.2200   2736048.0
2016-12-22   71.3900   70.1900   5459274.0
2016-12-23   70.1400   70.3500   2257114.0
2016-12-27   69.7000   70.1700   2102494.0
2016-12-28   69.8600   69.2100   3147008.0
2016-12-29   69.0200   68.4300   3268450.0
2016-12-30   68.5500   67.9500   2824118.0
2017-01-03   68.9500   69.4300   4479040.0
2017-01-04   69.5800   70.5400   3653169.0
2017-01-05   71.0600   70.5500   3638317.0
2017-01-06   70.4800   70.3800   3274293.0
2017-01-09   70.9000   71.8600   3909563.0
2017-01-10   71.8200   70.8400   3651239.0
2017-01-11   71.1700   71.4500   4370652.0
2017-01-12   70.9300   70.7500   3451275.0
2017-01-13   70.5900   71.0000   2078365.0
2017-01-17   70.7400   71.6200   4505724.0
2017-01-18   71.9900   73.2400   4413117.0
2017-01-19   72.0600   71.6700   4121292.0
2017-01-20   72.3900   72.6300   3513040.0
2017-01-23   72.9500   72.6500   4707168.0
2017-01-24   74.0100   76.0100   6509245.0
2017-01-25   79.7800   80.0200  13823802.0
2017-01-26   79.8400   78.4700   9977845.0
2017-01-27   78.8600   79.5200   5244208.0
2017-01-30   79.2800   79.2200   3845936.0
2017-01-31   79.1100   79.7300   3617827.0
2017-02-01   80.4700   79.1600   3897756.0
2017-02-02   79.1800   79.2300   2982651.0
2017-02-03   79.3800   79.1300   2624911.0
2017-02-06   79.0000   78.9400   2307417.0
2017-02-07   79.3400   79.0500   2629206.0
2017-02-08   77.7500   77.0800   4499223.0
2017-02-09   77.7400   78.0500   2884854.0
2017-02-10   78.2000   77.3600   2878201.0
2017-02-13   78.0000   78.4700   2399929.0
2017-02-14   77.3500   76.4100   5390393.0
2017-02-15   76.5000   76.0100   3362142.0
2017-02-16   76.5000   75.9500   2946385.0
2017-02-17   75.7500   74.9100   4790741.0
2017-02-21   74.9400   74.9000   3437549.0
2017-02-22   74.7200   74.4700   2811394.0
2017-02-23   74.9100   74.5900   2888147.0
2017-02-24   73.1200   74.6500   4087518.0
2017-02-27   74.5900   76.1000   4015522.0
2017-02-28   75.9000   76.8800   5078057.0
2017-03-01   78.1300   78.3200   4667790.0
2017-03-02   78.4300   76.2800   4867104.0
2017-03-03   76.6700   77.5400   3223355.0
2017-03-06   76.9700   76.8000   3854957.0
2017-03-07   76.8000   76.8000   2123187.0
2017-03-08   76.6800   76.4500   1649012.0
2017-03-09   76.0600   74.2600   5024790.0
2017-03-10   75.0100   75.0000   2747248.0
2017-03-13   74.8700   75.7000   2104167.0
2017-03-14   75.2700   75.7000   2355044.0
2017-03-15   75.5600   76.7200   3205768.0
2017-03-16   77.0500   77.1400   2516004.0
2017-03-17   77.3000   76.8700   3394316.0
2017-03-20   76.8900   76.4200   3514941.0
2017-03-21   76.8400   73.2200   5142627.0
2017-03-22   72.9800   74.9300   3583856.0
2017-03-23   74.6500   76.1900   3575725.0
2017-03-24   79.6750   78.1800   8681926.0
2017-03-27   77.2300   78.5700   3534496.0
2017-03-28   78.7200   80.5600   4000358.0
2017-03-29   80.0000   81.3900   4498360.0
2017-03-30   81.0700   83.7500   6704003.0
2017-03-31   83.6100   82.5300   4155102.0
2017-04-03   82.6000   82.1400   4051510.0
2017-04-04   81.8700   82.9900   2902385.0
2017-04-05   83.3700   82.7000   4093395.0
2017-04-06   82.8000   84.0900   3159979.0
2017-04-07   84.0600   85.1700   4231881.0
2017-04-10   85.4000   84.7800   5373590.0
2017-04-11   86.5500   86.0500   7808986.0
2017-04-12   86.2500   84.2100   5763896.0
2017-04-13   83.8000   83.5000   5045654.0
2017-04-17   83.5800   84.1600   3868341.0
2017-04-18   83.8200   82.8700   3798965.0
2017-04-19   83.4400   82.8000   2625194.0
2017-04-20   83.3800   84.4100   2796432.0
2017-04-21   84.6500   83.1100   2670527.0
2017-04-24   84.5600   85.7700   4009002.0
2017-04-25   87.0000   86.8800   3923022.0
2017-04-26   84.5000   84.6100   7904159.0
2017-04-27   85.1300   85.7100   5271954.0
2017-04-28   90.6300   89.0700  17282018.0
2017-05-01   88.0000   87.7000   8323433.0
2017-05-02   87.8000   87.2900   4808893.0
2017-05-03   87.0300   89.2200   4219809.0
2017-05-04   89.3500   89.1700   3310664.0
2017-05-05   88.9300   90.7200   3052601.0
2017-05-08   90.3400   89.9000   3863473.0
2017-05-09   88.9300   88.8800   3831044.0
2017-05-10   88.9100   89.5400   2366784.0
2017-05-11   89.0200   89.6800   1990634.0
2017-05-12   89.7500   89.6500   1971020.0
2017-05-15   89.5400   89.0200   2986175.0
2017-05-16   89.0100   88.9600   2193900.0
2017-05-17   88.2600   85.2200   3941605.0
2017-05-18   85.7300   86.1100   3352547.0
2017-05-19   86.5500   86.6600   3006649.0
2017-05-22   88.6200   87.9800   3214160.0
2017-05-23   88.1000   88.0300   2566908.0
2017-05-24   88.6800   89.7000   6102816.0
2017-05-25   90.3000   89.2700   3229511.0
2017-05-26   89.0200   90.0100   2909735.0
2017-05-30   90.0800   91.2900   3313317.0
2017-05-31   91.8100   90.0600   4741595.0
2017-06-01   89.9400   91.5900   3238299.0
2017-06-02   92.3000   91.5200   3183338.0
2017-06-05   91.4400   89.4200   4124051.0
2017-06-06   89.2500   89.9400   3604381.0
2017-06-07   89.9700   89.9300   2865848.0
2017-06-08   90.0600   91.0200   2616747.0
2017-06-09   91.1000   86.0100   5977686.0
2017-06-12   84.8200   86.6400   5837698.0
2017-06-13   88.5400   90.0500   4978570.0
2017-06-14   90.2500   87.8000   4209275.0
2017-06-15   86.3200   87.3100   2690144.0
2017-06-16   87.7600   87.1200   4074893.0
2017-06-19   88.1400   88.6400   2416265.0
2017-06-20   88.6900   88.2300   4412450.0
2017-06-21   88.0600   91.0300   4314641.0
2017-06-22   91.2700   90.2500   2252036.0
2017-06-23   90.9300   93.3400   7191528.0
2017-06-26   94.0000   92.6600   3380035.0
2017-06-27   91.2500   91.8500   5341011.0
2017-06-28   91.4300   93.6700   3662199.0
2017-06-29   93.2000   91.6500   5635485.0
2017-06-30   92.3200   88.6000   6577097.0
2017-07-03   89.0000   85.2900   4562275.0
2017-07-05   85.9500   86.4100   5076279.0
2017-07-06   86.1700   86.1200   4078134.0
2017-07-07   86.5400   86.9400   3398680.0
2017-07-10   86.8700   89.2700   4775522.0
2017-07-11   89.3800   91.7300   5098425.0
2017-07-12   92.9000   94.1300   5507054.0
2017-07-13   93.5100   92.8200   4120134.0
2017-07-14   93.3600   94.4400   3439748.0
2017-07-17   94.1500   94.5700   2475424.0
2017-07-18   94.1600   94.2700   2195195.0
2017-07-19   94.4200   94.4800   2740151.0
2017-07-20   95.0000   95.0100   3070322.0
2017-07-21   94.7000   94.8200   2167307.0
2017-07-24   94.9400   94.6200   2076825.0
2017-07-25   91.0400   93.7500   4978768.0
2017-07-26   94.2600   92.9600   2360018.0
2017-07-27   93.0100   91.9000   4900385.0
2017-07-28   88.0000   84.9700  11133948.0
2017-07-31   86.1200   85.1200   5063323.0
2017-08-01   85.2900   85.6700   3923236.0
2017-08-02   86.4900   84.3700   3533986.0
2017-08-03   84.5000   84.5000   3459066.0
2017-08-04   84.7900   81.1700  10558900.0
2017-08-07   81.1600   80.9700   4732673.0
2017-08-08   80.7900   81.3400   3556390.0
2017-08-09   80.7200   80.9900   2471146.0
2017-08-10   80.5100   79.1900   4212340.0
2017-08-11   79.0500   79.9200   3421338.0
2017-08-14   80.9300   82.8300   3806231.0
2017-08-15   83.0300   83.8200   3074118.0
2017-08-16   84.2000   85.8500   4046529.0
2017-08-17   85.4800   82.4800   2900529.0
2017-08-18   82.4600   83.2100   2986421.0
2017-08-21   82.9800   83.8600   3506916.0
2017-08-22   84.4800   86.6500   4376142.0
2017-08-23   86.4200   88.3100   4695296.0
2017-08-24   89.0000   89.4500   3464522.0
2017-08-25   89.1500   90.2500   3242203.0
2017-08-28   91.0300   90.5600   4290763.0
2017-08-29   89.4300   90.0700   3620290.0
2017-08-30   88.7500   90.3000   3605367.0
2017-08-31   90.3000   88.2700   4512495.0
2017-09-01   88.6700   90.4100   3392795.0
2017-09-05   90.0000   89.5000   3174666.0
2017-09-06   89.9500   89.5600   3637073.0
2017-09-07   90.0000   88.4200   2538234.0
2017-09-08   88.4000   87.0000   3965713.0
2017-09-11   87.6900   87.3800   3165524.0
2017-09-12   87.5500   88.7800   3978119.0
2017-09-13   86.5000   85.7400   8679977.0
2017-09-14   85.3500   85.7900   2881321.0
2017-09-15   86.0900   88.5200   5949185.0
2017-09-18   89.0100   89.1800   3076350.0
2017-09-19   88.7000   89.9200   7913548.0
2017-09-20   86.2100   86.3700   7737797.0
2017-09-21   86.1400   85.4900   4219130.0
2017-09-22   85.4200   86.4800   2701654.0
2017-09-25   86.1100   86.0900   2630109.0
2017-09-26   87.0400   86.2800   3305066.0
2017-09-27   86.9900   88.7200   3862070.0
2017-09-28   87.2500   86.7100   4677125.0
2017-09-29   86.5000   86.4000   3673542.0
2017-10-02   84.8400   83.3900   7342732.0
2017-10-03   83.2200   83.0000   4534325.0
2017-10-04   82.8400   84.3500   3260253.0
2017-10-05   83.0000   83.5800   5370123.0
2017-10-06   83.4800   83.8500   3468396.0
2017-10-09   84.3500   84.2700   2038025.0
2017-10-10   85.6000   86.0100   3732536.0
2017-10-11   85.9900   85.6200   2885584.0
2017-10-12   85.6000   85.7600   2159229.0
2017-10-13   86.5700   87.8000   5274204.0
2017-10-16   87.7400   86.8300   2522191.0
2017-10-17   86.4700   85.7800   2933613.0
2017-10-18   85.7100   85.5000   3355195.0
2017-10-19   85.5600   85.4800   2091955.0
2017-10-20   86.3700   86.4100   2733034.0
2017-10-23   90.0000   87.9900   4667032.0
2017-10-24   88.3300   87.8900   2542057.0
2017-10-25   87.5000   87.2900   2782713.0
2017-10-26   87.6800   89.3800   4040766.0
2017-10-27   88.3600   87.1100   7759543.0
2017-10-30   86.9600   85.7900   5129392.0
2017-10-31   86.2500   89.2700   5616162.0
2017-11-01   90.0100   89.2400   3709152.0
2017-11-02   89.1000   88.6000   2592376.0
2017-11-03   89.0800   87.0100   2875198.0
2017-11-06   86.6700   87.8500   3004818.0
2017-11-07   87.8500   86.0900   3336653.0
2017-11-09   86.5000   87.6300   2821129.0
2017-11-10   88.2500   88.9200   3216244.0
2017-11-13   88.1300   88.4400   2099865.0
2017-11-14   89.7500   91.5800   5209036.0
2017-11-15   90.8000   90.3600   3474320.0
2017-11-16   90.5900   91.2100   2310126.0
2017-11-17   91.1700   91.3000   1588495.0
2017-11-20   90.5000   90.8800   2663292.0
2017-11-21   91.5900   92.3500   3004666.0
2017-11-22   92.4300   92.9100   2233038.0
2017-11-24   92.9600   92.7800    937142.0
2017-11-27   88.3100   86.5500  11022223.0
2017-11-28   87.1000   86.8900   4427632.0
2017-11-29   86.3400   81.0000   7108609.0
2017-11-30   81.9200   78.8600   6929643.0
2017-12-01   79.2700   79.3600   6403465.0
2017-12-04   79.3600   77.1100   5676053.0
2017-12-05   77.2600   78.5600   4513678.0
2017-12-06   78.0000   77.8600   3490349.0
2017-12-07   78.0000   78.3500   2553834.0
2017-12-08   80.1200   81.4700   4999354.0
2017-12-11   81.1900   81.2000   2430809.0
2017-12-12   81.5900   81.7700   2450880.0
2017-12-13   84.6700   83.6300   6394500.0
2017-12-14   83.8700   82.6400   3229881.0
2017-12-15   81.8900   81.6200   6815974.0
2017-12-18   82.5100   83.6200   3838433.0
2017-12-19   83.5300   84.2400   3905976.0
2017-12-20   85.1600   82.7700   4720791.0
2017-12-21   82.8800   80.8300   4726587.0
2017-12-22   80.8800   80.6800   2120861.0
2017-12-26   80.9200   80.0000   3897428.0
2017-12-27   80.0900   80.9600   2604871.0
2017-12-28   81.4200   80.6400   2298751.0
2017-12-29   80.6100   79.5300   2775889.0
2018-01-02   80.5100   81.3800   3883167.0
2018-01-03   82.0000   82.6700   3240720.0
2018-01-04   82.0000   82.1700   4490930.0
2018-01-05   82.3900   82.6900   2706589.0
2018-01-08   83.0000   81.4400   4849480.0
2018-01-09   81.5200   80.6200   3793499.0
2018-01-10   79.2000   80.9100   4919279.0
2018-01-11   80.9200   82.2500   3804068.0
2018-01-12   82.6800   83.1200   2921145.0
2018-01-16   83.7000   83.8800   5528187.0
2018-01-17   84.5400   85.1600   4181407.0
2018-01-18   85.1700   86.4000   4536152.0
2018-01-19   86.1200   85.6000   3814195.0
2018-01-22   85.9400   86.2400   4313193.0
2018-01-23   86.4300   87.3400   3014527.0
2018-01-24   87.7000   86.9700   4649829.0
2018-01-25   88.1800   87.9900   6707018.0
2018-01-26   86.7500   89.6000   8106606.0
2018-01-29   88.7400   87.4500   4930777.0
2018-01-30   86.0000   87.0800   4302186.0
2018-01-31   89.1800   88.9850   8460056.0
2018-02-01   87.4300   87.6000   3525399.0
2018-02-02   86.9900   85.2500   4965885.0
2018-02-05   84.2000   81.8000   4601004.0
2018-02-06   80.5800   84.2500   4604045.0
2018-02-07   83.9500   83.7100   3649968.0
2018-02-08   83.6500   80.0900   3240263.0
2018-02-09   80.8000   80.5500   4330540.0
2018-02-12   81.2500   82.3400   3281687.0
2018-02-13   81.8600   82.9700   2796508.0
2018-02-14   81.9000   83.3300   3245437.0
2018-02-15   83.8700   84.5400   3103259.0
2018-02-16   84.2900   84.9100   2975052.0
2018-02-20   84.1300   86.4600   3721448.0
2018-02-21   86.2900   85.6700   2575119.0
2018-02-22   85.9400   85.5300   2257411.0
2018-02-23   86.9800   89.1400   4226763.0
2018-02-26   89.1400   89.2200   2719764.0
2018-02-27   89.4200   87.1900   3378689.0
2018-02-28   88.1400   87.0400   2806200.0
2018-03-01   87.4200   87.2700   3554450.0
2018-03-02   86.2800   88.2500   2505386.0
2018-03-05   88.0000   89.9500   3410615.0
2018-03-06   91.1300   93.8000   6593604.0
2018-03-07   92.7500   95.2700   6005016.0
2018-03-08   95.5000   97.2200   4039515.0
2018-03-09   97.9000   99.5500   4521710.0
2018-03-12  100.0000  102.8600   5748427.0
2018-03-13  103.1900  102.9100   6868878.0
2018-03-14  103.4500  103.2000   3962958.0
2018-03-15  103.1200  102.2300   2628920.0
2018-03-16  103.8800  106.4500   7171430.0
2018-03-19  105.9900  103.1600   4349803.0
2018-03-20  103.5400  103.6700   2395792.0
2018-03-21  103.6900  102.8400   2358697.0
2018-03-22  101.5800  100.8300   3178394.0
2018-03-23   98.4100   92.3400   8480481.0
2018-03-26   94.2100   94.2700   4349903.0
2018-03-27   94.9300   92.1800   3243163.0