4.60
1.78
2.29
-0.80
6.35
-1.02
-2.30
11.11
14.52
10.86
1.89
-0.29
2.02
3.70
2.92
4.96
5.38
10.57
0.20
-0.30
-0.75
-0.55
1.66
0.62
5.65
6.44
5.06
5.31
2.16
-0.88
-11.76
2.53
5.17
12.32
7.46
5.42
4.54
5.78
2.09
6.64
6.22
1.58
4.81
5.73
0.92
-2.40
14.87
7.76
0.27
4.10
14.07
7.99
8.17
9.77
5.95
0.16
6.92
3.88
5.58
-2.04
2.32
3.06
1.79
-2.74
8.59
0.20
7.37
6.33
-0.20
4.38
10.67
3.08
6.01
4.48
-0.32
2.10
3.59
1.11
-5.76
-2.89
8.92
4.07
1.35
-0.47
0.65
0.46
-1.34
1.90
-4.94
21.43
17.59
9.21
6.23
4.35
0.23
10.83
7.40
2.20
3.65
6.40
1.36
-5.12
12.00
-3.54
-2.39
0.63
7.37
-1.70
0.28
11.86
11.88
-1.90
-3.87
-1.94
7.74
5.85
-3.57
3.14
-0.03
-10.25
4.77
-3.26
0.58
7.52
-2.17
3.57
5.74
2.03
0.36
6.12
1.57
3.44
-8.31
8.31
5.10
6.03
-4.72
-0.52
11.82
9.27
5.70
2.25
0.71
-2.31
-3.45
2.58
9.65
-0.87
0.84
3.30
-2.25
2.21
-1.62
0.93
0.80
0.12
11.48
4.40
3.12
1.86
3.94
0.17
-0.26
-2.13
6.72
0.99
-5.09
-4.27
-0.88
1.61
0.12
2.11
5.29
-5.71
2.40
7.21
24.31
8.40
2.20
-1.79
1.82
6.51
1.54
1.64
8.11
0.85
-3.40
3.97
6.50
3.75
5.61
0.63
2.11
7.74
9.71
4.18
1.13
7.49
1.06
2.95
-2.50
3.66
1.78
4.44
-2.18
3.27
5.16
-0.17
1.30
-2.48
-4.69
-0.42
3.59
0.53
6.23
6.62
3.57
1.36
6.94
0.55
6.91
4.43
4.36
-1.28
-0.05
5.34
7.24
3.02
-2.23
-0.72
0.62
-2.89
-5.15
-0.19
2.08
5.79
1.10
4.88
7.17
7.34
1.19
-0.32
-6.02
0.30
2.31
4.06
4.33
3.47
2.05
4.31
1.28
2.55
11.03
0.72
-3.79
-2.27
1.99
5.92
4.77
3.77
3.96
-0.71
-3.01
