4.98
2.68
3.37
4.41
3.53
1.82
1.63
3.23
6.20
7.27
3.76
0.17
3.40
0.35
4.04
1.53
7.50
9.69
9.02
5.47
-3.10
2.21
2.61
5.38
3.00
-0.53
-4.53
-2.03
2.78
12.34
4.14
0.81
0.48
6.31
2.76
4.98
6.22
-1.43
4.75
3.74
5.26
2.92
-2.26
6.07
10.37
3.74
3.49
2.41
8.36
0.41
-0.13
6.26
5.49
-5.79
-4.95
6.04
3.22
5.36
2.35
-3.51
4.17
-0.17
-0.89
-1.04
10.30
3.27
11.64
4.99
-0.88
5.26
5.55
6.22
2.79
1.04
4.74
-3.01
-2.21
-14.03
-3.41
0.13
-1.16
2.36
-0.11
2.86
0.31
0.60
-2.25
2.13
0.67
7.67
6.54
9.66
7.14
3.30
1.14
2.24
4.43
1.88
6.11
1.69
-3.17
3.40
5.31
2.83
5.73
0.50
3.19
0.13
-3.31
1.91
5.78
7.04
-0.64
3.44
2.25
3.13
-2.04
-3.59
6.26
3.33
-0.74
0.88
0.42
-0.95
-1.33
0.53
3.13
0.89
-1.38
2.41
4.48
0.21
-8.01
1.76
0.43
3.15
-2.68
3.18
9.38
2.12
2.87
2.91
16.45
2.51
1.84
4.53
-1.02
-2.67
0.49
2.80
-1.28
-6.41
2.18
7.67
2.22
-1.02
4.79
18.69
9.55
2.56
6.67
5.81
3.84
-2.58
3.57
0.98
0.55
6.00
2.67
1.74
2.80
0.08
0.07
-2.00
3.13
4.36
4.76
0.47
-3.08
-0.32
4.97
1.30
2.59
2.86
3.17
-0.66
4.43
1.12
8.40
-0.08
0.03
2.19
1.56
12.86
10.85
3.73
-0.45
0.67
-0.46
3.06
2.49
0.78
-0.75
7.33
3.61
0.88
3.00
-0.06
4.65
1.75
5.77
1.69
-2.24
-0.94
2.47
6.49
5.02
1.00
-0.05
0.44
1.91
2.08
3.31
2.58
-3.29
2.83
2.26
1.26
0.08
-5.38
4.02
-2.35
-2.45
1.51
2.47
0.71
3.91
5.21
4.14
0.95
-1.47
3.02
0.57
0.38
0.79
5.01
5.46
2.60
-0.61
4.58
3.78
3.09
-1.83
2.92
0.11
-1.60
1.56
4.33
11.00
3.98
7.48
1.55
-1.61
