0.95
1.15
1.38
2.40
1.04
1.56
1.00
3.56
4.27
0.63
1.24
1.21
2.27
0.20
2.70
4.30
3.62
4.05
-0.10
0.09
-1.00
0.30
2.22
0.97
2.70
3.96
1.14
-0.35
0.02
1.55
0.23
0.49
0.20
3.70
1.82
0.57
-0.85
-1.23
4.08
3.86
2.20
0.51
1.34
5.08
2.88
0.29
0.13
1.37
3.45
0.95
0.40
0.11
0.44
-0.95
-1.32
2.88
1.68
2.16
1.15
1.17
0.36
0.76
0.21
-0.72
2.52
2.15
1.42
1.76
-0.08
2.36
0.45
1.21
0.57
1.02
1.72
0.36
0.90
2.54
-0.07
-0.34
3.19
2.01
0.26
0.85
-0.38
1.02
0.61
-9.77
1.93
2.41
6.05
9.41
5.47
0.84
-0.24
2.02
0.46
-0.80
2.64
-0.12
1.19
0.98
3.36
-0.33
3.66
2.88
2.14
1.91
-2.56
1.26
1.76
-1.67
1.77
0.73
-0.78
1.11
1.42
2.02
1.39
-0.51
-0.89
-0.64
0.76
1.70
-1.09
0.35
2.56
-0.14
1.41
1.65
2.91
3.31
-5.71
0.97
2.18
2.51
1.18
4.14
5.95
3.40
5.20
1.45
-0.55
0.19
1.12
1.01
0.81
-1.20
1.70
2.58
-1.63
-2.87
3.34
5.02
2.36
-0.66
6.75
0.85
1.75
1.39
3.27
1.29
1.72
1.25
0.65
-0.33
0.47
-0.76
-0.88
1.46
2.72
0.28
0.22
2.22
1.55
6.40
2.41
0.46
0.70
-5.99
2.22
0.50
0.16
0.88
0.52
-1.24
2.65
0.81
-0.42
0.35
0.45
0.63
3.15
3.30
3.70
3.93
0.64
2.29
3.57
3.98
0.91
-0.09
0.97
-0.06
-0.70
-1.61
3.21
3.96
3.71
1.22
0.90
-0.11
-0.34
-0.38
0.41
2.24
2.32
-0.70
-0.87
2.36
3.17
2.62
0.07
3.03
-0.19
2.12
2.46
-0.55
4.16
14.20
-3.95
0.79
-4.85
2.02
3.74
0.90
-0.08
2.58
4.40
2.93
0.93
2.77
1.41
-3.01
0.18
-0.64
4.10
3.79
2.04
0.76
-0.26
1.50
3.25
2.65
1.70
-2.48
1.68
4.48
1.50
2.95
0.96
-0.49
0.27
