1.95
0.40
1.97
2.52
5.29
5.68
-6.64
4.05
-0.72
-1.85
0.30
-4.99
6.46
1.81
1.38
1.31
1.52
-0.49
0.05
0.61
-1.11
0.49
-1.09
4.79
6.04
8.94
4.46
0.31
-2.18
9.45
4.51
6.88
-1.87
-0.81
2.36
5.56
-0.28
-0.95
5.70
1.37
3.98
-0.06
0.26
1.05
-0.11
0.87
3.38
0.03
3.39
-0.83
-3.32
1.44
2.04
-1.67
-0.36
0.51
3.47
5.77
5.56
2.01
1.14
2.10
7.70
3.94
0.82
0.47
-0.03
0.40
-5.97
3.98
4.74
4.41
1.98
-1.17
6.12
-2.40
-2.91
0.31
0.85
9.79
15.53
2.19
0.82
3.19
-0.66
0.15
-0.76
0.39
2.23
-2.75
2.83
7.85
2.76
-1.42
0.08
5.52
-2.46
-0.35
7.24
3.96
-3.29
4.18
3.47
-0.21
11.89
8.42
3.53
-0.53
2.27
-0.43
-8.28
0.51
15.76
-1.91
1.95
4.62
0.41
3.31
0.76
-0.23
-0.29
1.38
-0.30
0.12
-0.91
-0.28
-0.52
-1.34
0.36
-0.01
8.14
-2.61
-4.10
0.25
17.17
10.55
-0.14
-0.53
9.14
6.94
3.71
3.74
1.16
1.91
-0.29
1.13
5.41
3.73
5.59
1.27
4.75
-3.92
-4.53
18.59
5.69
-2.28
10.76
3.90
1.94
10.54
11.14
9.03
-1.17
0.33
2.09
4.79
8.09
7.39
-8.99
-1.65
2.06
1.17
1.92
-1.34
3.09
3.25
8.75
5.16
0.76
1.14
3.96
2.66
1.35
2.63
-1.05
6.23
5.07
-1.86
1.35
2.30
2.47
1.90
-2.36
20.80
16.39
4.09
4.25
7.38
1.63
2.73
1.36
2.62
-0.17
3.94
-2.44
3.18
2.81
1.40
1.26
5.58
7.25
-3.94
2.25
-0.15
1.23
1.35
7.31
-1.57
14.84
0.19
3.15
1.29
8.05
4.62
-0.61
3.43
2.31
2.99
4.75
0.69
-1.37
0.82
-0.33
1.75
2.29
0.44
7.15
10.92
2.36
4.29
1.70
-0.44
1.06
2.46
0.32
6.53
3.75
1.72
3.26
9.53
0.87
-0.10
5.82
1.06
1.02
-2.03
7.40
6.69
0.38
14.39
5.01
1.22
-1.30
