1.23
1.34
-2.28
-0.65
7.05
4.23
0.38
0.18
2.43
-3.19
-0.02
-0.14
1.85
-0.36
-0.42
3.76
6.56
6.96
1.96
3.68
-2.27
-1.81
1.78
0.74
3.36
2.65
-0.14
-0.81
1.87
1.24
-0.40
0.67
0.25
2.69
1.11
0.47
1.38
2.26
0.94
5.41
0.56
0.11
0.95
0.59
2.32
0.74
1.66
-0.12
-4.15
0.42
5.16
2.21
-0.11
1.35
0.63
3.04
1.35
2.54
1.07
-1.77
0.97
3.79
1.28
0.61
3.43
0.94
2.88
1.54
-0.87
2.19
4.85
1.97
-0.08
1.00
1.80
0.80
-2.65
-0.72
-1.79
-3.67
1.03
2.00
3.12
1.20
2.14
0.96
-1.40
-2.00
-0.06
2.15
5.79
3.61
6.80
1.02
0.25
0.10
4.20
-5.86
8.45
1.96
-2.63
5.09
0.32
-2.79
1.96
9.06
4.36
2.64
-1.99
-2.37
-0.63
1.39
7.88
9.19
0.52
2.23
2.04
5.33
2.37
-0.94
-0.13
1.29
-2.02
0.44
1.03
-3.16
2.93
-3.18
5.17
3.09
0.10
0.59
-9.00
2.45
-0.44
9.06
1.05
6.27
12.52
5.61
2.14
4.03
2.16
-4.26
8.11
5.52
-0.22
-3.43
11.46
8.63
-0.71
-8.74
5.70
7.40
4.05
-1.83
9.55
5.16
7.90
5.02
4.27
2.79
5.18
2.23
0.41
3.72
2.30
2.23
15.29
0.31
5.10
2.59
-0.50
5.49
2.24
2.64
6.83
2.14
0.38
-1.13
-1.35
2.24
2.48
-0.43
1.88
-4.56
5.94
7.79
1.48
0.12
1.83
1.48
1.82
3.71
0.84
4.29
4.50
6.62
1.49
-0.54
1.94
6.39
3.71
2.14
1.06
0.60
0.88
0.88
13.03
2.87
3.28
1.23
0.58
0.92
0.06
2.16
3.38
1.32
2.93
1.59
1.89
1.56
1.70
-3.53
-1.58
2.73
9.70
6.61
0.85
1.08
5.10
-3.89
4.07
1.36
3.21
7.09
10.03
1.13
6.78
0.09
2.12
0.89
2.31
2.42
1.45
-0.26
0.56
-1.35
2.18
1.60
1.33
6.04
0.85
-8.82
0.04
-3.68
8.12
7.16
-2.52
-0.84
3.61
-3.09
-1.10
