3.98
9.88
15.09
3.89
5.12
7.13
3.34
6.34
-0.91
6.85
3.05
16.88
12.90
5.98
4.87
2.16
3.70
4.83
2.26
2.00
-3.87
1.45
-1.30
-2.38
5.98
1.22
1.16
-4.46
3.84
5.34
5.39
-0.75
1.06
6.86
11.58
0.02
0.01
7.94
7.21
-0.27
5.66
-2.98
0.92
-6.58
6.17
13.69
8.90
0.78
-8.78
3.64
3.42
4.37
16.34
13.52
2.35
2.29
3.02
0.77
0.66
8.41
6.23
1.34
-3.04
-8.92
-41.83
-3.54
2.91
13.41
3.53
3.67
0.75
1.42
5.27
14.36
16.62
5.69
11.10
2.71
-2.24
2.78
12.07
13.90
6.67
-0.30
-4.19
4.34
7.90
11.83
-0.80
7.10
4.18
-0.11
-0.60
-0.81
-1.84
7.42
4.72
7.24
2.91
-5.09
-0.35
-2.83
31.90
-0.80
12.73
10.44
1.05
-0.01
1.71
2.08
2.37
2.68
6.68
-0.80
0.95
-0.37
2.04
4.02
3.03
8.77
10.33
-3.49
5.39
1.35
-0.45
0.73
-0.88
0.91
6.46
1.02
4.50
-0.52
2.63
5.55
-0.40
0.13
0.69
4.41
0.69
0.18
0.15
-2.80
-1.93
-0.99
-1.26
1.04
7.34
1.98
-0.12
1.76
1.62
-0.11
0.41
9.03
1.19
0.37
4.10
7.40
6.48
-1.40
0.80
6.01
2.94
7.85
2.19
4.29
7.86
