9.57
-2.07
-1.17
-7.62
-1.48
1.73
3.79
23.33
26.78
0.19
21.68
3.01
-0.36
-1.58
6.38
6.55
6.23
8.24
12.80
0.44
8.74
9.12
4.21
-1.36
3.94
5.04
9.32
-2.59
-5.15
3.21
1.50
-6.29
4.08
21.50
5.51
7.42
14.11
1.10
9.07
11.02
-0.61
0.03
8.53
5.22
13.58
4.74
3.95
2.04
28.13
15.39
6.42
2.25
-0.16
4.26
-5.72
13.36
7.74
9.82
0.09
-4.81
1.47
-4.31
3.19
0.61
4.55
-4.57
-2.41
2.01
7.51
9.92
1.09
6.20
11.22
11.88
5.56
-2.28
-1.23
0.93
0.27
2.31
5.08
11.74
11.61
15.48
1.35
11.82
12.79
3.79
3.65
7.42
5.48
16.49
11.09
5.12
5.80
11.28
3.07
-9.50
11.73
11.62
17.05
8.45
2.04
-0.67
4.46
-0.99
7.00
17.89
13.72
5.25
6.73
6.61
3.67
2.76
-0.75
1.59
4.58
-1.13
18.74
10.41
15.90
20.56
15.06
-0.94
-1.70
0.27
11.89
16.73
-1.38
-2.19
3.50
-2.75
-4.73
5.98
-11.91
7.48
-5.72
-1.76
6.37
-2.70
0.44
5.47
8.66
1.13
10.08
14.42
2.27
3.04
2.13
3.81
-4.22
-16.73
-9.53
3.61
4.75
3.21
22.07
8.46
3.89
-8.88
2.27
15.08
8.13
0.50
2.87
0.24
-1.88
-5.86
0.33
10.66
6.81
26.25
11.10
2.31
-0.03
3.81
7.94
5.58
3.40
2.23
7.33
9.87
5.23
7.48
-3.13
3.03
1.69
9.13
6.13
-4.26
-0.03
-0.25
-1.32
1.57
7.27
6.07
-1.19
-3.70
-1.27
2.31
-0.91
4.85
-4.17
4.06
0.50
9.60
4.92
6.82
4.30
-3.23
5.20
2.69
1.40
-0.65
-1.54
5.60
9.06
3.30
7.34
7.18
4.32
-6.04
-7.84
-5.39
1.18
1.87
3.84
4.05
-0.06
1.41
3.82
1.26
4.33
7.20
1.29
4.47
3.01
4.94
4.93
5.05
7.69
1.35
4.79
4.49
-2.19
7.58
8.10
3.25
0.51
3.79
9.44
4.61
-9.88
-2.63
-0.66
-3.46
3.32
2.21
6.49
11.45
5.14
0.52
-2.56
