3.47
3.47
8.78
-6.14
7.20
5.62
-3.90
1.03
7.52
5.85
-4.21
-3.86
11.72
-2.18
9.66
39.32
25.56
16.55
-1.01
0.55
1.35
2.12
3.28
3.34
-0.97
10.42
7.51
-7.33
2.03
-1.96
3.86
-0.82
-4.26
16.22
7.03
2.97
1.14
1.19
7.41
3.81
-3.52
1.09
6.50
4.33
2.71
6.95
2.59
0.38
4.22
9.90
5.56
7.71
-14.65
-1.75
8.25
6.16
0.27
0.38
6.76
3.38
4.49
0.54
0.60
-3.07
14.61
1.74
1.33
0.15
3.48
-0.35
1.54
6.77
5.77
-5.60
8.23
9.18
7.13
-11.09
6.50
6.21
2.38
3.83
-1.27
0.62
-1.45
-2.22
-2.43
-4.97
-2.26
-3.21
1.42
7.17
-0.14
-2.02
6.39
3.27
-1.97
-1.92
6.54
2.67
0.00
1.45
1.71
10.47
25.57
5.07
0.39
4.46
-2.49
-4.05
2.31
-2.30
1.27
3.04
5.28
-6.88
-0.09
3.49
0.69
-1.72
2.82
1.84
8.90
9.44
-2.77
1.56
-2.47
-6.54
11.11
19.44
-9.73
-3.85
4.17
3.88
12.92
0.53
-7.19
7.39
11.94
6.35
12.87
3.11
5.85
-5.39
10.23
11.42
1.70
6.29
16.78
16.73
-2.58
-9.26
-7.77
11.22
0.94
-6.04
7.37
11.92
20.72
15.25
21.48
4.76
2.88
-0.57
1.82
46.69
13.89
0.93
3.95
13.57
16.63
1.90
3.48
23.58
1.84
2.55
2.46
8.00
30.76
3.34
2.67
6.80
12.20
1.55
0.13
-10.54
9.94
9.54
5.51
-0.61
4.82
11.44
0.12
1.92
28.54
15.80
1.41
22.93
8.70
12.68
-0.48
0.19
-5.10
3.52
20.46
21.72
2.66
7.51
8.80
-2.80
7.29
3.60
4.21
5.02
-6.11
2.48
4.80
-22.97
11.92
16.50
-3.58
9.51
14.63
2.59
21.23
-5.47
12.25
1.80
8.08
-0.16
-2.34
-0.96
-0.57
3.14
6.41
-2.85
11.72
0.93
5.11
8.35
4.12
0.83
-10.97
8.82
-1.01
3.29
-2.09
-5.29
9.69
6.77
7.30
13.94
3.81
6.55
8.51
-5.85
4.39
2.04
5.35
0.71
-2.36
-0.51
-5.67
