6.59
2.92
1.49
5.29
-0.71
1.26
-2.04
4.03
7.04
0.77
0.81
-1.09
2.70
-1.40
-0.15
0.83
6.58
3.23
3.12
9.84
4.01
2.57
4.70
0.05
3.96
2.11
0.96
-2.78
1.87
2.51
-0.57
2.67
5.94
2.71
4.27
7.05
3.95
1.22
3.68
7.29
-0.64
-0.06
0.58
0.14
3.03
8.42
4.52
15.04
3.94
0.98
2.02
7.11
2.08
-0.58
7.13
5.45
5.93
6.28
2.23
2.44
3.01
1.90
-0.42
-3.05
10.64
0.41
9.23
4.55
0.49
3.88
1.79
0.31
-0.20
0.58
5.76
0.28
2.47
2.05
-1.45
0.73
7.28
4.03
11.79
11.74
2.16
1.60
0.91
-2.15
0.09
9.45
9.16
5.33
3.04
5.93
2.78
5.31
11.71
-1.36
2.83
0.34
4.18
3.35
4.01
0.66
1.80
6.36
3.70
15.61
4.16
1.44
5.90
-1.59
-0.15
1.14
1.62
-0.14
2.64
3.74
5.89
10.62
9.29
-0.56
1.14
1.00
-2.66
-0.33
3.68
1.76
-2.47
-0.86
2.67
0.68
7.12
7.02
6.78
3.80
-2.71
0.42
-2.96
3.80
9.30
2.67
5.32
-2.59
5.57
6.48
14.47
2.15
0.80
3.39
-1.19
-5.48
-1.89
9.08
9.04
-8.62
9.13
4.13
10.98
5.95
5.74
2.62
2.74
0.95
2.27
-1.87
0.38
-1.57
0.80
6.82
5.59
7.18
1.47
-1.15
1.35
2.81
5.51
3.05
2.63
2.73
5.00
2.83
2.23
0.85
-2.21
2.53
1.23
2.17
2.09
1.49
1.36
2.73
0.02
3.29
-2.56
6.26
-0.09
6.72
4.76
1.74
-0.91
1.19
4.50
12.30
4.26
1.80
0.97
3.79
3.15
5.28
2.45
-1.26
1.47
-0.50
-0.05
3.39
2.97
2.00
6.21
3.22
2.03
6.23
3.28
-2.63
2.48
-0.47
5.35
5.67
2.65
-0.32
1.00
1.28
3.36
1.38
2.60
-0.89
1.67
-1.52
1.91
3.63
0.20
1.05
7.65
7.00
0.55
6.37
-0.30
-3.12
1.50
1.37
2.92
3.65
0.28
0.40
-3.21
-1.81
7.36
3.55
1.16
1.89
7.47
-5.91
1.58
