2.82
2.37
1.37
4.40
2.99
0.31
0.26
1.85
4.41
2.83
3.74
2.78
0.39
-0.79
1.89
2.13
4.57
4.00
-0.02
1.28
-1.58
2.16
1.75
1.45
0.57
3.89
3.43
0.24
0.39
-1.52
-0.49
1.00
0.23
2.71
2.74
2.16
-0.70
-0.06
3.55
4.34
1.25
0.99
2.57
1.23
0.59
-0.44
0.65
1.46
3.39
0.83
2.49
0.37
-0.08
-0.77
5.55
5.17
1.08
1.49
-0.03
1.20
-0.06
2.39
0.84
-1.66
1.37
-0.72
3.62
3.10
-0.72
1.57
2.12
1.36
-0.38
1.21
1.03
0.10
-0.30
0.81
0.64
-0.74
1.88
0.57
0.21
0.05
-0.77
0.48
0.55
12.33
8.88
-2.19
3.20
2.67
1.11
2.66
3.90
7.55
-0.10
-0.81
3.01
0.15
4.86
0.27
2.65
-0.57
3.64
1.18
4.11
1.97
1.33
-2.07
2.51
0.60
-1.37
1.32
2.47
0.52
0.49
0.55
0.52
0.72
-0.50
0.24
0.80
2.56
0.64
1.33
3.80
0.66
2.92
2.25
-0.82
0.04
-1.78
0.51
0.97
2.59
0.45
0.30
3.62
2.13
1.72
3.72
6.90
0.76
0.76
1.16
2.54
0.90
1.85
1.26
-1.11
-2.01
1.55
2.53
0.83
-0.89
7.35
3.92
1.88
0.75
1.06
1.53
3.49
2.97
2.67
0.95
1.57
4.00
2.13
-0.50
1.38
1.92
0.52
0.77
2.36
3.80
3.15
-0.14
0.59
1.37
0.80
-0.23
0.78
2.07
0.53
-0.06
4.53
0.75
0.08
1.16
-0.72
-0.13
3.46
5.21
-1.17
1.92
1.70
1.27
2.13
-0.51
-0.10
4.94
2.80
-0.73
4.52
1.42
1.20
2.35
1.77
0.64
0.18
0.19
0.59
0.29
0.22
1.38
2.06
1.35
0.40
0.96
2.69
3.25
0.30
1.30
1.26
1.18
1.63
2.53
2.66
-1.11
-1.26
2.08
-0.14
0.11
0.81
2.19
-2.58
0.22
1.86
1.63
5.97
3.59
6.30
5.94
-0.36
2.97
1.50
-2.58
1.36
0.61
0.70
4.48
4.05
5.78
3.75
-2.76
-0.91
1.87
2.29
2.05
2.23
-1.86
-0.51
