-0.01
0.88
2.73
1.83
3.01
1.07
-0.97
2.93
4.75
0.44
0.01
-0.04
3.62
-1.51
2.56
2.67
1.23
7.58
1.86
2.22
-0.13
-0.66
1.58
-0.76
3.43
6.07
7.22
0.73
0.88
-1.64
-0.81
1.79
-0.34
4.38
1.83
-0.63
0.53
0.18
3.93
2.42
1.94
1.95
2.70
2.01
2.14
-0.11
0.72
1.80
3.68
1.79
-0.26
-0.48
-0.38
-0.66
1.04
1.41
0.23
3.19
4.34
2.90
6.30
0.25
0.50
-2.66
2.83
0.41
2.22
1.87
0.75
1.25
1.85
1.96
1.74
1.77
5.12
-0.02
2.13
3.99
1.13
0.09
-0.41
2.80
1.61
0.65
2.12
1.42
-1.20
-0.13
0.53
-0.89
2.96
4.93
3.10
1.74
1.05
1.01
2.84
-1.00
3.75
0.35
-3.22
-1.57
2.43
-2.20
6.00
4.25
1.33
1.42
0.61
4.47
0.57
-0.38
1.92
1.55
3.57
4.13
1.96
1.33
0.78
1.23
-0.62
1.79
0.31
0.79
-0.69
-1.03
4.37
4.77
-0.18
2.66
2.53
-0.01
-5.92
0.83
1.47
2.24
-0.20
3.48
4.12
0.08
5.50
3.59
4.65
1.30
1.73
0.69
0.48
-2.43
2.71
1.38
-0.30
-4.59
-3.32
2.52
0.14
-2.53
6.06
3.58
8.03
0.31
2.07
0.52
-0.68
0.21
7.82
8.02
1.48
-0.76
0.77
4.92
2.75
0.54
-0.91
-0.62
2.98
2.13
4.95
2.30
0.81
-0.30
3.78
-0.02
1.16
3.50
0.62
0.25
-0.52
-0.96
3.37
0.68
8.00
6.55
-0.28
8.39
5.86
-0.08
2.69
3.05
-0.33
-0.37
2.27
0.76
-0.40
-3.37
0.97
1.94
4.28
1.93
2.60
0.95
1.04
-2.18
2.29
0.78
0.31
1.31
0.61
1.09
-0.70
0.35
1.73
0.77
4.66
2.88
-0.47
5.58
1.04
3.83
1.96
0.63
1.51
-1.35
0.32
0.93
-0.19
1.01
2.12
1.90
3.69
2.12
0.17
-1.87
-0.68
-0.60
2.68
1.19
4.99
0.61
1.09
-0.07
0.16
6.19
5.28
0.63
0.78
-1.59
2.17
3.21
3.19
0.73
-0.32
-1.47
-2.04
