4.12
-0.53
2.61
0.60
-1.99
-1.78
0.86
-0.18
1.25
1.39
3.57
-0.09
0.02
-1.03
3.41
5.00
1.53
-1.18
1.78
0.40
-0.39
0.38
0.65
-0.79
-0.20
2.92
2.94
1.60
-2.65
-0.93
0.22
0.79
2.34
1.76
1.21
0.81
1.07
0.24
1.41
2.97
6.71
5.29
-0.66
2.29
2.36
-0.78
0.49
-0.05
4.90
2.08
2.22
-0.34
1.71
-1.29
3.89
4.21
3.67
0.80
-1.70
-1.50
-1.16
3.63
1.24
0.14
3.14
3.24
2.21
-0.04
1.68
-0.29
0.19
2.37
3.22
1.47
1.14
-1.13
0.64
0.25
-2.90
-1.21
0.37
2.32
0.15
-0.40
1.57
0.64
-1.48
-1.81
0.28
1.34
3.87
3.14
-1.54
-1.61
3.52
-0.66
-0.40
-3.61
8.27
0.13
-4.65
4.49
10.11
3.47
5.86
1.92
1.02
1.22
-0.05
-5.55
5.99
1.00
2.76
5.89
3.77
1.74
-0.06
-0.72
1.04
1.15
-1.36
0.65
0.96
2.12
-0.57
-1.30
1.95
-2.63
-0.45
-1.45
0.97
-1.56
-3.87
5.28
-2.45
3.50
-3.40
11.43
14.41
1.12
1.74
2.60
4.43
-2.96
3.36
0.91
-2.92
-1.99
-0.66
6.21
-1.92
0.76
3.94
10.59
2.16
-1.22
5.52
-2.28
9.16
-0.40
4.64
0.36
1.52
4.56
5.80
7.50
5.07
-5.20
2.39
0.86
3.11
3.61
1.81
7.26
4.64
7.38
3.46
0.41
-0.67
-1.10
0.69
4.15
0.57
0.17
3.16
-0.13
1.74
4.43
4.93
2.26
0.83
0.21
-0.94
-0.56
-0.15
3.39
3.54
4.39
2.10
2.06
3.86
2.41
0.19
-0.92
-0.67
-0.39
-0.97
-1.14
1.86
0.77
1.43
0.96
1.37
1.82
2.24
-1.47
1.10
2.78
2.33
4.60
1.00
-0.93
-0.26
0.95
-1.06
1.28
0.07
1.62
0.60
4.61
3.25
-2.51
-1.58
1.20
3.24
3.64
5.34
3.78
1.64
1.18
1.32
0.28
5.06
3.28
-2.48
1.94
1.46
0.06
3.03
2.65
3.93
2.20
2.12
1.99
1.08
-4.78
0.39
0.81
2.09
1.02
1.07
1.97
3.08
