-1.32
4.91
3.42
1.62
2.13
1.28
2.86
1.18
-1.11
3.51
0.53
0.33
5.04
0.95
3.95
-0.23
3.05
1.96
3.31
1.31
-0.12
3.98
0.12
1.34
0.70
0.30
1.71
-0.41
-0.38
2.96
1.66
0.76
-0.28
2.06
1.18
-3.04
-0.50
2.51
1.53
-2.68
3.22
0.77
-0.04
-1.21
3.37
0.93
4.56
-1.50
-3.41
2.70
2.27
1.11
5.12
7.86
3.03
1.39
0.82
1.97
1.35
0.74
3.78
1.67
-2.70
-1.53
2.61
-0.12
-1.04
5.40
3.93
2.39
1.54
0.85
-0.33
1.27
2.89
1.44
4.61
0.42
-4.55
0.18
0.52
0.95
4.07
0.56
-1.52
1.95
2.75
5.58
3.33
1.10
2.22
1.53
-0.50
-0.66
-1.38
1.63
0.62
-2.00
2.17
0.00
0.42
-0.54
0.41
-0.44
-0.08
9.24
0.15
1.28
1.38
3.59
0.84
-0.05
4.23
0.37
1.52
0.96
5.20
4.23
4.39
2.14
1.09
2.51
0.63
-0.04
-0.12
2.08
-0.57
-4.14
0.60
0.23
0.87
1.44
3.51
1.47
1.77
5.81
2.30
-0.13
0.72
-0.29
0.99
-0.05
-2.63
-1.91
1.72
2.88
3.86
0.36
0.45
1.76
0.10
-0.03
2.06
1.41
-2.05
-0.77
-1.30
4.72
5.89
1.46
5.66
-0.44
4.90
14.05
5.51
3.63
-3.70
