-1.13
8.21
5.86
3.90
1.24
-3.30
4.54
4.31
4.76
2.26
0.74
0.25
-1.22
-1.48
8.93
3.89
1.03
3.26
3.71
1.69
-0.94
-4.61
-0.60
-0.07
2.18
-0.55
31.47
3.35
-1.29
0.02
5.37
0.05
-1.28
1.52
2.21
-3.01
8.46
0.16
0.07
-4.03
-2.24
-1.05
1.53
-3.12
6.37
-0.67
6.98
2.63
-2.92
23.15
2.96
1.49
0.20
0.87
-0.15
1.23
-0.15
1.82
11.47
0.06
9.14
1.86
-0.71
-4.75
3.17
1.97
2.02
6.30
4.24
4.67
3.32
3.50
4.70
-1.21
1.15
-0.94
0.62
-4.62
-2.95
2.81
-0.57
4.65
1.81
1.56
-1.53
2.98
3.44
1.61
2.62
1.56
7.56
4.79
2.13
-2.28
-0.69
4.86
1.88
3.40
7.25
0.33
-1.04
-1.59
-0.32
-3.18
8.72
13.58
6.09
3.25
3.23
4.01
0.79
-3.87
6.08
0.66
0.47
2.18
1.05
3.21
2.66
5.83
3.96
1.93
4.57
-2.17
1.17
-1.63
11.56
8.09
1.72
4.07
1.97
0.88
4.69
2.47
1.72
2.99
4.08
0.99
-1.15
-0.66
1.54
0.91
-0.67
-0.36
2.80
1.26
5.14
6.05
4.17
21.07
5.78
0.80
-2.76
2.68
-2.97
-1.07
4.57
3.77
-0.02
-1.20
8.49
-7.08
7.31
4.86
0.83
8.74
1.64
