0.04
10.36
4.05
0.67
2.73
5.13
-0.31
4.41
5.74
1.34
0.96
-0.55
3.02
-0.29
3.26
2.16
2.38
8.98
2.32
0.53
-2.23
-1.26
3.34
2.84
5.64
5.80
2.46
1.44
4.26
0.03
-1.30
2.58
4.65
3.93
5.31
1.07
-0.49
1.60
4.98
5.55
1.06
1.01
0.92
3.68
-1.37
0.24
1.41
3.37
6.21
2.74
0.03
-2.41
0.40
0.04
5.08
10.04
2.71
2.24
1.05
-0.66
0.74
-1.39
0.40
-1.94
2.12
-2.20
1.11
0.05
4.58
4.82
0.33
2.78
0.38
3.63
5.92
0.75
-0.96
-2.27
-1.29
4.94
3.51
1.94
-0.19
-0.32
-1.23
-0.86
-1.67
-2.09
-0.08
7.59
3.19
1.64
-2.27
2.75
4.19
2.76
0.86
-0.08
5.63
2.28
-2.01
3.40
4.11
1.45
1.91
6.30
2.57
5.40
3.22
1.92
3.51
-1.53
0.04
1.47
0.53
2.33
0.88
-1.34
1.41
3.67
0.76
-0.71
-2.39
0.30
-1.18
-0.49
1.41
-2.10
-0.65
0.17
-1.15
-0.30
-4.21
1.61
-0.16
0.22
-1.59
1.77
9.50
1.19
3.93
9.20
5.28
5.62
2.99
-0.39
-0.63
-2.82
0.25
2.21
0.04
1.61
1.19
4.19
3.03
-6.59
8.17
5.53
8.90
4.40
4.62
1.66
1.82
0.11
1.91
4.25
0.81
2.82
-1.98
-1.42
4.97
1.27
-1.79
3.24
-0.32
7.47
5.28
-3.04
0.64
-4.12
1.71
0.29
1.73
-0.46
3.72
0.74
-2.06
8.56
5.78
0.12
4.20
1.33
1.06
3.07
4.41
2.40
0.78
4.76
3.13
1.45
1.68
1.44
-0.46
2.47
2.15
0.30
1.84
3.56
2.29
1.57
0.55
-1.12
4.26
1.56
-1.16
1.87
-1.14
-1.37
-1.16
-0.92
0.78
0.29
2.59
1.46
4.69
2.74
-0.33
2.91
3.83
2.16
-0.97
2.94
-1.19
-1.02
0.72
-3.81
0.12
2.69
2.53
-0.95
0.67
3.24
-1.52
3.85
-0.38
0.78
6.78
2.08
2.47
3.94
-1.32
-2.00
5.27
0.48
2.73
-5.68
5.65
2.95
0.70
-0.44
-0.81
-1.20
4.09
