4.85
0.28
3.30
-13.42
3.61
2.71
-1.87
1.76
1.41
-1.95
-2.37
-0.93
4.49
-2.70
11.02
6.14
5.00
5.95
5.58
1.70
-2.22
-1.65
2.65
0.91
4.97
5.83
2.66
3.03
2.01
0.44
2.02
2.41
-1.07
2.75
3.94
2.97
1.71
1.39
3.46
4.98
3.15
1.79
2.83
1.22
2.26
1.03
1.58
1.73
4.46
1.06
1.02
1.82
-2.04
0.70
5.75
7.53
4.98
3.71
0.90
3.00
4.66
4.27
1.95
-0.24
3.80
-1.97
2.90
2.73
-3.51
0.89
5.33
1.77
1.57
-0.62
0.04
-0.85
0.88
1.44
-3.35
-0.80
2.22
1.56
1.20
0.14
2.02
1.84
-2.38
-4.55
-0.74
5.60
7.27
-3.54
3.91
1.50
1.13
-2.28
-0.14
-0.48
8.72
1.75
0.74
-2.33
2.96
2.97
11.48
4.20
0.25
-1.45
0.38
-2.48
-0.05
3.72
5.76
3.23
-0.18
1.17
-3.88
0.55
1.69
-0.33
-2.05
1.13
0.22
0.26
-1.40
-0.95
2.76
-3.69
-1.03
-0.75
1.20
2.25
-0.49
2.96
5.13
1.83
-4.00
4.33
16.22
4.86
1.38
-0.50
14.28
0.80
3.78
5.29
-0.11
-0.62
-0.88
4.10
-2.15
-4.36
3.02
6.57
7.02
0.61
10.87
4.16
8.55
3.59
3.28
1.38
0.63
-0.56
4.58
2.59
2.22
-7.19
1.70
1.89
3.46
4.72
0.46
0.71
2.92
3.01
9.45
2.66
4.15
-0.45
1.64
3.50
3.76
0.90
1.87
-1.00
5.59
4.23
1.72
-1.07
1.37
1.07
0.59
1.64
4.48
1.29
-1.49
6.28
0.80
-1.07
0.61
3.10
3.62
5.07
4.06
4.29
1.88
0.28
2.08
0.29
3.46
1.05
2.15
0.37
0.15
4.02
3.40
-7.17
-4.15
0.32
3.30
1.17
3.00
2.85
-1.58
2.05
1.03
2.63
2.52
0.09
-2.73
1.21
-0.13
1.24
2.63
0.98
4.33
4.44
3.26
2.55
1.65
2.30
6.94
4.61
-2.73
1.52
1.44
-1.91
-1.16
9.60
1.19
6.04
3.33
1.67
1.26
-1.39
0.72
1.57
0.91
0.77
2.06
-3.06
-2.26
