2.01
-1.52
3.38
2.21
0.10
-0.77
0.23
5.90
3.04
1.83
5.50
-0.58
1.88
2.02
5.30
0.43
-0.31
-0.69
-2.18
5.00
0.95
0.32
9.21
4.29
11.19
9.22
-0.44
0.43
2.29
-0.03
-1.09
2.75
0.25
0.29
2.08
1.32
-0.40
0.96
3.00
0.30
2.41
1.72
1.15
-0.59
2.44
-1.73
1.10
2.71
1.75
-1.39
1.19
8.59
2.24
3.88
1.73
1.74
1.56
8.64
1.17
-2.24
0.25
5.60
5.27
-1.25
2.57
0.75
-2.46
3.85
-2.49
4.12
4.60
4.19
-0.60
8.09
5.00
-1.64
-0.40
-0.15
2.20
2.95
0.86
1.67
1.66
0.26
1.52
-0.19
0.54
-1.05
11.12
7.37
-0.74
5.49
0.61
0.65
-0.94
1.92
2.76
3.06
3.77
1.38
-0.27
-1.62
0.90
4.10
2.96
0.31
2.50
1.10
0.85
2.48
2.03
2.47
1.20
-0.85
-0.14
1.01
-5.39
2.75
0.20
-0.20
1.81
0.99
1.08
7.16
2.80
0.83
0.74
0.10
1.58
-1.58
1.03
0.01
-0.54
2.47
1.24
0.80
1.38
0.16
4.94
4.08
0.83
2.46
2.02
1.69
0.24
0.16
-1.08
-0.18
3.38
0.67
-1.53
-0.10
-7.73
4.26
3.73
3.58
1.37
2.15
6.22
0.26
-0.04
0.17
2.23
-0.21
2.27
4.74
1.91
1.13
2.97
5.98
1.25
0.26
-2.19
3.25
2.04
-2.48
7.62
4.43
-0.96
-0.79
0.55
1.45
-1.07
0.81
8.83
3.12
1.82
-1.83
1.78
2.02
1.59
1.44
-1.56
14.34
13.19
12.17
2.61
17.98
2.08
0.11
0.24
-1.22
-0.75
4.43
3.23
2.37
2.38
3.50
-1.73
-2.36
1.99
2.04
7.55
0.07
2.32
2.32
5.42
-1.05
-1.30
-2.33
1.59
5.45
12.83
2.22
-5.91
9.55
3.55
-1.80
3.66
3.85
0.20
0.95
-1.88
1.84
0.43
2.59
4.27
15.76
3.00
3.70
0.54
2.85
5.47
-1.43
1.49
3.95
6.97
-3.09
3.24
2.42
-3.22
0.65
3.04
0.38
6.01
3.87
0.89
1.54
1.08
4.79
5.51
2.08
-2.20
