-7.42
3.46
2.35
-0.89
5.61
5.38
1.65
-0.49
-2.75
7.17
7.06
5.71
6.81
3.93
2.32
0.47
0.34
3.27
3.60
0.79
-0.49
0.10
1.20
-0.46
0.31
3.19
2.15
1.96
6.82
2.24
5.06
1.90
0.90
0.95
-0.68
-43.81
2.45
-0.65
11.36
-3.57
2.57
5.18
6.08
-3.52
0.35
0.61
-1.17
-4.76
-6.89
17.82
6.49
4.00
3.49
-0.23
-5.06
4.71
-5.24
2.45
-4.53
-1.77
7.65
-0.24
-12.30
-3.37
-2.62
2.20
1.92
18.62
7.33
11.44
3.25
1.37
0.74
-4.88
-1.95
4.34
13.56
2.50
-0.80
-4.03
-0.19
3.90
8.43
11.72
-5.93
-0.80
-7.01
8.22
13.47
-2.51
-1.67
-0.86
2.34
10.28
11.28
5.35
0.84
-3.26
1.38
7.77
1.05
1.60
12.18
-2.27
7.95
17.68
7.95
1.41
7.06
6.27
3.74
9.59
7.09
4.45
9.48
6.92
1.78
2.93
-3.28
-5.03
-0.15
-3.96
4.28
4.85
-0.38
2.63
-3.53
0.70
0.68
7.31
1.39
5.30
-1.18
-0.09
7.37
2.66
2.11
8.59
3.09
6.19
-1.23
10.16
4.33
-2.17
-1.14
3.23
10.79
11.47
7.03
-0.10
-0.22
6.78
3.64
3.17
4.50
-2.32
-0.21
3.97
4.64
10.55
2.34
4.87
2.62
1.07
-2.98
4.19
1.88
