3.26
1.16
1.48
4.19
2.28
1.04
2.50
-0.87
-0.78
-1.52
-1.39
-2.32
3.80
-2.28
0.03
4.66
3.89
5.23
4.51
1.03
1.77
-0.40
1.51
2.78
3.37
6.61
5.26
2.91
5.47
1.30
-1.41
1.53
-0.19
3.86
2.03
0.77
-0.25
1.30
5.07
2.56
0.10
2.62
4.31
3.81
-0.34
1.55
-1.35
2.93
4.11
2.25
1.20
1.43
1.64
3.40
0.03
3.80
2.18
2.31
1.78
0.94
-0.23
2.19
0.96
-0.70
3.45
-2.59
-0.87
3.07
0.87
2.50
0.81
1.51
3.83
-0.38
0.93
-2.21
-0.27
6.48
2.32
-1.73
1.98
3.13
4.18
2.20
0.38
0.11
0.37
0.49
1.59
1.46
8.35
3.88
1.34
2.87
0.54
1.05
0.91
0.55
4.88
0.88
1.79
2.12
0.93
-1.24
-0.36
5.03
5.28
2.59
-0.63
1.27
3.59
-1.36
3.58
2.23
3.44
2.70
-2.85
3.44
2.39
0.07
-1.20
0.83
0.80
0.24
-2.80
1.65
0.30
6.15
1.43
0.93
1.78
1.66
-1.15
0.35
1.70
2.64
0.34
3.56
0.22
1.21
2.86
4.88
0.03
-0.67
3.18
4.80
0.99
0.75
1.39
0.99
-1.60
-0.37
-1.88
5.19
5.44
-0.84
6.20
2.68
2.84
-0.64
0.29
1.22
5.05
0.09
4.87
-2.94
-0.92
-0.34
1.03
4.76
2.67
0.88
-0.09
-3.34
0.81
4.25
3.28
0.15
2.52
-4.36
-0.03
1.03
1.32
1.87
1.73
0.12
0.13
2.80
2.82
-0.59
1.26
5.07
6.83
2.23
-0.37
0.64
0.07
3.81
0.95
1.58
-0.43
4.31
10.03
8.37
1.65
1.87
1.47
0.22
-1.06
0.73
2.71
2.58
1.27
-0.13
1.04
0.89
2.15
1.88
4.63
3.09
2.12
2.70
2.43
-0.55
2.80
-0.32
4.17
3.20
-6.10
0.09
1.13
2.15
1.63
2.29
2.42
2.07
0.22
0.47
3.61
2.08
1.71
0.41
0.65
-5.89
-1.29
1.98
0.43
2.27
2.84
-1.16
1.72
1.64
-0.22
2.23
0.52
-2.59
2.63
3.84
2.67
1.95
1.44
-1.51
-1.16
