1.98
5.33
1.73
8.26
5.33
4.18
1.83
-6.75
-1.96
8.65
-2.32
0.12
3.98
-1.52
-0.48
-1.27
4.56
1.65
7.23
1.50
-2.03
3.71
3.33
6.55
5.24
6.69
1.27
4.51
3.53
2.69
-0.35
-0.91
-0.03
0.38
0.49
-3.02
-2.56
-2.11
-0.25
-3.87
-2.20
5.10
4.38
-6.66
3.62
0.56
3.50
4.33
0.07
5.72
3.38
1.75
-4.46
6.37
1.89
3.75
-5.93
-2.82
-1.46
-8.49
15.07
3.70
-1.78
5.50
19.15
10.79
2.29
0.62
8.88
11.04
5.83
5.82
1.34
3.44
4.24
4.23
1.61
3.30
4.35
2.62
-1.63
2.37
4.89
6.04
-0.67
3.22
4.17
0.96
0.23
-2.98
2.60
4.28
3.64
4.96
-0.57
0.01
7.27
-2.29
3.56
2.36
-0.22
-6.72
-0.56
2.03
5.73
8.02
7.20
2.37
7.64
1.27
-3.31
6.00
-0.44
-0.87
4.29
3.92
6.53
9.24
-0.53
-2.25
3.66
0.90
0.07
7.59
5.11
3.97
-0.61
1.02
0.51
4.63
0.26
-0.81
-1.19
2.74
5.46
2.58
10.06
2.01
3.19
-0.26
2.20
0.77
0.46
-0.07
1.92
8.30
4.31
1.64
1.25
0.90
-1.20
0.52
-0.76
9.24
10.08
3.04
2.56
0.41
-1.52
0.17
-0.07
5.74
2.97
0.75
-0.41
0.73
-4.05
