-4.58
3.38
4.53
5.13
5.11
5.49
3.64
2.03
-0.85
4.66
3.84
-1.87
2.66
2.25
1.11
-0.59
9.71
7.10
1.63
1.88
-0.33
-0.18
0.51
0.12
2.50
3.19
2.41
2.02
0.45
2.55
1.18
-0.17
-0.53
1.05
1.95
-1.62
-2.42
3.16
2.52
1.50
0.62
1.11
3.04
-5.19
1.43
2.08
0.33
-1.50
3.40
7.93
4.04
3.84
3.17
-1.10
-0.61
-2.43
2.64
0.75
0.56
1.40
2.57
2.39
-3.78
-2.78
-0.86
2.02
1.20
15.53
3.60
1.72
3.65
3.65
1.69
2.03
-0.65
1.61
1.83
1.31
-2.78
1.30
4.80
6.42
1.75
0.30
-0.29
1.30
1.57
4.36
2.63
3.51
0.14
1.33
0.93
-0.05
2.98
1.61
-0.73
0.63
1.72
0.99
-0.10
-2.31
0.92
1.15
2.81
3.05
-3.89
0.38
0.43
3.47
1.21
0.41
0.26
0.45
1.57
2.60
2.13
3.72
7.62
2.27
0.41
0.12
0.36
-0.19
-0.47
-1.27
-0.27
3.41
2.75
0.74
0.91
-5.02
1.53
0.18
0.37
1.75
0.98
-1.35
1.58
1.96
1.03
0.56
0.52
2.60
0.75
3.32
1.52
1.80
4.31
1.87
0.44
-0.05
3.25
0.98
1.12
-0.91
7.71
4.01
1.47
1.77
2.20
0.37
3.75
4.00
4.67
3.23
-1.53
