-3.77
2.12
-0.07
4.15
2.53
-0.91
1.84
0.51
-1.91
2.74
4.31
-1.23
-1.08
0.02
3.97
2.19
4.81
2.93
-0.30
0.11
-1.13
5.74
2.37
0.79
2.28
2.49
4.32
3.73
-1.18
0.82
0.16
1.84
0.69
9.27
4.24
0.93
-1.79
3.02
0.86
8.02
9.18
0.48
3.09
-2.19
-0.98
3.04
6.10
1.50
-0.86
7.04
4.75
7.52
10.82
0.56
-0.33
-1.87
1.45
2.15
2.43
3.20
-1.12
2.45
-2.08
-4.90
2.23
6.46
-2.48
8.54
8.46
7.53
3.61
3.07
1.45
2.93
1.66
2.83
5.63
2.58
-0.10
3.02
0.82
3.86
2.22
2.87
-1.84
2.02
-2.68
5.07
3.51
5.43
2.24
-2.43
3.17
1.73
1.02
-0.72
-1.15
0.58
2.93
0.04
0.27
2.66
2.34
-0.37
1.96
2.41
3.17
0.61
3.23
3.96
2.10
-0.34
0.85
1.45
3.47
2.73
-15.20
4.73
2.93
0.58
-0.06
6.49
1.37
2.06
0.69
0.29
0.49
1.30
4.36
4.75
-0.90
-1.58
0.96
0.76
-1.64
1.57
0.33
-0.60
2.80
3.02
-0.26
-0.92
-2.32
0.90
1.19
3.97
-1.20
1.63
-0.16
4.53
4.65
2.67
2.58
-0.32
3.20
1.86
2.74
1.61
1.62
0.24
1.07
0.84
3.75
0.99
4.03
2.24
-0.36
