8.58
5.57
4.23
3.24
1.60
0.22
-1.96
1.97
5.59
3.84
3.22
0.06
1.41
1.09
2.59
0.61
3.57
4.24
-0.65
0.73
-0.80
6.32
4.31
1.70
3.14
1.81
1.40
0.34
5.59
1.31
0.20
1.49
-1.15
4.45
4.29
-0.28
1.62
1.42
2.17
4.24
1.61
-0.48
-0.72
1.18
-1.44
0.90
4.29
-0.17
2.19
1.09
7.92
4.09
0.35
1.25
6.33
3.00
2.11
0.84
0.55
0.20
2.72
2.70
1.04
-2.85
0.27
-3.15
-8.08
4.24
0.49
0.47
3.91
1.93
0.17
-0.05
2.56
-0.42
0.97
1.49
2.58
-0.53
3.52
0.02
-1.07
1.30
3.13
0.12
-1.41
-0.65
-0.30
3.84
5.36
25.03
14.09
0.02
0.54
2.36
0.66
-0.25
1.52
1.26
1.78
1.17
1.19
-0.27
0.29
0.62
-0.48
