4.06
2.56
-0.18
0.14
-0.21
2.91
-1.01
2.63
2.41
4.79
1.82
0.88
5.06
1.66
1.58
1.86
0.25
3.95
-0.08
2.15
-0.50
2.30
1.67
-0.84
5.15
3.35
2.00
0.75
0.88
-1.76
-0.01
-0.91
0.94
2.66
3.52
-0.97
-0.47
0.99
4.59
3.75
2.80
3.02
2.54
2.66
2.12
0.72
2.51
4.01
4.70
0.99
-1.08
-1.43
1.36
-0.80
2.76
5.36
3.63
2.14
1.01
1.63
2.64
0.20
1.04
-0.50
0.67
0.34
3.65
2.42
1.27
2.33
1.83
0.27
0.39
-0.61
1.49
1.39
0.83
2.74
-0.85
1.56
2.57
0.79
0.52
2.72
1.61
1.27
-0.32
1.53
2.41
1.68
5.85
2.24
4.83
1.67
1.24
1.66
1.02
4.02
7.05
1.48
1.05
2.81
3.56
0.86
1.21
3.24
1.37
0.95
-0.45
1.87
1.48
-0.11
0.56
-0.34
-0.75
0.86
-0.79
1.16
2.33
1.90
-0.89
0.72
4.21
3.00
0.15
1.98
4.58
0.97
2.63
0.68
-1.23
0.62
-1.16
-0.09
1.03
0.62
-0.25
3.04
5.29
1.87
1.89
1.51
-2.46
-1.31
1.00
2.64
2.42
0.02
4.62
3.21
-1.02
-0.47
0.93
2.06
2.98
0.83
5.50
1.12
2.06
2.24
1.68
1.14
3.08
-0.64
1.87
0.75
1.89
4.06
-0.28
-2.26
-1.94
1.46
0.22
-0.87
0.32
2.43
2.28
0.07
-0.42
4.20
1.79
0.37
0.55
-3.36
0.71
-1.13
0.07
0.49
-3.06
2.68
-0.10
1.16
-3.01
0.38
-1.52
-0.00
5.31
4.55
0.71
0.59
1.22
4.23
2.15
-1.53
-2.32
-0.38
3.93
3.20
1.27
0.03
-0.40
-1.10
0.40
-0.76
1.71
2.46
4.84
-1.39
2.35
-2.32
0.42
3.18
2.15
2.06
2.19
3.27
-2.17
0.24
1.29
2.87
-0.23
0.85
-0.44
-1.97
6.17
5.37
2.20
-0.39
0.30
-4.79
-0.12
4.38
-8.04
3.08
3.59
1.37
8.10
-1.10
1.60
3.66
0.00
7.46
2.85
2.98
3.57
-5.22
-4.40
2.82
-1.79
2.22
1.16
-5.26
-1.17
