3.16
3.86
1.94
0.19
0.68
0.22
1.59
2.51
1.81
1.32
1.16
-0.55
2.16
-2.00
3.50
4.50
1.49
1.38
2.05
0.90
-1.45
-0.20
0.50
-0.05
4.16
3.34
2.71
1.23
-0.23
-1.24
-0.48
-0.25
2.68
2.58
2.84
0.86
-1.12
-3.04
1.48
2.25
1.29
0.30
1.73
1.33
2.63
-0.62
1.33
0.61
3.72
0.88
0.60
-1.65
0.82
-1.04
0.33
1.77
2.34
1.14
0.62
0.92
2.35
2.57
0.35
2.88
4.86
1.44
0.80
0.91
-0.89
0.07
1.16
3.49
5.32
1.98
-0.20
0.61
1.11
3.43
-0.82
-1.69
0.96
0.88
1.45
-0.52
-1.37
0.65
-1.32
-2.31
0.54
1.28
4.82
3.72
1.29
-0.42
1.94
-1.80
-0.36
-2.16
10.44
0.92
-2.20
-2.45
4.38
0.37
5.46
3.05
-0.72
-0.06
-1.42
-0.50
4.14
1.12
2.96
3.73
2.19
1.80
0.53
-0.21
0.63
-1.12
-0.97
-0.51
-0.82
0.45
-0.90
-1.52
1.26
-0.53
0.51
-6.20
2.40
-3.04
-0.11
8.48
-2.03
4.77
-0.75
9.49
12.66
2.96
1.76
5.29
8.27
-2.03
1.24
2.05
-1.13
4.81
4.89
3.47
-1.70
-2.32
1.58
5.77
1.37
2.66
5.65
-1.99
7.11
7.62
5.19
-0.66
0.65
3.51
4.97
3.95
2.03
-0.73
1.18
-1.20
2.17
1.81
1.04
1.45
2.24
2.42
2.64
0.92
-0.35
-0.59
0.96
2.61
-0.34
0.04
2.91
-0.07
0.49
4.05
1.62
1.86
0.06
2.07
5.14
2.31
1.83
2.55
2.38
4.52
2.62
1.31
-0.29
-0.43
0.18
1.01
-2.10
1.37
1.38
-0.73
2.86
0.14
-1.53
0.15
0.07
1.82
0.72
-1.85
1.53
0.51
0.92
1.06
0.30
-0.96
4.33
2.15
-1.91
1.79
-0.80
0.95
0.89
6.40
1.80
-0.00
-1.92
1.88
3.71
4.16
3.18
1.89
0.86
1.31
1.54
0.05
-2.40
1.94
0.42
0.46
4.55
1.54
-0.05
5.23
4.22
1.72
4.21
0.10
-0.15
-6.75
-1.05
-0.70
3.31
3.95
2.23
1.01
0.81
