1.62
4.14
3.37
2.87
0.92
-0.98
2.91
1.54
0.56
2.19
3.01
3.86
4.25
3.51
2.71
2.11
-1.04
-0.95
1.01
-0.27
-1.54
5.49
1.42
2.23
-0.29
-1.18
-0.28
-0.32
1.56
2.48
0.02
-0.51
-1.65
-0.95
0.49
-1.24
2.25
0.51
2.50
-0.07
1.14
2.01
3.31
0.31
-1.31
-2.19
4.90
0.81
0.39
6.51
3.14
3.74
2.53
0.92
-2.57
2.95
3.03
0.97
-1.08
2.60
1.31
1.83
1.28
-2.12
4.25
4.74
0.76
-0.38
4.42
5.12
2.13
1.48
-0.66
5.50
0.89
1.67
2.40
0.93
3.86
2.48
-1.62
0.88
2.47
0.71
1.76
1.07
7.33
5.27
3.05
1.97
2.10
-0.46
-0.76
-1.16
1.14
3.19
-0.59
-2.57
2.08
-0.94
-3.35
0.55
-0.18
-5.48
1.76
2.79
0.04
1.42
4.14
0.35
-0.14
1.46
3.24
0.17
1.07
0.28
0.52
2.49
-4.36
2.19
-1.72
-5.53
1.07
-1.35
1.24
0.94
3.58
-2.90
-7.44
-6.94
-1.52
1.52
-2.23
7.16
5.38
-4.13
7.44
4.77
6.46
4.46
12.09
-0.54
0.60
-1.69
2.21
0.53
2.97
2.36
-2.91
-1.79
0.15
-0.51
-1.25
-6.84
6.06
2.23
3.24
-2.16
0.33
6.24
13.42
2.89
3.08
-3.96
1.29
0.88
-2.47
