3.00
0.80
2.09
2.33
2.32
-0.39
4.73
7.77
3.69
1.07
1.99
-0.41
3.63
-0.68
2.16
0.51
0.15
1.69
1.81
1.69
-1.11
1.29
3.26
2.49
7.11
5.24
1.49
0.36
-1.72
2.10
-0.22
-0.24
-2.03
1.11
3.17
3.69
4.62
-3.02
1.37
6.06
2.92
4.35
-1.96
1.19
1.73
1.41
-0.00
2.01
5.19
2.17
-2.54
-1.99
-1.58
1.73
4.89
1.24
2.37
3.13
3.27
-1.46
1.16
0.99
0.94
-2.88
0.10
-1.23
2.40
-2.40
4.10
6.45
3.31
1.71
-2.50
-2.02
3.39
4.11
9.30
0.52
2.56
0.41
-24.26
3.93
-0.80
-0.85
-4.16
1.35
-1.51
-2.99
1.74
2.83
6.90
2.14
-2.79
2.08
6.04
3.83
-0.77
0.29
5.63
1.08
-5.26
-2.19
-0.95
1.07
1.81
5.67
7.12
7.40
2.84
-1.56
0.75
-2.01
5.78
3.32
2.54
0.75
2.69
-1.82
6.86
2.13
2.66
1.53
0.98
2.92
-0.02
1.33
5.09
-3.76
2.65
2.87
-3.91
1.80
-4.25
2.41
1.96
7.14
-0.76
-3.14
10.52
1.76
3.92
2.59
5.58
2.79
1.65
1.82
-1.11
-5.89
-0.93
1.99
-0.84
0.25
3.45
6.12
2.52
-4.49
7.00
-2.65
11.93
4.18
5.93
0.26
2.38
1.07
1.24
1.19
0.52
5.56
3.41
-4.65
5.69
5.19
-3.40
-0.16
2.23
3.42
2.18
-0.47
1.55
5.36
1.64
3.70
0.42
-2.29
0.99
-0.06
5.70
7.55
4.61
-1.67
1.97
3.61
-0.53
2.86
9.23
-1.12
0.82
8.74
0.30
-0.29
0.19
-1.32
4.20
2.91
1.16
0.16
4.02
3.49
-0.91
-1.97
1.22
-0.34
5.46
4.00
-0.08
2.29
1.06
-3.48
-1.78
-0.10
2.38
3.83
0.64
0.76
-0.11
1.38
0.77
4.36
0.75
1.40
-2.74
-4.66
-1.52
1.78
-1.40
-1.64
3.75
0.18
1.58
-0.50
-1.57
4.39
-2.21
-7.24
2.86
5.52
19.32
3.25
10.12
16.14
0.44
0.39
15.29
6.89
0.56
-6.34
3.18
3.80
8.44
-1.26
0.87
-3.85
-0.91
