1.21
3.17
1.03
0.50
1.35
-1.17
-2.89
-0.69
1.43
6.32
6.88
0.37
0.63
6.21
5.85
1.69
3.06
-1.19
2.63
2.05
-0.20
2.22
4.27
8.87
3.76
4.88
7.98
-2.25
2.62
1.92
-1.30
1.22
2.75
4.29
3.29
0.88
3.24
7.00
2.11
2.56
0.35
0.57
6.07
3.86
7.93
3.10
1.66
3.14
5.63
1.39
0.26
-0.49
2.20
2.23
2.42
2.17
1.14
5.32
5.61
0.38
1.24
5.68
1.93
-3.66
3.10
0.92
9.16
-1.49
-1.11
2.37
-0.30
1.10
3.58
9.77
4.62
0.60
-0.24
-2.04
-1.00
1.39
3.82
2.15
2.03
2.46
0.41
1.29
0.42
1.20
0.12
-1.45
5.53
4.36
1.27
6.72
16.90
6.46
-4.81
-1.60
3.85
1.34
-1.45
2.77
4.52
1.02
6.28
1.68
1.86
-0.23
-0.05
-0.86
1.44
-3.81
0.95
1.56
-1.22
0.47
-1.03
-0.98
3.05
3.74
6.86
4.99
-1.20
-2.21
-0.54
0.34
2.05
-2.72
-0.07
5.12
0.66
1.31
-8.04
1.89
2.14
6.35
2.41
-0.47
7.88
0.50
1.31
3.21
3.04
-1.20
2.85
0.32
-1.28
-1.84
0.40
0.62
-1.07
-4.61
-5.70
-0.89
0.68
-8.11
11.94
5.17
7.23
0.43
0.49
-1.51
-0.82
-2.85
8.04
12.63
2.77
-3.26
2.27
1.69
10.94
14.26
0.78
0.19
0.90
2.70
2.39
2.34
1.96
1.50
0.77
1.72
-2.38
1.66
3.80
2.38
5.65
3.60
2.70
2.23
5.35
2.25
0.58
3.19
-1.25
2.13
3.01
5.67
1.58
1.62
2.20
4.77
1.30
0.78
0.71
3.01
3.04
1.22
0.03
3.72
1.44
0.20
2.25
0.84
1.53
-3.40
9.28
-0.74
0.61
3.77
1.80
3.80
1.28
0.47
-1.06
1.85
3.20
2.62
-0.52
1.42
-4.91
-2.53
-1.62
1.29
2.37
-4.55
-1.09
1.51
2.21
-1.42
-3.43
0.49
-0.14
5.67
1.69
-0.39
3.20
2.32
0.38
0.02
3.22
1.68
1.19
0.56
1.67
-0.79
2.05
2.75
1.33
-2.23
0.25
-2.67
-2.96
