-0.08
5.92
4.26
4.68
1.22
7.35
7.37
2.58
-0.17
1.69
3.37
0.99
1.63
1.70
6.48
7.27
3.98
2.71
3.49
1.64
3.17
4.52
-0.64
-0.18
2.78
-1.34
0.89
-1.01
1.80
1.64
0.66
0.85
3.46
1.05
2.83
1.92
0.17
3.11
1.27
-2.91
0.68
0.23
4.28
2.04
0.79
-6.29
0.38
4.76
2.25
0.43
-2.44
3.17
1.19
6.45
1.71
-0.21
16.22
6.64
4.91
0.94
0.70
3.68
2.80
-2.13
2.75
6.04
-4.99
6.72
6.23
0.84
-0.26
5.01
-0.42
4.93
0.37
1.13
3.01
0.10
0.28
1.64
-0.15
15.01
11.41
1.27
1.34
1.35
2.93
1.21
1.01
1.78
1.30
0.76
1.85
-0.88
-0.74
-4.40
-0.69
0.61
-0.15
-0.59
0.80
0.63
-0.20
-0.64
1.27
7.36
13.04
5.97
-0.49
-0.01
-1.16
-5.62
2.12
2.15
-0.87
0.89
1.70
4.83
2.15
0.70
-0.35
-1.04
1.22
5.26
4.39
-0.02
2.64
7.04
2.42
1.46
-1.25
1.55
1.63
0.32
-1.12
-4.38
2.35
0.61
2.63
3.69
3.03
5.60
2.60
0.09
8.42
6.15
4.29
1.42
1.67
3.10
3.62
3.25
0.93
1.61
1.74
2.34
6.21
7.23
6.37
2.89
2.56
0.99
2.75
5.20
2.99
2.04
-0.14
