1.32
2.23
5.45
2.49
1.37
0.41
-1.88
2.24
-2.40
1.14
5.50
6.78
3.67
0.25
-3.40
3.46
4.85
3.56
-0.36
1.18
-2.54
0.07
2.01
2.73
4.90
6.20
2.08
-2.17
3.48
2.87
1.44
-1.74
0.39
7.20
3.08
1.86
3.53
-0.68
1.29
-3.35
2.94
1.68
1.83
0.06
-3.24
4.85
1.46
3.34
4.83
0.38
-1.31
3.34
2.56
-1.39
3.43
1.92
4.48
5.71
1.08
-0.99
-0.14
-0.83
0.85
0.45
2.68
-0.89
-2.02
0.96
2.02
0.18
-0.85
-1.48
1.65
1.52
3.07
1.86
1.73
4.08
0.96
2.11
-0.41
5.43
2.63
-1.88
-3.30
2.79
7.97
3.74
0.47
-2.30
4.01
4.68
3.67
3.15
0.62
0.88
1.04
3.13
2.61
-0.09
-0.55
-0.62
5.42
-1.29
1.23
4.16
5.02
1.27
4.32
0.37
0.11
-0.70
-1.09
0.58
-0.03
5.44
0.32
0.69
2.83
1.83
4.92
1.85
-0.64
2.61
0.39
2.95
7.31
-55.64
1.03
0.87
0.91
0.28
0.35
3.73
-1.63
2.23
-2.20
1.90
2.97
-1.02
15.23
7.51
4.11
-0.26
1.38
2.84
0.69
-1.31
1.15
-0.01
-0.97
-0.82
2.18
3.00
-4.85
-4.23
8.82
2.68
1.93
0.68
1.41
2.12
0.91
5.78
3.66
-1.33
3.18
-1.44
-0.51
1.76
3.41
0.29
0.76
2.81
2.47
2.26
9.85
18.96
15.23
0.77
1.12
-0.46
1.82
4.07
2.98
0.41
0.91
3.30
1.33
-0.78
2.71
-5.16
-1.35
1.45
2.12
2.13
-1.34
7.52
1.62
1.91
1.26
4.00
0.74
4.38
6.33
3.48
4.39
1.01
1.32
-1.12
1.06
2.23
0.63
1.74
1.43
-0.58
1.44
1.18
2.33
2.40
3.70
2.06
3.00
-0.47
3.20
0.51
3.50
6.23
0.75
-1.47
1.20
-1.71
-0.80
2.81
8.44
4.48
1.21
-0.37
2.77
0.72
-0.67
-0.43
1.86
0.60
-2.55
1.34
-0.42
7.30
3.33
0.38
3.61
4.43
-0.81
5.18
16.87
6.05
0.94
3.23
1.29
2.13
0.80
-1.93
-0.47
