1.97
0.52
-0.88
3.48
2.20
3.96
1.22
5.46
2.58
1.06
-1.22
0.88
0.78
-1.98
4.31
8.20
2.63
1.27
2.47
2.35
-0.49
1.43
1.20
0.20
3.47
3.70
3.71
1.45
-0.52
0.39
-0.12
0.40
0.13
3.04
0.87
-3.93
1.07
0.54
3.09
1.86
-0.55
4.37
4.50
2.63
3.26
0.92
1.10
1.22
4.82
0.58
4.01
3.98
1.66
0.92
1.93
3.19
0.85
3.26
4.26
-0.53
0.76
-0.34
-0.78
0.06
-0.47
-0.49
-2.68
2.22
2.85
3.04
0.70
1.62
-1.21
0.53
0.71
-1.86
0.45
0.56
7.13
2.93
4.10
3.71
0.19
1.77
0.91
0.52
-1.03
-0.50
1.56
4.70
4.41
4.93
2.48
2.03
3.98
4.62
2.60
-0.70
4.98
3.53
1.24
0.83
1.03
-0.76
0.75
3.89
3.91
-1.31
0.11
0.87
3.73
2.81
0.81
5.23
-1.97
1.76
0.84
0.37
3.84
2.83
-2.89
1.88
2.59
3.26
0.16
0.26
3.32
3.26
-0.61
-0.29
0.23
1.20
-3.56
0.67
1.58
1.07
-1.23
0.39
2.63
5.84
2.35
3.24
3.36
0.01
0.39
2.73
0.78
0.80
1.58
1.95
-0.49
-1.09
-10.02
0.58
0.66
-3.03
3.66
3.89
3.68
-0.85
0.86
-0.75
2.06
2.60
3.59
3.82
3.33
0.50
0.25
2.35
3.89
2.26
1.07
-0.10
2.93
1.99
4.42
1.59
-0.37
-2.11
0.70
1.30
0.58
-3.01
-0.03
-0.19
0.76
1.06
-0.28
0.64
2.20
0.38
1.31
11.01
5.67
0.67
0.47
0.71
-0.56
-1.14
3.35
4.10
2.24
-0.88
-2.00
-0.49
3.21
3.39
1.48
-2.07
-0.65
-2.56
3.89
1.71
1.33
0.87
-7.87
2.08
0.48
-0.71
0.39
2.32
3.57
4.51
3.39
0.56
-2.46
0.99
1.95
0.23
0.25
-0.29
0.63
1.04
2.86
2.11
-0.49
1.99
1.98
-2.13
-0.47
6.30
4.88
-1.21
3.20
1.65
10.87
6.46
7.80
6.80
1.79
7.02
3.97
0.90
1.32
-4.33
-0.26
4.86
3.79
6.09
2.09
-5.04
0.22
