-0.38
-0.37
6.69
2.66
-0.79
-0.31
0.44
3.79
2.60
1.33
-1.20
0.33
6.24
-0.91
5.29
-6.42
4.10
5.72
-0.58
1.34
-1.81
5.87
5.46
4.69
6.02
3.47
2.73
0.69
-5.43
4.66
-2.97
2.44
3.99
9.88
5.91
1.95
2.19
-0.61
0.95
-0.57
4.31
19.75
3.81
0.71
3.74
2.18
0.70
7.21
4.80
1.67
3.29
1.34
-2.98
-1.41
15.70
12.89
3.26
-0.96
-1.05
2.20
-1.10
4.14
-0.35
2.36
4.77
1.81
1.53
1.33
1.20
4.31
2.88
2.73
7.46
1.54
6.12
-0.50
1.21
2.43
6.06
2.55
2.87
3.10
1.59
1.72
-0.47
-0.60
3.36
0.49
0.47
0.06
6.91
7.05
4.15
4.04
-0.38
3.18
4.93
-2.68
2.66
0.78
1.12
-0.24
3.70
1.15
2.02
6.69
11.69
2.46
-1.28
2.97
4.94
-0.96
5.24
1.67
1.12
1.26
3.62
4.92
2.88
8.61
-2.10
1.17
3.03
1.61
1.33
-0.26
4.64
1.21
11.30
15.68
-1.35
1.80
-2.56
1.59
3.59
11.81
-0.12
2.56
6.17
5.14
2.01
6.56
5.35
-3.82
1.11
-0.04
2.10
4.70
4.36
0.03
-1.79
-6.58
-2.36
-0.35
0.27
5.35
14.51
-2.26
3.71
8.30
5.46
-3.23
0.29
-0.81
7.00
-0.33
8.45
2.15
-0.48
0.86
2.14
-0.62
-1.09
1.95
3.48
4.48
7.86
3.98
2.81
-0.35
0.06
2.49
-0.88
-0.19
3.23
0.54
-1.19
9.53
3.90
2.10
7.25
5.90
1.07
1.01
1.58
2.85
-1.28
0.72
-2.36
-0.14
-0.70
3.74
2.30
2.12
1.29
1.61
0.20
0.04
0.68
5.29
6.00
0.45
1.30
-1.51
3.73
3.93
3.57
4.10
2.28
3.55
2.33
2.61
1.97
1.72
5.03
-0.66
2.24
3.55
2.06
2.94
-0.98
-0.55
1.23
2.90
1.74
-0.58
-0.60
2.38
3.02
0.95
4.21
1.40
-16.83
0.17
2.66
4.16
-0.07
-1.84
2.57
1.22
4.11
5.45
4.05
0.87
2.18
-0.23
-18.30
4.28
2.14
7.09
4.00
-1.32
-1.75
