-0.62
3.82
4.02
3.16
3.97
4.58
-0.02
0.71
0.06
0.65
1.42
-2.10
3.16
-0.94
2.83
1.44
4.62
6.37
1.08
1.35
-2.03
-0.16
-2.14
2.66
2.34
2.46
1.02
3.06
7.45
-3.61
-1.84
0.34
2.36
12.52
3.32
1.31
2.83
1.30
-2.36
3.96
3.41
3.06
-5.18
0.37
1.61
1.02
1.99
1.65
0.24
2.46
1.91
3.24
1.39
-3.56
2.36
1.84
3.10
5.88
3.70
3.17
0.56
2.47
3.68
-0.26
0.56
-0.04
-0.15
0.99
0.73
1.37
2.66
2.51
-0.57
0.35
1.29
-0.17
-4.49
-0.06
0.13
-0.11
2.11
2.68
0.60
4.03
-0.03
0.68
0.56
1.38
1.13
-1.14
4.92
4.13
2.77
0.56
1.84
2.58
4.56
-0.39
5.14
1.63
-2.58
-0.42
2.90
-1.35
1.96
-0.75
1.53
-0.44
-2.14
5.19
3.91
-1.31
-0.75
2.33
2.13
4.93
1.82
1.47
1.55
-0.17
0.01
0.82
3.55
2.17
0.05
0.92
1.41
0.83
2.22
1.04
-0.44
1.26
-2.54
1.34
2.50
0.93
-3.55
0.79
7.59
-0.71
2.81
6.08
5.29
-0.66
0.77
3.63
1.21
0.17
0.94
5.00
-1.55
-1.26
-2.69
8.98
12.90
5.98
5.81
1.70
4.62
0.95
6.40
1.14
0.34
-2.47
-1.77
1.54
3.54
-0.66
0.03
0.07
2.61
0.98
-1.53
1.40
1.82
3.75
1.65
-1.69
-0.36
1.58
2.69
2.49
1.19
0.17
-0.38
-3.40
0.27
3.56
4.69
0.02
-1.63
1.33
1.75
15.97
5.36
3.03
5.54
3.16
-0.62
0.51
-1.77
0.62
9.46
4.18
-1.25
1.32
1.50
0.96
2.64
2.88
1.30
0.85
0.41
1.51
-1.50
-3.84
1.03
0.62
1.30
-2.43
2.24
1.94
0.45
4.16
-1.48
2.81
2.88
-1.08
2.66
1.94
0.97
0.44
0.67
0.56
3.19
2.90
3.78
3.31
2.21
0.74
6.61
3.57
-0.67
2.16
1.35
2.95
7.86
7.54
-0.27
1.82
2.59
1.52
1.05
4.24
5.80
-3.39
2.52
4.38
2.59
2.94
3.77
1.14
-3.30
