4.17
2.87
3.11
3.85
3.10
0.93
-0.34
3.24
1.89
1.30
-5.02
-0.03
1.47
-1.21
0.87
0.85
9.25
1.03
2.43
-2.28
3.16
1.46
2.04
1.79
4.74
5.03
5.11
-1.14
5.31
0.38
0.57
3.12
-1.27
2.46
6.23
5.80
-0.08
0.29
8.77
10.08
4.25
2.88
1.00
4.16
2.72
1.55
0.75
1.26
3.00
0.73
1.10
1.11
0.25
-2.13
1.05
2.14
1.56
2.62
2.23
0.75
-0.58
-0.11
1.65
-0.12
3.62
-0.00
2.36
2.52
0.12
4.27
0.75
0.48
4.94
4.56
2.01
-0.62
2.31
0.27
-1.59
0.05
2.40
0.88
0.21
2.95
1.69
4.28
2.28
1.73
0.76
2.95
8.15
2.29
3.49
0.42
2.26
3.79
2.10
-1.62
1.58
0.08
0.31
2.97
4.56
-2.52
0.96
3.98
2.20
-0.91
-0.69
2.43
-0.26
-2.94
3.80
3.53
-1.32
1.18
1.38
2.11
2.92
0.23
2.51
4.64
0.92
-2.45
-0.62
-0.50
1.66
0.20
2.29
0.91
-0.21
-0.39
-5.77
1.16
2.29
1.89
-2.98
4.80
7.12
-0.96
5.19
0.97
3.74
0.77
2.50
0.65
-2.39
-3.32
4.26
1.57
-0.30
-5.46
-4.00
5.72
4.42
-1.20
5.65
3.81
7.06
0.78
15.16
5.17
0.63
1.46
3.15
0.33
0.72
-0.54
-0.71
3.29
2.26
0.29
-0.11
2.18
-2.42
2.16
5.99
1.08
1.00
0.58
3.21
1.77
1.31
-1.27
0.22
-0.67
8.72
4.81
-0.73
0.32
-1.11
2.35
0.89
5.97
2.93
3.22
2.59
2.78
2.44
0.28
-2.14
1.41
-0.96
3.31
3.30
-0.66
3.44
1.34
2.06
-0.42
1.01
1.46
1.92
2.53
-0.03
-0.16
3.35
1.46
2.11
1.35
2.38
4.80
4.63
1.72
2.58
2.11
0.82
0.65
-0.43
-1.65
0.67
0.76
1.10
3.37
2.57
0.88
3.24
3.32
2.57
0.67
0.89
3.18
1.91
-1.19
0.47
-0.03
9.93
5.05
1.65
4.44
4.88
6.08
1.92
1.13
-1.06
-3.25
-1.59
4.97
3.79
0.08
3.78
1.31
-1.41
