5.50
0.97
5.10
4.36
3.99
-1.23
2.23
8.51
1.05
5.09
3.89
2.21
-2.03
2.07
0.86
2.67
8.92
0.28
0.64
0.07
1.90
2.71
3.04
5.06
0.99
1.29
-0.14
-1.20
0.74
0.52
0.39
0.11
0.43
2.10
3.21
0.04
-0.01
1.59
0.96
-1.17
2.80
3.53
4.67
-0.38
0.48
0.25
3.32
2.70
5.35
4.04
3.92
0.48
3.08
4.01
4.17
1.17
4.69
3.03
0.37
-1.34
1.96
2.20
-3.95
-2.20
1.45
5.92
-0.15
-0.05
2.78
0.70
4.25
-2.30
1.99
5.14
-1.49
2.56
3.06
1.45
-0.87
2.99
1.76
4.06
1.80
0.75
-3.38
4.07
1.97
4.85
3.32
0.60
0.39
3.20
1.69
0.61
3.94
1.21
-0.38
0.91
3.33
0.07
0.85
1.46
-0.42
0.75
12.41
15.14
5.33
2.17
4.19
5.23
-0.12
0.32
-0.78
-2.07
-1.27
0.96
-1.26
1.03
2.78
0.47
1.25
-1.60
0.90
-2.30
3.79
1.92
1.40
5.77
-0.61
-1.01
-3.19
0.77
4.53
1.67
3.08
-0.61
-0.03
6.52
4.15
4.20
3.23
6.07
11.37
-3.08
-0.22
0.23
2.08
4.47
3.99
5.87
2.50
3.04
1.83
1.02
-0.83
-2.79
5.52
2.71
-0.47
-2.85
2.07
-0.29
0.80
4.64
2.18
-1.26
-0.21
