2.17
2.30
1.98
2.26
1.35
4.05
0.23
5.68
3.11
-0.45
1.22
2.39
2.82
-0.27
2.31
1.99
6.20
3.10
-0.07
0.40
-0.41
-1.01
2.68
3.90
-4.59
1.02
2.82
-0.93
4.49
5.99
-0.58
0.85
0.24
2.63
1.71
1.23
3.63
0.42
3.14
4.16
1.34
-0.83
-1.08
2.07
-1.22
0.64
-0.92
3.84
6.27
2.81
-0.67
-3.40
-0.97
1.46
2.33
2.20
1.41
2.95
2.92
-1.64
0.01
2.88
4.08
-1.49
2.84
-0.26
6.55
7.10
0.01
3.24
2.65
1.77
-0.99
0.43
3.64
0.66
-0.98
-0.51
-1.36
5.98
6.96
0.69
0.81
1.78
-1.47
0.08
-0.63
-0.63
0.99
2.77
4.40
2.73
3.02
1.10
4.59
4.64
2.93
-0.70
5.91
1.02
-3.54
-2.26
-0.17
-0.33
3.04
3.60
2.50
1.72
-0.19
-0.69
4.41
-2.55
1.42
0.76
0.16
2.67
-0.45
-2.13
5.42
2.12
-1.33
-1.06
-0.33
1.85
0.06
0.69
3.95
-0.23
2.10
1.47
-4.24
1.24
-4.24
0.77
1.80
0.10
-0.84
9.79
5.14
3.31
4.40
3.38
2.72
1.32
0.99
-0.46
-0.35
-2.64
0.15
-1.25
-1.01
0.76
1.47
3.81
2.02
-5.64
11.39
3.31
3.35
0.80
0.59
0.06
3.87
2.63
3.68
3.35
0.85
-0.86
-0.26
-1.33
4.23
2.00
-1.02
-0.23
0.68
1.37
5.21
1.24
-1.62
-0.01
-1.22
0.90
-1.50
-1.70
0.56
0.10
1.69
1.96
2.02
0.11
4.29
4.86
5.58
3.09
2.42
2.67
0.85
2.15
0.54
1.43
1.90
6.17
2.27
4.54
4.66
0.14
0.10
1.06
-0.21
1.63
0.72
2.48
4.51
-0.11
-1.10
1.01
-0.09
-0.11
-1.19
-2.85
1.09
2.72
3.11
-0.41
1.67
3.98
1.51
-0.90
2.02
5.57
-0.99
-0.32
-2.30
0.63
1.11
-0.59
3.57
1.66
0.05
1.31
3.04
2.10
-0.61
10.33
13.49
5.87
8.12
7.96
4.43
2.79
4.66
4.68
1.43
4.70
3.21
-2.90
2.93
4.42
4.03
1.43
2.08
-1.84
1.41
