-0.87
11.61
10.16
3.74
1.33
2.00
1.27
0.36
0.10
0.77
1.87
-1.74
1.80
2.26
1.67
0.77
1.60
3.11
1.77
-0.33
-0.67
2.07
0.52
1.95
0.46
-1.52
1.07
5.35
2.64
1.28
0.65
0.64
0.20
2.91
2.65
0.33
-0.09
2.89
2.00
1.65
3.77
1.73
1.90
-2.15
1.12
1.25
-0.39
-1.29
-0.16
5.22
1.74
3.86
5.51
-0.27
-1.25
0.93
1.70
1.60
-1.35
-0.70
1.15
0.62
-1.94
-2.24
1.47
5.90
2.02
1.24
3.91
1.62
-0.96
1.97
0.91
-1.07
0.98
2.35
3.20
4.78
2.34
2.43
0.49
-1.00
-0.67
0.83
-0.08
-0.04
2.84
2.78
2.10
1.69
3.62
0.88
3.54
0.63
0.26
1.47
-0.60
1.45
2.63
0.55
-0.27
-0.03
0.90
0.19
7.77
10.79
1.63
4.82
2.49
-1.18
0.57
0.38
2.14
1.00
0.86
4.41
1.64
2.79
2.76
1.78
0.72
0.50
1.28
-0.67
0.49
0.49
0.83
3.86
0.92
1.36
-0.03
3.58
2.46
-0.63
1.55
1.76
-1.05
1.14
0.40
2.21
0.21
1.96
0.99
0.68
1.06
0.94
-0.06
2.48
3.06
2.64
2.99
0.49
0.42
-2.25
-0.50
-1.43
0.25
4.01
-0.33
0.07
2.29
1.84
1.12
3.55
1.20
8.79
0.38
