-0.18
5.60
2.09
2.73
2.01
2.12
0.46
-1.01
-1.78
2.23
3.01
-1.87
-1.00
1.15
3.02
0.93
2.66
2.19
3.31
1.71
-0.52
1.39
0.17
0.47
14.14
5.12
-1.60
1.86
0.68
1.48
1.74
0.17
0.45
1.10
0.58
-0.40
-0.52
1.32
3.03
-2.67
0.21
0.85
1.10
-3.03
4.03
1.10
5.66
-0.48
0.84
12.83
3.75
5.90
1.77
0.65
4.26
1.31
1.02
-0.12
1.76
1.95
1.55
1.84
-2.38
0.28
0.47
3.06
2.13
2.97
2.84
3.61
2.34
2.65
2.32
2.83
-1.50
0.40
0.78
-0.29
0.19
0.53
-0.41
1.62
1.06
0.73
2.38
1.86
3.55
4.12
2.76
0.12
-2.58
0.40
0.19
0.59
0.21
0.04
-0.41
-1.28
1.23
-0.70
-0.97
0.19
0.55
1.11
2.65
5.98
2.34
1.52
1.35
1.63
1.97
-0.23
-0.18
-0.40
-0.45
-0.57
-1.24
2.10
2.37
-0.70
0.53
0.95
0.20
0.21
1.36
0.44
1.08
-1.04
-0.50
0.52
-2.38
1.45
-0.31
1.53
4.23
-0.01
-1.27
0.97
0.60
1.01
-2.21
0.73
0.33
-1.12
-0.83
2.82
1.16
1.59
3.79
0.02
0.44
-2.83
3.03
-6.20
-3.03
2.00
-4.61
2.19
-1.90
0.66
0.48
-0.67
6.40
3.96
-7.20
-1.49
-0.16
