-0.78
1.67
1.82
3.27
0.95
0.01
-0.90
4.37
0.27
0.63
0.43
2.69
4.70
2.97
3.53
5.61
2.98
0.46
0.58
-4.97
-0.08
2.35
2.14
0.16
3.10
6.07
2.93
0.94
-3.19
0.88
-0.44
-1.79
-0.66
3.20
3.85
2.51
0.83
2.05
4.65
5.02
2.71
0.85
-2.47
1.26
1.29
-0.04
3.16
-2.21
0.51
-0.37
1.89
1.90
-0.63
1.38
7.14
8.45
2.38
0.25
0.62
0.46
-1.42
1.78
2.36
2.19
2.41
1.15
2.41
2.01
0.31
1.44
2.82
-0.60
1.38
0.30
0.60
1.92
0.74
0.96
-1.60
1.46
4.42
1.38
0.94
2.70
-0.95
-0.31
-0.68
-0.20
3.41
3.54
3.19
6.54
1.32
0.54
3.54
3.77
1.76
2.03
4.26
1.29
5.98
3.00
3.58
1.50
-0.38
-2.13
1.29
-0.67
-0.05
4.71
4.64
-2.47
2.18
-3.20
-0.49
0.54
-2.02
1.44
4.51
0.49
0.18
-3.68
3.26
0.12
-0.96
3.25
1.54
0.38
2.68
3.41
2.76
0.65
-5.41
-1.42
-0.08
5.39
-0.03
6.91
3.83
2.74
5.66
4.45
-0.79
-4.38
-0.80
2.24
2.46
1.99
3.20
3.52
1.54
-3.64
4.44
6.01
4.59
-7.84
5.67
6.07
5.20
1.85
5.81
-0.67
2.62
-1.00
1.74
-0.63
1.28
3.39
-4.39
-2.97
1.52
2.58
4.02
3.86
4.87
3.89
3.84
1.42
2.49
0.80
-1.09
-2.19
-1.44
0.77
0.86
-2.02
2.77
0.70
-3.56
-0.67
1.13
-0.35
-1.63
2.87
4.30
-0.26
1.14
4.74
0.41
0.21
3.81
3.79
-1.58
2.99
-0.89
3.61
1.72
1.69
-0.44
-2.00
0.31
-0.55
0.63
3.00
1.16
1.48
-3.07
3.84
0.95
2.78
5.71
-1.38
7.02
3.01
-0.30
1.42
-4.09
4.93
1.24
2.67
-0.45
-2.38
-1.11
1.13
2.58
2.97
1.71
0.74
3.29
3.44
0.95
-0.53
-4.46
12.72
15.06
-1.91
1.23
0.20
1.44
-0.06
1.96
0.98
-0.84
2.20
1.86
-3.16
2.90
-0.81
1.80
0.40
2.26
-0.21
-0.04
