2.73
0.61
2.34
-26.77
3.47
3.68
2.66
6.87
3.69
-1.50
9.53
3.47
8.68
6.85
4.48
5.75
5.00
6.10
1.44
0.53
-3.91
1.19
0.34
3.45
6.62
8.70
6.06
6.09
0.96
-1.63
-1.93
5.15
2.73
3.62
3.46
1.55
0.78
0.25
7.69
8.32
6.97
1.56
-1.69
5.58
7.05
1.23
2.32
1.40
4.47
0.48
0.38
10.68
5.87
1.39
1.52
5.77
1.81
0.36
-3.03
-2.31
-1.36
1.17
3.23
-3.53
10.32
9.02
4.56
2.92
3.24
0.51
1.68
-1.99
1.33
3.41
7.58
4.38
0.60
4.14
3.86
0.56
8.89
11.02
6.02
1.68
1.32
1.10
3.22
-1.08
3.47
3.15
12.85
3.83
-2.98
0.01
-1.08
1.13
5.01
-0.22
5.40
-0.23
7.56
1.53
8.02
1.10
2.53
3.86
3.70
0.71
-0.33
-0.39
2.24
-0.06
-0.28
5.61
2.84
2.19
2.01
3.00
6.26
2.63
2.73
4.71
4.63
2.70
-1.36
-0.82
4.10
0.78
0.96
3.99
-0.68
1.05
-4.84
-0.11
6.48
4.32
-2.80
-2.58
2.92
3.86
7.63
5.15
-0.10
0.35
2.66
1.49
-2.24
-0.63
1.90
1.00
-1.55
-1.92
-3.45
1.78
-2.16
5.23
4.26
1.07
1.18
2.06
4.07
3.63
3.93
4.16
3.12
3.89
-0.75
-6.75
-1.98
3.70
4.34
1.56
-1.50
-0.77
0.84
5.40
2.31
1.27
2.27
-4.03
0.67
1.39
1.88
-1.27
0.84
1.08
4.27
-0.56
-1.43
-1.78
0.92
3.03
-0.88
7.67
0.78
-0.55
-0.10
0.32
4.16
-1.16
3.59
3.54
-2.48
-0.69
2.54
1.49
0.36
2.35
1.85
-0.52
-0.03
0.47
0.09
-0.54
-0.03
0.19
3.59
0.70
-0.25
-1.40
0.06
1.50
0.61
1.30
9.83
2.62
-1.72
4.73
4.27
2.96
-1.76
-0.38
1.19
11.54
12.62
1.68
-1.25
1.56
0.53
0.37
-0.75
0.77
-3.48
-2.07
-0.43
0.95
4.17
2.69
3.65
-1.58
1.77
7.57
7.66
1.45
9.40
-3.51
1.82
0.28
1.57
1.64
2.66
-4.27
-0.34
