-0.39
6.15
0.85
1.12
-0.55
1.15
5.03
-0.59
-1.13
4.04
-0.74
-0.47
0.30
1.61
5.93
2.78
11.61
4.43
0.50
1.54
-0.81
0.44
0.24
5.12
1.22
15.89
9.65
-0.36
1.32
1.98
1.89
0.28
0.65
1.32
6.61
3.01
0.11
3.33
7.11
0.93
0.30
0.76
2.82
-3.12
2.44
3.23
5.64
-1.33
-1.34
1.49
3.17
4.57
5.54
-1.31
3.55
-3.26
1.22
-3.32
-2.45
0.69
-0.46
2.25
4.64
3.58
3.88
4.38
2.64
-2.13
7.23
5.81
1.40
0.52
0.15
2.75
1.14
4.46
7.77
0.74
-0.94
1.95
-0.01
2.86
0.92
0.55
-0.31
0.48
-0.22
3.65
1.21
-2.53
0.36
1.20
1.90
0.16
1.44
1.81
-1.24
-0.49
3.12
1.08
0.57
3.34
5.66
0.49
1.06
5.89
1.88
2.49
0.96
0.94
-4.82
-2.15
7.35
3.89
2.26
2.87
13.96
12.41
1.33
-0.41
0.33
2.19
2.56
0.46
0.22
-2.25
-0.14
6.26
-0.50
2.64
0.50
3.61
4.77
2.98
1.83
2.38
0.53
1.08
1.39
2.98
-5.34
-0.18
-2.71
-0.04
-1.82
3.88
-0.67
1.84
2.74
1.62
0.28
0.48
1.54
2.41
-4.11
7.20
2.52
-0.76
-1.56
4.83
0.85
1.41
1.18
2.18
2.23
4.08
1.16
