-1.86
-7.19
0.44
0.50
1.04
0.63
0.22
1.61
-0.17
1.79
3.93
0.41
0.31
-0.11
0.73
2.51
1.47
4.02
1.61
-0.92
0.40
3.40
3.34
0.68
1.18
2.38
4.56
3.76
-0.21
1.44
0.65
-0.34
-0.42
0.94
0.63
-0.47
0.16
2.97
3.44
-3.75
1.03
-1.68
0.22
-1.77
1.37
0.55
1.80
-0.64
0.50
5.90
2.31
-0.17
-0.26
0.26
-1.79
0.98
3.15
2.08
-0.29
1.59
1.17
1.61
-1.84
-0.19
-4.58
2.15
3.77
5.54
8.44
3.37
4.54
5.39
3.23
3.45
1.37
1.19
1.28
1.61
-0.66
3.08
0.60
3.69
2.21
0.60
0.48
2.42
1.24
4.70
3.84
1.97
0.06
1.45
1.00
-0.41
-0.44
1.65
-0.62
-0.58
2.21
1.81
-0.38
-0.62
-0.77
1.86
1.86
4.65
2.03
1.86
1.67
3.97
0.14
0.04
1.80
-0.31
5.15
4.96
0.87
2.46
1.89
0.50
-0.17
-1.30
0.36
-0.36
0.20
-0.88
-0.18
-3.70
-0.06
-2.60
0.83
1.15
0.13
1.17
1.96
0.25
0.58
0.60
0.42
0.29
-1.52
0.13
-1.62
0.37
1.90
1.13
1.81
1.41
1.04
0.71
1.73
0.34
10.23
-3.27
0.12
-1.27
2.14
2.33
2.42
1.22
-1.06
0.88
6.71
2.57
3.22
0.93
-1.22
