-0.89
0.04
0.81
1.19
3.88
2.13
0.63
0.72
-0.71
0.66
1.68
0.65
-0.68
0.29
0.40
0.67
1.30
2.27
2.56
2.10
-0.17
0.53
0.82
-0.41
16.18
1.63
1.74
5.48
3.10
-1.83
-2.89
1.21
-0.25
5.44
-0.57
1.98
-3.09
4.37
2.83
7.79
4.84
2.02
3.02
-9.54
1.70
0.89
2.20
2.88
-2.62
4.11
4.78
0.57
1.50
1.57
-0.74
0.22
0.99
0.86
0.69
0.33
9.73
3.70
-4.07
-1.91
0.63
1.47
-1.75
6.76
8.03
9.02
6.28
12.00
8.14
4.33
-0.96
3.43
0.56
1.62
-1.36
-0.16
0.88
8.16
8.43
2.33
-1.08
3.76
-1.15
5.12
6.75
8.03
2.33
3.79
5.89
3.07
0.48
6.10
1.30
3.96
2.70
1.84
6.73
6.48
6.70
0.89
2.20
5.02
3.53
-4.24
-1.70
3.30
3.97
0.29
4.90
4.16
2.61
3.59
0.74
2.40
2.38
-1.00
3.44
-12.91
4.43
-1.66
1.20
1.28
-5.46
3.43
0.12
0.96
-0.70
0.40
-10.74
4.05
0.99
2.31
2.82
0.03
2.89
6.28
5.56
9.49
-3.36
1.52
2.09
2.77
2.93
10.86
11.66
4.00
0.64
-1.50
1.31
-0.82
4.54
15.64
13.44
-1.28
0.07
-0.71
0.66
-0.44
5.37
3.31
0.96
6.05
2.75
