9.23
7.87
15.69
2.31
3.42
3.49
4.74
3.81
3.20
-1.70
7.78
47.11
42.47
2.35
15.06
0.97
-0.14
-4.29
0.68
-1.55
-4.48
-0.08
-0.69
2.32
1.41
22.04
4.04
3.90
2.55
3.05
0.27
0.46
4.37
8.45
0.12
0.17
-0.13
-2.12
6.75
0.84
2.36
-1.62
-2.95
-1.11
10.71
5.36
-3.08
0.67
6.86
2.56
5.71
6.96
-1.33
-2.63
24.59
20.08
2.37
-1.73
1.16
-3.69
3.02
0.68
0.74
-2.87
2.52
-2.75
-2.80
6.16
6.00
1.85
6.16
9.98
-3.64
1.30
15.90
-8.63
-0.65
1.85
-2.61
-0.72
-0.10
-2.62
-0.67
-2.42
2.09
2.43
-1.59
-1.56
-39.02
-1.63
6.41
6.96
5.36
6.04
-0.13
0.64
-1.40
3.73
7.19
12.30
12.03
-0.37
16.17
21.53
2.52
11.72
8.65
-3.48
-2.56
0.49
2.25
2.53
1.88
2.70
1.61
3.34
3.87
-5.55
-1.36
0.03
-2.65
-1.20
-0.87
6.40
5.77
-0.12
0.58
10.56
1.33
-0.03
3.09
-1.97
-3.00
1.79
-2.73
4.32
-0.15
1.84
0.48
6.13
-2.78
1.81
1.97
2.13
0.44
1.73
0.25
2.83
22.53
-0.57
4.29
0.22
1.64
-0.23
4.07
4.41
8.87
-1.89
7.87
3.16
3.14
3.41
-0.08
0.38
5.69
2.22
2.45
1.11
-2.13
6.11
6.52
6.71
1.97
0.57
-0.13
2.51
2.59
-0.76
0.39
1.87
4.38
10.48
4.45
1.04
-3.99
2.91
10.08
5.81
0.19
2.64
3.19
2.04
-0.25
-4.42
18.19
6.98
7.58
3.59
5.04
-0.97
3.26
13.38
4.03
2.32
1.31
0.43
-14.16
4.99
0.06
-0.88
1.53
-0.45
-0.91
2.05
3.29
-1.22
16.49
3.23
9.66
9.66
9.61
8.37
5.86
4.71
6.08
4.93
-2.48
-3.12
6.77
1.08
-0.89
-3.92
-0.43
-1.53
0.06
-3.48
4.31
11.86
0.82
-0.22
-3.96
-0.36
2.34
1.47
-3.88
2.52
0.58
2.76
-0.47
3.70
4.33
7.14
3.48
1.73
0.85
1.39
10.70
5.33
2.77
13.10
6.42
0.05
0.64
