-1.00
1.13
2.53
3.66
0.05
0.22
4.00
4.85
1.26
0.14
3.93
2.88
3.06
-0.15
0.02
2.30
-1.35
1.83
2.29
-0.44
1.72
0.73
0.93
4.50
3.14
4.36
2.17
-1.43
-0.21
0.81
-3.51
3.16
0.50
0.50
2.18
5.53
1.77
0.61
3.48
4.04
1.72
4.80
0.11
-6.64
-0.75
1.45
2.42
3.57
1.24
0.67
1.14
2.99
3.16
4.94
-0.56
3.63
0.99
-0.23
-41.10
3.13
0.90
2.80
0.57
2.76
2.46
0.89
1.22
0.42
0.92
0.39
2.87
-0.57
1.25
0.98
0.78
0.23
1.04
1.77
1.77
-0.07
3.22
2.52
0.62
1.39
-1.41
-0.29
-2.21
0.09
0.79
4.83
7.35
4.20
2.80
-2.26
1.73
-0.25
2.56
1.28
4.67
4.69
2.03
3.55
4.11
-0.43
-1.00
-3.07
3.02
-1.65
-2.73
-0.38
2.92
1.74
-1.38
0.23
2.54
0.38
1.16
-0.99
2.62
0.64
-1.21
-3.46
0.40
2.23
-0.89
3.54
2.97
0.50
4.23
1.45
3.73
2.74
-5.35
-0.38
1.08
3.04
2.99
1.15
1.98
4.67
0.37
-1.18
1.25
0.33
4.55
16.98
9.53
-0.72
2.35
2.44
2.86
0.39
-0.57
3.55
3.69
-0.73
6.07
2.21
4.52
2.17
-0.50
1.80
2.13
-0.75
2.09
0.15
3.34
0.29
1.03
-0.29
1.34
3.06
1.65
0.25
1.78
2.86
0.08
-0.67
0.53
1.02
0.88
1.68
0.66
-1.17
1.68
-0.81
2.83
0.81
-0.62
0.79
