-0.87
2.59
1.43
1.50
2.73
5.28
5.22
4.77
4.81
1.85
3.56
0.32
4.40
2.30
1.56
3.62
3.82
2.93
-1.77
1.19
3.01
2.74
2.79
3.82
4.49
1.60
0.46
-1.49
7.38
2.29
0.77
3.38
-0.99
1.71
2.12
0.67
1.02
0.06
0.60
2.76
1.20
5.51
5.28
5.02
7.71
-0.29
2.32
3.77
3.96
0.70
-0.38
4.95
1.97
-0.50
5.39
4.27
10.25
1.02
4.61
4.57
0.97
1.28
1.40
-2.76
1.11
-2.95
3.35
1.65
3.72
2.71
5.22
2.29
1.34
1.20
1.20
-1.74
-1.34
2.20
1.97
6.15
3.16
-0.58
1.53
3.53
3.81
0.90
7.98
5.03
0.45
2.61
5.61
3.82
2.66
-0.27
4.58
1.70
2.16
2.98
2.19
2.81
6.09
4.08
1.72
2.98
3.78
1.96
12.20
1.99
-0.17
1.16
2.72
-0.64
1.21
0.68
-2.33
2.71
-4.06
4.88
-2.52
-0.15
0.32
1.30
0.35
2.61
0.55
2.30
4.49
2.67
2.11
4.60
-5.96
-0.51
-3.75
-1.79
2.25
-1.09
4.53
-0.16
0.63
3.33
3.35
2.92
0.45
-0.89
4.72
4.01
7.06
3.41
-1.77
2.21
-0.70
-0.43
7.16
4.97
2.20
-2.99
6.41
0.14
2.77
-2.78
-0.93
-1.17
1.60
6.57
3.56
0.90
1.64
1.90
10.20
2.97
14.69
3.80
-0.04
2.02
4.62
1.10
2.46
2.38
3.19
8.50
9.52
1.16
0.36
0.97
2.34
-0.32
4.19
1.74
-2.17
2.10
3.11
0.07
1.28
4.81
4.96
6.51
2.17
6.18
0.06
0.49
0.97
-0.65
0.61
0.39
-0.09
1.29
3.78
-2.21
-6.28
2.56
3.89
1.46
2.35
1.41
0.38
1.40
2.88
3.80
-1.07
5.90
1.74
4.98
0.41
-0.31
-0.84
-3.30
-0.67
-1.38
0.12
1.01
2.25
4.19
0.01
0.37
0.28
4.31
2.10
4.16
3.25
1.36
1.39
2.11
2.09
-0.08
3.69
-0.45
4.83
2.08
-1.50
2.58
-1.03
0.53
-3.08
2.33
0.19
-5.79
1.72
10.06
3.04
0.09
-0.24
-1.89
0.81
