2.55
0.96
1.45
0.78
1.83
1.06
-1.95
0.04
4.64
1.79
-3.17
-0.38
0.19
-3.26
3.04
5.91
8.84
4.93
2.21
2.96
-0.03
1.31
4.14
3.40
4.72
7.41
2.21
2.15
3.93
2.56
1.05
0.23
0.08
4.62
1.07
1.45
-7.20
1.89
1.19
3.29
0.95
-5.30
0.17
-2.53
3.06
3.40
2.04
-0.74
-5.92
5.17
-0.21
7.95
3.71
0.16
4.88
3.50
4.27
1.73
-1.47
0.79
-1.41
4.99
2.86
-3.44
3.37
-0.57
1.11
3.47
1.26
5.49
3.93
4.60
4.41
3.58
1.30
-1.12
1.24
2.08
-1.17
0.27
5.03
6.01
0.78
0.06
2.19
0.28
-2.10
-2.46
0.06
1.55
7.79
9.76
2.07
1.24
0.18
1.19
0.10
-1.54
10.45
3.76
-0.01
-0.04
-1.12
0.92
3.34
5.13
2.93
-0.26
-0.14
4.06
7.73
0.72
3.67
2.56
-0.43
2.06
-0.98
2.73
6.14
0.55
0.18
0.31
2.49
-5.23
-2.05
-2.96
0.01
-1.10
2.81
1.64
1.22
0.85
0.59
4.28
3.90
4.38
8.48
10.92
2.59
2.98
1.00
0.78
5.81
0.50
6.56
4.23
1.54
-4.24
-0.72
1.02
-2.09
-10.30
-2.48
5.12
3.93
-0.18
9.27
2.12
5.13
0.22
2.86
-3.58
0.20
-3.23
1.93
0.10
0.17
-1.14
0.64
6.80
9.98
3.49
-1.53
3.24
4.71
2.15
6.26
7.91
0.01
0.11
3.24
1.43
0.98
1.32
2.83
5.01
9.82
-3.78
0.76
0.12
2.01
0.75
-1.44
4.01
1.48
3.62
-0.67
3.47
12.75
7.83
-0.85
-1.53
1.09
2.57
3.04
3.82
6.03
2.91
0.56
1.87
9.71
5.44
1.12
-0.24
0.98
3.20
1.31
-0.23
0.74
2.87
3.25
5.50
2.47
-1.30
3.34
0.59
2.25
4.30
1.99
0.98
0.83
-2.10
1.75
3.86
2.77
1.23
1.71
-2.28
3.35
1.34
0.30
-0.68
1.37
1.07
3.57
3.22
-2.06
-1.20
2.08
-3.22
1.28
3.07
5.04
-1.50
-1.56
-2.63
6.11
2.70
3.38
4.32
13.55
7.27
-4.34
