-3.85
5.27
6.39
2.99
0.60
0.08
-0.13
1.03
-0.11
0.88
0.17
0.61
1.96
-0.85
-0.31
0.37
-0.34
0.69
2.60
1.71
-1.28
2.90
1.66
0.39
2.04
-0.24
0.94
0.17
1.31
3.25
2.21
-1.25
-0.40
0.43
1.93
-0.12
0.28
2.09
1.43
-0.22
1.25
-0.29
0.79
-0.38
1.71
-0.24
2.46
-0.67
0.33
2.92
2.88
4.00
3.24
1.86
0.03
1.38
1.20
0.61
1.42
2.74
0.29
1.05
-1.95
0.18
5.07
6.05
0.17
2.17
3.77
2.24
0.71
1.00
0.97
1.30
0.62
1.02
3.54
0.62
0.12
1.79
0.29
-0.11
2.60
2.55
0.56
0.81
5.01
2.03
2.02
1.32
0.26
-0.56
-0.04
-1.05
-0.15
0.51
0.04
0.37
1.00
0.21
1.15
-0.16
-1.70
1.67
4.22
2.32
-0.76
-0.36
-0.38
3.83
0.99
0.26
1.15
-0.02
-0.26
-0.32
0.67
2.55
4.06
4.38
1.24
4.16
1.17
-1.35
-0.60
0.58
0.75
0.48
0.72
-0.04
3.71
0.89
2.13
2.58
2.71
2.73
0.89
-0.28
-0.02
3.45
-1.62
1.29
0.50
0.85
1.02
-0.30
1.44
2.61
-0.83
0.31
2.60
5.60
4.55
0.24
-0.71
0.32
-0.56
1.40
1.44
2.10
0.48
-0.76
1.20
4.31
2.09
-0.63
-2.48
