2.77
1.79
1.42
4.07
2.38
1.61
0.81
4.43
2.76
-0.80
-0.93
0.10
3.44
-0.97
3.34
1.21
2.98
6.70
5.52
4.57
-0.79
0.61
1.02
1.04
4.35
2.43
3.10
0.75
0.89
-1.37
-0.84
-1.16
0.31
5.31
0.98
-0.18
0.84
1.34
4.63
2.82
-1.97
-0.27
4.06
4.83
3.96
-0.31
-0.20
1.62
3.00
1.54
0.70
1.82
-1.56
0.01
3.98
3.53
0.24
1.32
4.16
-0.72
5.97
0.45
0.49
-3.56
1.16
0.79
-0.39
0.63
0.59
3.37
3.05
3.31
0.78
1.40
0.01
-1.55
5.05
1.59
-0.17
-2.31
1.88
4.46
2.46
0.65
0.63
2.56
1.17
-0.47
1.22
-1.53
5.96
4.06
3.12
-1.42
0.93
1.74
3.42
-1.35
4.64
1.75
-3.50
-1.38
0.89
-0.58
4.69
5.22
2.68
3.78
0.95
0.90
0.88
-0.49
1.67
6.01
2.10
0.91
3.02
2.40
2.68
0.42
0.60
3.53
1.66
2.11
0.08
-0.84
4.53
1.54
-0.52
0.32
0.71
0.37
-3.31
2.83
1.12
2.48
-1.73
2.27
1.83
0.71
3.71
3.85
5.60
1.34
1.56
0.71
1.30
-0.84
3.73
1.80
-0.97
-6.84
-2.41
5.59
2.70
-0.69
5.39
-1.24
6.05
-0.74
2.52
1.14
0.42
0.01
8.67
3.00
0.38
-2.23
0.45
4.74
2.98
0.65
-0.70
-0.37
2.47
2.89
5.56
2.01
0.64
0.88
3.39
0.22
0.54
2.44
0.62
-0.21
1.35
-0.17
2.86
1.91
0.62
1.82
0.34
11.78
8.47
0.59
6.04
5.35
1.63
2.30
0.41
0.60
0.37
2.36
2.30
2.08
4.41
2.20
3.14
0.00
0.28
-1.48
1.26
-0.77
-0.99
2.39
3.50
-0.65
0.56
0.56
0.82
-2.53
5.50
2.39
1.11
7.36
2.28
-0.06
1.09
1.63
2.02
-0.80
-0.56
0.92
0.24
1.11
5.30
1.88
2.86
0.52
1.50
4.37
1.25
0.15
-0.75
1.05
8.51
1.59
1.51
1.70
1.00
2.47
3.87
2.93
2.00
-1.51
3.89
3.86
2.94
2.04
1.83
-1.01
-1.66
