-5.39
3.43
-11.56
-11.58
10.24
-3.89
4.60
-27.23
-4.86
63.45
22.37
-1.07
-6.17
23.22
27.25
19.45
26.46
3.29
-3.27
0.00
-9.74
8.03
10.92
5.18
4.66
22.34
2.20
15.28
13.03
3.01
-1.22
-2.91
-3.59
0.28
-4.43
7.96
-15.88
-0.27
3.07
-1.77
-14.10
-2.56
-5.40
-10.43
23.39
4.24
-9.17
-0.06
5.37
49.35
23.95
-8.97
-10.16
16.42
-2.43
-1.60
19.51
-0.20
-1.04
-7.66
6.69
7.54
-12.31
-2.22
17.41
3.28
-0.06
3.98
3.28
47.64
76.59
14.26
18.98
-7.68
-7.28
15.19
5.54
35.16
13.44
0.52
-1.93
-11.30
12.01
12.71
-9.46
10.42
-0.97
-4.56
-5.15
-2.82
-7.74
0.00
0.00
0.00
0.00
0.00
0.00
0.00
0.00
0.00
0.00
0.00
0.00
0.00
0.00
0.00
0.00
0.00
0.00
0.00
19378.16
7.62
10.12
9.51
0.20
-6.32
3.49
1.05
2.55
-5.07
-8.35
-7.41
1.65
-2.64
3.26
9.90
-4.47
4.21
6.55
-0.93
-9.28
1.95
-6.81
3.27
-3.75
8.67
10.41
3.01
4.53
0.73
3.37
-7.92
-9.58
-5.76
7.73
-1.89
0.98
-0.41
11.86
6.40
2.05
-2.32
-6.99
1.66
24.95
-0.18
9.49
2.78
2.85
6.00
23.47
8.41
26.83
22.03
3.12
2.06
-6.63
