-2.28
9.07
2.27
0.04
2.88
5.89
5.13
1.46
-1.27
5.44
6.62
0.91
1.31
1.22
1.90
-0.45
1.14
1.82
0.34
-1.48
-1.84
5.47
1.98
1.59
2.46
3.40
2.35
-2.13
-0.01
0.23
0.87
-1.38
-1.60
-0.33
1.32
-0.49
-2.06
1.27
-1.26
-2.17
-0.39
-0.04
4.71
-3.27
4.93
-2.69
0.05
1.11
-1.64
17.60
2.91
0.61
-6.93
-1.05
-2.91
-2.75
2.82
-1.33
-17.21
-3.17
4.80
-0.40
-2.07
-2.31
18.93
13.29
1.44
18.56
12.42
7.20
2.70
4.01
0.53
-2.33
1.37
7.48
4.39
-1.60
-1.29
-0.10
3.91
3.06
5.08
1.92
1.06
6.32
2.19
7.72
16.38
4.36
-3.97
3.74
6.93
7.64
-1.08
4.64
2.69
0.07
4.36
4.76
-2.72
-3.01
5.99
-1.76
4.78
7.33
3.65
2.05
-0.95
0.25
1.09
0.40
4.38
3.95
2.20
0.75
2.67
0.28
-0.90
-0.44
1.86
0.02
0.77
1.09
2.39
0.82
-1.27
-0.97
-0.18
-0.70
-0.98
-0.97
-1.12
1.09
1.98
-0.02
2.50
2.73
1.60
6.59
1.59
-0.14
-2.48
-2.83
3.00
1.86
1.11
1.44
1.81
-0.94
-0.28
0.35
-0.99
-1.62
0.49
-0.27
-2.29
1.51
2.21
4.09
1.30
2.09
4.84
3.19
2.31
-1.00
-3.60
