-0.03
0.03
1.41
2.94
1.61
4.40
2.16
0.15
-3.80
2.56
2.98
0.21
2.64
2.11
0.62
-1.77
1.99
0.44
3.29
1.99
-2.64
0.29
0.51
1.92
0.82
-0.60
2.02
0.02
0.59
1.75
0.33
-0.19
-0.39
-0.13
1.59
-0.61
1.21
3.69
2.03
-0.97
3.76
1.18
-0.65
-1.47
1.06
0.06
1.86
1.39
2.94
5.62
2.06
3.31
1.05
-0.82
-0.40
3.19
3.04
0.55
0.92
2.48
1.39
0.82
-1.67
0.22
1.09
2.49
1.33
2.15
2.23
0.15
3.89
2.86
0.79
2.78
1.02
-0.05
0.84
-0.62
1.46
1.76
0.21
0.35
2.10
2.46
-0.52
0.23
1.96
1.51
0.80
0.36
-3.96
0.25
1.68
0.47
-0.19
0.61
0.13
-0.39
1.57
-0.42
-0.54
0.84
1.79
0.19
1.65
-1.95
0.49
1.39
0.73
3.03
0.13
-0.07
0.65
-1.04
2.13
1.70
0.56
1.17
1.46
2.36
1.52
0.16
0.98
0.38
0.92
0.94
1.79
0.34
1.20
1.25
0.60
3.72
2.93
0.87
-0.56
0.81
0.27
-0.61
0.40
1.11
2.86
-0.20
0.39
1.17
-0.70
0.91
2.42
1.11
-1.02
-0.87
2.14
2.33
0.61
-0.31
-0.15
3.53
-0.42
0.07
1.47
-0.23
1.36
-0.12
0.64
1.54
2.70
2.95
-0.57
