4.20
4.16
6.67
-1.99
11.51
10.23
-4.18
3.73
-1.97
1.56
0.31
-0.70
4.48
-3.71
5.84
6.41
6.05
4.59
1.14
8.68
-1.02
-0.58
1.59
3.91
5.65
1.62
-0.14
4.77
9.01
5.52
0.77
2.37
4.66
2.81
0.97
4.04
0.97
1.88
0.73
6.78
1.94
3.25
6.52
2.71
1.15
1.27
1.98
3.85
0.94
1.19
-2.38
-1.24
6.47
11.54
18.60
5.41
1.98
0.91
-0.07
0.47
-0.17
0.32
-0.99
0.51
5.16
1.23
4.81
1.72
0.79
4.37
-0.75
1.45
-3.59
0.12
1.94
1.60
-7.59
4.02
1.71
-1.55
-0.00
5.36
1.35
-1.74
-0.87
1.31
-1.80
4.55
3.52
1.12
7.68
3.02
-5.48
3.39
6.96
3.04
3.29
1.65
-1.68
0.81
-2.77
-0.34
3.59
5.48
1.53
2.69
-3.02
-1.06
-1.31
-0.67
4.54
1.53
-2.77
1.86
-0.64
1.19
-0.58
0.68
-1.67
1.22
-10.48
1.52
-0.20
0.96
-3.34
-1.89
4.70
-4.41
5.42
8.13
11.01
-2.02
2.16
9.58
1.31
2.82
-2.12
4.04
2.61
-2.48
-2.74
-0.74
12.37
1.79
3.12
5.23
0.48
-0.86
-0.23
3.44
-0.37
-5.46
3.97
8.58
35.58
2.16
9.95
7.28
3.32
2.02
-0.99
-0.77
1.68
-0.51
0.57
1.98
5.81
-3.18
-13.00
-2.35
10.52
18.99
2.68
1.78
1.41
4.13
5.38
1.35
1.51
1.86
-0.62
0.47
2.89
-0.21
0.80
-1.32
5.74
-3.21
-0.18
-0.61
7.92
3.25
3.96
4.27
-3.73
2.88
0.17
7.64
-2.33
-4.30
0.24
0.63
2.32
1.47
0.36
-0.94
-1.72
0.64
-0.59
-0.10
3.79
0.26
3.37
-0.25
1.38
0.10
2.97
1.94
2.29
-1.56
2.41
-5.61
5.99
-0.27
3.13
3.38
-0.22
-0.18
3.84
4.71
25.56
12.05
-2.77
0.75
1.48
4.52
7.52
6.57
2.35
-0.21
3.65
2.63
-1.44
12.55
5.76
2.48
4.12
5.94
4.46
3.79
0.52
1.91
1.77
4.08
2.36
-1.09
0.86
3.99
1.42
-1.96
1.18
2.97
0.87
