7.18
-0.63
12.78
13.75
3.37
11.37
5.56
2.71
4.61
8.85
-1.13
11.20
6.77
-5.12
0.58
-3.82
6.70
0.89
7.76
0.33
2.91
12.33
8.43
3.15
7.34
3.62
-0.10
-4.00
11.43
16.15
2.01
4.38
-2.78
1.20
3.20
-1.09
0.59
2.67
5.81
-3.71
0.45
-3.45
5.35
2.59
0.71
-1.67
7.25
6.85
-12.77
12.83
-2.59
0.21
3.50
10.93
5.71
0.27
4.54
5.16
0.93
0.14
3.58
1.28
-3.25
-15.17
-0.14
1.07
-3.16
6.22
6.60
1.03
8.68
12.87
-0.88
19.05
13.21
0.30
5.01
3.15
-3.54
-6.59
0.12
18.27
17.84
15.81
0.85
7.40
3.84
9.79
3.49
2.13
-2.45
3.99
-0.67
2.35
-3.55
4.17
5.61
3.81
4.03
6.32
6.67
-0.03
3.42
-6.08
14.32
4.40
4.88
0.95
9.74
1.27
-0.03
3.73
3.87
9.12
-1.72
-0.04
0.76
0.00
0.96
1.01
5.62
-3.08
-2.10
4.27
6.38
4.32
2.18
5.72
2.80
-0.47
2.99
3.37
4.33
0.45
1.00
4.43
4.19
-0.47
5.74
3.95
2.83
-2.05
5.19
2.21
-0.68
1.17
-0.26
0.19
-2.10
6.55
4.94
-5.05
4.50
-0.47
-2.29
-0.27
4.84
2.68
-2.88
-1.94
5.37
0.64
14.48
8.59
4.51
3.38
-0.96
