0.86
1.57
1.55
10.88
1.47
0.99
4.01
2.07
-2.49
0.56
-0.68
2.81
-1.78
0.52
11.91
8.88
0.40
-0.52
-3.91
6.03
-0.25
0.53
-0.16
-1.66
-2.08
7.33
4.22
0.65
2.49
3.73
3.06
-0.94
0.74
-0.31
1.98
2.14
0.17
-0.02
0.02
2.70
3.93
2.37
5.27
1.21
0.24
-0.78
-1.92
0.08
4.81
2.82
-0.40
-1.01
4.16
1.21
4.38
1.23
0.54
-0.55
0.77
-0.36
1.05
0.31
4.06
2.05
-0.26
0.48
1.65
2.41
0.99
-4.16
-3.85
1.68
-2.17
-0.29
3.25
2.84
0.80
-0.89
-0.18
3.97
2.75
-1.55
-3.08
5.85
-1.73
0.99
-0.75
0.65
-0.90
2.78
4.66
2.39
-7.71
1.87
3.29
3.35
-2.95
-7.17
10.82
5.39
7.30
9.70
-3.71
10.40
2.74
10.27
1.75
5.21
1.15
2.09
0.33
-1.08
1.65
4.02
4.40
3.70
5.09
-0.96
4.23
-4.33
2.03
5.57
6.85
2.69
-0.35
2.24
0.46
0.70
4.17
3.98
-3.27
4.18
1.11
-3.67
-0.77
2.38
3.13
6.61
7.16
6.98
3.89
5.52
-4.49
2.36
2.29
2.25
1.60
1.15
-0.80
-0.20
1.60
0.99
2.73
5.73
1.62
2.79
1.39
1.95
1.50
2.74
-1.26
0.72
-1.14
-0.03
0.53
2.49
1.32
-0.11
1.19
-1.35
-1.64
-0.98
-0.41
1.70
3.37
2.89
1.15
-0.06
1.36
1.67
1.22
1.98
0.94
1.83
0.16
0.17
-0.13
0.73
1.29
0.71
1.81
-0.03
1.08
-0.10
0.44
1.32
0.47
10.87
2.44
-0.79
-0.18
2.51
2.15
2.10
2.93
-0.97
0.17
0.32
