-1.37
5.31
9.05
5.85
9.59
2.63
1.87
4.11
-0.02
-0.72
4.79
-0.13
2.76
1.27
1.37
0.44
-0.63
13.49
0.37
3.19
0.61
7.60
4.16
-0.05
2.02
2.69
2.42
13.19
2.92
3.19
0.01
-0.54
0.74
4.11
2.78
0.31
-1.44
2.44
4.02
12.70
3.12
-2.80
1.28
-5.92
2.32
-0.87
4.63
6.16
3.67
7.51
0.01
2.31
-0.54
5.18
5.36
-0.24
1.60
0.28
1.42
-2.32
2.80
1.90
-9.54
-0.85
-0.62
-1.55
-4.02
10.91
7.77
4.07
0.15
0.65
1.23
1.58
3.27
-3.52
5.67
17.52
15.01
-0.54
0.54
5.55
5.66
0.22
-0.42
6.38
1.11
2.12
2.65
9.58
31.59
-1.09
0.90
-0.14
2.83
10.03
3.47
3.38
0.27
3.48
1.73
-1.21
1.20
5.44
8.18
7.95
7.13
2.23
-0.83
3.61
-3.06
0.01
3.80
3.56
7.24
3.18
0.64
0.68
-4.49
2.54
5.11
2.04
-1.27
2.39
2.69
5.46
6.24
8.82
3.66
6.60
-0.59
-0.10
2.47
3.12
-1.74
2.24
0.34
2.89
6.63
2.05
3.90
3.16
2.58
2.05
-0.91
3.66
-1.06
1.27
-0.70
3.04
6.82
0.09
5.21
1.97
3.15
-5.85
3.46
2.85
-1.88
3.99
2.22
-1.43
5.94
2.08
2.85
5.66
1.00
