1.83
6.14
1.73
3.56
1.69
1.01
5.77
-1.47
-2.27
-0.48
2.47
-2.07
-1.55
-2.00
2.23
4.52
3.62
3.47
3.57
1.12
-1.16
1.14
-0.74
-0.38
0.17
1.56
2.05
-1.53
1.38
1.56
0.29
5.02
4.27
2.04
1.09
-0.68
1.62
2.14
1.91
7.29
3.24
-1.23
0.04
-2.08
0.63
2.84
2.63
1.07
0.23
-0.80
1.62
1.14
-1.99
3.12
0.64
-0.73
2.03
0.27
-4.75
0.75
3.97
2.09
-1.85
-1.99
5.85
2.85
6.59
0.46
0.74
3.51
4.46
6.57
5.06
0.08
-1.95
2.19
2.64
3.13
-0.28
1.92
0.12
3.37
1.77
-0.46
0.71
2.81
5.84
3.45
1.97
-0.38
0.97
-0.16
-0.46
0.99
1.53
0.70
0.40
-0.86
1.24
2.72
0.28
-1.85
8.78
1.53
9.21
9.59
1.35
3.26
10.27
1.82
-2.45
0.32
0.99
1.90
-0.44
1.82
0.28
3.82
1.38
1.75
-0.50
-0.41
0.04
1.21
2.44
0.55
-1.10
4.31
-1.09
-1.31
0.32
2.91
1.93
1.58
4.25
0.70
1.14
3.56
0.18
1.17
2.38
-1.09
2.64
-0.43
4.12
14.04
2.87
1.33
3.45
3.54
0.66
0.81
1.43
2.58
0.37
-2.19
1.94
6.39
3.84
2.16
0.76
1.59
0.76
3.60
3.60
3.09
3.29
