2.48
0.39
2.56
-1.46
1.28
1.22
-0.47
2.87
2.36
2.79
-1.24
-1.41
5.23
2.40
5.95
7.34
5.49
2.43
2.54
1.13
2.84
2.51
-0.05
1.68
4.72
6.59
5.57
-2.62
1.15
-0.55
0.37
1.26
-1.75
0.62
1.99
3.89
2.56
-0.97
3.67
-0.05
-4.81
-0.85
2.83
3.64
2.39
-1.32
-0.61
-3.23
4.00
3.06
-2.62
3.10
-2.92
-2.78
6.41
2.31
8.21
4.94
4.14
1.45
-1.31
2.67
1.58
5.40
2.14
-4.05
2.38
2.87
16.52
6.58
-0.04
-5.18
2.02
2.55
2.72
-0.45
-0.21
0.35
-6.27
0.70
5.34
20.39
10.51
7.46
3.61
0.49
2.36
-1.09
0.21
-0.18
12.24
8.18
2.43
0.56
0.79
0.45
0.08
0.74
3.70
2.17
-0.89
-0.47
3.66
-0.49
2.37
3.45
5.74
0.30
13.56
13.32
4.12
0.31
0.71
0.37
0.26
0.22
0.06
0.16
0.53
0.26
0.17
0.18
-79.47
-1.43
3.03
2.75
-0.09
-1.61
5.51
4.95
6.61
-0.30
0.67
3.59
-1.80
2.86
3.47
7.58
5.16
8.22
2.42
2.85
2.87
0.01
1.58
-0.48
-0.27
9.25
2.58
0.04
-4.99
13.47
8.31
4.69
7.25
12.50
5.48
2.66
-2.55
0.67
5.96
2.84
-1.58
4.44
-2.86
-0.85
