4.36
5.22
-1.68
1.43
6.40
3.15
1.81
-2.98
-5.54
2.15
7.85
-0.28
0.59
-0.67
5.35
3.43
5.28
6.54
-2.88
0.51
-4.89
7.21
2.43
2.90
7.00
-2.07
0.59
0.09
-0.81
-0.58
2.10
-0.53
8.55
-0.05
3.73
-1.26
9.93
4.86
-0.57
1.84
2.81
2.06
-4.26
-6.04
1.70
4.45
2.27
-4.69
-4.04
20.95
11.12
4.63
3.33
4.82
-0.55
-2.33
-1.38
0.71
-1.25
1.67
6.66
1.81
-2.82
-2.41
10.15
13.75
-1.79
13.03
6.76
11.93
3.38
7.21
1.82
-0.89
-2.90
1.98
4.39
-7.84
2.25
1.29
0.37
2.82
2.34
2.26
0.12
-0.35
-1.29
7.65
4.90
9.42
6.03
3.01
3.94
0.91
-2.61
8.66
8.90
3.21
0.10
3.14
1.49
-1.08
0.38
1.43
3.34
0.29
7.78
2.28
0.32
-4.20
0.65
-1.26
3.25
3.09
0.42
1.51
-2.94
2.56
0.37
5.07
2.56
3.85
4.37
1.21
1.38
-0.25
2.76
4.45
1.71
-0.55
1.20
0.35
8.79
7.56
2.50
2.09
0.04
-2.22
0.16
1.62
0.47
-1.06
0.13
2.29
-0.30
4.40
4.33
1.29
-0.56
2.70
1.08
-1.49
1.16
1.18
7.88
2.45
1.00
3.19
2.52
2.29
1.97
-0.13
-1.34
6.40
9.73
4.95
1.38
