3.59
-0.69
0.32
1.06
1.03
0.46
0.71
2.35
1.27
-1.56
4.93
1.92
1.09
-0.48
2.08
4.22
1.64
5.95
2.43
-0.18
-1.04
2.34
3.18
1.27
3.92
1.97
1.23
0.77
9.49
1.02
-1.39
0.69
0.89
7.03
6.91
1.78
-0.09
-0.58
4.76
4.65
2.66
1.40
1.44
2.80
1.57
0.76
4.83
4.48
3.74
2.01
1.38
-0.84
-89.86
-0.06
0.42
2.88
0.72
2.85
0.72
1.39
1.04
-1.77
0.51
1.80
4.35
0.11
3.43
1.24
1.98
3.36
0.96
0.72
-1.87
-0.69
4.67
2.29
2.80
0.90
-1.55
0.22
2.25
1.31
0.73
0.82
0.46
2.48
0.60
-0.72
0.48
3.82
5.58
13.25
4.61
-0.99
2.86
3.92
1.85
-0.37
3.55
0.75
-1.52
-0.37
1.33
-1.30
4.94
3.56
5.97
2.93
1.53
-1.98
1.92
-1.54
2.29
1.80
2.64
2.82
0.98
2.99
1.34
-0.57
1.00
1.82
3.22
1.44
-0.70
0.82
2.53
1.75
2.12
1.92
0.50
0.38
-1.45
1.62
2.31
2.46
-0.55
3.66
5.96
2.36
3.20
2.29
2.01
0.22
0.51
-0.34
0.47
0.90
3.14
1.71
-1.55
-3.17
-1.83
2.53
2.81
-1.32
6.34
0.88
3.67
-0.83
5.33
1.86
4.25
0.04
4.04
1.24
0.98
0.29
-0.30
0.63
1.79
1.58
0.18
0.35
1.63
-3.17
3.97
3.87
4.21
2.06
1.65
-0.20
0.50
2.02
3.16
1.25
2.73
0.72
1.62
0.50
1.45
4.66
2.95
1.56
-0.58
2.49
-1.22
3.01
0.38
1.17
1.80
3.17
1.14
1.46
0.02
0.17
2.72
2.14
1.96
0.07
1.59
0.45
0.93
0.10
0.41
3.34
2.83
1.46
0.61
1.72
3.65
3.96
0.53
-0.10
1.33
1.20
2.60
4.06
3.03
0.74
1.11
1.88
2.72
1.27
2.32
6.50
1.32
0.00
2.87
3.14
1.29
0.31
2.07
0.95
0.46
2.35
1.57
1.11
3.26
-0.56
1.76
5.14
4.27
3.39
3.19
0.56
5.33
4.16
2.10
4.26
1.22
0.81
-2.84
