1.86
3.78
4.06
3.04
-1.01
13.01
7.08
2.26
2.42
3.15
3.19
4.21
5.11
2.26
0.60
1.84
-0.03
-1.85
0.28
5.64
10.36
2.34
-5.19
-0.77
-0.04
3.76
1.18
0.14
0.55
2.19
0.20
1.20
-0.87
1.26
2.11
-2.28
2.45
1.49
0.70
1.34
2.68
1.75
1.42
-0.45
1.71
-1.27
3.80
4.36
-0.85
4.35
3.71
4.12
2.63
1.08
-1.51
1.08
3.88
-0.44
1.38
2.97
3.03
2.98
0.70
-2.07
2.65
1.51
1.17
1.07
5.91
2.39
-0.73
2.54
-0.15
0.70
0.48
-0.27
-0.07
-0.77
4.30
4.02
-3.23
2.97
2.32
2.31
2.96
2.76
6.50
4.42
1.94
0.46
1.03
-2.35
-0.90
-1.50
0.33
1.54
0.01
1.02
2.98
-1.92
-2.89
0.86
0.47
-4.87
-0.94
5.88
-1.42
0.05
3.46
2.63
-0.45
2.22
4.96
-2.31
0.93
-0.13
0.86
-0.21
0.06
1.22
-0.90
-1.19
1.62
-0.02
1.87
1.60
2.60
-1.49
2.28
-2.38
-3.29
3.89
-0.56
0.66
3.18
-2.14
3.74
1.12
2.27
2.09
4.43
2.36
2.80
-4.54
-0.00
-0.29
2.83
2.84
2.71
2.80
4.53
2.16
-0.39
0.00
4.92
16.49
0.96
1.14
1.65
3.05
0.14
1.22
1.39
-2.64
9.58
3.70
-1.92
