-0.79
10.24
11.25
2.99
3.84
-0.31
3.03
1.86
0.09
1.16
2.37
-0.72
3.16
0.74
3.66
-1.89
4.64
9.09
1.93
2.48
-0.55
2.89
0.92
-0.05
-0.24
-0.31
3.82
3.34
-1.28
2.69
0.99
-1.22
1.09
-1.07
1.53
-1.66
0.11
3.56
2.49
-0.60
-2.92
0.56
1.51
-3.15
4.50
2.47
2.26
-3.33
1.94
13.10
4.22
1.90
4.59
0.92
-0.34
-2.73
-0.56
0.64
-1.91
-1.86
3.89
1.06
-3.94
-3.76
4.54
0.09
2.17
10.28
6.03
3.16
1.45
4.52
3.55
0.88
-5.41
2.77
0.98
3.69
2.49
1.28
-1.40
0.28
4.36
0.06
1.39
4.15
2.86
8.35
1.38
2.00
1.24
2.25
1.05
2.29
-0.19
-1.94
-1.06
2.27
0.68
-0.71
0.32
1.26
-0.13
2.29
9.01
8.82
2.92
2.91
6.42
3.00
2.41
-0.92
-1.22
0.74
2.66
2.28
0.39
3.15
2.86
-0.33
0.14
1.28
6.14
5.97
0.92
-1.53
1.46
4.72
2.71
7.33
3.65
3.40
4.83
0.17
-0.39
2.03
-0.49
-0.32
0.95
1.91
1.71
2.54
-0.71
-0.46
2.90
3.03
2.31
3.88
2.43
2.33
3.98
3.02
1.84
3.34
3.02
1.83
5.54
0.83
0.86
1.46
4.19
2.82
0.95
3.29
5.08
3.23
0.73
