-2.15
1.13
2.72
2.38
1.81
1.28
0.74
-0.30
-3.87
4.00
3.05
-0.44
1.33
-1.61
2.52
4.39
1.75
1.75
5.20
3.06
-1.55
0.87
2.78
-0.27
1.09
0.60
2.70
0.85
1.41
1.06
2.93
-0.85
-0.20
-0.10
2.32
1.02
0.66
3.18
-0.23
0.68
3.00
-0.09
2.17
-0.47
2.21
1.21
3.16
0.08
1.45
5.41
2.11
7.46
7.24
0.41
1.35
0.19
2.61
1.70
2.46
1.10
1.51
1.49
-0.41
0.66
4.16
4.41
-2.09
1.58
0.37
1.32
1.98
4.26
1.04
2.57
2.40
0.05
1.09
0.62
2.35
1.89
-0.36
-1.84
-1.10
1.05
0.81
0.04
0.60
1.96
4.18
3.33
-5.27
0.64
1.01
-1.43
-0.47
1.87
-0.04
1.39
1.17
-1.08
0.32
1.15
0.93
-0.01
2.41
5.56
2.84
1.72
0.22
2.86
1.26
-0.12
-1.57
2.29
1.00
0.91
1.77
1.64
2.22
1.32
0.08
0.06
0.95
0.69
0.92
1.24
2.11
7.30
3.79
2.01
2.10
2.26
3.40
0.94
0.14
2.91
0.15
1.70
1.62
-0.77
3.58
-0.07
1.60
1.73
0.99
0.57
1.24
-1.07
1.83
0.00
2.67
3.85
1.17
1.06
3.36
-0.40
1.18
2.47
1.83
0.56
0.66
-0.02
1.12
0.12
1.89
1.49
-2.37
