-11.97
6.76
7.21
4.04
0.52
1.67
3.63
4.41
-0.78
3.07
2.83
-1.11
2.24
4.74
2.94
6.30
8.27
4.25
1.52
2.27
-0.12
2.11
0.13
1.61
2.63
1.84
-0.60
1.00
2.61
3.68
-1.39
1.70
-1.55
1.02
5.97
0.08
-3.58
-1.39
-0.72
-2.23
3.49
3.23
-0.54
-3.78
6.41
6.86
1.79
-2.31
2.52
11.50
4.50
4.74
3.35
1.43
-1.50
-0.17
2.86
2.71
-1.61
3.13
3.18
1.90
-4.00
0.84
6.16
3.00
-1.93
2.69
6.17
7.16
5.37
3.06
1.78
0.80
0.46
1.80
1.89
2.25
-0.54
-0.26
2.25
6.00
3.36
2.42
-0.66
1.84
-0.45
6.17
5.05
6.83
4.19
8.19
7.42
1.10
0.60
2.36
-2.30
2.70
1.85
1.78
1.14
-1.51
3.24
0.48
6.74
5.77
3.31
1.22
0.16
3.36
0.86
0.49
-0.70
4.41
3.16
3.37
1.90
6.83
2.28
2.05
1.31
1.36
0.35
-0.05
0.96
0.81
3.38
3.75
0.21
4.64
6.11
2.61
3.85
4.58
-2.04
0.33
-0.97
0.10
4.42
3.64
1.25
4.84
3.37
1.39
1.35
5.95
2.69
4.15
-0.16
2.57
2.34
0.39
1.63
2.64
1.41
-1.95
1.18
-0.20
-1.60
0.89
4.30
-0.09
4.67
1.78
6.73
-0.70
-0.11
