4.14
6.67
4.53
-0.43
10.08
0.08
0.73
-15.23
6.06
2.34
-0.76
-3.72
5.18
-1.44
2.67
2.65
4.73
-10.70
2.36
6.49
1.29
-0.15
1.32
-1.24
3.54
4.96
0.77
-0.63
0.18
-12.18
4.23
5.58
1.81
3.11
-1.55
1.05
1.13
-1.80
1.14
5.58
-1.15
7.18
10.55
2.22
3.17
0.74
5.22
1.92
6.60
8.84
1.28
2.16
-0.46
-2.58
2.80
2.21
1.97
-1.37
2.64
3.46
3.06
-2.62
-5.11
-0.68
1.24
3.97
2.18
1.55
1.39
4.04
7.44
7.99
7.00
-0.02
-0.07
-1.54
2.07
4.56
-2.76
2.55
1.08
0.83
0.94
-1.43
-5.75
-0.65
-2.56
-7.22
-8.97
-1.41
1.32
-2.30
6.88
9.95
0.89
-5.87
-5.13
-14.05
15.74
17.10
1.15
-9.99
-4.43
2.37
24.33
2.82
3.65
26.14
27.89
2.25
15.79
12.02
27.20
22.17
10.20
2.30
5.94
-0.00
-3.69
16.70
12.03
5.67
1.36
0.10
-2.15
-3.83
7.69
-6.96
0.62
5.75
4.72
-3.73
14.22
30.19
-0.87
9.92
-1.31
1.12
18.64
7.83
5.66
-5.49
16.10
10.12
-14.69
-2.50
-4.93
-5.76
-3.62
9.47
-4.34
-11.65
2.69
6.48
2.26
-5.95
5.37
32.96
34.39
10.07
10.64
0.24
2.76
2.34
18.86
6.76
2.66
0.14
10.01
2.58
5.27
5.81
1.15
4.76
8.00
4.12
5.73
-0.08
4.22
4.69
4.46
3.44
1.92
1.51
1.53
-4.26
-0.49
5.47
11.77
4.46
2.92
3.01
2.09
7.58
16.12
9.13
9.93
16.00
2.90
1.70
-2.12
1.94
2.79
9.03
4.98
1.97
3.07
-1.14
-2.16
-6.00
-0.48
-0.37
6.91
1.52
3.34
0.70
6.34
-0.99
5.46
-0.97
0.34
0.79
8.09
-2.98
13.54
10.58
2.60
5.38
-2.12
-2.04
-1.27
-6.28
-3.31
4.84
9.54
7.29
7.13
6.79
2.34
0.19
-2.82
-2.97
14.11
13.23
-0.45
3.04
1.84
0.82
5.01
-7.61
5.37
10.85
5.30
15.34
5.68
-5.37
-2.20
3.08
0.08
4.40
2.34
-4.58
-2.96
