-3.30
3.54
6.45
3.99
2.45
-1.64
-0.84
-0.40
-0.63
2.18
1.70
-1.18
0.94
2.62
3.66
5.11
11.43
11.24
-0.38
-0.84
1.91
1.87
0.26
0.89
-0.65
-0.17
3.78
2.67
-0.75
2.55
1.34
1.05
1.79
1.78
0.65
0.27
3.03
2.45
0.83
5.29
3.04
0.74
0.14
-2.89
1.65
0.14
3.05
2.02
0.37
1.33
3.00
1.92
-0.06
-0.08
-0.30
-1.45
3.55
3.85
1.93
0.85
0.85
0.45
-1.06
-0.98
1.60
4.41
-1.57
3.78
2.31
2.66
1.88
4.09
3.91
5.04
0.55
0.77
1.01
-3.38
0.31
1.06
-0.06
2.62
1.05
0.25
-2.10
0.11
2.64
3.42
3.08
1.51
0.77
-1.88
0.18
1.33
1.40
1.47
-0.74
-0.99
0.19
0.04
-1.32
0.29
-0.39
-2.45
0.43
5.80
3.05
1.18
3.26
3.42
-0.66
-0.75
2.29
0.30
1.22
1.58
1.47
1.92
4.95
2.34
-0.77
0.77
0.48
-1.46
0.84
1.54
1.31
1.18
-2.24
3.54
3.20
-1.21
1.92
0.60
6.76
1.18
2.41
0.58
1.04
2.51
4.10
0.74
0.40
0.93
-0.16
0.96
-0.05
2.48
2.03
2.58
0.47
0.68
1.46
3.17
2.27
2.46
4.79
1.82
1.83
3.37
2.39
0.23
0.82
0.85
4.62
-0.60
-1.08
