-18.60
17.58
2.45
5.62
5.66
0.26
1.62
-24.37
-12.22
34.50
7.01
-1.15
-6.86
2.20
17.83
11.11
-4.83
1.40
5.56
2.33
-9.30
9.45
12.89
2.45
17.78
23.54
-6.15
4.80
1.74
3.23
5.63
7.33
-0.17
0.68
-0.53
0.38
-18.98
3.65
-19.64
3.77
470.02
158.82
9.24
-35.60
168.25
76.72
7.25
17.76
2.69
-3.10
-1.30
-4.49
-16.60
19.66
2.26
1.98
-8.21
1.90
-15.07
0.32
6.21
-5.28
-12.91
-32.82
-7.17
41.32
-15.09
0.00
0.00
0.00
0.00
3080.73
301.99
-2.18
2.30
-1.11
12.19
4.97
1.65
-1.63
4.02
5.19
1.62
0.92
-0.24
-2.26
-0.94
5.80
2.17
-2.62
-0.10
-2.00
2.79
-0.68
3.71
4.49
-0.84
0.71
0.14
1.24
-1.64
-0.29
-2.60
-3.01
-6.69
-10.70
13.56
2.60
3.81
0.71
6.87
5.56
-0.29
5.19
5.52
10.01
8.01
-1.36
0.19
1.40
-6.14
4.61
3.09
13.55
10.25
1.37
1.60
0.24
-1.44
1.72
1.65
3.76
12.29
4.99
0.49
-2.60
