8.25
-2.69
10.67
5.12
-2.31
-2.74
-6.40
-2.88
3.27
17.11
16.14
3.48
3.24
-4.95
-3.55
10.48
5.16
6.00
0.37
0.49
1.68
9.31
3.71
1.92
-0.67
2.92
-0.53
-4.28
-7.28
-0.86
-0.57
-2.61
4.92
5.16
0.91
-1.40
0.13
-0.16
0.35
-0.64
8.75
13.75
8.79
-1.21
1.80
1.39
0.69
3.06
2.97
4.31
0.54
0.57
0.34
2.21
1.57
-3.93
3.96
2.09
-0.86
-8.40
2.23
1.03
-3.01
-1.96
17.94
35.97
2.30
0.62
-0.96
5.37
1.77
2.07
0.43
3.51
0.19
7.59
7.09
5.08
-0.55
6.33
0.17
6.09
2.03
0.58
3.45
-4.25
4.06
7.63
6.97
0.15
1.40
0.44
-1.90
3.92
2.18
0.40
-0.04
0.81
0.49
1.32
0.22
-0.11
3.64
5.85
1.60
7.74
14.88
9.73
16.88
13.10
8.69
-1.20
5.09
1.28
-3.93
-7.64
-2.94
1.10
0.98
2.28
-0.59
5.40
10.58
-0.69
6.13
0.24
5.71
12.02
3.16
10.54
-0.81
4.36
8.28
2.68
4.25
4.68
10.21
2.33
3.73
-2.11
0.36
3.35
1.88
1.78
6.60
3.19
-2.24
5.69
7.30
6.67
-0.38
-1.44
0.29
-4.01
3.14
-2.22
5.08
5.51
-2.03
3.04
2.31
-2.34
-2.05
3.40
3.97
14.93
-6.15
