-4.46
5.29
2.67
0.99
-2.34
3.56
2.50
-2.83
-5.24
8.14
5.48
0.48
0.35
0.50
3.74
9.15
3.04
4.69
-0.22
-2.52
-4.11
1.86
1.75
6.90
8.76
8.31
0.30
2.75
-3.24
-3.05
0.97
-0.61
-0.56
0.98
-0.44
5.34
-4.06
-1.32
-1.70
-5.22
2.00
-6.26
-4.93
-6.75
15.36
0.86
3.41
2.49
0.50
32.43
5.06
0.96
-1.21
11.41
-1.62
-0.48
4.80
-0.96
-11.70
-1.34
3.48
-1.41
-11.29
-11.27
9.23
12.86
-1.82
-6.12
3.20
39.01
27.46
8.23
2.87
1.55
11.57
18.88
12.33
6.66
-5.31
-0.50
8.40
5.53
6.05
9.17
3.27
14.64
6.87
3.54
2.22
-1.98
-3.58
9.34
9.34
14.72
-1.17
-1.40
8.77
-3.91
6.74
10.40
1.21
-4.50
1.53
-3.61
11.21
10.38
10.08
11.63
11.34
2.46
1.05
-0.91
2.22
-0.92
1.14
1.63
-0.05
-1.20
1.63
1.74
2.92
1.08
-1.52
3.51
7.43
4.28
-2.48
0.23
-2.30
0.20
0.33
1.44
-5.53
-1.65
4.08
-1.12
-0.05
4.85
-0.36
6.13
3.41
5.15
0.23
-4.51
0.13
2.88
6.20
3.80
11.93
6.62
1.95
1.85
1.15
3.37
17.93
0.66
-1.74
3.01
2.22
2.63
12.47
8.10
6.38
5.69
5.23
1.89
-1.42
