-0.67
1.06
3.32
0.54
2.62
-0.64
0.92
2.90
0.14
1.78
-0.22
-0.77
1.10
-0.54
1.73
1.97
3.00
0.07
1.06
0.62
0.19
1.57
1.59
2.37
5.74
7.50
0.76
2.66
1.60
2.22
-2.19
3.38
-0.54
0.43
2.22
7.83
0.55
-2.66
3.43
1.00
4.11
-0.35
2.93
-1.09
4.34
1.58
1.14
0.00
3.39
0.45
0.31
0.62
0.27
-1.41
1.39
2.38
1.71
1.03
5.20
2.24
3.59
1.70
0.15
-1.48
3.52
-1.12
0.58
2.08
-0.08
3.15
1.41
1.92
1.49
0.53
2.81
-0.88
-0.59
1.76
-0.36
0.69
0.45
0.24
2.41
0.87
-0.35
-0.67
-0.19
1.02
4.67
3.31
6.82
6.63
2.37
0.75
-1.49
2.72
2.37
0.67
6.19
3.83
-2.75
0.06
2.55
1.47
1.00
1.40
3.62
2.35
-3.28
1.41
0.97
2.89
3.52
0.53
1.16
2.90
-2.24
-0.92
0.09
0.42
1.36
0.47
2.91
3.40
1.18
1.23
3.03
0.35
0.50
0.51
2.32
1.18
-0.76
1.58
-0.15
4.90
5.91
1.58
5.55
5.50
1.18
1.21
0.24
-1.68
1.54
3.65
1.14
0.39
10.25
4.62
-3.25
-0.98
4.71
10.67
7.47
0.10
-0.64
2.49
4.25
9.71
0.65
5.64
2.87
6.81
14.17
2.45
4.23
4.66
-2.01
1.42
5.11
5.98
4.05
3.28
6.70
5.66
-1.92
-0.44
1.34
-0.39
-4.18
-0.93
-1.28
-1.20
1.27
0.78
11.51
1.70
-3.03
0.73
1.30
7.37
1.02
8.13
13.52
8.61
1.42
5.61
-0.45
1.30
1.81
-1.97
-0.92
1.73
0.13
-2.45
1.52
3.95
5.15
-3.49
3.70
-0.15
1.55
3.07
3.24
5.29
4.55
-3.05
-5.79
-0.23
5.08
3.66
13.19
6.58
-0.48
1.17
-1.21
2.16
5.62
-0.79
-0.68
0.48
0.19
-0.40
1.81
3.15
2.39
2.07
7.33
6.61
6.80
-0.12
1.17
-1.11
1.73
3.41
4.87
-4.37
-2.99
-0.67
0.20
-1.38
-0.41
3.92
-0.93
-2.70
2.90
1.46
1.49
2.09
5.09
2.06
-0.93
