0.89
2.95
2.75
0.26
1.81
1.17
-0.29
2.64
-0.00
1.25
1.62
1.74
5.68
1.79
10.11
6.71
2.22
5.41
3.57
2.89
1.67
-0.49
0.54
1.80
0.12
6.16
0.11
-3.97
0.69
3.64
-0.62
9.31
0.96
0.40
4.67
2.08
3.33
1.55
3.64
2.03
3.14
8.42
5.00
0.91
0.71
3.81
0.88
-2.94
2.34
0.98
-1.54
3.21
1.12
4.48
0.91
3.05
1.21
1.92
0.46
3.99
5.22
2.97
0.80
0.51
1.09
2.44
-1.61
2.46
0.99
2.50
2.88
1.11
1.63
1.55
0.10
0.69
7.07
1.71
-1.41
-0.32
4.69
2.20
0.59
3.78
2.46
1.74
0.45
-0.81
1.97
0.16
6.36
4.35
4.19
2.08
-1.08
1.31
1.45
-1.50
4.56
-0.15
1.01
0.01
2.29
-8.70
2.27
4.13
2.43
0.52
-1.60
-1.64
3.31
-2.87
1.20
2.81
2.90
15.77
2.45
-0.28
2.87
-0.89
0.08
-0.50
1.31
0.52
-1.41
0.19
5.06
2.69
1.13
3.18
0.58
1.02
-4.47
2.31
2.16
2.18
-0.19
6.50
5.70
1.27
15.08
7.91
2.88
-1.17
1.45
2.59
2.99
-0.21
2.18
2.39
-1.03
-2.21
-0.27
7.97
4.28
-3.64
5.90
0.13
3.09
1.88
4.00
1.33
2.72
-0.09
3.42
-0.11
-4.50
1.59
3.13
0.77
4.59
0.08
-0.94
1.26
2.68
2.70
4.85
5.35
4.16
1.59
2.57
0.02
0.76
0.41
-0.25
-0.12
1.70
1.19
0.39
0.82
4.05
5.42
-0.99
1.78
1.48
2.68
0.64
3.61
3.79
1.14
-0.69
0.97
-0.03
2.79
3.70
-0.62
1.71
0.24
0.62
1.10
0.32
0.55
1.63
0.37
-0.18
3.36
5.21
1.35
0.41
1.00
3.32
4.36
1.53
-0.21
1.45
-0.71
3.27
5.77
1.68
-1.10
0.05
1.59
0.39
1.96
2.31
1.62
1.02
-0.80
3.04
3.10
1.94
1.56
6.69
1.01
-0.14
0.67
1.90
2.02
4.32
0.07
0.93
2.83
2.52
3.45
3.80
-2.36
3.73
4.39
3.27
2.86
2.56
-1.72
2.95
