2.03
1.31
3.59
-3.19
0.32
3.27
0.72
1.08
2.30
0.63
3.53
0.50
2.65
-4.09
1.54
2.06
4.51
1.77
1.30
1.66
4.77
0.40
-0.20
-0.42
2.35
5.29
6.81
2.43
6.21
1.09
-0.93
-2.29
1.48
-2.13
0.45
-0.13
0.96
2.81
0.82
1.09
1.67
-1.15
2.20
3.02
3.63
1.77
-0.95
1.04
1.38
1.53
-0.56
-0.09
0.92
-1.78
1.43
6.25
2.25
1.44
0.89
1.18
3.42
3.12
-1.51
3.03
6.49
0.32
-3.38
0.40
1.39
1.67
3.36
4.67
3.11
2.32
1.42
-0.78
1.41
2.62
-0.46
-4.09
-0.52
1.80
2.56
-0.15
-2.00
0.45
-0.74
-1.33
0.46
1.21
2.16
2.37
4.35
-1.94
4.43
-2.45
-0.76
0.45
12.39
1.23
-3.86
0.19
3.29
0.52
12.78
3.19
-0.49
2.33
-1.07
-1.93
4.67
0.67
7.03
2.95
0.90
-0.58
-2.02
-0.44
-2.50
-0.54
0.33
2.61
1.28
0.02
-1.25
-1.24
0.61
-7.99
0.36
-2.47
5.64
-3.08
-2.43
9.39
-1.46
1.01
-4.70
9.22
21.71
-0.60
-1.12
7.35
10.88
0.07
4.96
-0.34
-6.44
-7.63
-1.78
7.48
0.68
-10.22
-3.97
16.39
10.23
1.29
3.80
1.77
59.36
9.74
10.49
4.54
2.62
18.91
17.27
19.58
9.88
-6.76
-0.17
1.04
6.38
5.95
1.02
6.98
6.72
6.59
3.40
2.32
-6.13
-2.43
7.92
8.21
2.74
-1.54
6.87
1.20
4.65
16.14
8.49
0.49
0.57
2.95
-4.97
9.62
12.15
5.25
9.89
2.51
3.64
-0.45
-1.78
0.18
1.64
3.11
-5.34
2.12
-0.59
0.94
3.97
-1.00
0.81
1.87
8.27
3.55
0.69
-1.16
1.26
0.53
5.47
-0.04
0.49
-2.92
7.58
1.44
-0.48
6.99
-2.82
6.88
2.09
3.45
