-2.38
-6.32
5.14
1.39
0.90
-0.70
-3.85
1.75
-1.69
1.57
3.30
2.40
-0.13
31.37
22.91
2.70
2.07
6.13
2.17
0.77
-4.47
-3.00
3.51
-0.25
13.63
27.95
6.60
0.49
5.56
8.18
4.47
1.49
3.49
6.37
2.63
1.70
0.39
7.57
-79.75
-2.59
14.58
8.39
1.71
-9.08
12.06
-10.02
5.59
3.63
5.30
12.84
3.38
-7.19
6.88
10.28
3.07
8.01
9.47
5.29
-0.07
-0.83
-1.93
1.73
3.62
-6.21
-4.04
-3.89
-3.03
10.08
5.49
7.69
5.36
2.03
2.61
5.71
1.79
6.73
0.14
-4.61
1.80
1.93
2.98
14.70
2.76
-1.23
-1.09
-2.92
9.66
4.35
3.49
-4.28
7.52
4.81
2.17
1.05
1.73
3.22
1.39
1.86
-0.12
10.51
3.73
18.71
17.59
0.19
-0.10
-6.21
3.12
0.62
6.98
1.93
2.36
2.37
4.78
2.73
6.77
3.56
2.44
2.68
0.22
0.57
-0.63
3.40
2.21
1.66
2.88
-1.39
2.42
7.13
5.95
3.16
1.87
3.31
4.16
1.53
-6.85
3.90
1.82
0.25
8.83
18.72
1.93
-1.54
-1.31
-1.82
1.05
4.06
6.72
2.98
2.75
-1.06
9.98
4.60
-1.25
2.50
1.76
-1.49
1.32
2.11
-3.27
2.40
1.51
1.96
11.77
7.14
15.68
25.24
-1.28
