2.19
1.40
4.00
-0.24
2.46
0.22
-0.09
1.81
-0.26
0.70
9.81
0.23
3.95
0.89
2.71
4.61
2.00
2.90
0.15
-1.47
0.60
-0.55
0.52
4.33
2.92
0.58
-0.09
-0.70
6.22
1.35
-2.05
1.08
1.79
5.91
5.22
1.61
6.35
-0.06
4.58
3.05
0.68
1.91
1.86
2.96
1.51
0.17
1.06
0.21
1.17
1.35
-0.93
-1.72
-1.35
1.99
2.76
4.04
4.82
1.73
1.94
0.96
0.44
-0.93
0.08
0.37
2.85
-1.36
1.03
2.58
1.41
3.71
0.41
0.75
0.94
3.14
3.10
0.77
0.27
1.86
2.29
-1.31
2.14
3.38
0.74
4.08
1.81
0.22
10.19
5.38
-0.10
4.49
5.31
3.19
2.04
2.00
2.04
1.96
1.08
-1.25
1.92
1.33
0.64
1.04
2.42
-0.24
-0.02
0.34
3.73
4.46
0.95
-0.33
5.97
0.91
0.96
0.84
0.43
1.34
0.22
2.57
2.68
-0.05
-0.94
1.84
3.51
2.60
3.27
2.16
2.48
1.54
1.57
2.35
-0.03
0.71
-0.15
3.23
1.42
4.88
8.45
5.51
2.63
7.16
2.83
-0.41
0.59
-0.90
5.49
5.07
-0.50
-2.01
2.97
-1.19
-18.45
-2.61
2.96
4.62
3.68
-6.05
7.24
6.45
2.42
-1.00
8.62
3.29
-0.52
-1.05
0.47
0.91
0.02
0.05
-1.26
-0.47
-0.45
-1.98
2.07
0.17
1.76
4.79
5.30
0.44
-0.84
-1.41
3.01
2.36
5.96
-0.55
-0.59
-1.62
-0.04
0.36
-1.66
0.56
-0.10
0.93
-3.05
2.56
1.45
1.91
0.93
2.70
1.56
1.69
2.28
4.49
0.79
1.56
-0.54
4.36
6.00
3.38
0.75
-1.20
2.26
2.23
0.38
-1.14
1.95
1.82
-0.84
-0.41
0.78
-2.86
1.93
1.14
2.95
1.89
1.59
11.71
4.23
-0.09
3.67
1.17
1.76
-0.05
-2.58
-1.56
0.01
1.63
1.31
0.39
-1.72
1.02
2.38
9.53
2.91
1.53
6.03
4.64
1.83
3.07
6.61
1.01
-0.65
2.32
0.96
6.15
1.38
-0.80
5.08
2.37
2.99
-1.61
2.53
0.76
0.90
