1.35
0.95
2.82
2.26
-1.06
1.42
-0.37
4.31
2.58
1.57
-8.22
2.94
4.14
0.52
-0.38
3.91
2.93
4.29
2.73
0.15
-0.37
1.09
1.55
-5.22
4.53
3.16
1.55
1.74
1.64
1.71
1.57
-0.60
0.63
3.47
3.84
2.96
-0.20
-1.04
1.56
-0.33
2.57
2.25
3.97
1.29
1.56
0.96
1.51
5.15
10.66
2.69
0.72
1.57
-0.25
0.09
3.35
3.84
1.15
3.26
0.93
-0.19
2.38
8.31
1.02
-0.14
2.07
2.26
2.24
2.34
1.01
1.15
1.57
1.57
0.94
-2.43
1.53
-0.76
0.47
1.01
1.34
-0.68
1.78
3.69
0.77
0.75
-0.06
1.97
-1.89
0.80
1.20
-0.42
1.99
2.07
4.17
3.17
1.51
3.01
-0.45
-1.05
13.53
0.55
-3.71
0.40
2.58
-1.15
1.63
2.30
0.70
0.23
0.07
1.28
4.86
-1.57
0.19
2.50
0.57
3.18
1.66
0.13
1.47
0.01
0.14
1.23
2.91
-5.36
-1.01
-0.25
2.08
-2.00
1.41
0.70
0.79
1.06
-4.08
1.49
3.60
1.86
-2.82
4.57
4.47
-0.17
2.66
5.88
4.33
-1.07
1.91
1.53
-0.15
-0.17
2.48
-0.00
-1.10
-1.08
0.10
5.84
3.48
-0.81
5.26
1.97
4.12
2.56
8.17
2.09
0.68
-0.43
2.31
-0.18
0.01
-0.46
1.29
0.43
2.29
-1.70
-0.18
3.29
3.08
3.24
2.51
1.29
-0.42
0.22
0.92
0.58
0.65
0.16
-0.00
-0.10
-1.66
0.33
-0.21
-0.77
0.51
0.38
0.51
3.34
2.26
1.62
1.05
2.89
1.61
-2.74
-0.35
1.26
1.24
2.44
0.61
0.88
3.53
4.79
0.77
-0.18
7.40
2.88
-0.12
-0.13
-0.32
1.61
1.23
1.66
0.45
-0.05
2.01
1.92
-0.56
1.56
12.65
2.07
0.89
2.76
1.21
-1.09
0.22
-0.70
1.25
1.88
4.75
3.68
-7.14
-0.10
1.77
-0.68
2.66
2.10
2.46
-0.37
-1.05
-0.19
1.61
3.17
2.84
-2.89
0.32
3.71
3.23
3.80
3.25
-3.18
4.06
3.72
2.29
4.85
1.88
-1.02
-1.82
