-0.53
1.56
4.23
1.50
10.26
0.64
0.78
2.64
0.94
0.22
0.06
1.27
0.52
-3.23
7.11
6.78
2.48
1.64
1.06
-0.16
0.97
1.96
1.79
2.61
4.66
1.55
2.53
5.67
4.80
0.17
0.10
0.23
0.79
2.70
2.19
0.65
1.86
0.05
5.31
4.88
-6.34
-0.22
0.84
1.78
0.67
-0.10
1.49
3.85
1.21
0.45
3.19
2.82
1.37
0.66
14.22
6.15
0.57
-1.27
0.00
-1.00
0.80
1.50
0.26
-0.41
3.62
1.59
0.24
2.29
-0.21
1.35
4.09
1.17
0.28
-0.13
2.34
2.63
-0.01
-0.58
1.96
1.58
1.97
2.89
0.92
1.73
-0.88
0.23
-0.94
1.51
1.04
5.62
13.28
5.43
2.58
1.41
0.55
5.36
4.96
1.50
1.76
0.69
-0.22
-2.09
4.68
2.25
9.31
3.10
1.10
2.65
-0.93
4.43
2.21
2.14
1.80
1.74
-0.36
6.15
-1.42
0.54
1.87
0.79
0.33
1.70
2.52
2.53
0.71
2.83
2.96
1.41
0.45
1.78
4.71
2.52
-3.21
1.17
3.83
4.42
1.24
2.60
2.73
0.02
4.45
7.49
1.35
0.06
1.20
-0.21
-1.61
-0.06
1.79
1.70
-0.98
-1.06
0.83
10.49
5.48
-0.49
7.33
4.31
3.66
1.80
1.05
2.61
1.20
-0.91
1.86
0.95
0.64
0.83
-0.62
-1.12
3.96
-0.62
0.70
0.80
4.86
3.14
2.13
-1.23
5.62
3.75
0.72
-0.40
0.08
-1.08
1.22
-0.88
2.54
1.95
-1.40
1.33
0.26
1.29
-2.29
0.48
3.54
3.46
0.77
3.83
1.62
1.99
-0.70
0.74
0.09
-1.81
-1.24
5.77
2.42
-0.27
1.52
0.23
2.08
-0.10
1.16
-4.65
-0.19
6.13
0.97
-0.55
3.24
-0.67
-0.88
0.77
-2.88
0.35
-3.48
-0.34
-15.75
7.32
1.57
12.05
0.44
-1.38
1.11
2.20
1.97
4.41
4.01
4.67
0.89
-0.31
1.81
1.61
5.20
0.78
4.50
1.47
15.14
5.87
-0.40
0.24
4.57
6.35
2.62
5.51
0.88
-5.22
0.15
2.22
1.77
3.00
1.75
-0.45
0.25
