-0.39
1.04
4.99
-0.76
1.35
1.63
-0.62
5.32
6.39
0.58
0.78
0.33
3.02
-1.97
3.87
6.73
5.30
3.72
2.75
0.08
0.86
0.41
2.09
2.74
3.29
5.34
2.45
-1.88
1.37
-0.21
-0.53
0.58
-0.95
4.13
4.50
2.24
-1.40
-0.63
3.88
3.79
1.20
-0.41
0.87
0.61
1.85
0.93
1.29
2.19
2.54
1.74
0.56
1.01
-0.25
0.15
6.06
6.53
6.10
3.74
1.41
2.05
2.27
1.85
0.31
-0.56
2.42
-0.12
-1.90
1.21
-0.46
3.44
1.82
1.96
0.73
0.28
5.85
1.97
1.09
0.29
-2.40
-1.11
3.38
3.16
-0.95
-0.65
-1.67
0.10
-1.36
1.23
2.62
4.10
8.22
7.00
3.54
0.50
1.99
5.56
3.44
-0.48
2.15
0.33
-1.50
-0.73
0.69
-1.05
0.85
2.85
1.58
1.02
-2.86
1.06
3.34
-0.17
0.03
3.51
6.43
3.01
-0.60
2.09
0.76
0.31
-1.57
2.13
1.21
1.15
-0.03
0.29
3.11
0.83
0.78
-0.71
0.51
-0.01
-3.19
1.81
-0.37
2.23
-4.29
0.67
6.35
-2.01
3.38
-0.30
2.01
-3.20
1.79
1.74
-0.85
-1.17
-1.21
5.49
-1.86
-2.60
3.10
7.60
5.90
2.47
5.86
0.74
4.79
0.94
5.00
0.48
1.23
-0.64
6.05
5.54
6.11
-2.44
1.63
-2.52
3.50
2.34
0.04
0.44
3.23
0.65
5.85
2.85
8.73
2.78
0.06
2.78
2.06
0.99
-1.32
-0.79
2.99
2.01
3.23
-1.32
-0.75
-0.74
-0.89
10.61
4.98
3.24
6.92
8.06
0.28
-0.02
1.17
2.84
2.57
2.76
2.54
1.10
3.28
-0.85
1.59
0.51
2.97
0.89
-0.37
-0.08
1.11
2.37
1.68
2.99
-1.26
-0.49
-0.57
2.28
2.11
1.78
-2.30
6.69
3.79
0.86
1.05
-0.44
1.07
-4.06
-0.70
3.95
3.30
5.02
3.54
2.89
3.68
-0.27
0.84
2.78
-0.68
-0.11
-0.83
-0.94
4.32
3.47
1.22
1.58
3.93
4.22
2.39
2.78
1.80
-5.16
-0.66
4.28
2.65
-0.30
-1.83
-0.57
-0.43
