0.82
0.27
1.76
0.97
3.41
0.90
0.32
4.53
2.93
0.30
3.58
-2.46
2.21
0.62
7.97
5.08
5.74
1.42
3.25
-2.32
-2.81
0.40
2.25
1.26
4.97
4.28
4.36
4.18
-3.07
-0.66
-3.06
1.10
0.59
-1.87
8.97
5.51
-0.40
-2.11
2.03
4.75
-0.68
-3.30
-2.23
2.95
2.93
0.25
1.85
7.87
1.90
1.74
2.37
-0.37
-0.50
1.56
4.57
3.33
4.54
-3.38
-1.24
0.16
1.28
3.70
0.96
-2.47
1.35
-2.62
3.73
3.52
3.42
3.06
-0.41
-1.26
5.36
5.66
2.65
3.25
-0.25
1.57
1.65
3.18
4.05
2.48
0.61
0.47
1.45
6.22
-0.40
-0.32
-0.80
6.55
6.37
3.45
1.64
4.75
6.49
3.78
1.58
-1.22
3.13
4.15
4.94
3.64
1.88
1.38
2.60
-1.01
-1.31
-1.24
-3.33
3.16
7.61
-0.47
-0.44
-1.69
0.07
4.69
0.15
3.49
0.63
0.50
0.35
-0.08
2.06
1.44
0.30
4.97
1.95
-0.67
-1.88
-0.24
-0.51
1.98
-5.26
-0.21
-0.74
3.82
0.15
5.36
7.80
3.37
3.47
5.10
3.82
-2.59
1.01
3.36
-3.65
3.27
5.28
1.76
0.08
-2.66
-2.76
0.96
0.43
-8.93
8.79
6.35
10.20
-0.28
5.52
2.35
5.14
4.04
1.83
0.18
3.70
2.35
-3.12
-4.03
1.50
4.04
3.36
-2.82
1.48
4.71
5.65
3.05
8.34
5.02
-1.07
-1.57
2.55
6.73
1.35
-3.29
2.53
1.87
-3.72
-1.14
0.47
-0.88
-4.10
5.85
5.79
-1.52
-0.74
5.52
-0.92
2.01
3.50
2.11
-2.69
-0.40
-0.42
3.46
1.85
-1.78
-2.15
-5.48
1.28
-1.55
5.27
0.86
2.70
2.90
-3.34
-2.18
-5.64
-6.18
11.06
-1.05
5.85
3.13
3.41
6.79
-1.60
7.67
2.78
7.43
0.93
-3.91
-5.18
2.15
1.37
4.66
2.92
4.57
8.22
-0.28
-1.38
-1.52
4.37
12.23
11.78
3.75
6.78
-2.87
7.73
3.82
10.77
-2.21
0.31
4.64
-1.25
-7.29
3.07
4.41
5.36
-0.51
-0.80
-1.55
1.10
