-0.36
2.51
3.55
2.88
1.20
-0.37
2.39
2.03
0.17
2.92
2.32
-2.04
0.95
1.45
-0.93
-0.79
0.54
0.84
-0.05
0.09
-1.60
3.36
1.44
-0.25
1.14
0.76
-0.13
-1.62
1.09
0.83
0.53
-0.96
0.00
1.78
2.29
-1.03
3.50
2.07
0.93
-1.39
-3.70
-0.06
-0.34
-1.76
0.90
-0.62
1.66
3.04
3.11
3.16
1.43
1.18
3.89
-0.01
-0.96
0.99
1.54
2.45
3.08
4.00
0.56
0.91
-1.90
-0.14
3.82
5.12
2.29
0.85
1.21
1.12
2.31
-0.27
2.03
0.66
1.23
-0.59
0.99
-0.58
2.48
1.30
-0.55
1.27
2.11
1.46
0.76
1.24
3.02
1.80
0.87
-0.20
1.50
0.52
1.32
0.81
1.27
1.04
0.19
1.51
1.46
1.43
1.39
-0.73
-0.11
1.52
0.80
-3.13
-0.24
1.00
1.73
2.38
-0.04
0.49
0.77
0.68
4.52
1.41
1.20
1.24
3.90
0.48
-0.27
1.06
0.46
-0.44
-0.48
0.43
1.29
-0.02
-1.57
-0.18
-0.11
0.79
2.56
1.03
1.35
1.24
-0.12
-0.40
0.05
1.87
2.65
1.57
0.99
1.32
0.41
0.24
1.78
1.03
0.92
-0.87
1.20
1.12
0.27
-2.10
0.21
2.77
0.95
1.57
2.44
0.11
1.57
0.82
-0.45
-0.02
1.76
-2.58
-1.48
