-1.98
4.85
3.96
2.94
1.55
1.42
0.66
0.20
-1.45
0.55
3.11
-0.03
2.50
-0.03
1.90
-1.00
3.74
1.99
-0.20
1.74
0.68
4.73
1.24
0.61
-0.64
1.37
-0.49
1.48
1.22
1.39
0.67
0.57
0.88
2.14
2.73
0.32
3.12
5.13
5.72
-0.37
0.88
1.15
2.28
-0.97
2.45
0.79
5.15
0.84
-0.09
5.21
2.42
3.39
2.64
0.88
-3.39
-0.35
2.32
-0.89
0.43
3.40
2.70
2.13
-2.39
-1.27
1.46
4.96
0.78
4.17
2.28
4.73
2.23
4.16
4.67
1.63
0.09
0.21
-1.17
-1.37
1.44
1.87
-0.90
2.24
0.46
-0.74
-1.69
1.89
4.95
2.48
0.35
-0.11
-0.55
4.84
0.93
-2.02
-0.80
0.54
-1.37
-0.39
1.36
0.57
1.51
4.46
-1.20
-0.91
2.16
5.72
0.90
1.62
1.71
5.43
2.84
0.08
1.32
1.89
1.01
4.32
-1.64
1.67
4.09
3.11
1.56
1.65
1.54
-0.56
-0.21
0.81
0.44
2.22
1.39
2.20
2.69
4.09
3.43
2.17
4.01
1.01
0.49
1.37
1.97
3.65
2.37
1.92
1.15
2.16
0.96
-1.46
1.06
4.87
3.37
2.57
2.05
-0.03
0.39
0.87
3.47
3.73
1.54
2.87
4.05
2.94
1.75
1.48
-1.07
1.48
4.07
-3.01
-0.75
