3.14
0.83
2.15
3.08
-0.58
0.32
3.54
3.07
2.80
2.05
0.73
0.99
-0.30
-0.33
5.25
1.41
-0.51
-0.90
-1.73
0.98
0.07
0.11
1.78
2.89
0.55
3.57
0.83
0.07
-0.98
-0.01
1.17
2.12
1.73
0.93
3.04
1.95
2.90
1.32
1.79
1.66
1.43
2.35
2.07
-0.59
1.52
0.25
1.07
-1.82
0.80
5.68
-2.10
0.17
1.70
2.21
1.53
2.50
2.35
0.81
1.58
1.47
0.08
0.72
1.96
3.45
2.82
0.46
2.23
-0.75
1.79
2.26
2.39
1.46
0.94
-0.12
2.47
0.27
1.15
0.65
-2.47
0.30
2.56
0.78
1.82
-0.13
0.21
0.33
-0.27
0.95
0.44
1.54
2.74
2.21
-0.73
-0.10
0.60
-1.41
1.05
-0.68
2.27
0.94
0.43
0.34
2.57
1.16
6.85
2.24
-0.14
0.59
-0.54
1.17
0.07
-0.03
0.39
2.68
0.81
1.07
1.17
1.75
0.69
-0.40
0.50
0.59
1.83
1.73
-0.57
1.25
2.72
1.91
1.18
1.09
1.48
1.23
-4.57
1.14
3.59
1.75
1.13
1.63
1.48
1.69
1.99
0.63
0.37
0.51
0.95
1.91
2.28
-1.01
2.52
3.60
-1.20
-0.88
0.03
2.06
3.25
1.42
2.66
1.33
0.34
-0.53
2.31
3.71
2.55
-1.90
0.96
0.04
-2.62
2.95
0.94
2.04
1.30
0.57
0.13
1.38
2.39
3.13
0.15
0.34
1.01
0.81
1.07
-0.06
0.26
2.39
2.46
-0.49
3.52
0.76
1.25
2.96
0.67
1.50
0.72
4.05
3.79
0.06
0.03
1.99
1.58
3.67
1.36
1.14
1.01
0.65
3.46
2.76
3.51
1.89
2.62
0.32
0.82
-1.03
-0.57
-0.42
-0.45
-0.29
2.32
-0.69
-0.64
0.24
3.20
3.00
-0.54
0.57
-0.44
0.81
1.06
0.66
4.28
2.09
1.48
0.24
-0.97
-0.93
-2.38
4.26
1.09
0.83
4.39
1.17
1.48
0.41
1.08
2.10
-0.49
-1.39
1.46
-3.22
0.53
0.37
0.05
0.08
1.71
8.26
1.78
2.44
0.37
1.52
0.34
6.83
0.85
1.59
-1.32
