0.22
2.39
2.70
2.01
0.76
1.80
-0.12
0.18
1.05
3.59
1.22
0.83
0.38
-0.46
2.40
3.72
3.49
3.86
2.37
1.86
-1.38
0.08
-0.83
-0.40
6.47
4.81
3.42
2.01
-0.10
0.07
-1.45
0.85
-0.79
1.59
4.41
4.28
0.32
-0.04
5.95
4.64
1.46
-2.81
2.29
2.82
1.82
-0.91
0.30
-0.80
5.76
-0.28
0.93
2.13
0.87
-0.57
1.38
3.00
1.17
-0.25
-0.17
-2.04
0.07
1.05
1.06
-0.28
0.80
-0.18
0.98
3.90
-3.08
1.75
-1.92
0.81
1.75
0.01
2.04
-0.54
1.33
0.83
-1.64
6.96
5.94
2.16
1.63
-0.54
-0.85
0.03
0.89
1.48
8.18
4.39
2.15
5.17
-2.45
1.61
0.78
-0.49
2.18
3.85
4.44
4.10
-2.43
3.33
1.12
0.37
5.01
-1.03
-1.58
-2.40
-0.59
1.99
1.97
0.68
1.49
1.22
0.92
-0.27
-0.78
2.20
4.22
-2.45
-0.89
3.30
6.44
5.19
-1.86
2.34
2.06
-1.05
-0.26
2.41
-2.85
0.80
-4.70
2.48
3.11
3.18
1.51
1.34
5.82
3.42
3.25
1.84
-2.42
0.23
0.53
1.75
-0.08
-1.95
2.34
7.13
1.45
-0.60
-1.32
4.38
4.03
2.15
2.02
-0.42
-0.01
0.83
2.64
1.76
2.25
-1.66
1.02
1.35
2.15
6.54
0.35
0.99
1.23
1.08
1.08
2.17
2.66
0.50
5.80
1.17
-0.16
0.18
2.73
2.92
1.37
0.60
3.01
-1.32
2.96
0.86
1.34
1.95
0.15
1.34
0.53
6.22
4.42
1.26
0.54
4.43
3.43
1.22
-0.39
-0.14
0.74
1.12
0.14
0.81
2.17
1.18
-1.53
-0.95
2.38
-1.65
1.32
-0.43
1.38
3.14
3.08
-1.09
-3.02
-0.39
1.04
0.94
3.66
1.93
-1.48
1.88
0.98
1.94
2.55
0.79
4.14
-0.64
1.25
0.68
0.07
3.71
0.44
6.37
5.94
5.68
2.07
0.64
2.32
0.29
1.49
1.14
1.18
-1.82
1.18
-0.04
1.11
-1.09
2.37
1.08
-0.69
-0.57
-1.24
2.11
1.24
5.69
4.01
0.59
0.62
