7.20
3.12
-0.29
0.91
-0.19
1.24
-1.36
-0.25
5.86
4.23
3.07
-0.56
2.97
-3.53
4.11
1.94
10.07
7.60
10.49
0.11
1.66
5.49
3.75
2.63
5.24
1.54
0.10
-1.04
5.02
-0.13
-1.93
5.30
8.41
1.96
5.25
10.43
2.80
7.86
3.32
6.09
1.21
-3.66
-1.88
0.05
6.35
-1.30
-5.59
-1.71
7.94
1.93
5.74
7.14
5.50
3.37
8.94
12.46
-0.19
1.53
-1.61
1.97
1.62
9.57
0.81
1.61
5.77
-0.59
-0.19
4.07
13.78
22.03
3.88
7.43
7.18
2.56
1.02
-4.40
-2.64
2.63
-0.30
-1.16
4.65
8.63
-0.67
-2.51
-2.09
2.54
-1.42
-7.74
-3.08
-0.05
-1.33
-2.11
7.34
1.16
8.61
-5.36
-21.59
16.00
44.25
-5.55
-5.51
17.20
16.93
23.39
42.23
6.49
-1.97
3.16
4.84
-4.59
1.90
11.46
10.90
13.42
4.87
-0.87
5.81
-9.11
-7.19
-2.02
-2.13
2.21
-2.93
11.96
-3.74
-9.11
-2.75
-6.76
5.61
-4.13
18.16
-1.50
-9.02
14.84
1.92
5.40
-1.56
20.44
31.13
5.55
0.36
-11.63
22.09
-4.99
-3.42
3.15
-4.20
7.76
-6.36
14.98
3.37
-9.55
2.40
37.75
3.20
-10.70
12.42
21.50
84.95
18.15
15.10
-1.24
4.56
31.96
12.52
32.87
14.35
-1.60
4.06
-3.33
4.35
14.39
7.51
-4.53
4.70
-1.53
3.30
-1.46
-2.47
7.04
30.77
21.36
2.14
4.87
6.93
2.89
0.96
5.89
6.51
-2.13
3.18
2.25
-12.11
13.86
6.31
18.36
17.42
13.80
2.63
4.94
-1.35
1.94
50.52
16.46
5.40
0.79
-1.08
-6.61
5.20
-1.78
-4.56
-1.96
4.55
3.79
1.62
-9.64
6.72
4.97
-4.83
-4.21
7.99
3.57
13.71
17.20
1.30
9.84
-10.25
6.50
-2.78
-6.56
-3.79
6.60
1.96
-6.90
8.90
2.52
7.87
10.59
1.15
-4.64
-1.54
-5.77
18.71
18.78
1.09
7.55
12.04
-0.15
-0.24
18.29
7.78
4.55
9.63
-2.39
0.36
-13.63
-8.07
-0.85
10.07
0.43
1.54
9.21
0.45
