1.52
3.16
4.30
3.61
0.52
-0.32
1.42
1.65
0.56
3.16
1.52
4.94
5.70
3.74
2.10
-0.50
-2.77
0.03
0.65
-0.15
-1.61
8.75
3.52
2.93
0.07
-1.38
0.10
-0.46
1.94
1.20
-0.08
0.42
-2.16
0.17
2.93
-2.59
3.40
2.80
2.17
2.06
2.04
2.25
2.05
-0.30
0.58
-1.32
5.04
2.37
1.28
6.53
2.89
4.68
1.93
0.60
-4.26
-1.07
2.02
-0.61
1.38
3.72
1.97
1.44
0.47
-1.44
3.21
1.09
0.27
3.51
3.44
3.94
3.19
3.43
1.90
3.18
1.09
0.21
0.68
0.04
3.65
3.21
-3.28
1.18
1.33
1.73
3.01
1.89
5.82
2.44
2.31
1.06
1.45
-1.11
-0.67
-0.25
1.39
1.82
0.01
0.04
2.68
-2.75
-1.62
0.88
-0.39
-4.78
0.14
2.47
-1.06
0.88
1.92
3.25
-0.37
-1.44
6.18
0.30
1.55
-0.47
2.33
-0.05
2.04
2.53
-1.82
-4.64
0.43
1.12
3.66
1.14
1.86
-1.42
0.25
-0.65
-3.65
3.54
-0.87
0.52
4.26
-0.44
3.05
1.84
2.45
1.86
3.73
2.61
0.20
-2.12
1.84
0.97
2.40
3.37
0.91
0.71
1.64
3.79
-0.09
-0.64
-0.05
4.23
0.56
1.31
3.46
2.23
3.26
2.87
1.41
-2.40
1.35
0.26
-0.33
