6.82
7.13
5.82
1.62
3.20
0.50
4.03
7.72
2.17
-0.03
0.99
0.27
-0.11
-0.58
2.74
2.59
2.33
0.03
-1.02
-2.51
-2.00
2.40
2.05
0.49
2.70
5.63
2.52
1.07
10.28
1.19
-0.28
-0.16
0.15
-1.17
0.17
-0.00
0.53
0.40
2.08
1.57
-9.84
4.79
1.58
2.43
0.08
-2.33
1.29
3.27
1.23
3.13
0.68
0.51
2.87
3.44
-2.71
2.66
1.08
3.44
-2.19
0.00
2.88
5.05
4.01
1.79
1.57
-1.87
0.89
10.54
4.84
0.97
-1.50
0.50
3.92
3.89
2.56
-0.23
3.39
3.66
1.24
2.78
1.71
0.09
0.45
1.22
1.63
0.45
-0.89
-0.71
3.06
3.74
9.21
4.81
1.23
1.83
2.05
3.52
0.86
-1.00
4.79
1.61
-1.84
1.68
5.59
-1.16
2.55
4.02
-0.78
-0.13
-2.00
-2.27
3.44
-2.84
2.73
7.91
0.21
2.94
2.11
1.94
2.45
-0.30
-0.28
-1.67
3.25
1.53
-1.48
0.09
2.40
-0.38
-1.20
0.56
1.50
0.52
-2.87
0.16
0.49
1.77
-0.36
2.57
7.11
-0.93
0.20
0.50
1.62
-3.36
0.69
-0.53
2.55
1.15
3.33
4.99
-0.48
-0.79
-3.50
3.30
2.27
-1.07
6.20
-1.05
5.48
-2.34
5.70
0.94
-0.03
0.39
0.03
0.19
0.25
-1.29
1.68
1.31
2.36
1.03
9.76
15.38
4.20
0.59
3.26
0.13
-0.93
3.14
6.72
5.85
4.30
1.62
3.86
2.11
0.97
1.28
1.16
-0.01
-2.00
3.50
2.02
0.67
-0.69
4.34
-1.41
3.13
1.49
-0.85
0.12
5.68
6.03
4.38
2.64
5.66
1.81
0.31
1.72
3.72
4.12
0.23
1.01
0.69
0.68
2.28
4.98
2.87
3.05
-2.11
0.35
1.62
0.19
-2.34
0.95
0.83
6.51
7.66
3.31
-0.17
-2.41
-1.75
3.28
4.91
3.13
12.55
4.06
-1.54
2.29
2.44
0.09
1.49
0.76
-5.78
-2.08
2.93
2.37
1.91
3.83
-1.06
2.16
3.53
-1.11
-2.09
2.97
-0.43
3.98
3.35
0.10
4.49
1.48
-1.99
-1.03
