1.46
-0.10
5.10
2.66
4.34
3.05
-2.49
7.93
5.55
1.71
4.53
5.37
4.39
-1.58
7.79
50.89
23.39
10.37
7.78
4.67
1.32
6.94
5.13
10.07
0.59
8.01
-0.99
-0.24
2.56
3.55
-1.82
0.20
4.21
7.89
2.04
4.23
5.20
0.91
3.32
5.12
1.27
2.61
-1.22
-1.16
3.00
2.41
0.26
13.27
21.07
4.28
0.44
0.47
2.11
-4.16
4.43
2.85
4.00
1.53
1.67
0.63
5.00
3.18
0.82
-3.21
3.62
4.75
8.78
4.74
3.52
4.23
0.51
-0.49
-0.34
0.93
1.63
0.48
-2.29
-1.35
7.56
4.58
-3.99
2.11
4.18
3.14
1.11
-0.04
-2.36
1.75
0.38
-1.06
9.41
4.84
-0.27
0.27
2.84
3.17
-0.75
-5.75
5.98
3.88
7.73
5.37
4.55
1.56
3.80
2.29
1.33
4.69
1.03
-0.14
2.82
-1.83
2.62
-0.94
6.66
5.37
-0.38
2.16
3.85
11.76
4.38
3.67
1.82
0.69
-0.35
0.52
1.91
-2.06
7.70
9.20
1.53
1.92
-3.27
1.17
2.46
7.49
2.47
-3.01
1.04
2.66
2.74
-3.66
2.71
-0.53
1.70
1.20
0.28
6.47
7.22
3.18
1.56
0.73
-4.35
6.92
4.27
-8.83
7.40
6.14
4.81
0.64
-1.48
3.65
6.14
0.31
2.61
5.03
-0.59
2.85
2.80
2.86
3.43
3.24
-0.98
1.66
3.27
2.09
2.54
1.75
3.93
4.10
1.76
-0.91
0.36
0.58
2.19
1.43
2.42
1.72
0.25
0.30
2.92
8.92
-0.20
7.28
3.64
3.31
1.87
7.11
1.12
2.22
1.31
1.03
4.56
9.21
3.98
0.33
1.17
4.17
1.06
0.34
2.92
2.81
3.01
-1.40
2.25
2.78
5.03
-1.05
-0.12
2.30
3.14
0.99
-2.24
-1.26
-0.04
-2.32
1.72
2.26
1.96
2.31
3.48
0.37
1.18
1.28
1.38
-1.40
4.60
1.59
-1.87
1.35
-0.04
1.93
2.23
-1.93
6.19
8.43
0.86
3.25
2.75
0.93
1.35
2.62
-0.93
2.48
1.50
-1.71
-1.62
2.89
4.54
6.61
1.10
-2.37
-0.87
