-1.84
2.23
-0.36
2.28
1.46
-0.18
1.62
0.05
10.33
2.26
7.01
3.85
2.78
0.91
5.53
5.34
1.78
0.56
-0.98
1.73
1.69
-1.34
-3.88
-1.68
10.94
5.27
1.20
-1.58
2.11
0.95
25.00
6.20
3.20
6.40
0.52
-2.02
8.54
5.80
3.83
2.70
1.91
-0.24
10.69
-0.53
-1.00
-0.56
3.08
0.43
6.63
2.66
-0.07
0.13
0.18
0.86
1.76
3.05
2.21
1.74
2.57
-5.74
1.35
-0.98
1.64
-0.78
0.60
-0.11
1.04
-9.16
2.89
6.57
1.25
5.57
6.22
8.45
1.83
-2.36
-5.19
-1.96
2.80
5.20
6.03
17.61
4.83
-1.90
1.48
2.82
12.26
5.16
-1.96
7.71
1.78
0.87
30.70
8.09
-4.06
1.44
-1.84
1.32
11.39
7.55
3.06
0.17
-5.25
1.22
3.98
3.86
5.19
21.01
1.72
6.37
5.98
-0.71
3.68
3.36
4.91
3.35
-8.57
4.35
4.93
0.64
9.68
4.89
14.23
15.74
6.54
1.37
7.58
3.94
-0.00
47.78
21.69
8.78
-17.87
0.48
2.54
12.60
0.45
-8.57
6.18
3.12
27.07
25.57
5.69
0.57
-1.93
-0.44
-0.55
4.01
1.77
-2.99
-1.64
-0.51
-5.24
5.27
3.22
-9.90
19.34
37.28
14.09
-1.24
12.12
2.80
8.50
3.64
5.20
2.30
-2.84
-7.40
-8.03
17.25
15.28
12.28
-0.65
-4.64
12.67
18.12
11.25
5.02
2.91
9.04
9.07
0.14
0.17
-1.72
2.43
4.97
-4.01
6.04
2.93
-2.69
1.35
2.38
-4.31
18.15
13.58
14.55
-0.85
4.06
4.67
3.92
-0.83
4.01
3.21
1.25
5.96
4.94
2.65
6.60
4.22
-0.22
5.73
0.34
5.80
-0.87
1.31
7.74
15.17
8.04
5.86
5.79
1.43
8.66
4.28
4.80
6.87
0.30
-0.66
6.34
5.63
24.45
5.46
-0.45
1.22
2.90
3.88
1.85
9.01
2.24
8.05
3.51
-5.98
7.94
15.86
3.68
8.85
10.24
2.34
4.09
13.91
2.92
3.12
6.00
4.21
9.91
-2.64
-3.76
8.84
5.75
-0.75
1.40
8.35
5.39
-1.96
