-0.50
5.26
5.55
2.61
1.83
0.85
1.23
1.68
-0.12
2.20
1.76
-0.94
2.33
2.56
1.05
1.48
2.39
0.88
-0.13
0.50
0.67
3.19
0.38
1.44
-0.26
1.09
-3.05
0.73
1.31
0.68
1.22
-0.78
-0.90
1.29
1.95
-0.65
2.57
3.91
2.95
2.28
0.94
0.66
1.70
-3.82
-0.18
2.25
2.48
-0.63
2.82
3.01
7.30
6.42
1.13
0.54
0.89
2.57
0.29
-0.14
1.89
0.81
2.69
-2.35
0.22
-2.56
3.96
1.82
2.58
2.48
1.53
2.03
3.73
2.42
1.31
0.96
-0.06
0.69
-2.82
1.03
2.02
0.15
2.65
1.43
-0.26
-0.29
3.97
5.13
0.15
0.37
0.25
1.30
0.38
-0.27
1.04
1.27
-1.58
1.53
-0.80
1.21
1.56
-5.02
-0.48
0.66
5.69
1.81
2.99
3.89
3.84
1.75
0.27
-1.05
-1.15
1.13
0.21
-0.05
2.35
2.26
2.76
1.42
0.10
0.52
-0.48
-0.04
0.63
0.85
1.38
0.52
0.28
0.15
2.77
2.81
0.66
4.06
0.87
-0.28
0.11
-0.27
0.74
1.97
2.18
0.74
0.31
-0.50
-2.40
1.91
1.65
1.64
1.28
2.40
3.17
5.75
-0.16
2.06
1.35
-2.52
4.10
2.77
-0.84
1.54
0.44
-1.96
2.61
9.61
7.09
0.92
