2.09
1.75
2.56
9.99
0.75
0.48
1.27
1.78
0.85
-1.02
2.68
3.39
5.21
-0.28
5.62
0.26
5.47
2.33
0.47
1.06
1.75
3.52
2.85
3.56
4.44
4.19
0.18
-0.02
3.05
-0.06
-0.67
2.66
2.74
7.08
3.20
0.67
1.48
-14.95
-0.07
4.62
8.93
-1.61
3.34
3.18
2.34
0.20
-0.51
3.83
3.49
2.45
0.25
-0.81
-1.38
-3.19
0.81
1.71
6.75
5.94
2.56
2.29
2.77
-0.72
-0.12
-1.80
0.69
0.07
0.76
1.38
-1.27
2.03
2.81
1.18
-1.52
-1.75
-0.20
0.44
2.64
6.09
1.39
-0.66
0.88
5.61
5.29
-0.27
-5.32
0.60
1.86
0.92
-2.60
6.13
24.01
5.05
2.46
1.35
3.30
3.69
2.24
-0.53
1.59
1.73
3.47
1.53
5.68
5.70
2.77
1.81
6.58
3.18
-3.60
4.00
2.41
-1.83
0.53
2.34
4.51
2.85
-3.17
1.05
4.08
1.50
0.99
1.96
5.17
1.96
0.17
0.41
5.18
2.06
-1.67
1.34
1.64
1.03
-4.60
0.56
5.12
1.59
-2.95
6.81
4.77
-1.12
7.78
3.61
2.27
-0.96
2.70
2.52
-0.53
0.78
-0.14
1.42
-0.86
1.28
2.53
6.51
1.61
-1.09
5.77
0.20
3.02
3.97
1.92
0.56
2.90
-1.40
3.83
5.69
2.30
-0.25
-0.60
2.45
3.73
0.62
-1.81
-0.08
3.31
-1.12
1.90
-0.29
-0.70
0.82
-3.34
0.64
0.23
0.16
0.75
-11.15
-0.79
1.61
-0.38
1.57
-0.83
-1.71
4.27
9.79
8.14
3.66
2.67
2.40
-0.17
2.42
-0.18
0.59
2.06
-1.16
-0.78
-0.24
1.35
0.06
0.94
1.22
0.25
-1.22
-0.39
2.11
2.16
-1.38
0.82
-0.80
-0.38
-2.94
-4.81
3.34
3.89
-0.08
-2.85
3.85
-4.05
3.21
3.82
9.34
1.00
-3.63
6.82
7.31
3.66
4.38
2.59
2.74
1.16
-2.82
-1.24
0.27
3.97
5.17
6.69
4.79
6.93
0.58
2.65
10.68
3.70
5.53
2.58
3.31
-2.15
-11.64
3.38
0.05
-2.21
1.18
-0.26
-0.18
-2.10
