-9.81
3.66
3.98
2.54
8.33
2.88
-0.70
-5.11
-3.78
6.34
7.08
-0.62
-1.95
-0.82
5.92
8.50
1.39
1.76
-0.45
-1.32
-2.53
5.12
2.41
4.58
9.73
-0.24
11.96
5.91
4.53
5.77
0.74
2.03
2.72
0.74
6.53
2.41
5.17
-1.74
7.90
-1.64
2.77
-7.42
8.15
-3.64
9.55
1.44
6.34
3.10
-1.94
-0.20
-7.31
4.28
-1.25
9.40
6.35
0.25
7.39
6.15
-0.59
4.09
2.18
4.20
-5.76
-3.07
-0.21
0.43
-6.15
8.43
18.31
10.22
9.54
10.66
9.39
2.80
14.94
-0.20
0.85
1.23
-2.93
-6.98
5.76
6.23
1.30
6.92
-3.12
1.13
7.78
6.56
3.16
3.05
3.83
0.17
-1.18
-0.03
-0.57
-2.76
-2.32
5.00
2.24
3.24
-2.96
1.76
2.06
1.34
-0.59
-1.40
4.62
4.32
1.27
5.74
6.63
6.65
6.98
5.10
9.51
3.41
2.09
10.85
2.70
-6.33
-0.11
3.31
4.95
7.44
13.07
7.47
0.55
3.65
4.39
4.11
2.46
0.46
9.86
10.02
6.50
2.95
0.16
-3.84
1.84
5.23
3.92
6.45
7.13
0.51
0.12
2.23
3.24
9.07
-0.76
-2.30
4.27
0.74
1.47
-4.23
-1.18
2.72
3.09
1.34
-0.00
10.73
3.32
-2.87
6.40
5.91
4.83
0.09
2.93
