-6.78
3.87
-2.89
-6.06
4.97
-0.28
4.02
-3.25
-3.15
4.40
2.79
4.72
8.66
-1.40
6.25
7.30
22.00
3.59
2.02
-1.01
0.18
3.76
8.62
1.94
5.03
-0.29
0.80
-17.74
-3.53
0.70
0.32
0.04
1.13
-1.94
1.25
2.82
1.46
3.83
3.22
1.33
-9.62
-0.98
1.54
-8.82
10.00
4.10
0.17
2.33
-0.63
18.66
8.45
5.41
3.49
-3.70
-2.35
-2.55
2.59
0.54
1.81
0.07
-3.87
2.51
-4.78
-5.85
-0.55
3.55
0.85
19.82
11.05
6.69
5.49
-6.07
0.93
0.28
7.26
3.38
2.33
2.76
-6.03
1.92
0.77
5.82
5.67
-1.20
11.73
6.99
5.66
7.00
5.41
2.74
-9.98
14.21
14.77
1.23
-3.19
8.65
-4.65
5.23
28.01
11.73
-16.12
-4.69
6.04
2.49
8.56
4.57
-0.02
-0.30
7.83
5.07
-2.63
-5.92
6.46
2.16
-0.82
5.37
7.83
5.38
0.79
-2.32
-0.85
-1.19
0.07
1.10
-0.39
-2.48
2.06
14.82
21.48
4.64
5.58
-2.09
1.97
-0.73
-2.88
9.77
3.45
0.58
11.41
6.05
-0.88
-8.13
-0.49
0.94
5.89
0.89
7.80
4.26
-1.87
1.82
6.91
4.75
-1.44
22.62
2.02
2.35
10.96
5.36
-1.85
8.58
15.55
0.05
1.39
4.26
-0.03
8.26
13.46
