1.67
5.92
2.73
1.46
3.77
2.90
0.49
3.10
2.87
2.36
-0.27
1.68
3.42
1.78
5.50
-0.93
3.51
1.89
2.88
3.21
6.45
6.00
1.71
0.87
0.37
1.54
2.69
-0.58
0.78
-0.26
0.47
3.27
1.23
0.21
0.86
1.41
2.65
6.91
3.32
0.98
-0.31
1.49
3.88
-0.13
-0.34
4.38
3.86
2.24
0.95
1.95
0.20
3.68
3.16
2.27
0.94
-3.89
5.95
7.87
9.69
1.89
0.41
-0.06
0.84
-2.24
2.47
2.36
-4.76
0.68
4.71
7.13
1.05
16.99
1.50
1.27
3.64
6.24
1.11
3.50
0.99
-0.31
0.98
12.59
10.68
1.69
0.38
1.36
2.40
4.74
2.65
1.86
1.41
1.14
2.27
3.82
0.84
-3.94
-1.43
-0.00
3.75
-0.36
1.77
11.20
-2.15
-2.82
-1.93
6.18
8.54
3.57
-1.12
0.87
3.74
-0.74
2.89
0.73
2.59
2.21
0.52
0.47
2.30
0.46
1.15
4.53
1.68
-0.58
1.30
1.22
-0.75
0.11
4.58
4.44
-0.19
-0.10
7.17
2.63
-1.96
-1.30
0.02
-1.00
-5.22
0.22
0.50
1.86
0.95
-2.33
-2.70
0.18
5.55
-0.49
-0.65
3.42
-1.27
-4.99
3.18
-0.45
1.99
-0.53
7.87
5.99
3.79
1.79
5.07
0.93
8.69
-0.17
4.24
-3.70
-2.11
