2.29
5.59
2.49
3.00
2.42
0.16
-3.24
0.32
2.39
1.39
4.08
11.37
2.82
0.50
-2.86
1.58
5.53
1.97
1.17
3.58
0.51
3.06
2.60
2.21
4.34
2.79
7.35
3.07
1.18
0.52
-0.64
0.89
1.80
3.95
0.92
-2.71
1.50
1.12
4.27
-4.08
-1.39
3.90
2.96
2.33
3.91
0.76
0.40
-0.68
4.82
1.38
2.29
-0.70
-0.08
0.67
-0.22
4.45
4.95
4.26
0.75
2.96
5.23
0.78
0.78
-1.71
-3.25
0.08
3.44
2.60
1.38
3.00
1.79
0.32
2.18
3.62
1.68
2.34
3.31
1.63
-1.58
-1.29
2.48
3.40
3.51
2.76
-0.42
1.22
0.98
-0.84
1.89
7.32
6.43
3.99
1.98
3.13
1.69
3.87
1.75
-0.28
4.77
0.19
2.73
4.44
9.64
-0.43
0.50
1.97
6.23
1.37
1.04
4.18
4.29
1.34
0.15
1.96
2.33
-0.42
-1.98
2.35
5.30
0.48
0.62
0.64
3.31
2.49
2.00
-0.14
4.34
-1.42
1.03
2.77
0.47
3.30
-3.25
1.68
4.32
6.03
0.91
0.32
4.65
5.02
-0.80
2.41
-1.18
0.32
3.13
2.45
3.12
1.01
2.65
1.76
-0.99
-2.95
3.98
2.01
2.34
-0.83
8.99
2.85
1.01
2.92
3.01
3.41
0.69
-0.76
2.97
4.65
-0.75
1.02
-1.38
2.05
2.78
5.00
2.18
0.02
1.68
2.75
0.08
1.61
1.11
0.84
-0.07
0.37
0.14
-2.41
0.07
2.32
4.13
1.05
-0.97
0.44
7.52
1.56
-0.89
5.30
5.86
1.52
5.72
0.68
3.02
1.07
-0.08
0.77
0.22
1.56
1.60
-0.16
2.21
0.18
4.55
1.88
1.90
-1.41
-0.75
0.94
1.04
3.94
2.52
-0.04
-0.27
1.18
4.04
2.40
2.43
1.07
2.40
1.60
0.91
1.23
2.58
1.01
1.82
-0.17
0.66
1.98
2.25
0.34
0.01
-0.15
3.55
0.00
5.01
4.78
2.28
1.09
0.28
0.73
7.73
0.37
1.35
-0.06
1.06
3.19
7.78
4.92
1.65
-3.75
2.19
2.01
2.80
-0.04
1.36
0.13
-0.64
