1.99
3.26
3.35
0.41
1.09
1.33
0.40
2.09
3.13
0.56
0.63
0.20
3.05
-0.48
0.54
0.82
3.80
3.18
1.78
-0.36
-0.98
1.33
2.38
1.57
5.18
4.40
5.64
3.11
2.56
0.31
-0.93
-0.26
1.39
6.43
5.63
2.32
-0.36
-3.31
3.37
1.51
0.32
1.95
0.87
1.27
2.43
0.28
1.28
-0.18
3.90
1.89
0.79
1.31
1.84
0.52
0.64
3.18
2.59
1.56
1.05
-2.03
1.30
4.81
2.68
0.58
3.62
-0.51
-0.43
1.79
-2.07
1.60
2.52
1.87
-0.20
-0.18
-0.28
-0.48
0.66
-2.50
-1.97
0.22
3.00
3.84
0.27
0.22
-0.31
0.07
-1.22
-0.83
-0.77
1.59
5.55
3.15
2.45
0.21
3.45
1.22
4.42
1.09
3.68
0.41
-1.22
2.60
5.29
0.01
2.85
1.79
3.38
0.05
-0.67
0.96
0.55
-0.44
0.66
1.03
-0.32
0.56
0.28
2.84
1.50
0.26
0.44
0.76
0.46
-0.30
-0.89
-0.98
1.95
-0.71
-2.24
-0.23
0.64
0.63
-4.01
0.40
1.96
2.06
-4.66
5.78
6.66
0.04
8.27
0.55
1.81
-1.09
0.21
-0.63
-0.96
-1.06
1.72
3.52
-0.52
-4.21
-3.89
2.53
2.35
0.30
7.01
10.55
1.55
0.81
2.61
1.99
1.11
2.99
3.52
0.86
0.53
-1.96
0.95
-1.12
1.63
1.58
1.09
0.24
0.93
3.16
3.23
1.50
2.07
1.00
2.32
1.35
-0.05
-0.27
-0.21
-1.34
0.82
0.70
0.50
-1.57
0.45
2.37
1.43
7.12
2.04
1.53
0.94
2.27
1.54
1.43
0.23
1.93
-0.64
1.07
-1.00
2.05
1.50
0.84
1.16
-0.47
1.34
0.81
0.44
0.65
0.63
3.19
4.06
2.54
0.70
0.46
1.34
0.18
-0.51
1.49
1.08
0.71
1.21
0.36
0.35
-1.20
2.03
-1.09
0.07
3.18
2.50
-0.48
3.63
3.13
2.39
1.18
1.00
1.49
1.13
0.85
-0.78
-0.38
3.95
3.18
3.86
1.94
2.32
5.15
2.84
2.10
1.62
-2.10
-0.17
5.20
3.93
0.90
-0.32
-1.97
0.87
