3.06
-0.44
0.35
2.12
-0.56
0.92
1.90
1.72
0.81
-0.63
7.53
1.17
0.77
-0.94
3.71
7.87
4.86
3.08
0.29
0.37
1.57
1.41
1.74
2.57
4.22
1.62
0.96
2.39
-3.68
-0.07
-1.02
2.51
-0.05
6.07
7.31
4.79
-0.71
-1.08
4.97
4.22
2.36
-2.10
1.04
1.84
2.24
1.23
1.33
6.76
3.89
1.90
0.50
5.00
2.88
-1.36
2.79
2.82
1.01
0.46
1.24
0.34
0.12
-1.88
0.18
1.02
3.68
-1.42
4.23
2.30
-0.01
2.54
-0.21
0.92
-0.59
-0.45
3.75
2.99
2.61
1.08
-2.18
-0.86
1.93
2.10
0.61
0.29
1.22
0.41
-0.23
-0.13
0.97
3.34
5.16
13.66
7.21
0.62
2.80
3.18
1.97
0.16
3.81
0.77
-0.12
0.10
0.55
-0.76
8.24
1.89
1.72
2.56
-0.07
-0.44
0.41
-38.69
1.39
1.29
3.17
3.15
-1.83
5.57
2.45
-0.40
-0.30
1.22
1.23
0.56
-0.27
1.00
4.82
6.53
5.14
0.67
-0.51
0.79
-1.66
1.60
1.25
1.09
0.49
3.38
6.80
4.56
3.54
2.85
2.22
1.30
2.11
-0.05
0.98
-0.82
3.02
1.70
-1.31
-1.26
-1.35
3.99
3.78
-4.16
5.84
2.06
2.98
-2.86
4.02
3.27
5.04
1.80
4.38
0.85
-0.99
1.71
-0.03
2.66
2.50
3.12
0.90
-1.22
1.19
-1.37
5.06
2.79
1.54
0.59
2.02
1.15
0.61
0.88
2.81
0.67
1.55
0.18
1.27
0.10
0.56
1.08
0.36
2.58
-1.70
2.39
-1.16
3.02
1.06
-0.63
2.52
4.25
0.12
3.04
1.08
3.73
2.18
1.85
1.17
1.45
1.21
-0.87
0.47
0.38
0.91
3.19
1.53
1.11
0.98
0.92
2.77
2.04
0.28
0.27
1.07
1.47
1.93
3.67
3.86
1.50
1.40
2.25
2.55
0.73
0.96
2.49
-0.31
0.38
2.16
2.72
1.06
1.79
2.31
1.62
0.09
1.34
1.84
1.63
2.60
-0.37
2.83
4.22
3.91
3.42
1.63
-3.22
3.51
3.09
2.53
1.71
1.82
1.07
-0.84
