3.25
1.84
2.09
2.82
-0.28
1.57
-0.45
4.92
6.07
1.21
-0.14
2.54
6.72
0.76
1.71
3.82
5.08
2.11
0.73
0.17
0.14
0.44
1.41
2.88
3.83
5.06
4.07
-0.80
9.07
4.39
-0.30
1.48
1.45
2.98
3.13
0.72
1.57
-0.71
1.41
3.00
1.21
-0.31
-0.53
-1.66
0.05
2.41
1.90
2.90
4.14
2.24
-0.10
-0.94
0.34
1.82
2.55
5.33
2.03
1.32
2.29
0.11
-0.25
1.48
1.88
-1.87
2.71
0.79
0.43
0.99
1.32
1.81
2.67
0.76
0.30
-0.17
2.34
-0.55
2.78
0.05
-0.68
-2.12
1.85
0.27
0.71
0.54
-0.54
1.35
-1.78
-2.57
-0.05
1.38
5.21
1.86
-1.91
5.40
3.73
2.08
2.75
-1.74
5.90
0.61
-3.76
0.76
-1.25
-0.08
3.18
3.68
3.90
2.60
1.21
-1.16
2.01
-1.56
1.10
3.91
1.83
2.85
-1.63
-3.39
0.67
4.21
1.71
1.29
0.21
2.28
-1.31
-2.49
0.61
-2.53
-2.67
-0.83
-6.97
-3.37
-2.97
10.84
6.74
3.29
-2.21
4.22
9.62
5.34
4.23
2.41
3.44
7.61
6.43
0.73
-6.16
-5.42
-1.73
3.13
0.07
3.45
4.95
10.23
4.73
-6.19
7.68
4.56
8.64
3.03
6.26
0.45
2.86
-1.83
3.47
14.58
4.08
-1.60
-1.48
3.94
12.82
4.34
-1.23
6.71
-2.04
5.64
8.97
0.85
2.76
-0.39
-1.19
2.75
1.07
-1.14
-0.41
-3.18
-1.47
5.66
3.26
-2.47
4.82
3.36
-0.08
4.77
2.63
-2.20
0.69
4.96
-5.81
2.74
3.99
9.02
4.24
7.04
3.81
4.60
5.65
1.51
-0.97
3.28
1.34
-1.20
9.15
0.46
-1.44
-0.02
-0.77
-1.16
-5.36
1.22
2.15
1.37
2.74
-0.02
1.42
1.18
1.40
7.16
2.66
0.43
-0.30
-2.22
-3.19
2.91
-1.84
-0.30
1.29
1.75
1.29
-1.80
3.86
1.77
-4.28
2.77
7.26
10.18
9.75
4.85
4.81
7.63
-1.28
-3.86
16.24
4.84
1.80
-2.25
7.43
1.92
1.96
2.24
-2.12
-3.65
-0.50
