0.75
6.73
6.19
4.90
2.72
-1.86
5.30
3.94
1.47
0.81
3.98
4.96
3.15
5.12
1.63
-8.50
-0.50
9.17
5.01
7.18
2.89
8.08
-3.52
-0.07
8.66
3.17
6.53
-4.60
2.02
2.40
2.46
2.17
0.26
0.15
5.68
1.18
4.12
5.09
6.31
-1.40
11.46
1.33
2.47
-4.40
6.57
2.65
4.42
-7.79
-7.52
12.27
3.83
3.14
12.74
7.61
-5.16
12.70
4.02
-1.35
-3.28
-2.08
6.53
3.81
-2.44
-8.27
-2.63
0.60
-0.47
4.51
5.15
6.43
2.41
-0.42
5.02
-4.01
15.59
1.28
2.89
2.26
0.54
7.24
-0.18
10.15
8.71
0.20
-1.52
-1.14
4.34
5.08
0.59
8.09
5.69
5.67
0.78
0.01
-2.71
-0.83
2.85
-1.84
0.00
-2.39
-0.73
-0.87
2.35
-2.46
20.57
14.69
-2.00
-0.99
-6.94
2.60
-0.19
0.48
11.31
5.75
0.15
6.96
2.09
2.86
1.15
3.51
4.36
4.04
-1.28
18.66
22.04
5.25
2.27
2.29
3.06
-1.63
2.29
2.32
10.09
4.81
-1.25
9.88
1.72
0.29
2.51
26.85
4.69
0.02
-0.43
0.12
4.09
5.15
0.76
-0.75
-0.83
1.19
2.96
0.68
0.47
-2.05
2.73
0.80
-0.23
1.45
-3.63
4.32
4.28
3.75
4.16
2.78
6.04
5.67
3.19
