4.66
6.92
5.84
1.04
3.57
1.06
-1.03
5.81
5.45
1.64
2.20
3.82
5.72
0.17
5.34
8.84
6.13
3.48
5.17
4.55
1.75
1.38
0.66
2.22
7.28
5.86
3.61
-2.39
3.37
5.17
2.40
2.49
-0.34
5.48
-0.60
1.21
0.39
2.05
8.28
6.72
2.57
-0.33
2.28
5.93
2.07
3.20
4.28
5.90
1.74
1.38
3.77
4.18
-0.70
1.54
0.01
3.15
3.52
0.88
-1.54
1.92
5.32
6.07
1.89
-0.89
3.34
-3.34
-2.55
1.84
2.85
4.00
6.07
2.63
2.19
1.09
5.18
3.62
5.39
1.50
2.20
1.02
-0.62
1.56
2.22
-0.59
-0.71
0.49
0.12
-1.73
1.10
0.34
6.74
10.09
3.33
2.14
4.26
1.88
4.67
2.14
7.51
-0.26
0.27
0.98
-1.18
-3.86
5.34
4.51
4.67
-1.15
-1.48
-4.36
2.81
-4.46
1.21
6.13
5.68
0.50
0.99
-1.14
2.65
2.43
2.81
-2.19
-0.54
-0.49
-5.10
-1.49
0.57
0.22
10.61
5.86
0.51
0.63
-0.20
4.17
3.48
-0.71
-8.74
16.14
10.76
-0.46
-8.41
-3.84
1.65
-6.34
3.46
2.54
3.65
-0.38
-1.24
2.73
-0.65
-6.82
-9.08
5.14
9.24
-12.37
13.27
-0.34
14.79
3.47
2.76
8.75
-3.43
-2.94
2.16
6.32
5.61
-7.14
-3.46
16.89
19.60
9.23
-0.95
4.44
6.82
3.37
12.30
2.43
3.95
-10.48
-0.27
2.73
2.88
1.91
14.20
8.63
5.95
6.18
1.92
0.95
-4.42
11.28
3.45
4.77
5.73
4.32
3.59
10.33
1.95
3.91
1.09
3.98
3.13
11.67
4.97
-0.30
0.03
-2.51
4.84
-0.29
1.68
2.30
10.51
4.68
3.16
1.45
6.30
4.52
0.47
-0.44
4.95
2.15
0.57
-0.10
6.29
2.01
5.62
5.50
0.95
-2.47
-2.21
4.96
7.27
6.66
0.32
-0.51
3.43
0.94
-0.53
2.22
3.17
3.60
1.68
1.04
4.66
2.57
-4.62
1.02
5.21
1.92
1.18
2.04
5.93
4.55
3.19
-3.28
1.83
7.73
3.33
13.39
11.87
0.14
-6.26
