-2.34
5.05
5.50
3.64
0.40
0.51
1.89
1.70
0.45
2.09
2.71
-1.13
0.22
2.85
2.95
1.37
3.56
1.79
0.82
0.73
0.98
3.03
-0.15
-0.16
0.51
1.08
0.97
1.89
1.21
1.15
1.30
0.32
1.46
1.35
1.33
-0.01
0.04
2.60
3.26
0.14
0.63
0.10
0.29
-1.95
2.46
0.29
2.75
-2.66
1.10
2.81
1.16
3.81
4.35
0.35
2.26
0.59
0.96
0.45
0.49
2.82
0.72
1.30
-4.05
-0.04
-0.07
3.99
-1.74
2.54
3.96
3.37
3.09
1.55
1.67
-2.69
0.12
2.97
5.08
1.93
0.08
-0.21
-0.43
5.21
2.30
-0.85
-4.51
2.35
1.64
3.47
2.96
0.61
-0.28
2.10
0.11
0.92
4.23
3.38
-0.81
-3.26
-0.56
-0.79
3.18
-0.28
2.94
2.04
4.38
16.27
1.25
3.78
8.78
2.75
0.66
0.60
1.11
0.01
0.86
4.78
1.26
2.87
2.98
2.50
0.85
0.52
0.98
-2.44
1.11
-0.26
-1.67
4.05
2.11
0.98
-2.45
1.03
-1.24
3.62
4.07
0.13
5.00
2.70
-0.16
-0.29
0.82
-0.56
-0.86
0.77
0.10
-1.04
1.15
6.14
4.13
2.97
1.23
0.59
2.04
3.04
1.31
-3.59
1.37
4.43
7.24
3.99
3.68
1.60
2.67
1.88
3.26
2.61
0.23
