-6.99
-6.47
8.50
18.51
-5.33
-4.49
15.50
-2.95
4.14
1.92
3.26
-4.43
-0.04
9.81
15.42
-3.76
-4.05
4.02
11.95
9.29
32.97
29.16
-0.43
-0.27
-6.04
-3.15
2.38
9.50
15.40
9.07
-7.65
-2.51
-4.92
-6.96
5.36
-4.84
-3.37
11.29
5.87
27.39
15.99
10.06
3.55
-1.04
5.92
-0.85
-3.30
8.06
1.55
1.73
0.30
-4.92
2.18
-6.45
7.15
10.65
0.93
-2.99
9.35
6.35
16.94
8.76
14.62
13.69
8.14
1.62
6.15
7.59
4.00
3.70
11.77
31.99
-3.80
3.18
16.04
30.63
9.85
17.28
13.76
-1.98
1.88
4.64
-0.86
7.57
2.38
0.32
4.38
9.78
-1.41
3.42
9.11
10.05
8.71
6.69
-0.87
0.56
25.56
7.66
14.34
8.44
-18.32
-2.88
3.59
-1.33
8.80
12.63
-4.72
-14.71
15.59
-2.37
2.76
21.31
20.17
3.94
-1.47
4.51
-9.02
2.96
2.55
0.51
-6.02
-0.88
15.13
19.73
26.63
1.16
4.90
5.56
19.86
1.69
5.53
-2.29
0.33
3.67
11.23
-21.82
-0.24
4.81
0.78
19.72
5.87
-1.61
-8.21
-0.13
2.83
9.63
0.85
0.81
5.30
15.21
3.62
5.66
2.65
-7.18
7.63
5.41
2.88
4.74
8.84
0.31
-1.01
-0.48
1.00
25.60
12.61
1.03
-1.06
4.12
-2.80
-7.14
1.96
5.25
-3.54
-9.02
2.74
3.43
9.83
0.25
4.68
4.97
-6.74
-4.70
4.72
1.88
2.81
7.75
5.26
-0.14
26.28
3.55
-0.67
0.00
7.02
4.66
9.37
0.50
-0.63
-0.24
2.18
-2.36
0.30
-5.03
0.74
10.58
7.54
-0.59
-0.41
0.40
8.19
-3.93
-0.60
-3.79
-1.77
-1.70
-5.13
3.73
5.34
-1.03
1.84
-4.00
19.81
8.07
11.15
5.82
-0.45
2.43
7.11
0.56
23.92
19.16
5.54
-1.35
-1.33
